# Model = full.TensorFlow
# Learning rate = 0.001
# Start time: 29-08-2021(01:57)
100 -16.615634882901247
200 -15.902522524752081
300 -16.641456288027005
400 -17.648969258070004
500 -16.12079614818105
600 -16.08349059715157
700 -16.103663746217926
800 -17.133702380567883
900 -18.22654231404423
1000 -17.5528482589888
1100 -18.226160814394106
1200 -17.071214766762242
1300 -17.66117240564149
1400 -17.195845004803772
1500 -16.143692154129727
1600 -15.324491011994393
1700 -15.894167398916927
1800 -15.7468056120202
1900 -15.756368454525372
2000 -15.9542096128769
2100 -15.920442680048966
2200 -15.13761065105646
2300 -15.963218670995227
2400 -15.858545799101023
2500 -15.379911649330486
2600 -16.688794308506168
2700 -16.751827232368697
2800 -16.985817581921605
2900 -17.876242245898954
3000 -18.210176377367386
3100 -17.72849511808733
3200 -18.21582451620589
3300 -17.452139509104693
3400 -16.742222696396198
3500 -16.9553407953161
3600 -18.360484367525224
3700 -16.509643662593902
3800 -17.46616475599028
3900 -18.222070819789252
4000 -18.028324576022303
4100 -18.15040365032
4200 -18.56370920729726
4300 -18.26340174183565
4400 -16.85596181056728
4500 -17.168858443635646
4600 -16.88289181174484
4700 -16.99086642356948
4800 -16.574427767225693
4900 -16.780336676878477
5000 -14.789406886178599
5100 -15.944290135854136
5200 -17.702891087229013
5300 -13.917968266414766
5400 -14.925988211942816
5500 -13.864331087184881
5600 -13.094554108939557
5700 -13.736070130678288
5800 -12.186972231075838
5900 -11.168559412100128
6000 -11.999375321026445
6100 -11.940030293699676
6200 -10.437686475515848
6300 -11.786403052500564
6400 -11.174179779900197
6500 -8.436473167563923
6600 -4.799985783593946
6700 -6.600160278656516
6800 -10.181469805558564
6900 -9.092180015242715
7000 -9.47580891435699
7100 -9.896129484580383
7200 -9.43039900460208
7300 -12.544141691777059
7400 -11.263058025330423
7500 -10.751517652510538
7600 -12.47831161028685
7700 -13.285873089278256
7800 -9.485097744294244
7900 -7.913356595354943
8000 -4.969400148772535
8100 -3.977734826085541
8200 -5.665266958793131
8300 -6.787058757684874
8400 -5.827327990448685
8500 -5.727763216149145
8600 -5.421533189152056
8700 -8.183716547736267
8800 -10.005429113879217
8900 -9.091040883422702
9000 -9.506771617211113
9100 -9.850246390818752
9200 -12.694409498613403
9300 -12.64428334495232
9400 -12.543798452915818
9500 -10.330246621671142
9600 -6.520411547749145
9700 -5.217242440482788
9800 -7.0229417123162
9900 -7.656224112143201
10000 -6.765321011601653
10100 -7.46943039342776
10200 -8.105238897511558
10300 -6.799817788204745
10400 -5.935077639910734
10500 -4.411665070172426
10600 -4.449553058832393
10700 -4.520632934038362
10800 -4.558458186955458
10900 -5.3667942869478225
11000 -4.894301752206775
11100 -6.426420803898116
11200 -4.793341850200429
11300 -6.550528223330293
11400 -5.583754323033536
11500 -5.491866746105021
11600 -3.938386366498886
11700 -3.0736448658065174
11800 -3.6404595354679627
11900 -4.06377459987164
12000 -3.4525022983471705
12100 -2.52606164130462
12200 -3.263480505047793
12300 -1.4629847322471756
12400 -2.6907165251352185
12500 -5.334412988309689
12600 -4.130189828082129
12700 -1.4603416012873998
12800 -1.3467325088126199
12900 -2.5446620534222006
13000 -1.659067893050197
13100 -2.793175820506832
13200 -2.8146310093941596
13300 -2.0766275254470243
13400 -1.4384047122009536
13500 -2.0875204364670736
13600 -4.021633876357456
13700 -5.073674798100525
13800 -1.2828095040524359
13900 -4.813388125137716
14000 -1.2394772983973668
14100 -2.1778491210594866
14200 -1.349140054556122
14300 -2.843771532279274
14400 -3.3423431643342543
14500 -3.1726410574684873
14600 -3.0134391476442093
14700 -2.321320162660491
14800 -2.4457900870960763
14900 -3.310011232447146
15000 -2.6275193529622873
15100 -1.3480927026479355
15200 -2.6821905386110068
15300 -2.701829025950079
15400 -2.514640904388507
15500 -2.234155908180192
15600 -0.322085282426127
15700 -2.7990986833086438
15800 -1.6639050070046986
15900 -1.7334231112274803
16000 -2.5158765438651494
16100 -3.442697357249957
16200 -2.12370920520597
16300 0.31991683618790506
16400 -1.982209370030943
16500 -2.924355536992056
16600 -2.913481364547656
16700 -2.3673501367301526
16800 -4.007203194627878
16900 -3.2055040852146073
17000 -1.291444948930406
17100 -1.9172230940381298
17200 -0.7663603232249523
17300 -4.481404988513626
17400 -4.140099259633185
17500 -2.4899796781289085
17600 -3.1174177397791154
17700 -2.053941018650064
17800 -1.8332829790317229
17900 -3.423818414675521
18000 -2.565649726477279
18100 -1.3276716226517484
18200 -0.13586866427464184
18300 -3.3908099115451393
18400 -4.265153180339688
18500 -1.5363058098061944
18600 -0.35125262138054947
18700 -0.03770254006306456
18800 -0.11660488601878366
18900 -0.04990018434520138
19000 -2.6018960229505788
19100 -1.776667822566169
19200 -0.7115925707623811
19300 -1.3536991887873266
19400 -0.9532638172443884
19500 -1.9189530298880693
19600 -2.2285351620028044
19700 -0.6337364507778769
19800 -1.6672108435540283
19900 -1.8650216201421939
20000 -0.2316538355667349
20100 -2.6619904342170577
20200 -1.628243667329667
20300 -1.224466555761781
20400 -1.122003337730078
20500 -1.3826755643910629
20600 -2.296237546345631
20700 -1.936380590350154
20800 -0.2883488665263021
20900 -0.6414624167807346
21000 -0.04336137864832065
21100 -1.8829181184145982
21200 -2.7189711302951203
21300 -3.7117324725956484
21400 -2.476438052765368
21500 -0.9571797986458386
21600 -0.6271848986450554
21700 -1.8598595144221217
21800 -4.513775266800206
21900 -3.7063706670835623
22000 -0.381591049672084
22100 -0.6217846859604723
22200 1.3812109612110788
22300 0.036930970440015476
22400 -1.6273195428682785
22500 -0.8162689231281794
22600 0.08989554706544768
22700 1.3123604846313608
22800 -0.24528985546486842
22900 -0.42140763367567496
23000 -2.062055931392039
23100 -0.803512515417274
23200 -0.7405404846519172
23300 -1.6557048874780853
23400 -3.6081418670137473
23500 -4.400147011462162
23600 -0.4785885611051542
23700 0.24554666425670463
23800 0.18733334074071734
23900 -4.933879634429262
24000 -3.1737015638822514
24100 -4.295031750874893
24200 -3.3966050489798922
24300 -1.7567864677428513
24400 -0.6040369576590902
24500 -0.15592207978121153
24600 -1.2624364885099084
24700 -2.717428168295101
24800 -2.224123676108421
24900 -2.4088639896871764
25000 -4.682362280363424
25100 -2.1084771383293366
25200 -3.6069556639506994
25300 -3.508631523720659
25400 -2.441805715983707
25500 -2.157296699164863
25600 -0.6076435574899612
25700 0.6131858046223597
25800 -1.0632703070997165
25900 0.1737793220331023
26000 1.1785210449241117
26100 -0.13394335817540345
26200 -0.19121204319046275
26300 -0.9470557302420424
26400 -0.9479639692853237
26500 -1.3414350086510396
26600 -1.1214589105792208
26700 -0.8315683633255448
26800 -1.2907940248116287
26900 -0.22319439771300492
27000 0.1294309549935332
27100 0.5941089915591702
27200 -0.45995898521348555
27300 0.06915056717168253
27400 1.1666209646372019
27500 0.9718373816352381
27600 2.2522028250652943
27700 2.3921997935418013
27800 -0.22208944551119011
27900 -2.5327676899821707
28000 -0.9135337754652713
28100 -0.8340500796486254
28200 0.3616829519782754
28300 -0.4548378099621413
28400 0.8943638974413237
28500 -0.28820915409912135
28600 0.06991822818180263
28700 -1.770568343339272
28800 0.7374485376297053
28900 0.9142479172433433
29000 -1.588026319479335
29100 -1.7134307556081803
29200 0.9783750073969504
29300 1.84643379325974
29400 1.6617355327439094
29500 1.0936967015557406
29600 3.0935533506131807
29700 6.715377059001471
29800 6.111844628475366
29900 6.678003260801022
30000 5.355264910539597
30100 -0.6244098774160305
30200 -2.2696896077913573
30300 -0.38032890423021315
30400 -0.7768515308830544
30500 2.0670787632455907
30600 0.03483692195509938
30700 1.9131557178461513
30800 1.2204368611429737
30900 1.3082949407717686
31000 0.389456443933268
31100 0.9884589819133498
31200 3.996487091051169
31300 6.718912268899858
31400 7.837428407390139
31500 4.87124019575415
31600 1.745909097796087
31700 2.48208894612172
31800 2.185450768931007
31900 3.180132201737166
32000 2.7727430857875155
32100 1.8745360753213334
32200 2.2016679143579667
32300 0.15386071339941104
32400 1.8817737389181723
32500 -0.2767428149209665
32600 1.3762649287739315
32700 1.6914933863391184
32800 -0.7951081636027368
32900 1.1167529058253005
33000 0.5150879257467096
33100 -0.12376699399519225
33200 -0.8379758732029008
33300 1.0259009126784349
33400 0.3088466222283391
33500 -0.18598848487333053
33600 2.1695554753386532
33700 5.0558613130814445
33800 1.6693633859548767
33900 4.481826090244007
34000 5.289782730228989
34100 5.850525614021461
34200 4.527410760968951
34300 7.112609028362357
34400 2.579828601414093
34500 6.278186591835271
34600 7.305504892795336
34700 8.39765938845267
34800 8.440652174797332
34900 9.589218121028695
35000 9.218723773536087
35100 10.678806728914694
35200 11.191645438192964
35300 12.822701587644337
35400 12.508868086184961
35500 10.264213478744926
35600 11.968389391947937
35700 8.950756381346135
35800 9.21291910625189
35900 10.171711657032294
36000 9.017860421688571
36100 8.517437838022525
36200 8.239700341296315
36300 9.59773149821118
36400 8.991326851549536
36500 10.378168770400913
36600 8.653007397722213
36700 10.612209797394327
36800 10.789306145437683
36900 11.579079672282244
37000 11.019336086093503
37100 10.66961575301278
37200 11.01053437131599
37300 12.473702671398705
37400 9.25373734554422
37500 10.872313266579033
37600 12.985630492429776
37700 11.01090393637024
37800 11.38675965831375
37900 8.920326698965397
38000 10.409444746350434
38100 10.524456919726338
38200 7.2770372101637095
38300 7.949803766410841
38400 8.610310450509003
38500 8.312452761756072
38600 10.387241467846703
38700 11.496087258619
38800 10.652106725983357
38900 11.361967325256886
39000 11.308462879019022
39100 9.169419705188627
39200 8.726249816233537
39300 10.934305117400672
39400 10.334334342265983
39500 9.223989730551946
39600 9.721877630467976
39700 8.796194581984183
39800 11.760310346365214
39900 9.939220287750013
40000 9.500637173301545
40100 10.544589325826886
40200 10.355985826087053
40300 7.431822266383701
40400 8.769815944735349
40500 6.771807115008082
40600 7.364583740907069
40700 6.083632269274615
40800 7.115572307152729
40900 5.851822751536821
41000 3.37634903435419
41100 5.841108674088513
41200 8.159185473261756
41300 10.386884936538008
41400 11.202733169686136
41500 10.488274733377759
41600 9.843518124371384
41700 7.285429813791443
41800 8.691571977443155
41900 6.78255526733516
42000 6.578850652086477
42100 6.8676604491700575
42200 8.88445841268827
42300 10.870671459839478
42400 9.643926514613387
42500 10.827872491244655
42600 8.871102763948414
42700 8.232933513640564
42800 8.915005715830592
42900 8.279237720796084
43000 8.987987086706466
43100 7.538815864911126
43200 8.09254112121116
43300 8.849797374666933
43400 11.5206658017359
43500 10.909653634249848
43600 10.838149454722053
43700 10.793220675601813
43800 10.403082303994674
43900 10.145435533923905
44000 9.738368056381608
44100 8.684647225429371
44200 9.360228048379538
44300 9.708730551836686
44400 11.13920275825956
44500 9.511048836545994
44600 11.26300971587781
44700 9.507618329658712
44800 10.68276386390831
44900 12.002646111415743
45000 12.13141638099404
45100 9.960296535051967
45200 9.661613938208491
45300 10.497229820423437
45400 11.4856362015869
45500 10.769860015077569
45600 8.954642886151408
45700 10.661851058396563
45800 12.192887551360705
45900 11.580787536387978
46000 9.899538990142176
46100 10.214673172747936
46200 10.387080010810777
46300 9.20617010121237
46400 11.377193821075814
46500 9.41988476954353
46600 9.453098684977425
46700 10.007594713686286
46800 9.92962867859422
46900 9.401847234226349
47000 10.021312341920872
47100 9.956523957371283
47200 8.852736828401655
47300 9.67778913663522
47400 10.526773189661139
47500 8.724056420840734
47600 9.335154361105676
47700 6.984781196911154
47800 4.965818230809201
47900 11.847907415183407
48000 11.169035999517176
48100 11.487293572804257
48200 8.364081277057577
48300 11.085510705276002
48400 11.942063298949934
48500 9.75383767649429
48600 5.9056562218227535
48700 8.225390234290208
48800 11.436731499103432
48900 7.62281451835915
49000 -1.0847201494737377
49100 -0.6412145898512054
49200 -4.900234192146604
49300 -4.1999704568579865
49400 -5.726894964987564
49500 -6.0559363128557715
49600 -4.103161312865243
49700 -3.2669706243966266
49800 -1.3349565322152779
49900 -2.071257052230073
50000 -5.029346752207916
50100 -3.8650565623774646
50200 -2.0299952699426966
50300 -1.7079115728374215
50400 -2.279584608426181
50500 -2.271388461057627
50600 -4.484651136646029
50700 -4.181026993297139
50800 -3.918632603485156
50900 -5.656511679500917
51000 -3.801604484319837
51100 -2.3351069488575313
51200 -3.2950681463875005
51300 -4.106245723648906
51400 -4.015809855744868
51500 -1.9275000136299487
51600 -4.342439269931643
51700 -2.698665092172522
51800 -4.641804882394188
51900 -2.750152031196531
52000 -4.117373552296687
52100 -4.17800219374057
52200 -3.5609009428856706
52300 -3.1923882256240237
52400 -3.5065960606142865
52500 -3.970486071836097
52600 -4.103154991701539
52700 -6.263179838441675
52800 -5.2710795065244325
52900 -4.463464139301414
53000 -8.152772153792316
53100 -6.338254452674582
53200 -7.0151048795012665
53300 -7.146841183767295
53400 -8.486541057061032
53500 -6.674310003431344
53600 -8.390584101304055
53700 -7.492679417666186
53800 -6.286132473956034
53900 -7.443983120535029
54000 -6.092847409446857
54100 -5.415965442598851
54200 -6.366513591915054
54300 -4.550820727564473
54400 -5.881189642637124
54500 -5.186864406204995
54600 -5.440427102865759
54700 -5.061962939861475
54800 -5.1292621909376415
54900 -4.6840600635150365
55000 -2.8563676439985715
55100 -2.360705822408202
55200 -1.6874364000330795
55300 -2.618022085074987
55400 -2.745141408979573
55500 -1.715578596964261
55600 -1.9215920575200414
55700 1.2690818704433826
55800 -0.22423628686044722
55900 -2.0405048902998084
56000 -1.7850131770924114
56100 0.6243632884384311
56200 1.9062940874458218
56300 3.591384240613959
56400 2.024566197985488
56500 5.683697503398638
56600 2.4171503969498187
56700 5.409686895395613
56800 8.778505670642016
56900 3.6692707607246073
57000 3.843014632227745
57100 0.24879468261972482
57200 3.049065786649971
57300 4.4130002785522855
57400 4.383081706373575
57500 5.93229782652193
57600 3.121809568466704
57700 -0.5182119830518953
57800 -0.286301494409689
57900 -1.3732479556320913
58000 -2.6013966963852106
58100 -3.5132297931232808
58200 -2.526306881120056
58300 -0.34249477516661414
58400 0.5170822273997688
58500 1.009083773880057
58600 -0.18024276726161953
58700 -0.5871163843667491
58800 0.9357811322269638
58900 -0.5372709376444549
59000 -0.36090231278248547
59100 2.388092310309389
59200 -0.03222730531298526
59300 0.7911310371202787
59400 -0.02373960591763402
59500 1.138721661684473
59600 -1.0201261215138429
59700 -0.32352733522664573
59800 0.5245889203584941
59900 0.7882372021849748
60000 -0.5383289396573236
60100 -0.1585034048018395
60200 -0.17143201356283605
60300 -1.1640534740756394
60400 -0.605412329624033
60500 -0.051354296173136915
60600 -1.7276770724297303
60700 -1.2638604021647586
60800 -1.6457920916224908
60900 -3.863943942904248
61000 -1.1861417843072397
61100 -1.3632682478433678
61200 -1.9696630906223274
61300 -2.694595501945701
61400 -1.518092326923716
61500 -2.5123012284955615
61600 0.7446973607821774
61700 -1.201921409185382
61800 1.3708256088966138
61900 -0.3751445635071229
62000 -0.5512067855393539
62100 -1.7615757620252446
62200 -1.432516098260814
62300 -3.9835982715469482
62400 -4.860528726313731
62500 -2.1810995690041186
62600 -2.841756132240011
62700 -2.111806793261803
62800 -0.9924854873808662
62900 -1.8984575070392238
63000 -1.5857781386960974
63100 -3.6635659375366854
63200 -0.6093283802838259
63300 -0.033692081413536884
63400 -1.105027653126352
63500 -0.40913950701229657
63600 -0.8238552863580455
63700 -0.764224694403119
63800 -1.7290275161370265
63900 -2.6090354066643275
64000 -4.058671651686303
64100 -4.717551701400583
64200 -0.8661106711925803
64300 -2.886812435493042
64400 -2.0275048112786567
64500 -2.0111382956104698
64600 -2.930053926717179
64700 -1.6946509199139719
64800 -2.086632672602864
64900 -1.2671546471642667
65000 -2.055173615707848
65100 -1.122346973774662
65200 -1.0863886723857736
65300 -1.0807661397713886
65400 1.9507617602128966
65500 0.4233519242539599
65600 -2.1147564903114047
65700 -2.953744169945609
65800 -2.080889248190502
65900 -1.1926564239622115
66000 -2.7398416090170072
66100 -3.249353745066689
66200 0.8031033677721586
66300 -1.763874963489265
66400 0.8197840831290395
66500 -0.15718760842345386
66600 -0.7518816233041239
66700 -4.1953524282434556
66800 -3.0844798735141596
66900 -1.8642064763170285
67000 -0.7797938929461461
67100 -3.093668300792047
67200 -1.3157083635128313
67300 -4.345809081530072
67400 -3.382069239939209
67500 -2.0065492067856203
67600 -3.2112423937659065
67700 -1.8005475772938253
67800 -2.6072227738786475
67900 -4.147295130870725
68000 -2.4668995743877646
68100 -3.051226614085268
68200 -3.6357035409850447
68300 -2.5391632296845605
68400 -4.2231002394661425
68500 -2.869453455611884
68600 -4.834097944430953
68700 -4.094963055660214
68800 -3.0965631109067564
68900 -2.479083991532732
69000 -1.7499933061172341
69100 -3.066473385774238
69200 -2.836830106639795
69300 -1.2759668840745926
69400 -5.086095694257809
69500 -2.7475896089301632
69600 -4.405499438875601
69700 -6.182679211224547
69800 -2.8319726538405092
69900 -1.2584957036982352
70000 -3.588417931011917
70100 -2.2487845234730557
70200 -1.9418028056639998
70300 -3.822954565648773
70400 -4.347316403804004
70500 -4.67568989098271
70600 -4.083022525251384
70700 -3.5391971767532473
70800 -5.704296048363506
70900 -3.3377132122571984
71000 -4.063735126808073
71100 -4.464089922096484
71200 -4.382634199074698
71300 -2.1556925097140476
71400 -2.2069520039308057
71500 -2.812461883523242
71600 -1.7974321350203377
71700 -3.6591291175313545
71800 -5.298778222178524
71900 -3.96672598767991
72000 -2.509590176438751
72100 -1.075277883381226
72200 -1.8429621735615378
72300 -2.041333912178667
72400 -1.454632106113624
72500 -2.8061354590227876
72600 -3.074646493011404
72700 -4.494200614545088
72800 -3.918902274880783
72900 -2.1895705011903375
73000 -3.831598663946055
73100 -3.2849322133475063
73200 -4.722343708755529
73300 -2.0641170597910707
73400 -3.207690910287147
73500 -2.7461163493600167
73600 -5.373904896176875
73700 -5.1049494368179005
73800 -5.923222194916133
73900 -5.987099953998692
74000 -3.0999593161308714
74100 -4.905504893294081
74200 -4.503854502199565
74300 -2.868114036876483
74400 -1.9238405722331826
74500 -1.9883932954827128
74600 -3.141834217952858
74700 -3.3769516988767556
74800 -3.9000893423267553
74900 -3.055111285964212
75000 -5.363361686661157
75100 -4.428764969442854
75200 -6.369385641366319
75300 -4.476122243030512
75400 -6.720853482259034
75500 -7.36057470740819
75600 -6.801717317171717
75700 -6.136203208595482
75800 -5.3516425884989705
75900 -5.354982790307046
76000 -5.630038520136534
76100 -5.2709516531921485
76200 -5.466254898744416
76300 -5.282937093022515
76400 -3.4731746121252143
76500 -3.7481766821444955
76600 -7.212427240382039
76700 -5.88855805432155
76800 -4.895293190844761
76900 -7.801488632755401
77000 -6.236830478047579
77100 -5.059732939629077
77200 -5.2614054787914455
77300 -6.0242470401172925
77400 -6.521203871078979
77500 -4.356380318578525
77600 -4.820927667959681
77700 -1.4446702334837325
77800 -4.286551034945697
77900 -4.254454713470676
78000 -3.1191488696116005
78100 -0.6931606504444994
78200 -4.055073380016384
78300 -4.314485002690276
78400 -4.237885569786966
78500 -3.1926345465944883
78600 -3.735326772381337
78700 -3.9376224572189487
78800 -4.2806067743269525
78900 -5.492615527920154
79000 -4.411106958543938
79100 -3.5165503855869
79200 -4.8454692529528645
79300 -5.181812891243983
79400 -4.4999143518544376
79500 -2.5379039635392906
79600 -2.4046462585339428
79700 -3.83411147268273
79800 -2.799589179024032
79900 -4.883819322368225
80000 -2.829396127932176
80100 -5.269587500078325
80200 -2.3929134263993572
80300 -2.9987661248063615
80400 -3.4218603337688447
80500 -2.3117048778535496
80600 -1.5725585987232367
80700 -1.7574891744619237
80800 0.3692922619252859
80900 -4.604764096955956
81000 -5.575739167103657
81100 -3.6971023528891087
81200 -2.533578261126836
81300 -2.7816494968433116
81400 -3.3885631892666157
81500 -0.7782812771078769
81600 -1.6969540968833305
81700 -3.2487244440647594
81800 -3.0466625025561562
81900 -3.2663711945962204
82000 -3.8878430047303314
82100 -1.972746837623946
82200 -3.0428889621156485
82300 -1.6266432964846036
82400 -0.6165678155101595
82500 -1.778704700656493
82600 -2.8053789612885387
82700 -1.4139605123139602
82800 -0.39603129497966294
82900 -1.7495151368880715
83000 -5.316609246283836
83100 -2.3424739405564963
83200 -2.324388708757446
83300 -3.1952776086276566
83400 -4.069794745706209
83500 -2.855479454903499
83600 -4.8141426415803785
83700 -4.276145256162845
83800 -3.989798801658562
83900 -3.9397510811145073
84000 -2.919309515407238
84100 -2.8325800954239084
84200 -2.4245046589445383
84300 -2.9016852630785355
84400 -1.9039341917225399
84500 -1.615943399983823
84600 -1.286517718900234
84700 -0.31157992950630203
84800 -4.1122555088546635
84900 -2.0124762531583484
85000 -3.661313120824482
85100 -2.7773401482015085
85200 -1.4818287322000447
85300 -0.1307578504610482
85400 -1.8125346784250376
85500 0.02991783048802571
85600 -1.0047988567542714
85700 -1.1437544869530403
85800 -3.352953473002242
85900 -2.680225172903149
86000 -3.4868709963643396
86100 -2.0240109307263885
86200 -3.858751620647137
86300 -2.840252001104778
86400 -1.0626961676991629
86500 -2.334702910855381
86600 -2.7406664513063803
86700 -3.1444889667194094
86800 -4.730333817468192
86900 -3.127097734974104
87000 -3.3989314461027496
87100 -0.8450525958018886
87200 -1.916234299190806
87300 -4.106118840722564
87400 -1.987654217669691
87500 -2.309498335540658
87600 -1.306951274980903
87700 -1.404672080138731
87800 -2.5631934658185953
87900 -2.740282810218057
88000 -2.219934596938796
88100 -2.7337756336171615
88200 -3.005639640927607
88300 -2.3870114933956104
88400 -1.5756974774895427
88500 -0.9135245467546875
88600 -2.4659421843481124
88700 -1.791941446045478
88800 -2.8507310694192722
88900 -3.0461756491988585
89000 -1.1445998778524822
89100 0.38119847162650256
89200 0.4567746266465523
89300 -3.1599047604155195
89400 -3.004141461365436
89500 -0.22854767899553557
89600 -0.9503818603841427
89700 -0.785302705483476
89800 -1.3993906367610416
89900 -0.6027828703252416
90000 -0.9949314816033863
90100 -1.228780885314599
90200 -1.7700844464403775
90300 -1.2825936682654122
90400 -2.7687628936929953
90500 -1.6457485610086375
90600 -2.636577489712286
90700 -1.1226658199417463
90800 -5.030222083599743
90900 -5.256428547965905
91000 -6.499306516806665
91100 -7.741495517560047
91200 -4.09755392331316
91300 -0.008312937909032286
91400 3.2653684755229846
91500 2.821998128887673
91600 -1.106419281572661
91700 1.4941624166281169
91800 0.6980715930482027
91900 0.964846576437759
92000 0.48924552459584975
92100 -0.5612351536449576
92200 0.14915071929291668
92300 -1.153994284194637
92400 -0.9450674357679041
92500 -0.3923959138301112
92600 1.9852989939857177
92700 2.595297237914981
92800 3.3515142607221247
92900 6.082455409519485
93000 7.253960903894435
93100 5.631745063422653
93200 5.43984561387221
93300 5.29001271589669
93400 5.4823562297181
93500 5.3362258453856395
93600 7.154968063471463
93700 9.153795344007689
93800 9.001636196253639
93900 7.099918829111994
94000 5.644105979803887
94100 4.2635189592928535
94200 3.801909068325197
94300 5.181783865801062
94400 7.688145976288895
94500 6.942837704140097
94600 6.273799344616444
94700 5.628526569793033
94800 5.46481923499924
94900 7.063139963574545
95000 5.510034720634813
95100 4.119288765258632
95200 4.949587405953865
95300 4.59166187709723
95400 6.571454419250627
95500 6.198193644933863
95600 5.964851809787613
95700 6.7999901075797
95800 4.868569012387304
95900 3.770835603451888
96000 -3.9374327877258937
96100 -7.240153465681512
96200 -7.193596046603979
96300 -8.209560145949657
96400 -7.863302814551602
96500 -8.41069551427029
96600 -6.3572926467641295
96700 -6.348223276922974
96800 -7.540050917689
96900 -4.345334250681898
97000 -5.135458909678476
97100 -4.152619435936728
97200 -5.833765220702822
97300 -5.370844297001838
97400 -5.257571496163403
97500 -7.215464329042884
97600 -5.424297646892167
97700 -6.754819011379153
97800 -6.0088961282463735
97900 -5.068228900714582
98000 -5.460452639315363
98100 -6.522977416479825
98200 -4.609785378847228
98300 -5.15634398609725
98400 -5.0933834653825
98500 -2.3317336568387748
98600 -4.171001139220143
98700 -2.7621829944355065
98800 -1.7077226430908476
98900 -4.294735581838219
99000 -3.700709879273015
99100 -5.205935960941734
99200 -5.573731466590135
99300 -2.984403540570197
99400 -3.21563124802984
99500 -4.4150078645234965
99600 -1.8490420892971071
99700 -0.7673749036805722
99800 -2.0936155624317134
99900 -0.797757856155271
100000 -0.0018438536059058874
100100 -3.6956794510609137
100200 -2.071244175274219
100300 -2.198498051884645
100400 -4.210527811662194
100500 -3.849154307483908
100600 -2.9013062721358414
100700 -3.730195618187633
100800 -5.488857451921494
100900 -2.5020955834494907
101000 -4.270467506383641
101100 -3.8836769382323215
101200 -4.694526140414377
101300 -4.635184512993333
101400 -3.5682382094554073
101500 -5.538067686665093
101600 -5.9881488122033835
101700 -4.244297227174492
101800 -2.6426211244174125
101900 -2.5290567508673685
102000 -2.196656875446659
102100 -1.8393223677132722
102200 -2.397485103820174
102300 -3.9930707904832516
102400 -4.148445429899147
102500 -4.362553219413362
102600 -3.5127849305830874
102700 -6.495483221381926
102800 -4.687299866104886
102900 -3.35120516129093
103000 -3.138645017584712
103100 -6.097951939932841
103200 -2.664901812456125
103300 -3.917300587807042
103400 -3.3108043033082217
103500 -6.015538303614188
103600 -3.7310835808123732
103700 -1.8830918622386192
103800 -1.1964768687065743
103900 -2.3280222161013375
104000 -3.1927090169763512
104100 -4.21206241690111
104200 -2.993039374451284
104300 -4.708111026640023
104400 -4.961602924507178
104500 -3.321939588417571
104600 -2.8765242832464737
104700 -2.034656837731884
104800 -3.0224781609073488
104900 -3.1008821311096297
105000 -2.4858979764559965
105100 -2.3471407553378305
105200 -1.519854580482662
105300 -0.09554342523506648
105400 1.8496608170493944
105500 0.8186975216632735
105600 -0.6718458844241768
105700 -0.20578966489581815
105800 -0.7053342157818729
105900 -2.1485431286429804
106000 0.9815765364333802
106100 0.430890201678035
106200 0.668643524469398
106300 -2.186182140637317
106400 -1.8457780041861078
106500 0.26508997370555226
106600 1.0433384805574581
106700 0.3322833439456674
106800 -2.09292561013328
106900 -1.8552551367751204
107000 -3.0328213959139965
107100 -2.7449060138346466
107200 -2.0263747506788237
107300 -1.6767828721779974
107400 -2.9532429208299473
107500 0.09966425000730306
107600 -0.48138924470280775
107700 -2.466788315944272
107800 -1.602870398036263
107900 -1.6642438111624804
108000 -4.129927677450591
108100 -2.2192996332687422
108200 -3.739042988373181
108300 -1.9456893739202281
108400 -4.2762724633969595
108500 -2.3676856462699734
108600 -2.5085464168437577
108700 -2.3372998022747984
108800 -2.7602502420290205
108900 -0.319959275601167
109000 -2.094276333375623
109100 -2.499977292278145
109200 -5.101885367120001
109300 -4.272545106143303
109400 -2.032043806509723
109500 -3.9048803670251564
109600 -5.229773894405554
109700 -3.990774793896928
109800 -4.776472579082728
109900 -2.2429521843255533
110000 -2.2067897789916895
110100 -5.1504365435773
110200 -4.398984699275637
110300 -2.5387803789479526
110400 -1.3301101541788558
110500 0.8932805921618625
110600 -1.648298878291829
110700 -1.527315184444435
110800 -1.860087506118417
110900 -2.6631015007348373
111000 -3.751114735856749
111100 -2.8284966822575335
111200 -1.803409999433297
111300 -2.3498127997694453
111400 -0.8690481243871866
111500 -4.207696243789647
111600 -5.30066174730361
111700 -3.4928083121057556
111800 -4.104289948835008
111900 -4.760851350868597
112000 -4.6915862475004575
112100 -6.340330040727985
112200 -4.230585039001289
112300 -4.415930157595814
112400 -4.658766182994049
112500 -5.5694937214599225
112600 -2.745471281967117
112700 -4.438706847782473
112800 -3.6699936116299354
112900 -4.547035062511848
113000 -4.102161025057427
113100 -4.085989063771646
113200 -4.598727886983786
113300 -6.056961954749657
113400 -3.2366112368454187
113500 -5.5253290040762275
113600 -3.7020327135337023
113700 -2.83367644887845
113800 -4.424099977382318
113900 -2.698799742471554
114000 -3.055950383344562
114100 -3.331024800598551
114200 -2.0027741089477535
114300 -2.6973901980232124
114400 -2.5947447802920367
114500 -0.9038614662844022
114600 -0.9429350565656971
114700 -2.6149881461193103
114800 0.20527695040320995
114900 -3.3464420363225043
115000 -2.031118816521458
115100 -0.9300068496960565
115200 -3.123101460722051
115300 -1.8681381737243774
115400 -2.903790245020423
115500 -4.2949239083509685
115600 -2.3926888403039532
115700 -3.8735180993759633
115800 -2.841119710101551
115900 -1.4901570314659147
116000 -3.2087938564902236
116100 -0.6802581824788962
116200 -0.3938711626453279
116300 -2.5383503637752622
116400 -2.1677172723954907
116500 -2.6196550276069956
116600 -3.4212018681777545
116700 -2.2465507468206254
116800 -3.9143314552999624
116900 -3.54727170720938
117000 -3.3989787792954225
117100 -1.7107527277876264
117200 -4.180957474834752
117300 -2.267895086353935
117400 -5.17656038640585
117500 -5.888204502432832
117600 -3.250866191652697
117700 -1.8669874584461177
117800 -3.4018955459799383
117900 -3.020208950733669
118000 -1.4837724992477812
118100 -3.2479547428608893
118200 -2.3626692052127733
118300 -1.0048320023627533
118400 -2.0946300106222075
118500 -0.37363313543885907
118600 -1.7299553248588646
118700 -0.4884967802073876
118800 -1.6466251171298518
118900 -0.6941316542685039
119000 -1.090672245997997
119100 0.22989280868092465
119200 -3.2941072717104256
119300 -3.305262848099147
119400 -1.7266861008729153
119500 -4.853035714489948
119600 -5.2411550521969925
119700 -3.51374401281404
119800 -3.163530914118802
119900 -4.2373590464112745
120000 -4.003033859297345
120100 -3.3468053097440293
120200 -3.975661731256331
120300 -4.545743571837832
120400 -3.097391330904944
120500 -3.3620330283237094
120600 -4.701764452594854
120700 -3.1337854283418927
120800 -3.5751395886070996
120900 -4.548336448560472
121000 -4.836702700433153
121100 -2.8544546108438995
121200 -4.154387727248021
121300 -3.145076053068487
121400 -5.301983296777805
121500 -4.188720013173641
121600 -4.87152619413746
121700 -4.757831291783873
121800 -4.653110821511467
121900 -5.373201757438717
122000 -4.191352666304566
122100 -1.7838191454832986
122200 -4.639811319955435
122300 -3.3730625434863692
122400 -2.8086222190012418
122500 -4.176985154312039
122600 -2.294393760893988
122700 -3.9742459513416852
122800 -3.8890393445764104
122900 -3.596807948705307
123000 -3.4851358608762553
123100 -3.9795990614965913
123200 -1.5967244791681496
123300 -1.2156686974910063
123400 -2.1445378359210077
123500 -2.615388331859675
123600 -2.039446578218971
123700 -1.5803538816175813
123800 -4.1643505993589365
123900 -5.2761647300885945
124000 -4.695726258993201
124100 -4.73000673437539
124200 -4.659041939810483
124300 -5.812109099987763
124400 -5.8267594947091
124500 -5.136288085198088
124600 -2.594135026377802
124700 -3.6067285815448127
124800 -1.8577252200607337
124900 -3.3765620454855134
125000 -3.3387146459482278
125100 -4.625830257675135
125200 -5.23875220407333
125300 -6.308334663616111
125400 -4.875669974249942
125500 -4.805574373913198
125600 -2.904181277211823
125700 -5.715249162470229
125800 -5.0903667276495375
125900 -3.9056272909354113
126000 -2.439855201893064
126100 -1.9847104103774498
126200 -3.0207409380448795
126300 -3.0105174565527495
126400 -5.652882513995636
126500 -3.303072365961215
126600 -2.8444424856576327
126700 -3.9449319104131835
126800 -0.47116291105689173
126900 -0.667033495924461
127000 0.0092526569952196
127100 -1.749222402871946
127200 -2.184613321348397
127300 -1.8171106847668197
127400 0.6974422084493472
127500 -1.9878579421402427
127600 -2.1617357489340128
127700 -1.989543114137957
127800 -3.1610767123951087
127900 -2.0380064847863273
128000 -1.6925849687115768
128100 -0.8721739301056199
128200 -2.1394336043808737
128300 -5.341688735164094
128400 -5.881974854473235
128500 -3.7619526593771018
128600 0.5231089859808735
128700 0.2504559161346249
128800 0.7580818478658196
128900 -2.08816299884767
129000 -2.521850832639471
129100 -0.9517946708532365
129200 -1.4838904657937164
129300 -0.11312001295440316
129400 2.2402115610233135
129500 -1.0646626280583047
129600 0.936026959090102
129700 -1.4388152669892058
129800 -3.459512680067829
129900 -0.06274418487966815
130000 1.2666870964472323
130100 0.049034020406871326
130200 -2.448442591991737
130300 -3.0341254269988616
130400 -3.5040467928785883
130500 -1.0038499748586327
130600 0.5026732365664484
130700 1.8273058821323165
130800 2.0885672801040407
130900 1.7626974072544326
131000 0.3833242820522637
131100 -0.04991536512860523
131200 2.474914969439472
131300 1.5234181973921486
131400 3.616698203694055
131500 2.89791351203197
131600 3.754379149427982
131700 2.8519773922445575
131800 1.0865664371977108
131900 -0.2714737242673323
132000 -0.10406475954378643
132100 3.0401718572884255
132200 3.02273572211785
132300 4.0190004021717165
132400 3.351770632191714
132500 3.6402269619728544
132600 -1.15330674889229
132700 1.5658051969152418
132800 1.1413023455014342
132900 -0.8702246563355944
133000 -2.842891443149873
133100 -0.6120066907136602
133200 -1.0174480506448778
133300 -0.7508222839768004
133400 -3.218526005238341
133500 -0.7341823279934327
133600 0.12247343229485404
133700 2.8458057944009614
133800 0.6736134600199353
133900 -0.5013171257972469
134000 -1.261742524804778
134100 -0.16254433863228987
134200 -2.113373302698232
134300 0.27274649336407875
134400 0.6442465284155117
134500 -0.5607423950371895
134600 0.16533472643163674
134700 -0.46543136716507666
134800 -0.4647155581329157
134900 -0.01622997292453346
135000 0.5952877856686853
135100 0.9622885250818694
135200 -1.4584805915056844
135300 -1.7548674578555217
135400 -0.04306360996743375
135500 -2.2221371761005644
135600 -2.3484904119391796
135700 -2.1126225214476584
135800 -0.10916228989666185
135900 -0.47190802055817305
136000 0.030613440545917525
136100 -0.026485733680079643
136200 0.14220073977305386
136300 0.12134165473960518
136400 0.7317823611615275
136500 -0.9582352367166946
136600 -3.1506837786663358
136700 -5.248596288975999
136800 -2.9104932144001356
136900 1.1269903914758026
137000 -1.1211243028492006
137100 0.05810160714734364
137200 0.6064907257508474
137300 0.877297045068564
137400 -0.46186198509096577
137500 -2.5208926238229354
137600 -1.96605374832393
137700 -1.6866412376937345
137800 0.48044946758886137
137900 2.472500945169705
138000 2.1967785623678284
138100 0.8760753632864386
138200 -0.21327398089374772
138300 -1.0476845400971244
138400 0.17142179427156987
138500 0.4738769781504812
138600 1.373489310554461
138700 1.7565726870069187
138800 1.1953347624627053
138900 -0.12119434147131969
139000 -1.3102821069898627
139100 -0.9119861803190019
139200 -0.13912490542472106
139300 2.198094216705682
139400 1.9384801053129606
139500 3.7387633852087307
139600 2.9144286624466957
139700 1.606823063776393
139800 0.2538892746203312
139900 -1.5459452763528005
140000 -0.7293863421453188
140100 -2.5653496764038675
140200 0.8519537132174233
140300 1.7313159666980877
140400 -0.38840002359292264
140500 0.8946452453668969
140600 0.25325443055705726
140700 0.3791789810788252
140800 0.2543686959389495
140900 -0.8177331054658967
141000 0.7745094594712627
141100 1.2080429345679389
141200 3.932280062225654
141300 1.3551103099599202
141400 1.5046014534887646
141500 2.3461879097018707
141600 0.2895827629644512
141700 1.0993503260643358
141800 2.0725621740890254
141900 0.7442466168614492
142000 -0.9168419898512177
142100 2.7547693618818596
142200 3.3511120970478943
142300 0.626476640296592
142400 -2.3269965421326653
142500 -2.846836737301495
142600 -0.6735816517522998
142700 1.0433047018268984
142800 -0.044053076672477515
142900 -0.9881853517700689
143000 1.6854425756273546
143100 -0.8304731196948585
143200 -2.2250497835928424
143300 -1.4342001440778438
143400 0.015723458007549068
143500 -0.13218367873414044
143600 2.9177896825518483
143700 1.4436585291897785
143800 2.2842329461328883
143900 1.8794774455625063
144000 2.1181450190000772
144100 2.088340888260918
144200 1.2085481624319514
144300 1.2311036569004974
144400 2.3656626238803744
144500 1.2134979026125208
144600 1.818719413504026
144700 1.7603506112733545
144800 2.083502320369487
144900 1.2227436788901407
145000 1.7012052372789277
145100 2.011960339655779
145200 1.2547151358466218
145300 4.028936979080325
145400 4.173042836829749
145500 4.217137306749657
145600 0.8875456749417538
145700 -3.7038889854944896
145800 -10.43216802064395
145900 -11.280917721667382
146000 -12.526075600885735
146100 -10.61194281941928
146200 -8.854376712879056
146300 -8.433208293704347
146400 -9.546470114566928
146500 -7.900327319691327
146600 -7.648815431629539
146700 -5.197373489199831
146800 -7.146925371599444
146900 -8.147914078695555
147000 -6.928530413563913
147100 -5.530030717979304
147200 1.7098785025820598
147300 4.989632988548179
147400 4.466799903165422
147500 6.954825041334914
147600 8.87020787660539
147700 9.550761291354496
147800 9.561531148506008
147900 8.89230927860313
148000 9.10843110986119
148100 9.586918902783994
148200 8.996355048851395
148300 10.297065137480535
148400 9.30362459552817
148500 8.44253049279832
148600 9.512201961036434
148700 9.035678082726276
148800 8.466070200411894
148900 9.41513576678586
149000 8.068948503248675
149100 6.227287721366608
149200 8.179095962518808
149300 6.414982481185874
149400 5.76153364608587
149500 7.156254299295133
149600 7.3442564287784196
149700 10.379215710313986
149800 10.495253688348319
149900 7.647332794057394
150000 8.364988409384024
150100 8.126830505851663
150200 9.27574671015911
150300 8.405207984525155
150400 8.35687771068778
150500 9.683983183578354
150600 10.084583035848995
150700 10.545273770065814
150800 9.640657922234826
150900 9.94900601828283
151000 9.052870981459947
151100 7.745782006763195
151200 8.612421532309563
151300 7.663884623719436
151400 6.886742139518066
151500 4.225778172052971
151600 3.774220952886212
151700 5.87471526321042
151800 7.391671474321353
151900 8.164385721006015
152000 7.834477389990635
152100 7.75022667385157
152200 8.016461964082632
152300 7.457799789778825
152400 7.467506941283617
152500 7.902106078060357
152600 6.82958349868383
152700 8.713228525809816
152800 10.091806021367162
152900 8.205488828586644
153000 7.2943555476643285
153100 6.438144451949052
153200 7.307107098155622
153300 9.713440128249504
153400 8.383868300118671
153500 5.674377713791318
153600 7.0775711317832934
153700 9.276698342169055
153800 8.458810180118828
153900 7.6319322603653506
154000 6.793689024452738
154100 8.489366021041826
154200 7.568082228862419
154300 6.805114813965306
154400 7.071295101905473
154500 6.508829207396249
154600 1.3532068177165961
154700 -0.6035094359885986
154800 -5.535079648821811
154900 -1.6261626620131802
155000 -0.21253150167967588
155100 1.48817579895494
155200 1.707185550264853
155300 -0.5085182857440192
155400 0.17807480485751004
155500 -1.4495218430557641
155600 0.7405601325903008
155700 0.11035130904215974
155800 3.549435999180008
155900 3.1189296201510506
156000 2.044902239255531
156100 -1.2354419599806132
156200 -2.736400855172692
156300 -0.4528498171746784
156400 -0.9017081752131673
156500 -1.9271247107099585
156600 -3.679257879594281
156700 -0.994606033538981
156800 -1.2594377926685663
156900 0.4895004256277614
157000 2.4882101386804
157100 2.1019009192319746
157200 0.11084058601686586
157300 -1.0916682082963807
157400 0.6895629523870954
157500 2.002076019702458
157600 4.097656257946736
157700 1.6090989485563099
157800 3.688765732802976
157900 1.7849623479795682
158000 -0.027298678211472777
158100 -0.9740238144117737
158200 -1.3876284602622122
158300 -1.6739599014030722
158400 -0.45102132283501933
158500 -2.317933301323001
158600 -1.4580482431715192
158700 -0.36222778901912905
158800 -0.8345120674366047
158900 -0.6076319874369176
159000 1.14180027218295
159100 -2.487077129923059
159200 -3.1399828905449336
159300 -4.759152152258509
159400 -1.5189268406087046
159500 -2.911052358855571
159600 -2.5889270467702525
159700 -3.0621268774606034
159800 -1.2685341221865245
159900 -2.545599219672998
160000 -1.6360604008362625
160100 -2.166265261489497
160200 -5.425681694487562
160300 -6.918130059901915
160400 -4.278098229076806
160500 -4.223614092048719
160600 1.1324066759285643
160700 7.564524879101741
160800 8.705345477274857
160900 10.612352343939047
161000 9.377920350709847
161100 8.344344218777762
161200 9.561720184412994
161300 11.313409248365163
161400 9.632427251100898
161500 7.148621303719423
161600 7.778969596102786
161700 7.542006423575708
161800 7.631571067981097
161900 6.4932004220645645
162000 7.429241223587915
162100 6.094675249119611
162200 7.877389730892389
162300 9.025979202901832
162400 7.561958042082449
162500 8.433611221360243
162600 6.447672906863601
162700 7.4838319335749715
162800 9.37600464102652
162900 4.10250443062983
163000 2.530699066090621
163100 1.9610314549500782
163200 1.762368676934801
163300 7.3640245926285095
163400 10.7984505027888
163500 12.985434061977834
163600 13.552214205616016
163700 12.674616580418247
163800 13.020667997417824
163900 14.145143812115615
164000 15.22656094742588
164100 13.220233131160377
164200 7.527671258733871
164300 0.7927136812634727
164400 0.7054422611469466
164500 -2.462681948915109
164600 -2.492053825217765
164700 -3.1785412464219345
164800 -1.0634923906223979
164900 -2.7188366093045753
165000 -1.7458459149771859
165100 -0.8700093794112767
165200 -1.9334346457629292
165300 -0.3574403235763061
165400 -2.2157100258491256
165500 -2.2898231087177225
165600 -3.0517677625509787
165700 -3.214719571311813
165800 -2.835516808957954
165900 -3.0682961812889706
166000 -4.378119018761534
166100 -5.260074178088864
166200 -4.292582805244459
166300 -4.004416462605995
166400 -4.940452029724957
166500 -4.870107827847696
166600 -5.031916186529999
166700 -5.027637502875229
166800 -4.209032333431537
166900 -5.558165208686069
167000 -3.1414902250720496
167100 -3.7859591607493908
167200 -1.1177050898665637
167300 2.180723114110328
167400 -0.10264408249129262
167500 -0.23648798782665237
167600 -3.1154747701326135
167700 -2.1234220794396808
167800 -1.514016253516186
167900 0.05162021843444786
168000 -0.08920214987941998
168100 1.9216056050833992
168200 -0.837115108006421
168300 0.1871153988875896
168400 -1.130003585921049
168500 -0.35648855958671016
168600 -0.6438882216163211
168700 -1.4876500679633797
168800 0.628016035064965
168900 2.2195679765964726
169000 -1.2875484227258538
169100 0.8409546667298293
169200 -2.2258423885803547
169300 -0.02429439221036067
169400 -0.84781336423648
169500 -1.0035864173961353
169600 -0.5633066426751405
169700 -0.19217777573392075
169800 -0.9461792231334367
169900 -0.9668820999813483
170000 -2.7375969998032295
170100 -5.4805372687026015
170200 0.167299770666701
170300 -2.5522381255443145
170400 -2.411741150349733
170500 -2.439909132664911
170600 0.0035554757876478382
170700 -1.7249640877804275
170800 -1.7606191234141761
170900 -0.7021778252454847
171000 -0.8110169898369894
171100 -0.6541924487044651
171200 -3.181363105316401
171300 4.189875894971055
171400 6.103500419724711
171500 5.500574085803165
171600 6.586134098010931
171700 5.125136632119492
171800 5.76429801377275
171900 6.420957133305989
172000 7.0525417115131885
172100 7.601334177639169
172200 6.390151303573959
172300 8.908350963968863
172400 8.781918657733083
172500 8.625638872399563
172600 2.8932869681482813
172700 4.722541173139771
172800 4.397125353578489
172900 7.819200948438424
173000 5.245454241292106
173100 6.492125063778729
173200 5.106799551785657
173300 6.647427788125817
173400 7.1926996071895175
173500 7.672383773523349
173600 8.560126687351962
173700 4.9851484768879395
173800 6.690577457182442
173900 6.73347453929702
174000 6.523181522186043
174100 6.51946854168955
174200 7.302264524439569
174300 6.45933581620912
174400 6.856001357617315
174500 7.635286582095746
174600 6.207934682987184
174700 6.125427677079225
174800 6.333523885063687
174900 6.427891916877244
175000 5.1795374688151234
175100 6.00539894431389
175200 5.181135585822917
175300 5.077291431829088
175400 7.187769085680805
175500 5.750673601608243
175600 6.308792265792206
175700 5.273416977333375
175800 6.737574385327055
175900 8.02540169703993
176000 8.21193149656514
176100 8.852079236782528
176200 8.137131190251855
176300 8.962441304195796
176400 8.611313653258994
176500 9.573545684706179
176600 9.405427647584773
176700 9.703696443209154
176800 8.759855943236214
176900 8.523760550600468
177000 9.43112128165801
177100 8.322422026498932
177200 8.741864496075367
177300 8.356566359110477
177400 8.568676651949676
177500 6.8720623049224905
177600 7.8184546653196465
177700 8.284969714136242
177800 8.582654565692192
177900 5.380296232199621
178000 8.136147348539742
178100 8.082113767017299
178200 9.809562082097884
178300 9.852966262667625
178400 11.121032348106265
178500 9.152261850259118
178600 6.9524865691179665
178700 8.220444626642806
178800 7.7144795452952
178900 6.239582674657265
179000 7.396631567629569
179100 7.250676710996317
179200 8.26608192823495
179300 8.508298408451937
179400 9.611446498367663
179500 10.309466964926354
179600 9.331579856503886
179700 7.596999172133584
179800 8.094139406527447
179900 8.116510983775186
180000 6.870047126897327
180100 6.9255405089164555
180200 9.274847446696791
180300 7.707164072308005
180400 6.902624051896863
180500 8.108744568657077
180600 8.609066735329524
180700 8.060412465728808
180800 8.89074861947175
180900 8.993099240047528
181000 7.602158890528776
181100 9.383158036652688
181200 8.058047937446936
181300 7.89780343716685
181400 7.120146562242293
181500 4.772046039897295
181600 6.983498944265939
181700 5.77348873423921
181800 7.329510643827702
181900 8.175468296934241
182000 6.128322402915298
182100 3.3307189293951516
182200 5.355508124663936
182300 4.887190431569342
182400 7.968779331897168
182500 7.698063677828973
182600 5.486751456396463
182700 4.872848380347197
182800 5.89984349181615
182900 4.1165368516815635
183000 7.692791646419559
183100 6.907354673735803
183200 8.267140202346877
183300 7.783233533343792
183400 5.951053507713444
183500 6.920139358963941
183600 7.998274984578527
183700 8.092777770787615
183800 7.314155148653735
183900 6.347919695434789
184000 7.576295615114262
184100 6.087550228172489
184200 6.620644520980678
184300 5.4308678745067205
184400 7.134195135237041
184500 6.786695701662758
184600 8.791251542037642
184700 5.713351216677034
184800 5.982620167827693
184900 8.2396983208683
185000 9.235170496059967
185100 7.023402307139542
185200 6.968602356195434
185300 4.409249555452873
185400 7.873763401259582
185500 7.2279111266742575
185600 8.817880255671456
185700 7.29118826158785
185800 8.79293479812002
185900 8.13704270224489
186000 7.6277519260946
186100 8.17475381524043
186200 6.832360099279921
186300 5.350623852547379
186400 6.075138872524863
186500 6.9405679031636
186600 7.0276723680152395
186700 6.478009322390429
186800 7.15173339445453
186900 6.274277497549492
187000 3.0000725980376393
187100 6.191824233721724
187200 6.056406733450227
187300 7.224223445155443
187400 7.432631387057205
187500 6.453647546607118
187600 6.632704294111846
187700 6.865295725564362
187800 6.5146914459463785
187900 7.6865274053754264
188000 8.833787451355223
188100 6.645436093001664
188200 9.092118691122389
188300 7.51323668253452
188400 6.576096776891066
188500 6.98434456052637
188600 8.293583925100469
188700 8.934748368902959
188800 7.469376772902663
188900 5.751084353915312
189000 6.3242295288222135
189100 6.978447359039098
189200 6.654694615128566
189300 7.917905634505548
189400 7.239319535117379
189500 5.448048840737287
189600 7.863622466593788
189700 8.683512540910927
189800 5.531058357434152
189900 7.148052416768363
190000 6.235551334414555
190100 5.825018942735336
190200 7.996100794286039
190300 6.87408078766164
190400 7.47801738667098
190500 7.927724069150003
190600 6.4102164411384654
190700 5.606352712408869
190800 7.383902450698128
190900 10.124429538548272
191000 9.354389892095588
191100 9.267242723080285
191200 9.193798903628858
191300 9.572345979596802
191400 8.841504929666877
191500 9.157802993838018
191600 6.520321529989986
191700 5.320965183999158
191800 6.938928517787688
191900 5.830156943506658
192000 5.561495548600678
192100 8.554422534441601
192200 7.148777250013537
192300 7.0348737123579905
192400 8.353493430476838
192500 7.85678263594493
192600 7.8932430408401855
192700 9.723932036865241
192800 6.890983305599699
192900 6.29692854174502
193000 7.242613436442799
193100 5.9020023667309145
193200 7.7378891687931795
193300 7.465670615935513
193400 5.510124746720792
193500 4.0623147778617374
193600 6.720545530740616
193700 6.658603377874405
193800 6.834756186265814
193900 9.728402703311906
194000 8.560982599827595
194100 8.853334502610014
194200 9.734221258280211
194300 9.86703959154647
194400 7.646339070410951
194500 5.412839921624828
194600 7.4655477654695765
194700 7.597923569263707
194800 5.943289634585162
194900 5.873909688484865
195000 5.33430701062408
195100 9.073280505352319
195200 7.847940092351176
195300 10.617366590961021
195400 8.34562492853143
195500 6.757394697221015
195600 7.63317641543795
195700 6.986313437961851
195800 6.589834074804642
195900 6.926114162513155
196000 6.446344303061679
196100 6.53051598129747
196200 8.817213367956763
196300 7.231595774622515
196400 10.255341052213055
196500 10.410034510522216
196600 8.291641897977904
196700 7.322686731217335
196800 5.467234616072041
196900 3.960727744780969
197000 5.505418051866455
197100 6.45560866993627
197200 4.465534322346522
197300 7.398838256523912
197400 9.11966406328014
197500 8.651403722073326
197600 5.68316155904491
197700 9.832357838811493
197800 9.260791060318587
197900 10.50625264548415
198000 9.264289732217925
198100 7.9859035674421115
198200 7.411934893102104
198300 7.8953831474708664
198400 7.09868465343172
198500 7.777600116016836
198600 9.40044047970322
198700 8.369532982504229
198800 7.067115015841101
198900 8.286198111243511
199000 7.16052693081361
199100 5.757377913358142
199200 5.9934358159589785
199300 7.1605576070994195
199400 9.093664678751473
199500 7.012811954741937
199600 8.456775535865361
199700 8.885736659738228
199800 7.689804961625064
199900 6.0271426633394425
200000 6.527619919176693
