0 -20
100 -16
200 -15
300 -15
400 -12
500 -13
600 -14
700 -13
800 -14
900 -14
1000 -14
1100 -13
1200 -12
1300 -13
1400 -14
1500 -13
1600 -13
1700 -13
1800 -12
1900 -14
2000 -14
2100 -14
2200 -13
2300 -14
2400 -15
2500 -15
2600 -13
2700 -11
2800 -11
2900 -13
3000 -12
3100 -13
3200 -14
3300 -12
3400 -13
3500 -13
3600 -12
3700 -11
3800 -12
3900 -12
4000 -12
4100 -11
4200 -10
4300 -10
4400 -12
4500 -11
4600 -10
4700 -10
4800 -11
4900 -10
5000 -9
5100 -11
5200 -11
5300 -13
5400 -13
5500 -11
5600 -12
5700 -11
5800 -10
5900 -10
6000 -11
6100 -10
6200 -10
6300 -10
6400 -10
6500 -10
6600 -8
6700 -8
6800 -11
6900 -11
7000 -11
7100 -9
7200 -9
7300 -9
7400 -9
7500 -7
7600 -9
7700 -9
7800 -11
7900 -10
8000 -9
8100 -8
8200 -9
8300 -10
8400 -10
8500 -10
8600 -10
8700 -12
8800 -10
8900 -9
9000 -12
9100 -11
9200 -8
9300 -8
9400 -7
9500 -7
9600 -8
9700 -8
9800 -9
9900 -10
10000 -10
10100 -7
10200 -6
10300 -6
10400 -7
10500 -9
10600 -7
10700 -6
10800 -6
10900 -8
11000 -5
11100 -8
11200 -6
11300 -6
11400 -8
11500 -9
11600 -6
11700 -7
11800 -4
11900 -2
12000 -3
12100 -6
12200 -5
12300 -5
12400 -3
12500 -5
12600 -4
12700 -3
12800 -4
12900 -5
13000 -5
13100 -3
13200 -5
13300 -3
13400 -3
13500 -4
13600 -5
13700 -4
13800 -4
13900 -4
14000 -4
14100 -3
14200 -3
14300 -7
14400 -5
14500 -5
14600 -5
14700 -3
14800 -2
14900 -5
15000 -6
15100 -2
15200 -1
15300 -4
15400 -6
15500 -3
15600 -3
15700 -3
15800 -3
15900 -1
16000 -2
16100 0
16200 0
16300 1
16400 -1
16500 -1
16600 -1
16700 0
16800 0
16900 -1
17000 -1
17100 -1
17200 -3
17300 -2
17400 -2
17500 -1
17600 0
17700 -1
17800 0
17900 0
18000 0
18100 -2
18200 0
18300 -2
18400 -2
18500 -2
18600 -1
18700 0
18800 -3
18900 -2
19000 -1
19100 1
19200 3
19300 0
19400 1
19500 0
19600 0
19700 -1
19800 0
19900 0
20000 0
20100 0
20200 0
20300 0
20400 0
20500 0
20600 -2
20700 -1
20800 -3
20900 -1
21000 0
21100 0
21200 0
21300 0
21400 2
21500 1
21600 1
21700 3
21800 0
21900 0
22000 0
22100 0
22200 0
22300 2
22400 1
22500 1
22600 2
22700 2
22800 1
22900 4
23000 4
23100 5
23200 5
23300 2
23400 0
23500 1
23600 2
23700 1
23800 3
23900 2
24000 3
24100 2
24200 1
24300 2
24400 3
24500 3
24600 2
24700 2
24800 2
24900 2
25000 1
25100 0
25200 1
25300 3
25400 4
25500 6
25600 4
25700 4
25800 4
25900 4
26000 3
26100 2
26200 4
26300 4
26400 1
26500 4
26600 3
26700 3
26800 1
26900 1
27000 3
27100 2
27200 2
27300 3
27400 2
27500 2
27600 4
27700 5
27800 4
27900 5
28000 3
28100 2
28200 3
28300 5
28400 3
28500 3
28600 4
28700 1
28800 0
28900 1
29000 2
29100 4
29200 2
29300 1
29400 1
29500 1
29600 1
29700 2
29800 2
29900 2
