0 20
100 0
200 -8
300 -13
400 -12
500 -13
600 -13
700 -14
800 -14
900 -13
1000 -13
1100 -14
1200 -13
1300 -14
1400 -12
1500 -14
1600 -14
1700 -15
1800 -15
1900 -13
2000 -14
2100 -13
2200 -12
2300 -12
2400 -12
2500 -14
2600 -13
2700 -14
2800 -13
2900 -13
3000 -14
3100 -13
3200 -14
3300 -15
3400 -14
3500 -13
3600 -14
3700 -14
3800 -14
3900 -13
4000 -13
4100 -11
4200 -12
4300 -12
4400 -12
4500 -13
4600 -13
4700 -13
4800 -13
4900 -13
5000 -14
5100 -14
5200 -14
5300 -13
5400 -12
5500 -12
5600 -11
5700 -12
5800 -11
5900 -13
6000 -12
6100 -11
6200 -11
6300 -12
6400 -12
6500 -12
6600 -12
6700 -12
6800 -12
6900 -13
7000 -13
7100 -12
7200 -10
7300 -10
7400 -11
7500 -13
7600 -11
7700 -11
7800 -9
7900 -10
8000 -10
8100 -11
8200 -11
8300 -11
8400 -11
8500 -11
8600 -10
8700 -10
8800 -11
8900 -11
9000 -11
9100 -10
9200 -9
9300 -9
9400 -9
9500 -10
9600 -9
9700 -10
9800 -11
9900 -10
10000 -8
10100 -8
10200 -7
10300 -9
10400 -10
10500 -10
10600 -10
10700 -8
10800 -9
10900 -12
11000 -11
11100 -8
11200 -8
11300 -10
11400 -7
11500 -8
11600 -10
11700 -9
11800 -8
11900 -8
12000 -9
12100 -8
12200 -9
12300 -9
12400 -8
12500 -8
12600 -7
12700 -12
12800 -11
12900 -11
13000 -11
13100 -10
13200 -10
13300 -9
13400 -8
13500 -11
13600 -12
13700 -9
13800 -11
13900 -9
14000 -7
14100 -7
14200 -6
14300 -5
14400 -7
14500 -7
14600 -6
14700 -5
14800 -5
14900 -9
15000 -7
15100 -8
15200 -5
15300 -6
15400 -7
15500 -4
15600 -7
15700 -6
15800 -4
15900 -6
16000 -6
16100 -5
16200 -5
16300 -5
16400 -6
16500 -5
16600 -5
16700 -3
16800 -4
16900 -5
17000 -6
17100 -3
17200 -7
17300 -5
17400 -2
17500 -3
17600 -4
17700 -4
17800 -3
17900 -6
18000 -7
18100 -3
18200 -5
18300 -3
18400 -3
18500 -1
18600 -3
18700 -4
18800 -4
18900 -2
19000 -2
19100 -1
19200 -1
19300 0
19400 -3
19500 -1
19600 -4
19700 -5
19800 -1
19900 -1
20000 -3
20100 -3
20200 -4
20300 -3
20400 -3
20500 -3
20600 1
20700 0
20800 0
20900 2
21000 0
21100 0
21200 -2
21300 -2
21400 0
21500 0
21600 -1
21700 -1
21800 0
21900 0
22000 -2
22100 -1
22200 2
22300 1
22400 0
22500 0
22600 3
22700 2
22800 0
22900 2
23000 0
23100 0
23200 0
23300 0
23400 -2
23500 -1
23600 1
23700 3
23800 6
23900 2
24000 0
24100 0
24200 1
24300 0
24400 0
24500 1
24600 0
24700 0
24800 1
24900 2
25000 1
25100 2
25200 4
25300 0
25400 3
25500 3
25600 1
25700 3
25800 2
25900 1
26000 3
26100 1
26200 1
26300 3
26400 3
26500 2
26600 1
26700 1
26800 1
26900 4
27000 3
27100 2
27200 0
27300 2
27400 0
27500 0
27600 -1
27700 2
27800 0
27900 0
28000 1
28100 1
28200 1
28300 4
28400 2
28500 0
28600 0
28700 1
28800 0
28900 0
29000 0
29100 0
29200 3
29300 1
29400 2
29500 0
29600 1
29700 0
29800 1
29900 1
