# Model = full.TensorFlow.(9)-12-12-12-12-12-12-12-(9)
# Num weights = 1080
# Learning rate = 0.001
# Env random seed = 7
# Start time: 30-08-2021(02:16)
100 -11.665307847316278
200 -11.179514263869637
300 -10.050982523640412
400 -11.563628626112065
500 -13.490240430114756
600 -12.05728946581692
700 -11.924961742353851
800 -12.682124759006726
900 -11.402936025403365
1000 -8.190442064888511
1100 -7.037247739354763
1200 -7.896975558705032
1300 -7.1578937124397894
1400 -7.147771891051253
1500 -7.130195790482308
1600 -1.874448222634106
1700 -2.922924438094807
1800 -6.976530943794308
1900 -7.923617112099876
2000 -7.545940690836952
2100 -9.152279900156158
2200 -8.89269577281987
2300 -9.007732092019861
2400 -8.465656682869886
2500 -9.581552582762567
2600 -9.394819285200603
2700 -7.168145261902568
2800 -9.656954563323064
2900 -8.612473650001569
3000 -7.607150806541187
3100 -8.193729397303334
3200 -9.57870946165997
3300 -8.606538360401087
3400 -8.948311859715973
3500 -10.336509283107507
3600 -10.309006916849743
3700 -10.443862005175367
3800 -10.477064028375617
3900 -12.278244747633812
4000 -8.113550787226888
4100 -6.345244105771458
4200 -7.35766204403977
4300 -8.820081419172721
4400 -10.52370477985817
4500 -9.648032613285412
4600 -10.79400248514025
4700 -10.992134135635753
4800 -9.937146386873556
4900 -7.3697065658987295
5000 -6.932068121038792
5100 -7.369123067411941
5200 -5.940577752369188
5300 -5.984309153209088
5400 -6.552022561476294
5500 -7.058782375673387
5600 -7.034293272497967
5700 -4.512515353385958
5800 -4.6615223105059505
5900 -6.7100949853418035
6000 -6.742810261112195
6100 -8.552515756294694
6200 -8.714721195884122
6300 -6.656147883460151
6400 -7.304035833131324
6500 -4.80346775873419
6600 -6.187056174857239
6700 -9.046483527766279
6800 -8.5112698723729
6900 -7.933900799622502
7000 -9.973739200849417
7100 -12.93954842251254
7200 -12.869106220367405
7300 -12.622726256275053
7400 -13.668342645175594
7500 -14.712487402612753
7600 -14.308812230471291
7700 -14.514200583685222
7800 -10.660210946315797
7900 -11.54267114807331
8000 -11.718167595537368
8100 -12.906824641211916
8200 -12.839819963213133
8300 -15.888070642711336
8400 -15.379815900009323
8500 -13.878063722031397
8600 -14.634224819528553
8700 -13.70226915002743
8800 -10.018371342571244
8900 -11.996767529611803
9000 -9.24400801082155
9100 -7.888190628862883
9200 -9.573175689026781
9300 -8.48018455475288
9400 -9.540014024805226
9500 -8.036317683486462
9600 -11.065851864549227
9700 -9.505193380012509
9800 -9.6208211146745
9900 -8.623652443265662
10000 -3.9999538320274284
10100 -4.628880097042731
10200 -7.342944088034123
10300 -8.682724559628877
10400 -8.004679088690281
10500 -7.891469650687025
10600 -7.209576947787955
10700 -10.608541808131486
10800 -9.61141322084745
10900 -12.254674164492481
11000 -10.893332618465708
11100 -10.563704549177608
11200 -8.977356547845247
11300 -8.763862113225983
11400 -8.445945603130008
11500 -8.330606136141578
11600 -9.146859593525669
11700 -8.956790221980201
11800 -8.329881340848164
11900 -5.3736644844923065
12000 -2.7485304053187827
12100 -4.796098587947834
12200 -4.344075341150349
12300 -2.346673105955597
12400 -1.288952113233275
12500 -3.8031572133260787
12600 -4.030455344227643
12700 -4.641343610487523
12800 -3.3013107788211267
12900 -1.0136092208396297
13000 -2.488419164025917
13100 -3.8817789622021124
13200 -2.635683465910919
13300 -2.552587507693772
13400 -5.255037999796637
13500 -3.4755497659501904
13600 -2.7046820140009324
13700 -3.668709452994061
13800 -2.833808342371426
13900 -1.8920558760622872
14000 -3.4160461560408537
14100 -2.932829128411253
14200 -3.1252359045706863
14300 -3.6620496079784943
14400 -5.427762888931811
14500 -8.769028013334191
14600 -7.417780516550683
14700 -9.33013289484858
14800 -10.395058218645186
14900 -9.367389276600187
15000 -7.530985887783883
15100 -8.891279782793637
15200 -7.61371595933455
15300 -9.968373833661946
15400 -8.613173053291035
15500 -10.167601856995718
15600 -10.114459379178728
15700 -7.0908016385267425
15800 -8.607328159536399
15900 -9.572318757303936
16000 -10.373980126082838
16100 -9.514425497371416
16200 -8.869998592174912
16300 -9.224130362904104
16400 -11.556941405523691
16500 -11.488851103245196
16600 -11.657111400072496
16700 -10.67325977925555
16800 -12.055354891970355
16900 -12.28717977494045
17000 -11.36873182273479
17100 -11.7376566031222
17200 -12.866752712421416
17300 -12.544761616834133
17400 -14.478019069800046
17500 -11.086044963925413
17600 -11.547351721829182
17700 -12.103792193122949
17800 -13.405647755015732
17900 -13.779730674868764
18000 -14.489183072420495
18100 -12.02276123520073
18200 -13.307240877329974
18300 -11.878627024718627
18400 -12.543443713538261
18500 -12.426025825830997
18600 -11.445811602292846
18700 -12.295571482591233
18800 -12.500334244518724
18900 -10.83303571115781
19000 -11.048671480475633
19100 -9.546548462139244
19200 -6.218192196468479
19300 -7.478907168513446
19400 -9.016390346631152
19500 -9.823384525766057
19600 -10.801186153872864
19700 -10.280634065355247
19800 -8.64248192663393
19900 -10.28150972058645
20000 -8.796874197243147
20100 -9.845539230703999
20200 -8.856512602110573
20300 -9.711333453200726
20400 -11.678305427876483
20500 -9.47472953292053
20600 -9.714666454231274
20700 -9.059683937637459
20800 -10.652406026013585
20900 -11.833017231262412
21000 -10.785749870172932
21100 -9.697680431778354
21200 -10.710757136965865
21300 -13.21175313987675
21400 -11.957013538175634
21500 -12.22097624315953
21600 -13.625731939626055
21700 -11.060448035506662
21800 -10.687015576915355
21900 -10.736576359051725
22000 -11.857727948511675
22100 -12.292652016896325
22200 -12.33762333437636
22300 -12.876377546088623
22400 -12.450008376411914
22500 -11.987435585980128
22600 -11.833277354905855
22700 -10.996392673261946
22800 -11.913337172926282
22900 -12.854364467753546
23000 -14.155848215997358
23100 -14.556942340418951
23200 -13.783056995636938
23300 -12.81377487812622
23400 -11.590752486630388
23500 -12.41486445358828
23600 -12.017982758116812
23700 -12.583038560369191
23800 -11.886022691472524
23900 -13.545952730861018
24000 -12.940376878602729
24100 -11.793910244022298
24200 -12.846260974197401
24300 -15.39683791492819
24400 -15.443586728377687
24500 -14.696205658032975
24600 -14.779348589573072
24700 -12.679152817389452
24800 -13.269819082334445
24900 -13.561364424420344
25000 -14.037683502072356
25100 -13.176597731890354
25200 -12.14246011980335
25300 -13.923712307122287
25400 -13.061251250074573
25500 -16.734732133094262
25600 -17.85446286430414
25700 -18.62044210074507
25800 -19.49503719221368
25900 -19.090315282943198
26000 -19.173014846182998
26100 -19.50906203131584
26200 -19.82030082590255
26300 -19.93422429058019
26400 -19.975923963082096
26500 -19.723598688410444
26600 -19.898828180787824
26700 -19.570927842142837
26800 -19.842945713484326
26900 -19.942513051799608
27000 -19.978957917757505
27100 -19.841403258602057
27200 -19.941948463427746
27300 -19.978751260153885
27400 -19.992222274004966
27500 -19.997153100744203
27600 -19.99895794279997
27700 -19.999618573363286
27800 -19.999860385515078
27900 -19.999948896583152
28000 -19.999981294496635
28100 -19.735080336787156
28200 -19.90303083542484
28300 -19.96450614965919
28400 -19.987008102858887
28500 -19.995244545471788
28600 -19.998259349845156
28700 -19.99936286574843
28800 -19.755319892445005
28900 -19.910439167368594
29000 -19.967217838745484
29100 -19.636992259564376
29200 -19.86712742686798
29300 -19.95136434096543
29400 -19.98219777585416
29500 -19.993483810215984
29600 -19.99761486379712
29700 -19.599126963011358
29800 -19.67782050299372
29900 -19.644885305839907
30000 -19.870016537075998
30100 -19.95242184873908
30200 -19.98258485790045
30300 -19.80727318469571
30400 -19.92945575256799
30500 -19.68708631090974
30600 -19.025393667637612
30700 -19.643262562345615
30800 -18.857903042723695
30900 -18.215096990465433
31000 -18.794604568321105
31100 -19.186598690366036
31200 -19.500314458725082
31300 -19.817098931426706
31400 -19.323859302783738
31500 -19.75251063756776
31600 -19.558402480029073
31700 -19.83836102586453
31800 -19.940834907856136
31900 -19.46219019541869
32000 -19.80314421806935
32100 -19.494508809199697
32200 -19.513086161056865
32300 -19.821773787533257
32400 -19.93476344217447
32500 -19.976121310002465
32600 -19.991259627193607
32700 -19.99680074087801
32800 -19.99882896769319
32900 -19.99957136430298
33000 -19.99984310547221
33100 -19.999942571528603
33200 -19.9999789793221
33300 -19.599992305752007
33400 -19.6369102167603
33500 -19.867097396548328
33600 -19.951353348897214
33700 -19.52175764683782
33800 -19.824947831775972
33900 -19.93592524501995
34000 -19.97654656741809
34100 -19.99141528516109
34200 -19.996857716728297
34300 -19.998849822697053
34400 -19.999578997908877
34500 -19.999845899618837
34600 -19.99994359427664
34700 -19.99997935368096
34800 -19.99999244277945
34900 -19.781134576856513
35000 -19.91988817674299
35100 -19.821290769587815
35200 -19.580032693298563
35300 -19.8462783834698
35400 -19.94373291679709
35500 -19.97940442779857
35600 -19.992461354487194
35700 -19.997240611932863
35800 -19.998989974725244
35900 -19.99963029808388
36000 -19.99986467714202
36100 -19.84753162021558
36200 -19.944191641977323
36300 -19.97957233605029
36400 -19.992522814337686
36500 -19.997263108225845
36600 -19.998998209096044
36700 -19.99963331212991
36800 -19.999865780380333
36900 -19.999950871278312
37000 -19.99998201729892
37100 -19.999993417749767
37200 -19.99999759068348
37300 -19.999999118112182
37400 -19.999999677200478
37500 -19.69198262352282
37600 -19.88725567853518
37700 -19.958731932048916
37800 -19.984894552467985
37900 -19.99447091767383
38000 -19.997976177051004
38100 -19.999259215347596
38200 -19.999728848859238
38300 -19.99990074991307
38400 -19.99996367125826
38500 -19.99998670250555
38600 -19.99999513268692
38700 -19.99999821840594
38800 -19.9999993478789
38900 -19.999999761302544
39000 -19.99999991262894
39100 -19.999999968019313
39200 -19.838107199222645
39300 -19.94074199909613
39400 -19.978309655189932
39500 -19.99206063230609
39600 -19.99709393465472
39700 -19.998936286097706
39800 -19.99961064630984
39900 -19.99985748395715
40000 -19.607907834519118
40100 -19.856481586674082
40200 -19.947467619154434
40300 -19.980771449646387
40400 -19.99296172869472
40500 -19.84953191001566
40600 -19.94492381273606
40700 -19.97984033422732
40800 -19.60450131033788
40900 -19.855234688652427
41000 -19.776775164796785
41100 -19.91829249094018
41200 -19.970092409159165
41300 -19.98905285450264
41400 -19.995992990703286
41500 -19.99853330500556
41600 -19.999463142197197
41700 -19.999803492681444
41800 -19.999928071966067
41900 -19.999973672013287
42000 -19.999990363105326
42100 -19.99999647258482
42200 -19.999998708851905
42300 -19.99999952739799
42400 -19.99999982701232
42500 -19.999999936680858
42600 -19.999999976823094
42700 -19.99999999151645
42800 -19.999999996894694
42900 -19.999999998863306
43000 -19.99999999958388
43100 -19.999999999847624
43200 -19.999999999944187
43300 -19.999999999979515
43400 -19.999999999992436
43500 -19.99999999999718
43600 -19.999999999998906
43700 -19.99999999999952
43800 -19.999999999999737
43900 -19.999999999999737
44000 -19.999999999999737
44100 -19.999999999999737
44200 -19.999999999999737
44300 -19.999999999999737
44400 -19.999999999999737
44500 -19.999999999999737
44600 -19.999999999999737
44700 -19.999999999999737
44800 -19.999999999999737
44900 -19.999999999999737
45000 -19.999999999999737
45100 -19.999999999999737
45200 -19.999999999999737
45300 -19.999999999999737
45400 -19.999999999999737
45500 -19.999999999999737
45600 -19.999999999999737
45700 -19.999999999999737
45800 -19.999999999999737
45900 -19.999999999999737
46000 -19.999999999999737
46100 -19.999999999999737
46200 -19.999999999999737
46300 -19.999999999999737
46400 -19.999999999999737
46500 -19.999999999999737
46600 -19.999999999999737
46700 -19.999999999999737
46800 -19.999999999999737
46900 -19.999999999999737
47000 -19.999999999999737
47100 -19.999999999999737
47200 -19.999999999999737
47300 -19.999999999999737
47400 -19.999999999999737
47500 -19.999999999999737
47600 -19.999999999999737
47700 -19.999999999999737
47800 -19.999999999999737
47900 -19.999999999999737
48000 -19.999999999999737
48100 -19.999999999999737
48200 -19.999999999999737
48300 -19.999999999999737
48400 -19.999999999999737
48500 -19.999999999999737
48600 -19.999999999999737
48700 -19.999999999999737
48800 -19.999999999999737
48900 -19.999999999999737
49000 -19.999999999999737
49100 -19.999999999999737
49200 -19.999999999999737
49300 -19.999999999999737
49400 -19.999999999999737
49500 -19.999999999999737
49600 -19.999999999999737
49700 -19.645372768229347
49800 -19.870194964075683
49900 -19.952487158791506
50000 -19.982608763491857
50100 -19.993634244983223
50200 -19.997669927787182
50300 -19.999147118212548
50400 -19.99968781768246
50500 -19.999885731175358
50600 -19.999958173914532
50700 -19.99998469029996
50800 -19.99999439615459
50900 -19.99999794881129
51000 -19.999999249198538
51100 -18.83611595188012
51200 -19.57398079689606
51300 -17.662796945911353
51400 -18.87148625607678
51500 -19.327286420805347
51600 -18.37426918604446
51700 -18.766828784269055
51800 -18.221467904955112
51900 -17.45002218228983
52000 -18.324098301065277
52100 -19.022718632808942
52200 -18.52485126413826
52300 -18.942840178485206
52400 -18.878755642658994
52500 -18.74099297445321
52600 -18.204004176219584
52700 -18.8801500080095
52800 -17.887806653118204
52900 -17.37326431375045
53000 -17.525835967457432
53100 -17.218685654230967
53200 -17.17200127405503
53300 -18.630557401231
53400 -17.588497961657737
53500 -16.862417195730803
53600 -17.51625998005759
53700 -17.299187132777064
53800 -16.93281868744368
53900 -14.799147456094907
54000 -13.55286946226986
54100 -12.655241068151389
54200 -12.297813169117045
54300 -13.45143105216907
54400 -13.738754915791295
54500 -12.199620100775487
54600 -13.018331897725046
54700 -13.3602632428864
54800 -14.806674574914464
54900 -14.626239323588605
55000 -13.515359116465232
55100 -12.388388287495237
55200 -13.888666973909663
55300 -11.860903023032732
55400 -13.921928918191382
55500 -15.31537825911509
55600 -14.111301786839869
55700 -15.352573827635695
55800 -16.142844747179478
55900 -14.082590806927326
56000 -14.931741876190515
56100 -16.738299022517513
56200 -15.12901567069575
56300 -15.755047865234587
56400 -15.059837999235867
56500 -15.53375861192851
56600 -16.809920377574265
56700 -15.914815349748608
56800 -15.234538552792088
56900 -14.213652206307087
57000 -16.33546594393541
57100 -15.71672253379788
57200 -13.558780697101996
57300 -13.927192284390141
57400 -14.835736788762132
57500 -15.384879690010267
57600 -14.690212137633386
57700 -15.722276758472633
57800 -14.759108855950776
57900 -15.276230419158454
58000 -14.71913085275113
58100 -16.45530073672444
58200 -16.959775058650344
58300 -17.167093989755262
58400 -18.22601547836511
58500 -18.734349740973364
58600 -19.039397498106304
58700 -18.608914293077433
58800 -17.437035144490633
58900 -16.834448885832582
59000 -17.83794525928598
59100 -17.145667954140578
59200 -16.977640858226785
59300 -17.454254152521596
59400 -18.30296506691079
59500 -18.31767626869046
59600 -17.12442202507666
59700 -7.586640584512438
59800 -4.759620967394105
59900 -0.5039466764258542
60000 4.9242815451240425
60100 3.3455466154413536
60200 1.605972964923289
60300 3.263405508351662
60400 2.057309120040695
60500 2.075533171130247
60600 4.822215327943171
60700 5.3512182800331285
60800 4.482606922394635
60900 4.24317564118537
61000 3.3681174369063576
61100 2.4838841866849934
61200 1.3832386365720362
61300 4.660164668475516
61400 6.239111884324465
61500 6.256027204405306
61600 2.7014146661746685
61700 2.354234078835248
61800 7.048230103709021
61900 5.610614423536702
62000 8.153681526328322
62100 6.88164373283365
62200 6.484642269536535
62300 -7.014783190683212
62400 -14.30721880140493
62500 -17.381607917536236
62600 -17.761551340749257
62700 -18.435337815694638
62800 -18.656911398834207
62900 -19.15737772557825
63000 -17.683853975615477
63100 -18.32534614069888
63200 -18.30360299223907
63300 -18.443536941336088
63400 -18.405348095748582
63500 -18.507083772294227
63600 -18.79933916068538
63700 -18.762896188342488
63800 -18.861084846354373
63900 -19.328646025373928
64000 -19.31390291572691
64100 -18.200321605703824
64200 -18.94488863810248
64300 -18.42916146344217
64400 -18.381232751943603
64500 -18.67335489163564
64600 -18.97588641266863
64700 -16.926160411444723
64800 -17.81354401415725
64900 -18.55437756005746
65000 -19.290037973604072
65100 -19.740130937263146
65200 -19.9048795185419
65300 -19.055662922076355
65400 -19.04602259693014
65500 -19.485633549178974
65600 -17.84488381135318
65700 -18.99229511879742
65800 -18.926256138160273
65900 -19.083593515468152
66000 -19.13243532984889
66100 -19.169369977779635
66200 -17.70388233626315
66300 -17.465196798099054
66400 -15.83516344224139
66500 -17.86199035015891
66600 -18.032645618419263
66700 -18.73199281453591
66800 -19.535868361153252
66900 -19.18115238197854
67000 -18.62064910100487
67100 -18.765096613157507
67200 -18.0330288664312
67300 -18.033822207612648
67400 -17.827767369768797
67500 -17.680560067075792
67600 -17.888009916096692
67700 -18.373850514022664
67800 -18.65513634353513
67900 -18.570653933095002
68000 -18.526779446747465
68100 -18.837819318906092
68200 -18.395652435326127
68300 -18.957584901849664
68400 -19.467547702276008
68500 -19.188917989822848
68600 -19.303117752850213
68700 -19.00489521762745
68800 -18.428335648313276
68900 -18.21212026261452
69000 -18.01423423015952
69100 -18.193828416106925
69200 -18.531781227922608
69300 -17.061435817660335
69400 -16.55244535228843
69500 -15.662010445129448
69600 -15.504385728506621
69700 -14.862042393233548
69800 -15.478770689719926
69900 -14.892031577338456
70000 -15.940643448311059
70100 -15.920594393885711
70200 -16.53805301657971
70300 -16.11875431029994
70400 -14.561561754575722
70500 -14.174889037838806
70600 -14.658498254070835
70700 -17.222958532221803
70800 -18.781558654221424
70900 -18.88243540170728
71000 -19.226154149138917
71100 -18.62644754032137
71200 -19.497235377322152
71300 -18.593931150583956
71400 -16.58548178751869
71500 -17.133088744510772
71600 -15.023147440682298
71700 -16.69105446708667
71800 -16.75127034215399
71900 -15.783053480857783
72000 -16.829020049903754
72100 -16.6100097870681
72200 -16.824471560994496
72300 -14.750225774555634
72400 -14.683236019873593
72500 -15.203197715219812
72600 -13.521687778598265
72700 -14.13503767625836
72800 -13.786552652242522
72900 -16.229872559538357
73000 -16.053053887333178
73100 -13.341860006873365
73200 -13.393108681160456
73300 -15.000044581691718
73400 -14.295962182770019
73500 -14.328425443486564
73600 -13.45874249522678
73700 -13.241325334044403
73800 -12.42783181542927
73900 -12.193847787251848
74000 -14.052509390923909
74100 -14.1348039240639
74200 -14.49556088669175
74300 -13.959916759340784
74400 -12.36936382929482
74500 -10.877153248561468
74600 -10.264030704165963
74700 -10.47488616952602
74800 -10.382444531592261
74900 -9.97347670094288
75000 -11.092428612878594
75100 -11.5966282289062
75200 -12.834553021684576
75300 -11.719450745281137
75400 -13.393517494810446
75500 -11.932337776341583
75600 -13.42835743328985
75700 -13.834658159456731
75800 -13.877450501953932
75900 -14.192712727731777
76000 -13.266355732676292
76100 -13.846398744427228
76200 -13.893878555520208
76300 -14.78770196540853
76400 -15.361613857274067
76500 -16.28171853901497
76600 -16.09715954291751
76700 -14.630926777337136
76800 -12.48420530149533
76900 -14.608592573598584
77000 -13.410159045087257
77100 -10.75341020633899
77200 -13.192094998830415
77300 -12.987478651749443
77400 -13.224055804285383
77500 -14.129011775294975
77600 -12.831984071430618
77700 -12.410512115284048
77800 -10.275977697676657
77900 -11.99775934373263
78000 -13.819875676141343
78100 -13.782255779597309
78200 -13.7481389149959
78300 -16.20319712092079
78400 -16.177600755855018
78500 -15.396013085064268
78600 -14.993109301597887
78700 -17.08140069280084
78800 -15.144303671996987
78900 -13.073735046531844
79000 -12.782705524240596
79100 -13.39753848764416
79200 -13.925023003511756
79300 -15.855840377552354
79400 -16.622595293961453
79500 -16.060693228781627
79600 -14.532830390945573
79700 -10.308924962787819
79800 -7.258929272417536
79900 -8.072549838683088
80000 -11.133204453564538
80100 -12.70849816604839
80200 -13.945790668982868
80300 -14.752739460481493
80400 -13.622810158537066
80500 -15.312253852817564
80600 -14.677161702623582
80700 -15.301201085305003
80800 -15.62309141250416
80900 -14.3303620904329
81000 -14.241543059800106
81100 -13.164808966008234
81200 -14.20943645760044
81300 -15.70543402991999
81400 -14.007872986861484
81500 -14.532800324735947
81600 -15.018128726250682
81700 -15.192620877133757
81800 -16.07868676150496
81900 -16.688286252619687
82000 -13.277886406208147
82100 -14.699400153731336
82200 -13.555934270059819
82300 -13.569837183063129
82400 -12.987580389595207
82500 -13.061726932318253
82600 -13.970217675509323
82700 -14.98399203158415
82800 -15.191070366914882
82900 -11.29458579456681
83000 -14.963212592262142
83100 -16.2561109669943
83200 -16.27714816388697
83300 -16.591830090212525
83400 -16.26807931382036
83500 -15.358170049311223
83600 -15.577152379512269
83700 -16.055050558224526
83800 -17.27838744524862
83900 -16.47257363439603
84000 -16.221933451253935
84100 -15.018294484123734
84200 -16.797680899401495
84300 -17.39961475083959
84400 -17.425443768627613
84500 -16.323060396077324
84600 -16.347311866626324
84700 -16.24824800596899
84800 -15.956667008048534
84900 -16.091641829681283
85000 -15.85015186118725
85100 -17.24383097119983
85200 -17.155878901193233
85300 -18.003138041212882
85400 -17.607915378789244
85500 -18.36102335192757
85600 -17.729581382741674
85700 -16.720374191386
85800 -17.38829097427996
85900 -16.27721111989719
86000 -17.070874203655396
86100 -18.62595751199866
86200 -19.497056011107922
86300 -18.240277220740143
86400 -16.503530024202792
86500 -16.735944179942642
86600 -17.508055120089107
86700 -18.027780184120445
86800 -17.461687449606753
86900 -18.183202134818682
87000 -17.40890189008882
87100 -16.108514081355906
87200 -17.017662603083807
87300 -17.15058680011119
87400 -18.2951015615438
87500 -18.036672582576347
87600 -17.806983830030635
87700 -18.292451907537785
87800 -18.773067355321693
87900 -19.08267328360351
88000 -18.622269485526086
88100 -18.16584401936092
88200 -18.59608137627784
88300 -18.44890300628219
88400 -15.912896692119638
88500 -17.80795438021912
88600 -18.972078333432858
88700 -18.909078018131698
88800 -18.349569070374972
88900 -18.87966109943863
89000 -19.20714791358657
89100 -19.457861042045373
89200 -19.801559607924386
89300 -19.927364398685327
89400 -19.973413020790943
89500 -19.99026830575267
89600 -19.996437885170042
89700 -19.356036442579192
89800 -18.65436595494103
89900 -18.619492135700916
90000 -18.874320918158997
90100 -19.22198238091849
90200 -18.454818339541333
90300 -18.246311219608867
90400 -18.468888779137725
90500 -17.371784552487405
90600 -16.200845819013058
90700 -15.993609333061897
90800 -16.230341811416128
90900 -17.22882881880163
91000 -16.51184335113368
91100 -16.913842324458802
91200 -16.63578393527122
91300 -14.554458021815035
91400 -14.86965998949916
91500 -15.320417313607722
91600 -16.495953127414495
91700 -15.321486323335678
91800 -15.381123448894328
91900 -15.36435749350571
92000 -14.33338124703993
92100 -16.129852064625087
92200 -15.589876027345069
92300 -14.669475320956403
92400 -14.468302327820979
92500 -13.69940334439133
92600 -14.317756773081248
92700 -13.720416499677693
92800 -13.66666580594584
92900 -13.402536309716508
93000 -13.757228626931159
93100 -13.8062946077658
93200 -14.874402562197936
93300 -15.429860931247315
93400 -15.610372915350702
93500 -14.23767937378505
93600 -13.899630789549061
93700 -13.431338210442306
93800 -13.206338675455548
93900 -13.151513099761363
94000 -15.047624701256655
94100 -15.482811307507333
94200 -16.65447209838948
94300 -15.946757614144971
94400 -16.103514590558085
94500 -17.791263045050393
94600 -16.757761335095992
94700 -15.491479475872456
94800 -16.702793235092354
94900 -16.4185950796109
95000 -16.174653815153377
95100 -17.3570362030555
95200 -17.166463358113955
95300 -15.435611563414355
95400 -16.260789540993894
95500 -15.446070345938644
95600 -16.722857961194943
95700 -16.533705051902402
95800 -16.004928370963956
95900 -16.48678799958183
96000 -16.035342910200715
96100 -17.474318128742794
96200 -15.974651812022755
96300 -16.665499968503955
96400 -17.418647839223237
96500 -16.492938659941686
96600 -14.007476999449596
96700 -16.268881369604337
96800 -16.633687552232278
96900 -15.740114129732088
97000 -15.757023107274158
97100 -15.548670692101616
97200 -14.910928733506996
97300 -13.41954439273596
97400 -12.631213244598037
97500 -10.062516739227897
97600 -7.520543314037828
97700 -7.759794859164658
97800 -8.601789108516448
97900 -5.308233019270086
98000 -12.401353169852214
98100 -15.264337940212052
98200 -16.312440328528357
98300 -17.224380048178904
98400 -17.770817332761347
98500 -17.05954833344868
98600 -16.416338001367446
98700 -17.393858447133702
98800 -16.510474703396593
98900 -17.073324963243163
99000 -15.553413086125202
99100 -15.552228128177182
99200 -13.37479544098394
99300 -15.956895182636421
99400 -16.0875384808053
99500 -16.061654027935084
99600 -11.902311148770062
99700 -8.867791553746656
99800 -8.405465835679674
99900 -10.144714869725433
100000 -6.2905411121057
100100 -4.727869465382799
100200 -7.351513973985912
100300 -6.314844009297744
100400 -3.172426974438857
100500 -2.3285344450662535
100600 -2.3339779443750395
100700 -2.8537938293724547
100800 -3.8914100598196115
100900 -2.5169797245929195
101000 -3.4575841485810543
101100 -4.217558209508824
101200 -1.7942110025047258
101300 -0.16928366822617902
101400 -5.585866904040858
101500 -7.651922960139924
101600 -13.659206192523238
101700 -15.698245729258485
101800 -16.019659701091356
101900 -13.856751416999828
102000 -8.789223442145579
102100 -11.3826407706858
102200 -13.583651871393208
102300 -11.462519126000355
102400 -12.46291656117853
102500 -12.323274072720789
102600 -12.674669207862925
102700 -11.593987407515652
102800 -12.311153306424652
102900 -11.89969532415259
103000 -12.70596185171413
103100 -12.283179744712454
103200 -11.764010615086445
103300 -12.57813292125378
103400 -12.694281749253898
103500 -13.06865362010304
103600 -13.70117088571821
103700 -12.011594131909419
103800 -10.117865897990468
103900 -12.577023163234859
104000 -13.086430145206187
104100 -13.389742517422675
104200 -14.466694108403791
104300 -13.993011731622957
104400 -13.497920737237633
104500 -11.825263083463234
104600 -12.518159002774992
104700 -11.443124214224055
104800 -12.542134341201075
104900 -12.66310463828784
105000 -14.153933866198024
105100 -15.03310451735656
105200 -14.695171425847363
105300 -14.2837799104368
105400 -13.50901202539274
105500 -14.29952052377608
105600 -12.288364410018291
105700 -12.38593320216327
105800 -13.40145119692275
105900 -12.407850281307324
106000 -12.33151152768284
106100 -12.699330107740293
106200 -13.928311930398605
106300 -14.101704151178017
106400 -14.183593377697063
106500 -15.008166720816913
106600 -14.879567273676003
106700 -14.209778418105248
106800 -14.277203534050463
106900 -12.430924939130707
107000 -13.699074818444611
107100 -12.146998115267591
107200 -12.764365560394513
107300 -12.496011986691022
107400 -15.12088225289146
107500 -14.574749357965736
107600 -13.009091391493152
107700 -13.381378198551463
107800 -11.924121775837541
107900 -12.079587746732301
108000 -13.280419275136303
108100 -10.321033691483366
108200 -10.205883162919205
108300 -10.537506554606974
108400 -10.867308217228864
108500 -8.964412245239563
108600 -10.09305169273306
108700 -12.470061679227541
108800 -12.157142754777974
108900 -13.216174992165973
109000 -14.020428036302407
109100 -15.252268496187893
109200 -15.650513396934166
109300 -14.461866032602783
109400 -14.003367060807394
109500 -13.789955490888941
109600 -13.649377862987544
109700 -14.007105227615948
109800 -13.148232997567485
109900 -14.783641897249577
110000 -13.299870303764742
110100 -12.140011488082527
110200 -13.407995668691019
110300 -13.805770476276678
110400 -12.134145454084305
110500 -14.304838167159739
110600 -15.32818930537845
110700 -14.147711424081857
110800 -12.94504508481422
110900 -14.011527617156299
111000 -14.719126818473109
111100 -14.546659419824621
111200 -13.810970831768412
111300 -13.717105674582335
111400 -16.239796914936132
111500 -14.147664359761414
111600 -14.354741248926175
111700 -13.606248803006814
111800 -14.128526559484351
111900 -15.076824046717284
112000 -15.32183801121987
112100 -15.049404298464966
112200 -14.701317879283762
112300 -14.061266552707377
112400 -16.60816202154821
112500 -18.004940656515085
112600 -18.502798895006908
112700 -17.74610371889563
112800 -17.558105931274728
112900 -17.863901778148183
113000 -16.079933643694694
113100 -15.588268178524006
113200 -14.060274739652627
113300 -13.746827011603797
113400 -11.147431610932319
113500 -9.491756468875757
113600 -13.211107433663884
113700 -13.452621404192255
113800 -13.565561918725926
113900 -14.712392213167373
114000 -11.318718753172085
114100 -11.379641520474967
114200 -12.698113166842163
114300 -9.371426639732393
114400 -12.874252369295853
114500 -11.700669902413841
114600 -13.709323864992562
114700 -13.634093580151584
114800 -12.79742313374468
114900 -10.816049166957885
115000 -9.876867866702872
115100 -10.272460743342059
115200 -13.137383047201778
115300 -14.857459475981425
115400 -16.052977650453588
115500 -15.916017002324281
115600 -16.015739647680444
115700 -16.113525559617123
115800 -14.099340413405763
115900 -11.950153601534398
116000 -9.853335815509794
116100 -13.25598275680773
116200 -12.234381779580785
116300 -11.465527416444152
116400 -12.068917714257067
116500 -12.088836670492354
116600 -10.634897381896499
116700 -10.916692994100904
116800 -10.18008879590754
116900 -11.865217912794302
117000 -10.962983491651368
117100 -13.346464997754536
117200 -12.177387466722362
117300 -12.152704148399922
117400 -12.437417510661888
117500 -9.81640022129741
117600 -9.213557903906398
117700 -11.308922866040845
117800 -11.057585765984042
117900 -11.886444468490582
118000 -13.15562465858173
118100 -13.590883191126919
118200 -13.908358204723802
118300 -12.189325890449318
118400 -13.12251630394551
118500 -13.706169406117466
118600 -14.428708294690004
118700 -12.685264313111233
118800 -13.28560604293196
118900 -14.994364962673243
119000 -18.010691276384804
119100 -19.27184867037982
119200 -19.21040981616531
119300 -18.508085423904994
119400 -18.695109084194158
119500 -18.82951132976801
119600 -19.17556329160114
119700 -18.743105088359304
119800 -18.550375637650475
119900 -18.47171846569415
120000 -18.88271198985642
120100 -18.42737044248182
120200 -19.424366721106082
120300 -18.81016304236648
120400 -19.062609450024947
120500 -17.998951321864936
120600 -18.087793504678956
120700 -16.86575672619991
120800 -17.43833026015702
120900 -18.04240171316484
121000 -18.604257172336215
121100 -19.064302745527993
121200 -18.497198190367662
121300 -18.461529541306067
121400 -18.69262319159806
121500 -19.286643093119267
121600 -18.925187173913134
121700 -19.341670928443286
121800 -19.75903026860981
121900 -19.91179728504322
122000 -19.967714953737676
122100 -19.988182628928445
122200 -19.995674459998938
122300 -19.998416712466078
122400 -19.999420465557005
122500 -19.999787871650923
122600 -19.99992235416369
122700 -19.99997157911268
122800 -19.99998959703602
122900 -19.999996192178674
123000 -19.999998606214188
123100 -19.999999489829257
123200 -19.999999813260946
123300 -19.999999931647412
123400 -19.999999974980696
123500 -19.999999990842063
123600 -19.999999996647837
123700 -19.99999999877294
123800 -19.999999999550802
123900 -19.999999999835516
124000 -19.99999999993973
124100 -19.999999999977895
124200 -19.999999999991854
124300 -19.999999999996962
124400 -19.999999999998824
124500 -19.999999999999492
124600 -19.999999999999737
124700 -19.999999999999737
124800 -19.999999999999737
124900 -19.999999999999737
125000 -19.999999999999737
125100 -19.999999999999737
125200 -19.999999999999737
125300 -19.999999999999737
125400 -19.999999999999737
125500 -19.999999999999737
125600 -19.999999999999737
125700 -19.999999999999737
125800 -19.999999999999737
125900 -19.999999999999737
126000 -19.999999999999737
126100 -19.999999999999737
126200 -19.242782522228588
126300 -19.72283391375827
126400 -19.7333683800778
126500 -18.887348755257335
126600 -19.250845256696667
126700 -19.18733389501358
126800 -18.696037641810097
126900 -19.02386209624133
127000 -18.534804398110655
127100 -18.981376348000737
127200 -18.95869110487345
127300 -18.184489682712222
127400 -18.76315176417848
127500 -19.29534409196123
127600 -19.080931710184352
127700 -19.2522960343023
127800 -19.3537881794946
127900 -19.76346557438192
128000 -19.38513287537935
128100 -18.490833980262646
128200 -19.15760429404234
128300 -19.510838467363158
128400 -19.34091478834158
128500 -19.75875349687805
128600 -19.399337785259736
128700 -19.39892471207391
128800 -19.60276781242841
128900 -19.854600172354044
129000 -19.778245271804067
129100 -19.68164401908937
129200 -19.57545415662684
129300 -19.049686671886953
129400 -19.652154587567573
129500 -19.518123380599693
129600 -19.190113116496324
129700 -19.290425234371092
129800 -18.45561806524478
129900 -19.126689006279356
130000 -17.888082142636264
130100 -18.55759877483631
130200 -19.222624344541426
130300 -17.569525234694005
130400 -18.630916506473056
130500 -18.7068916568585
130600 -19.25365868763577
130700 -18.96747800381874
130800 -17.879482400139494
130900 -18.05617861634549
131000 -17.960917854356484
131100 -17.985593719852503
131200 -17.1705155116592
131300 -16.063957072199656
131400 -15.89065386807481
131500 -17.007488411080548
131600 -16.739498243118298
131700 -16.087938551156473
131800 -14.282944752111636
131900 -14.003072139606347
132000 -15.482630345076275
132100 -14.979436492177692
132200 -14.47523838550571
132300 -14.246573127539678
132400 -13.276897199102066
132500 -12.142820855943047
132600 -14.166077207933608
132700 -13.70828130421057
132800 -14.79373435801777
132900 -14.80216698842234
133000 -15.627016803992426
133100 -15.068462554710655
133200 -14.546911695875187
133300 -13.566008992802661
133400 -14.685037447365636
133500 -14.202697091138594
133600 -15.10039569342612
133700 -15.258004617959374
133800 -14.455151551814469
133900 -13.65167971831242
134000 -12.706636514422883
134100 -13.344058981799064
134200 -14.319893300107358
134300 -16.572412451762926
134400 -17.207703245780475
134500 -18.811080729550046
134600 -17.53777358629427
134700 -17.865388319520832
134800 -18.47127861190357
134900 -18.511448796174502
135000 -19.074746097798617
135100 -19.235535389906303
135200 -18.77155453395095
135300 -19.337987012753477
135400 -18.963606178482927
135500 -18.844054283268544
135600 -18.713810287073528
135700 -18.913038505709064
135800 -19.445052528027666
135900 -19.491895011147243
136000 -19.29089825707698
136100 -19.7404458288369
136200 -19.90499477904188
136300 -19.965225016539456
136400 -19.987271231386146
136500 -19.77866682863596
136600 -19.91898490108414
136700 -19.213504449706164
136800 -19.04908920676455
136900 -19.245505542994405
137000 -18.74723249310834
137100 -18.623212782897962
137200 -16.64998255934886
137300 -17.7850988199533
137400 -18.30241285375365
137500 -17.82317839621748
137600 -17.87484043543996
137700 -17.839539542504827
137800 -17.926575202485967
137900 -18.252652300278946
138000 -19.087392392448503
138100 -18.574084903037622
138200 -19.47806895860196
138300 -18.174557808771578
138400 -18.323260662358592
138500 -18.559113150234115
138600 -17.60341658708623
138700 -17.024017874774174
138800 -16.689621450386404
138900 -17.671687851155717
139000 -17.059293593487336
139100 -17.270338901876134
139200 -18.291256433630455
139300 -17.31401290189839
139400 -18.219537028223993
139500 -18.239355180338162
139600 -18.696958759590316
139700 -18.210601158253386
139800 -19.34502215248383
139900 -18.40846821990253
140000 -18.895621285191538
140100 -18.674895386268126
140200 -18.8255462016738
140300 -17.606855096999197
140400 -18.113122322523104
140500 -18.645252788790227
140600 -18.87855663026649
140700 -18.948477656879763
140800 -17.916003837300458
140900 -17.539099069003232
141000 -17.51936279771082
141100 -14.610832030321655
141200 -11.084541495119131
141300 -11.107684977793337
141400 -9.078730306562765
141500 -8.85420236967751
141600 -8.345144511816937
141700 -7.076774864324465
141800 -9.397208724692174
141900 -8.155897873372828
142000 -8.83553549814887
142100 -8.72431312792913
142200 -6.127412149547384
142300 -6.2516022100621
142400 -7.166860929634495
142500 -5.952701981574839
142600 -8.180195696075858
142700 -7.130033112360054
142800 -7.984679813995428
142900 -7.831169892971057
143000 -5.219084489193023
143100 -8.372095671550934
143200 -10.256957935253212
143300 -12.129459300366197
143400 -13.542945491791903
143500 -12.437011633020449
143600 -12.640811701789477
143700 -12.295729495814028
143800 -11.856138624694712
143900 -13.225368915467762
144000 -9.306665327663136
144100 -9.093836912660061
144200 -9.774876584871281
144300 -9.915089166951619
144400 -12.894904236216352
144500 -10.869920505691958
144600 -10.387956437988207
144700 -11.581729549824068
144800 -12.040521381735077
144900 -13.754894012187252
145000 -14.197792192495776
145100 -13.100504895595998
145200 -13.520657381511052
145300 -12.64587789519804
145400 -13.387167671745736
145500 -13.702490475271487
145600 -11.979623036132105
145700 -12.088793822508952
145800 -11.665540101518397
145900 -11.99029985297728
146000 -11.185941976296418
146100 -11.692500545287382
146200 -7.41850490273109
146300 -7.100126094389461
146400 -5.92366357800726
146500 -8.462123399457758
146600 -5.994246079405951
146700 -7.395421828732446
146800 -7.00471091995743
146900 -5.1106758228574956
147000 -6.472443632295944
147100 -13.632409117446073
147200 -14.530958090339864
147300 -14.568332346790907
147400 -11.745192672045285
147500 -11.544600390473207
147600 -13.077053104472558
147700 -12.56539056957377
147800 -12.191102324034933
147900 -12.10202506224901
148000 -11.335357681391594
148100 -11.597798043574807
148200 -11.053785188306138
148300 -11.605595192972679
148400 -12.960791170900073
148500 -13.512861376275724
148600 -14.087693888110694
148700 -11.917401919037022
148800 -13.52442125345651
148900 -12.591682298974943
149000 -11.758994862534795
149100 -12.322323548984777
149200 -11.057893433779807
149300 -12.250555064477817
149400 -7.370391207498234
149500 -6.890582919791962
149600 -6.182489606500313
149700 -6.009843707096557
149800 -7.610955264494656
149900 -5.846030926202727
150000 -3.328225749131958
150100 -4.113558134533433
150200 -4.811338550496347
150300 -5.93347354509115
150400 -4.334967060844429
150500 -2.9440934588360226
150600 -3.8256036458602414
150700 -1.8677183183837225
150800 -2.855345130229875
150900 0.837474477596382
151000 -3.5636545832862487
151100 -1.9226340769251482
151200 0.26589723813176996
151300 -1.0631845985024286
151400 0.14511196745423274
151500 -0.9247022441931054
151600 -1.085183366564635
151700 -1.1225754975789064
151800 0.22832940543004132
151900 0.38291274482537735
152000 0.6199079730336303
152100 -1.0667590338672577
152200 0.8580006990851916
152300 -0.43401413216379436
152400 2.2290194285760396
152500 0.650381733258139
152600 -0.5231112284116988
152700 -1.203196412090474
152800 0.9610256044779635
152900 3.519254437137267
153000 0.4238908361815094
153100 2.1538047977223505
153200 -0.36043648332573774
153300 1.3086728019542988
153400 3.8520339660753202
153500 3.534217640563245
153600 3.927097895102784
153700 1.1795648908983882
153800 -0.4470054909968798
153900 0.3463487113259571
154000 1.9003015301814492
154100 -0.981519323096234
154200 -0.8730760381348042
154300 -1.3320537991777315
154400 0.5547168913563123
154500 1.818727468854459
154600 -0.19455657374961588
154700 0.3889613083444043
154800 3.2888986046664916
154900 1.0512109286890847
155000 0.927898108228363
155100 -5.394079198376711
155200 -9.569614995280116
155300 -12.78689991595715
155400 -13.159265754514465
155500 -11.829044547534858
155600 -13.326685986384243
155700 -14.199526761144476
155800 -10.88877896662841
155900 -10.518144733610846
156000 -12.559955660466068
156100 -11.622754104259196
156200 -12.563999330595705
156300 -10.152016381680266
156400 -11.747863354580744
156500 -12.782941396621112
156600 -13.353608796891468
156700 -14.567196808674161
156800 -14.737813078186676
156900 -12.96355289490675
157000 -11.40273653172753
157100 -13.370084494979418
157200 -11.039895825671122
157300 -11.093042827907205
157400 -11.624680771067723
157500 -11.177748099184736
157600 -13.833449345897227
157700 -12.16713442701395
157800 -13.70538388636235
157900 -11.186174645502879
158000 -15.097498370210653
158100 -13.703750755595625
158200 -13.969800396464294
158300 -15.28855293085395
158400 -14.67284593354324
158500 -14.872649391223783
158600 -14.171616013823517
158700 -13.859184567360915
158800 -14.094690071135613
158900 -13.075489829552845
159000 -11.80648058841743
159100 -12.125887608794901
159200 -12.887569576143967
159300 -12.63300000039072
159400 -12.811754371810988
159500 -12.038918932473447
159600 -11.309321389173615
159700 -11.570301519094734
159800 -11.539376588567086
159900 -10.9713326792469
160000 -13.899253101153436
160100 -13.225111749822346
160200 -12.469386857766711
160300 -12.81981690797806
160400 -14.02306870499543
160500 -12.79741624465901
160600 -11.00200087360844
160700 -10.299612761705234
160800 -10.334431194913268
160900 -11.441437672969496
161000 -9.916464219391274
161100 -10.329763504086145
161200 -11.696848998825477
161300 -11.459244023085573
161400 -11.10704021596969
161500 -12.764805911825201
161600 -10.299622368358916
161700 -9.46265372167398
161800 -10.881389387932254
161900 -11.093824982088654
162000 -12.618797071290967
162100 -10.892597679880174
162200 -10.14044737754949
162300 -13.150317676521173
162400 -12.213172680276369
162500 -12.982082151824718
162600 -11.04636817775027
162700 -10.12149970093524
162800 -13.56172765365511
162900 -12.385949085436225
163000 -10.521794380800554
163100 -12.853800134971232
163200 -14.670639137717771
163300 -13.587895569377528
163400 -11.87482505322743
163500 -10.733261910519442
163600 -9.806034556306145
163700 -9.913072716873438
163800 -10.696989152999686
163900 -11.654857492990704
164000 -9.832320718936288
164100 -10.349531594502412
164200 -13.516005952416164
164300 -14.591961956304944
164400 -15.702445334689934
164500 -15.057487882651838
164600 -15.246091705149265
164700 -14.342448377984706
164800 -11.511723992885543
164900 -13.53868574560244
165000 -13.960552420490796
165100 -13.124959180273093
165200 -11.062232518830442
165300 -12.979469111234607
165400 -11.806129504202833
165500 -12.954067993895785
165600 -12.425596456031009
165700 -11.348989916207213
165800 -10.908713339393998
165900 -11.223965829480065
166000 -10.49127432712279
166100 -9.63795018717607
166200 -10.559372567638144
166300 -12.018669805393749
166400 -12.317011066368883
166500 -11.939272316386388
166600 -9.759031365573682
166700 -11.318595458362203
166800 -10.606849318576582
166900 -11.15356918765081
167000 -9.936196239862847
167100 -9.31054562752735
167200 -9.71751112966795
167300 -8.78550138213219
167400 -9.45793186713105
167500 -8.805275496799124
167600 -9.94761697625287
167700 -8.91548732149294
167800 -11.35893371392621
167900 -11.919402928020952
168000 -13.900055868556775
168100 -11.784388874920179
168200 -9.55518939208194
168300 -7.8367383854258295
168400 -9.96570076277474
168500 -9.28820968299861
168600 -9.593844784075834
168700 -8.877685970945294
168800 -9.978937290124096
168900 -8.717348525711262
169000 -7.757473168573464
169100 -6.919979231726149
169200 -7.45875177447341
169300 -7.88727450541231
169400 -8.398794613840789
169500 -9.92077024500231
169600 -10.600687507665674
169700 -9.530312922881922
169800 -6.861198781223218
169900 -9.323195563378643
170000 -6.352791277692301
170100 -7.025405192950144
170200 -4.7334084610914955
170300 -6.214209749516481
170400 -5.3106698865219295
170500 -5.708907138490812
170600 -5.899187683857166
170700 -5.082364996204479
170800 -4.865550033784486
170900 -7.778496717076611
171000 -9.592869124228999
171100 -7.237252474754087
171200 -7.289762883084688
171300 -7.299125663168172
171400 -6.883033931196863
171500 -5.7166878860000585
171600 -7.784464888520702
171700 -8.97944773093864
171800 -8.122631479105676
171900 -7.567578721471501
172000 -6.516957438995048
172100 -10.51868053809768
172200 -14.60078700938963
172300 -13.215597526540135
172400 -15.97635764635151
172500 -11.714280090216167
172600 -13.905580956930903
172700 -15.934026981653751
172800 -16.75251573400538
172900 -16.598317371453398
173000 -14.354594281449922
173100 -13.731550302894894
173200 -12.188957896080252
173300 -11.374245142020392
173400 -12.798448150719237
173500 -12.861740042733015
173600 -10.45130085145292
173700 -10.12185978832744
173800 -10.272175404023278
173900 -10.48163537257542
174000 -11.57898275367243
174100 -9.650823614231847
174200 -9.978047359336397
174300 -10.874559304235664
174400 -10.150447169960708
174500 -10.99205753371138
174600 -10.520308653954922
174700 -9.52371691056608
174800 -9.146358453399895
174900 -9.499305068065881
175000 -10.374921155444305
175100 -11.551228092921246
175200 -8.696055450362879
175300 -9.972661092405254
175400 -10.860508845386983
175500 -11.986091602860597
175600 -9.921286886865966
175700 -10.097841992698333
175800 -8.583298632338916
175900 -10.678306577394643
176000 -10.192412770407184
176100 -11.076223522195468
176200 -12.170048444750334
176300 -12.164321346392299
176400 -10.331415866698478
176500 -11.366444190853098
176600 -8.50404945871192
176700 -8.720484226210859
176800 -8.836615715621283
176900 -9.842292592409612
177000 -10.198276489434813
177100 -9.91882727546444
177200 -11.835368140107503
177300 -11.24295737158987
177400 -11.92012702179794
177500 -10.669905202085557
177600 -11.35595697396407
177700 -10.057033308649684
177800 -10.021254264016882
177900 -9.511939300114799
178000 -7.864623655216097
178100 -8.182296463104848
178200 -9.821123316731057
178300 -9.518764490364433
178400 -10.825980142011012
178500 -8.705831746875377
178600 -9.384137603500507
178700 -10.098110091005475
178800 -9.961918423242125
178900 -12.445094437667725
179000 -12.128663719644523
179100 -10.085210340033287
179200 -8.18686842513483
179300 -9.220466955345959
179400 -9.637295156042306
179500 -10.60290451306834
179600 -12.652990545625453
179700 -11.768952934423623
179800 -10.52467076750828
179900 -8.779703343890096
180000 -9.56499795504952
180100 -7.968384609444534
180200 -9.996943256089457
180300 -9.249932592364011
180400 -9.92469780878647
180500 -9.230360521949216
180600 -9.02583747130921
180700 -9.055830043797062
180800 -8.424803607531253
180900 -8.448638353551333
181000 -9.224052877737321
181100 -8.784435612855518
181200 -10.102061313915424
181300 -9.117728218706251
181400 -9.58773676681851
181500 -10.146274648657467
181600 -11.27575089379976
181700 -11.655637488523281
181800 -11.01807376706138
181900 -10.845244623681678
182000 -9.814788321717828
182100 -10.656470135936738
182200 -9.98446544606156
182300 -11.662327772500388
182400 -8.948801276858067
182500 -8.348274499968461
182600 -9.318148048097873
182700 -6.632449098111972
182800 -9.75112294836486
182900 -10.793100777838394
183000 -11.854053994201976
183100 -9.006275835379313
183200 -11.735374745868887
183300 -9.405555135118975
183400 -9.158249517130699
183500 -11.834905220659286
183600 -12.21194146895245
183700 -12.806462875305721
183800 -13.437722942655814
183900 -13.094854934276052
184000 -14.245847784663972
184100 -12.542340475290787
184200 -11.445392109228925
184300 -12.660008960306369
184400 -12.460890931197234
184500 -13.573606306431149
184600 -14.433712343313083
184700 -14.936145814996337
184800 -14.054535001548427
184900 -12.395999820388097
185000 -11.217887428315315
185100 -14.013511659075107
185200 -12.884729583232776
185300 -11.848968638235272
185400 -11.789648453401538
185500 -11.419695894739233
185600 -9.58339592216781
185700 -12.777719170714546
185800 -11.85363270254285
185900 -12.686587614272474
186000 -9.710370021440076
186100 -10.751518285868983
186200 -11.934257717703161
186300 -11.749085734301072
186400 -12.265686331924424
186500 -13.035698347995229
186600 -14.48468219635153
186700 -13.311608805212265
186800 -12.260221016529718
186900 -12.091327002171337
187000 -11.282242541124738
187100 -10.41553074945056
187200 -10.602596838040037
187300 -11.063344571046121
187400 -11.042990388789104
187500 -11.634659568647843
187600 -11.403090008903773
187700 -11.431346858063794
187800 -12.53773092989625
187900 -12.340182436582678
188000 -11.81897647899076
188100 -10.616322870926494
188200 -12.42427660983845
188300 -10.821060962247492
188400 -11.456820820679361
188500 -10.095011571781512
188600 -11.082187762294655
188700 -11.651894651399955
188800 -11.678726621639427
188900 -9.20155980826968
189000 -10.503394935645955
189100 -9.988368581664895
189200 -10.675161512352693
189300 -9.240752058365475
189400 -8.227382669890218
189500 -9.724299049730401
189600 -11.117280580102605
189700 -13.073390932536675
189800 -12.932979488965445
189900 -11.955862278066597
190000 -12.852984859198518
190100 -10.629837209812072
190200 -10.82357869134638
190300 -4.084926338152301
190400 -2.4380705014667527
190500 -0.8847216092162917
190600 0.9478605295476814
190700 -0.38716211699454245
190800 0.4091320782916292
190900 1.3180210803437509
191000 1.4916169192580717
191100 -0.31989555457113233
191200 -1.1963961589336705
191300 0.9499806330430915
191400 0.814836550051451
191500 -0.3904102648262162
191600 -0.41782560135738595
191700 -0.1902352745475951
191800 -1.2407244447122339
191900 -1.7747696872475462
192000 2.7981644641409966
192100 2.173526091183275
192200 2.3875135699046393
192300 6.037553683189457
192400 5.159776895694069
192500 1.6984331972854696
192600 3.1773057926597574
192700 3.1991852677331263
192800 3.5380718715733304
192900 5.118819898968842
193000 6.6246332458900925
193100 4.307885551892845
193200 3.4158186653018845
193300 4.296771717581246
193400 4.0610968644319305
193500 4.1034180821376935
193600 6.104908421567742
193700 3.841363131777383
193800 3.3426321582948493
193900 4.679410866883806
194000 4.804349765618567
194100 6.138049041770557
194200 6.9587413236951745
194300 4.360923774754002
194400 5.624943307362384
194500 5.298934301376111
194600 4.865920669255652
194700 6.686877925683637
194800 5.7401599020643035
194900 4.98185233993741
195000 5.819871490344298
195100 6.811400127020174
195200 6.993316936705539
195300 4.307612736564932
195400 1.9613933981570189
195500 3.422333106598779
195600 4.716206994244425
195700 5.394994666444353
195800 3.4740788173900077
195900 4.070401122430419
196000 3.775671699416789
196100 3.234101953184916
196200 4.673965255635893
196300 3.8682603284618517
196400 3.062893966621015
196500 3.5740634745818096
196600 3.2739273965164197
196700 1.994609302747916
196800 2.16376194317054
196900 5.6024103310818765
197000 1.37371048622111
197100 1.5844986178841578
197200 2.948047415856562
197300 5.374202660669158
197400 3.728950290660745
197500 5.597215659039188
197600 5.432299848900571
197700 4.311617345459888
197800 5.685889131206952
197900 5.243262495511662
198000 5.65800903636261
198100 7.117954593262885
198200 2.7080244231376818
198300 3.5746822529289393
198400 4.505956205942089
198500 7.670687402385552
198600 5.810743205899575
198700 4.4530149705823945
198800 4.25412467602471
198900 4.202021335118597
199000 5.822972001540919
199100 7.35286344546164
199200 3.1698395490005993
199300 2.878263324751363
199400 3.5295010368317166
199500 4.4705943234845815
199600 7.521479902389498
199700 7.814982973947168
199800 7.079218018923356
199900 7.41114677912498
200000 5.183331487810839
