# Model = symNN.TensorFlow.(3)-8-9x9-12-(9)
# Num weights = 1080
# Learning rate = <tf.Variable 'Variable:0' shape=() dtype=float32>
# Env random seed = 111
# Start time: 31-08-2021(11:25)
100 -1.9873049209666018
200 -11.473348239827006
300 -14.648741646891377
400 -15.69609240734507
500 -14.960739839592025
600 -16.268803416997336
700 -15.588002466014444
800 -17.048581467065357
900 -17.140840520505463
1000 -16.929257964015758
1100 -17.22339112295743
1200 -16.176248784593128
1300 -15.95893928583538
1400 -15.416677925147312
1500 -16.082127280904924
1600 -15.784707203758986
1700 -16.582605451490434
1800 -15.830716810941638
1900 -14.84591070788181
2000 -14.650412573514364
2100 -16.577484990207093
2200 -17.873312680130887
2300 -17.34560215903568
2400 -16.994689928618296
2500 -15.696414815313643
2600 -16.56373669253529
2700 -16.810661952056616
2800 -16.996735079566676
2900 -16.225156661552344
3000 -17.574251665517178
3100 -15.703261787817924
3200 -16.077763922722177
3300 -16.40392809020082
3400 -15.852589649303317
3500 -17.671526753166237
3600 -17.52559541169451
3700 -16.79245709984402
3800 -17.439542494720747
3900 -14.999062255944665
4000 -14.549147780023718
4100 -15.875641517220608
4200 -15.658451656252616
4300 -15.453377817217385
4400 -16.35656471581274
4500 -16.506513832243844
4600 -16.555940352866486
4700 -16.851705198462763
4800 -15.133638124281527
4900 -16.289387628634945
5000 -15.30685098774677
5100 -15.769285505552032
5200 -16.225562985917676
5300 -17.808542249237522
5400 -17.08758701631035
5500 -16.91882736907387
5600 -16.15963488794034
5700 -17.060393658052575
5800 -16.85357585931461
5900 -17.403146164229998
6000 -16.738976447612224
6100 -16.925803184661845
6200 -17.58485157647714
6300 -16.644420107992456
6400 -16.165473194403837
6500 -14.751713652360658
6600 -14.647761851050795
6700 -15.653590003150011
6800 -16.68256954247345
6900 -17.467219213303288
7000 -16.291656872043955
7100 -16.73017020230538
7200 -14.254149599972582
7300 -15.13497980086268
7400 -17.137220403343846
7500 -16.96464888256427
7600 -16.181657299266277
7700 -14.447005399719957
7800 -14.918387833095764
7900 -15.364758875018229
8000 -14.840205657168003
8100 -16.41631224091328
8200 -17.790318101113698
8300 -18.01125949250425
8400 -17.91487231982166
8500 -16.590853381581503
8600 -16.669257264397437
8700 -16.211879554691
8800 -15.427330331461116
8900 -15.036386569369249
9000 -14.745902020788556
9100 -16.265715405698934
9200 -16.81226454602168
9300 -15.937686483212214
9400 -17.1711093818144
9500 -16.40788035160922
9600 -16.185896323408976
9700 -16.828360409670474
9800 -16.270328334964802
9900 -15.057236676043283
10000 -15.134390593909822
10100 -15.518338926301182
10200 -16.855489395956653
10300 -15.981962369126368
10400 -16.27608999824816
10500 -15.433498375038024
10600 -15.61874807522572
10700 -14.814060778992824
10800 -16.671847609969507
10900 -15.371844130232835
11000 -16.332143901008763
11100 -16.00838844557096
11200 -17.544574393397163
11300 -15.893866489827875
11400 -14.392692283360663
11500 -15.673383427062054
11600 -16.10245403383533
11700 -16.15488838320832
11800 -15.162851150091683
11900 -15.239153655842957
12000 -14.96117297913497
12100 -13.731133749548265
12200 -13.926786531646025
12300 -16.42685514574537
12400 -17.159685374289833
12500 -16.386414261972632
12600 -15.526477314483985
12700 -15.8307001813921
12800 -16.615537428407638
12900 -17.527482923714015
13000 -16.2032020103433
13100 -16.254879364699715
13200 -16.69671604396301
13300 -15.209252527414915
13400 -14.061046443155666
13500 -15.23725972057282
13600 -14.549546012481663
13700 -15.229613433597764
13800 -15.742982288214561
13900 -16.728984834455407
14000 -17.15120084179866
14100 -16.16918688662038
14200 -16.23486905399283
14300 -15.35704104626321
14400 -16.031854636933186
14500 -15.200854662723524
14600 -14.710582224028542
14700 -13.325942979532218
14800 -15.091711990349733
14900 -13.750683900806738
15000 -16.020013787879194
15100 -16.01985149736957
15200 -16.62154729696879
15300 -16.385106392864348
15400 -17.07448858428156
15500 -15.861970878746465
15600 -17.008191673478866
15700 -15.306687299806217
15800 -15.302584358032256
15900 -14.234757470362801
16000 -16.054012446600428
16100 -14.446316710228704
16200 -14.737830287015813
16300 -15.17619748840837
16400 -16.163930906657203
16500 -15.252477682189223
16600 -14.957027833515964
16700 -16.065216246075828
16800 -14.918911933875236
16900 -16.969258283857187
17000 -14.968859232820437
17100 -13.545943330480634
17200 -15.864198116331563
17300 -15.515877505304701
17400 -15.69745844012907
17500 -17.467810589524785
17600 -16.605155503503948
17700 -16.097212490247948
17800 -16.217220526518776
17900 -16.592344966543802
18000 -16.501344627306263
18100 -15.483783036873515
18200 -14.798512253139858
18300 -14.593100312673569
18400 -14.966712348694818
18500 -14.786143574314178
18600 -16.304266631427243
18700 -15.014503155935524
18800 -14.676428937154126
18900 -14.352483767757864
19000 -14.612529451886946
19100 -14.758427621801465
19200 -15.116991503375806
19300 -14.785462924386419
19400 -15.051488148417587
19500 -15.037778128481394
19600 -15.326381844924198
19700 -15.142071864867033
19800 -15.876460411911314
19900 -13.846255315188381
20000 -14.39337384077169
20100 -14.606685814128326
20200 -15.805026097907971
20300 -14.877774088766575
20400 -15.5831160204661
20500 -14.392988879997745
20600 -15.59817727384627
20700 -14.063868385142031
20800 -13.792738680754812
20900 -15.449920461655676
21000 -15.120512092613657
21100 -13.607066939032544
21200 -15.267002037618038
21300 -14.105020639157082
21400 -14.463390393196356
21500 -15.199838906877016
21600 -14.905108757318157
21700 -15.303466164024302
21800 -13.113180812109514
21900 -15.95537986051695
22000 -14.35980760958864
22100 -16.39340015152719
22200 -15.546557834486281
22300 -15.786979461570436
22400 -15.677985893586985
22500 -14.941174854241792
22600 -14.357187020665755
22700 -16.302329878548612
22800 -16.95856392996094
22900 -16.237858990781007
23000 -17.715675622811492
23100 -16.98554673753384
23200 -16.24629548062938
23300 -15.015473089190182
23400 -15.817048743487574
23500 -14.40239829652872
23600 -14.965173518413899
23700 -14.947874481526933
23800 -14.942580913420047
23900 -15.109177573324958
24000 -14.045340095224908
24100 -14.708760644733252
24200 -13.572699433295636
24300 -14.854249535418365
24400 -15.41031559202776
24500 -15.596474697993354
24600 -16.42343177369502
24700 -14.99984764645098
24800 -14.34925624026991
24900 -15.789598415492222
25000 -16.677783201032018
25100 -15.280864170508263
25200 -14.808359095644796
25300 -14.887570395594231
25400 -15.909756591692807
25500 -17.005249287081448
25600 -16.50646483262795
25700 -16.158265184247085
25800 -15.106577380433865
25900 -15.990067664673136
26000 -15.041355779374223
26100 -16.099938794952333
26200 -15.31879680624486
26300 -14.592208668875776
26400 -15.598867273249052
26500 -17.418719997188084
26600 -16.64925725084632
26700 -15.992781496187797
26800 -14.763537766854448
26900 -14.314716331844208
27000 -15.492380528749072
27100 -15.194292570176641
27200 -14.355947735442488
27300 -15.519414155073536
27400 -13.999424875041104
27500 -14.329655030246373
27600 -15.30762422898087
27700 -16.337941224042112
27800 -16.345950390254266
27900 -15.963242194518624
28000 -15.943409523008729
28100 -15.346429857091593
28200 -14.589042193571583
28300 -16.382199029300416
28400 -14.48799021948122
28500 -15.837907828741482
28600 -14.757333445784461
28700 -15.721806590865233
28800 -14.087543217788426
28900 -13.79356087600939
29000 -15.327946765532696
29100 -15.014125960520609
29200 -14.638173740115946
29300 -14.996418612676043
29400 -14.600210394457731
29500 -14.461640566677586
29600 -15.42326809451576
29700 -16.294627638810685
29800 -15.903600491698993
29900 -15.167929339110417
30000 -14.746837593269646
30100 -14.273050155077211
30200 -15.569924434572494
30300 -15.744288993351898
30400 -15.952596296961355
30500 -15.78449006501672
30600 -15.324157387763876
30700 -14.081892444576543
30800 -15.141166310581522
30900 -13.298100279314312
31000 -14.416997999057696
31100 -14.913494701287254
31200 -14.54162948407315
31300 -15.605015296588634
31400 -15.418264700099959
31500 -16.737563866640677
31600 -15.594322022951308
31700 -16.54374812996127
31800 -15.42073561333273
31900 -14.720328288001733
32000 -13.432165994356874
32100 -11.524392566043614
32200 -14.521845780193935
32300 -16.94862017364471
32400 -16.090564334257433
32500 -14.542744744798778
32600 -14.873247054298739
32700 -15.397534521112565
32800 -15.997733013924613
32900 -15.705666022652522
33000 -15.351608314784674
33100 -14.957897100532879
33200 -15.205791680011323
33300 -16.176000066127322
33400 -14.147931671284717
33500 -15.76722588756013
33600 -13.899214413681742
33700 -14.894510839353178
33800 -15.799928619183197
33900 -15.073745924391476
34000 -14.17431514719588
34100 -15.301761996708903
34200 -14.548553737879033
34300 -14.007570733501884
34400 -14.81058568550946
34500 -15.894061320506959
34600 -14.751998547479246
34700 -15.821630437396143
34800 -13.431120016611871
34900 -12.649685365038584
35000 -14.427267099107905
35100 -13.970880599330165
35200 -12.424225181030685
35300 -13.031903465256814
35400 -14.458924301624089
35500 -12.842328746304299
35600 -14.257515745471448
35700 -13.880034793014973
35800 -13.844805892688223
35900 -15.679415940448848
36000 -16.117593693253077
36100 -14.206051233570882
36200 -14.018290613098722
36300 -13.470053687418659
36400 -12.225263829076411
36500 -13.442105513970231
36600 -14.416494300026553
36700 -14.531788556817046
36800 -16.2086215893125
36900 -13.37800248087388
37000 -14.425933415755862
37100 -13.489575676700003
37200 -14.598117149927377
37300 -14.373705626583714
37400 -13.946538882817658
37500 -14.10408497586304
37600 -13.509001709412045
37700 -13.769437567244076
37800 -13.932300852077312
37900 -13.439435022353166
38000 -13.94226030052361
38100 -14.568731276315027
38200 -14.76318534210813
38300 -11.774659677687014
38400 -12.682258030851251
38500 -14.397065836266544
38600 -14.359691905935708
38700 -14.270733303529212
38800 -12.075871009675028
38900 -13.104422118445498
39000 -14.079397298505397
39100 -13.550443935029605
39200 -13.177019617838615
39300 -13.573954449838904
39400 -13.523028538028072
39500 -11.577594555140886
39600 -14.007709432399498
39700 -14.471900904783464
39800 -12.693399101106396
39900 -12.016700384521263
40000 -13.931965500955432
40100 -12.380456727386571
40200 -13.982773331283353
40300 -12.724368108405951
40400 -12.914131241943377
40500 -12.606329780056653
40600 -11.99721413093928
40700 -13.869760892190582
40800 -14.080223867041381
40900 -14.712199080705181
41000 -13.956759595111546
41100 -13.555413668106713
41200 -14.636049158664985
41300 -13.349401485116957
41400 -12.38627059801959
41500 -12.394800659986936
41600 -10.367141396651233
41700 -11.520505960730748
41800 -13.69505885074889
41900 -15.394262367931672
42000 -14.108665940881979
42100 -12.207950773846159
42200 -13.241108907629407
42300 -14.8579190269968
42400 -13.597932203999136
42500 -13.702165862288753
42600 -13.394676506184421
42700 -14.216641723271698
42800 -12.695848323351898
42900 -12.246250371028982
43000 -11.234909222352195
43100 -13.524037917726433
43200 -14.314494409252955
43300 -14.110746916412207
43400 -13.89294976274942
43500 -12.581607384201629
43600 -11.979403816755424
43700 -12.379843563173756
43800 -12.799833762839686
43900 -11.044792233601706
44000 -12.308305605184088
44100 -14.50042982672142
44200 -14.284451811830357
44300 -13.258714633871467
44400 -11.630516260060636
44500 -12.243777289393243
44600 -12.464622044228237
44700 -12.04542901035957
44800 -11.066087305784936
44900 -12.49849742209297
45000 -11.70869347012314
45100 -13.252580846578601
45200 -12.20206405384085
45300 -12.966062702324162
45400 -13.223014523351601
45500 -12.627556791517026
45600 -12.738332877770608
45700 -12.226274263678556
45800 -13.80598846849068
45900 -14.934178888195541
46000 -13.04218485959785
46100 -13.17743946153596
46200 -12.692130717075713
46300 -12.783115432319622
46400 -13.967899185777368
46500 -12.881416541616911
46600 -13.650138158297334
46700 -12.561466075306546
46800 -12.566294543657117
46900 -13.065227664398098
47000 -10.03498154867021
47100 -13.0848626505094
47200 -14.321601768494254
47300 -13.484130130356345
47400 -11.925172916666718
47500 -12.389970366008063
47600 -11.30506477747007
47700 -11.761129069207465
47800 -11.976942607478604
47900 -10.542198015750374
48000 -10.406723492923431
48100 -10.165801796231012
48200 -11.438257297626631
48300 -12.963012009163597
48400 -11.005568483899635
48500 -9.749610452937842
48600 -11.043942929855271
48700 -10.470884306770746
48800 -10.790047733637943
48900 -10.427985669104299
49000 -10.648225108720167
49100 -10.534164455443765
49200 -10.808721709398322
49300 -10.00935638657589
49400 -9.642269931631361
49500 -11.232913101327538
49600 -12.313130779496758
49700 -10.914810423419091
49800 -11.874035042685422
49900 -11.924716435677356
50000 -12.496510853596027
50100 -12.32758543100868
50200 -11.256252734081889
50300 -11.50693108310941
50400 -12.64262031638568
50500 -10.487754249947375
50600 -11.45518625293162
50700 -10.553634907755868
50800 -11.367307205685067
50900 -10.021811437280633
51000 -8.682926931372943
51100 -11.251193708774975
51200 -9.768856185812657
51300 -10.638592514960473
51400 -10.466707177079293
51500 -11.041926929687726
51600 -10.227370532669415
51700 -10.745985954909768
51800 -9.510222340450854
51900 -9.170426603378479
52000 -7.866904015603636
52100 -9.9211351070104
52200 -12.423284750926168
52300 -12.914438777914327
52400 -12.024164901035078
52500 -11.863431448701169
52600 -11.701318794306673
52700 -11.51491663131475
52800 -11.174146307602635
52900 -10.08122593783295
53000 -8.731862412774714
53100 -9.867849607412364
53200 -9.978206164675319
53300 -11.398717508068804
53400 -7.280641760049333
53500 -8.866513341048433
53600 -9.661120154064582
53700 -10.460489604474834
53800 -13.315957923668147
53900 -10.320806037938393
54000 -9.647723608660973
54100 -9.943994543772831
54200 -11.163446416583596
54300 -9.581937216378378
54400 -8.212530226514891
54500 -10.66941426324497
54600 -9.542462979415655
54700 -10.281181317075632
54800 -10.698985170031985
54900 -8.775848438055782
55000 -10.320931141837347
55100 -10.475632612857414
55200 -9.826021480513372
55300 -7.490454236762313
55400 -8.787028708024355
55500 -8.47183340371286
55600 -7.1074546532272755
55700 -8.132790186812404
55800 -6.9485842959607504
55900 -9.358041283726303
56000 -9.190912474721216
56100 -8.559165346152627
56200 -8.436874664159498
56300 -7.228486961609973
56400 -6.982787214050962
56500 -7.724133532645338
56600 -9.292422496266346
56700 -11.554814576376993
56800 -9.698652703123905
56900 -8.890470519296663
57000 -8.853159703871638
57100 -6.234481796043737
57200 -7.620470833131033
57300 -10.108120808099503
57400 -5.377964091344566
57500 -8.750499907861961
57600 -8.979822792962366
57700 -11.003416341693178
57800 -9.936777156365077
57900 -8.536951631361276
58000 -7.511998324557337
58100 -8.917566741282469
58200 -9.20169863163418
58300 -10.99359109859043
58400 -8.798048789235033
58500 -8.956919682718002
58600 -7.731246228760289
58700 -7.064660761643475
58800 -9.708645263906273
58900 -7.165229902507605
59000 -5.94993064707149
59100 -7.1983562801555525
59200 -8.489064782130438
59300 -7.293905814042762
59400 -8.362426876505218
59500 -7.492867537069249
59600 -5.986222481495113
59700 -6.177194703136895
59800 -8.61399832023348
59900 -10.953954360294022
60000 -10.126328060070762
60100 -9.293933681241395
60200 -8.955893137276195
60300 -8.202348276516588
60400 -8.869142083514433
60500 -9.334505753828614
60600 -8.350340462420041
60700 -7.851673146122406
60800 -9.485531886848873
60900 -8.397450286923002
61000 -6.670932138834144
61100 -9.141095550099426
61200 -8.677660822596172
61300 -8.908575399693826
61400 -9.635514715026773
61500 -7.898373271653304
61600 -7.082409467244054
61700 -6.615921235221941
61800 -6.69372598588266
61900 -7.059674826974475
62000 -6.135052203339931
62100 -6.882121111109562
62200 -7.183990590887793
62300 -8.198019712259233
62400 -7.926727653781631
62500 -7.662748376439979
62600 -6.952805154383019
62700 -9.885970511755874
62800 -9.030372643422497
62900 -7.056699160441672
63000 -8.174612485082738
63100 -8.277091378694863
63200 -5.970019386987585
63300 -6.317845940078662
63400 -6.633154823697206
63500 -6.470101337499465
63600 -9.092683255654613
63700 -7.270385877347623
63800 -8.226424279344446
63900 -8.084751564292848
64000 -8.519035295053262
64100 -6.952944098267329
64200 -6.919435229576661
64300 -7.007460552606
64400 -9.101158688922144
64500 -8.469588026792696
64600 -8.615676777738352
64700 -5.786770054878927
64800 -5.838706114943557
64900 -7.409555976734086
65000 -4.312094041680136
65100 -6.515014923075174
65200 -8.393041193911932
65300 -8.084151661609257
65400 -6.7864520089699845
65500 -7.58211006465726
65600 -9.784993127293127
65700 -6.66294622005786
65800 -7.559658940813739
65900 -6.137438333612595
66000 -6.93230780124069
66100 -7.080988095258255
66200 -7.661460342872369
66300 -7.4800763407561455
66400 -8.2195810233915
66500 -6.774052291306441
66600 -5.698024638052601
66700 -5.434891883604991
66800 -8.175111016858892
66900 -7.4885963873268215
67000 -6.99812357115672
67100 -8.061741946808217
67200 -9.728674932670808
67300 -7.296695240426084
67400 -5.2651567048561905
67500 -8.606904815823958
67600 -6.733326433806033
67700 -6.460252402802227
67800 -4.868053497681985
67900 -7.308107401345794
68000 -8.885683990099105
68100 -10.998593826772526
68200 -6.005078877250875
68300 -8.217530961058404
68400 -8.526763112926847
68500 -8.350057651521604
68600 -9.092297305577402
68700 -7.183087973052254
68800 -9.013499670178234
68900 -9.326265707911778
69000 -8.995858432445598
69100 -9.423783199753366
69200 -8.93956737829701
69300 -6.623168181005628
69400 -5.000631735219233
69500 -6.160494310713191
69600 -6.586247383502335
69700 -7.474883330574437
69800 -8.522186862134054
69900 -10.455926820185393
70000 -7.899098843605439
70100 -10.553935450911359
70200 -7.167272857345933
70300 -8.414960405608209
70400 -8.911280450626546
70500 -9.427872910052885
70600 -8.843757895531468
70700 -8.706079677433447
70800 -8.546739270509484
70900 -9.10412721217899
71000 -10.135471130216587
71100 -8.581836735238511
71200 -6.266638528207805
71300 -7.811453788041607
71400 -7.336735201260201
71500 -7.019041963456751
71600 -8.395659910686788
71700 -8.690391940170025
71800 -5.111904338148047
71900 -6.452266800037287
72000 -6.066793422966799
72100 -7.163140063136196
72200 -9.244402231355249
72300 -7.859579751439473
72400 -9.267314879633963
72500 -8.814117640780703
72600 -6.95783416841384
72700 -6.492891523341749
72800 -8.372462920005926
72900 -10.12518087810452
73000 -9.378454031532709
73100 -8.722783345435465
73200 -7.121464140882463
73300 -5.363738066772487
73400 -8.480779011696
73500 -7.161452208251994
73600 -8.331547954112317
73700 -7.711722499042156
73800 -5.365521016079291
73900 -4.992000160943791
74000 -7.565655971021008
74100 -8.432339618425424
74200 -8.317299046665863
74300 -7.805202284663822
74400 -9.29560899321966
74500 -9.089497061447712
74600 -8.707223415154386
74700 -9.597394116255732
74800 -9.694576895806664
74900 -8.519308582635643
75000 -9.011702780476366
75100 -8.106691784012186
75200 -9.014181328167723
75300 -6.5592218154643795
75400 -7.7664995067534095
75500 -8.207567751830846
75600 -7.400048218118646
75700 -8.319058306357102
75800 -8.465464287989784
75900 -5.69911721843639
76000 -7.83170127227092
76100 -6.670752019198178
76200 -9.624247306547375
76300 -7.329857827320605
76400 -7.169082653626736
76500 -6.1904735035207485
76600 -8.619115471210657
76700 -8.970814278926898
76800 -8.277081593845386
76900 -8.545466482705425
77000 -9.21528521989839
77100 -6.3158376840662624
77200 -8.446445508968619
77300 -7.850416734766196
77400 -8.961484294277282
77500 -10.442797932710983
77600 -9.324660226150842
77700 -7.8115384803312065
77800 -11.633167319620657
77900 -9.694260887532721
78000 -7.3275035245809965
78100 -7.780761372471592
78200 -10.231443739444996
78300 -11.236286988838849
78400 -7.0992446667810505
78500 -10.062767532061063
78600 -10.92367411171945
78700 -9.507112673338575
78800 -7.922449894249227
78900 -6.345287513785956
79000 -7.424953916027757
79100 -6.6053860877425645
79200 -8.812610640577253
79300 -10.111870174976623
79400 -10.387331440574107
79500 -11.20912872934867
79600 -11.072692464028654
79700 -10.064863029350356
79800 -11.225163879217611
79900 -7.555402480020613
80000 -8.992582193168982
80100 -7.364146935491845
80200 -8.671479774558223
80300 -8.324872345985206
80400 -9.98845831911143
80500 -7.808145631903963
80600 -9.091024904633333
80700 -6.716736404251718
80800 -8.446757266917254
80900 -7.601174132691002
81000 -9.504654816988774
81100 -8.971022129189386
81200 -9.576677053480278
81300 -9.088463418052937
81400 -7.816506469141072
81500 -9.387029071727408
81600 -11.208399716495864
81700 -10.40257363155955
81800 -10.893771436329146
81900 -9.319679148405283
82000 -9.809652781240134
82100 -9.827602699285066
82200 -8.4575239056692
82300 -8.34696076967422
82400 -9.486454852216914
82500 -11.565581898131189
82600 -9.938784548830375
82700 -6.192600800831779
82800 -6.864711948040937
82900 -8.880287544494427
83000 -7.547926332490529
83100 -8.076467881040351
83200 -8.6551527415402
83300 -6.921815497554355
83400 -7.9407384582704745
83500 -7.989208337288879
83600 -8.720387385349465
83700 -9.377978552160261
83800 -9.273139374737728
83900 -7.215545092367679
84000 -8.015058675446795
84100 -10.366402260844508
84200 -8.3776455723589
84300 -10.746416211242318
84400 -9.22368302812171
84500 -9.482265428097676
84600 -7.675103346965792
84700 -10.094649227527867
84800 -9.674029444744265
84900 -10.49547634785351
85000 -8.927472796539393
85100 -10.141367154642442
85200 -7.205211783940052
85300 -9.588250013286759
85400 -7.671660496629456
85500 -9.975871694636801
85600 -9.753936130564309
85700 -10.147077265654627
85800 -9.594910187275472
85900 -9.432058549585406
86000 -8.43773597069089
86100 -12.722040782445662
86200 -10.359507608963902
86300 -9.795382588433915
86400 -7.156539023308782
86500 -11.145390749157356
86600 -8.154905127188252
86700 -11.15688575673826
86800 -9.613969977809042
86900 -8.670261975273943
87000 -10.93336700293473
87100 -9.361631812644559
87200 -10.213059302206512
87300 -10.431563057124325
87400 -9.758844071388426
87500 -9.875899905847918
87600 -10.431796549212606
87700 -11.679008075421855
87800 -11.140462467199992
87900 -9.859042004683403
88000 -10.687183152015056
88100 -11.619014742005234
88200 -10.993846294055476
88300 -9.067839273138562
88400 -7.921839479146594
88500 -8.182993652492879
88600 -9.571220267752317
88700 -8.514625836433174
88800 -9.198824907789849
88900 -9.709372327872623
89000 -9.486194263129725
89100 -8.723590326329864
89200 -8.006431343616269
89300 -7.901836424528736
89400 -8.768763484433087
89500 -11.163245114145688
89600 -10.214601876950645
89700 -10.067367747666662
89800 -12.796360857018083
89900 -10.746287904918406
90000 -11.260706473485834
90100 -8.754076833980639
90200 -10.092588741254193
90300 -8.702770251290023
90400 -8.96230620269953
90500 -10.232550027656675
90600 -12.010372441095004
90700 -10.231053758271752
90800 -9.52510020797984
90900 -11.20685605613267
91000 -8.760827548374285
91100 -8.690977564231964
91200 -9.04870690879296
91300 -8.555687728217318
91400 -11.229960008076375
91500 -9.037607080290686
91600 -11.108980778141678
91700 -9.588295778420813
91800 -8.996160085648444
91900 -8.79188675042055
92000 -9.662235546689656
92100 -10.026388578563601
92200 -9.721698667525773
92300 -10.91697901987676
92400 -8.450188864362765
92500 -9.519920691538083
92600 -9.827088983914534
92700 -9.444507757387491
92800 -10.321948530045104
92900 -8.159042288422905
93000 -9.477469976253204
93100 -9.917385908006173
93200 -9.67053501632495
93300 -10.441535174601457
93400 -9.72756256281266
93500 -9.728646701638114
93600 -11.553488443515747
93700 -12.407885345401503
93800 -11.276176430185243
93900 -9.387147361962404
94000 -11.681066357918409
94100 -12.740318923711941
94200 -10.590074753804927
94300 -10.243292087882011
94400 -9.682057981687217
94500 -8.425332448605952
94600 -11.737197946047027
94700 -9.244485523702139
94800 -10.618800577447562
94900 -8.849527817557652
95000 -9.423677748994784
95100 -9.420659684131486
95200 -10.023300006324556
95300 -10.03585534247584
95400 -9.877534515073636
95500 -9.69876711141426
95600 -8.59039082935271
95700 -9.297237359086054
95800 -13.077116213382144
95900 -11.072981639263302
96000 -11.220697282424622
96100 -8.639632938742343
96200 -9.302468357836988
96300 -8.616586889924855
96400 -8.630245263837407
96500 -11.300670276067477
96600 -10.844348764592425
96700 -13.491069446467604
96800 -13.767121703049156
96900 -12.546258468706064
97000 -9.290666378656573
97100 -9.403506740222717
97200 -10.0507312270302
97300 -10.150375261649193
97400 -9.73478920832755
97500 -10.673873536115547
97600 -10.330991414163869
97700 -11.595977105869524
97800 -10.403834715732069
97900 -10.77181911177098
98000 -12.422991392965933
98100 -13.322936922982928
98200 -11.781056007409413
98300 -11.131936115156263
98400 -11.449272231450736
98500 -11.164442320883525
98600 -12.37322616076159
98700 -11.115237969444653
98800 -12.624673575425089
98900 -12.716586214446881
99000 -11.482187446144687
99100 -10.906719262014024
99200 -10.205873263585724
99300 -12.209634134779554
99400 -12.131522222089684
99500 -13.638711926909956
99600 -11.68693130278343
99700 -10.030415022302595
99800 -9.823696247983305
99900 -10.605051358397423
100000 -10.934667583018456
100100 -12.02735726748209
100200 -12.395050078521578
100300 -10.903658272162417
100400 -12.880927558297566
100500 -12.760979251153183
100600 -11.66904049209883
100700 -8.624581049004938
100800 -8.318029900571934
100900 -11.373997072457328
101000 -10.920245539640893
101100 -11.357295903612615
101200 -10.736305434261666
101300 -10.873089592439454
101400 -12.447449219592327
101500 -13.543230184752861
101600 -10.257306687534333
101700 -11.567787918317064
101800 -10.658927472178233
101900 -9.894648275770592
102000 -11.586522749176618
102100 -13.284126360341347
102200 -11.432216950132453
102300 -12.478250930577156
102400 -11.636312236981261
102500 -11.532429468520224
102600 -11.53192592734166
102700 -12.510791241697277
102800 -9.287380653228578
102900 -11.84222088927527
103000 -10.095234364929155
103100 -11.499159550314973
103200 -12.18315949660372
103300 -13.21725790907854
103400 -11.573409492251963
103500 -10.485560619832492
103600 -11.434269546050473
103700 -10.681767444404219
103800 -11.652489971270823
103900 -9.763036530717685
104000 -11.055473892585116
104100 -13.136715545338738
104200 -10.719532555879605
104300 -10.91580546483574
104400 -13.443345591151099
104500 -14.05060858403154
104600 -12.032917222833667
104700 -9.34506812436991
104800 -11.096006394391086
104900 -11.22522162024021
105000 -11.101311413406046
105100 -11.038215712672047
105200 -13.068819449583748
105300 -12.913229129491983
105400 -11.287275492256766
105500 -10.365193562675472
105600 -11.039214223558735
105700 -10.981575560512848
105800 -11.58418050387901
105900 -12.059740012046447
106000 -11.88851261746368
106100 -10.54542698517479
106200 -10.176684931887637
106300 -11.948428770570226
106400 -11.196315602943159
106500 -9.786052318654155
106600 -10.715446931545701
106700 -10.678135438080156
106800 -13.487747197419127
106900 -14.318527168835804
107000 -10.26342314896139
107100 -10.0720360301888
107200 -8.267618580373501
107300 -11.26529458192441
107400 -12.021102129790522
107500 -12.021967124643028
107600 -12.331998577286194
107700 -12.223942096031546
107800 -11.362780092860602
107900 -12.09893469676125
108000 -11.308505364894527
108100 -11.663527854231294
108200 -11.60807741213644
108300 -12.13835011072483
108400 -13.445345869338452
108500 -11.723521984633102
108600 -11.142726151191562
108700 -12.58549272129924
108800 -13.264365930844003
108900 -13.472091084833394
109000 -12.801058910770923
109100 -12.377225247235641
109200 -13.778681222146759
109300 -13.676203732641941
109400 -12.959123834687976
109500 -11.78018562315324
109600 -11.802036198017586
109700 -12.885089697010308
109800 -10.944624117860128
109900 -10.87146248272515
110000 -13.340980213492525
110100 -13.722232628118059
110200 -13.601013199463225
110300 -14.519189369287346
110400 -11.76811456050804
110500 -11.366486415986255
110600 -12.947620949830531
110700 -12.43295562185855
110800 -11.153619780831194
110900 -12.307476523108749
111000 -12.525341132554694
111100 -12.706281829289914
111200 -13.962744313929086
111300 -12.756488922216855
111400 -13.445993266608602
111500 -11.753611758238312
111600 -11.424677414160614
111700 -12.73573118375153
111800 -12.360629952553307
111900 -12.31395292214464
112000 -10.450190234940504
112100 -12.002850275808019
112200 -10.93510220162474
112300 -12.847826233308169
112400 -12.924365516638606
112500 -12.414177316668288
112600 -14.23064717434872
112700 -8.676461243835094
112800 -12.029930568784296
112900 -12.981618187232606
113000 -12.350545648630096
113100 -12.991675204009896
113200 -14.326458476204666
113300 -13.727081392711373
113400 -12.399433842806825
113500 -12.602319551750435
113600 -13.048862795171278
113700 -12.587279338147848
113800 -12.733830010032614
113900 -13.57643284919674
114000 -12.385271700649792
114100 -13.130910180782816
114200 -12.818210836088777
114300 -10.509840419434717
114400 -11.339558663961464
114500 -11.118076545660836
114600 -12.384392129690534
114700 -12.779184278382091
114800 -12.192812542714632
114900 -12.742954597817237
115000 -12.966280003452539
115100 -12.70771977873606
115200 -11.02782324415582
115300 -11.88092283016615
115400 -12.957818216450358
115500 -12.834060210504724
115600 -11.594679621192698
115700 -12.341499679021894
115800 -12.89717602205249
115900 -13.224245965596111
116000 -13.91250843414268
116100 -13.702837114317857
116200 -14.585796893039149
116300 -12.510056654899246
116400 -14.079741657707673
116500 -12.492756902618071
116600 -11.808783615914347
116700 -13.28780268388687
116800 -12.25697832176246
116900 -12.297186080534972
117000 -11.312547490374232
117100 -11.887313709622482
117200 -12.843608454889884
117300 -13.052707285416826
117400 -13.613542440384327
117500 -12.18002945528404
117600 -12.537496421977165
117700 -11.455904791158117
117800 -11.882270234046258
117900 -13.08667113748541
118000 -13.433429315690727
118100 -10.98071971016336
118200 -11.095777118528144
118300 -10.600077099844444
118400 -12.99975811243259
118500 -12.744590512287576
118600 -13.147099952904815
118700 -13.187600564099517
118800 -14.711044167618173
118900 -11.29289727174245
119000 -11.329517678915758
119100 -11.977608105663213
119200 -12.26676145308487
119300 -12.239280464462958
119400 -13.552840766990839
119500 -13.648690862488515
119600 -13.477798154400881
119700 -12.406918760461476
119800 -12.741687358753163
119900 -12.980343500112275
120000 -11.849773814054888
120100 -11.67925523929123
120200 -11.10493250370321
120300 -10.773278065984801
120400 -13.02870622683502
120500 -12.756519122385065
120600 -11.32508961302538
120700 -10.159468613057399
120800 -10.367766422552027
120900 -11.97287341543553
121000 -10.501690421417944
121100 -12.40245920176868
121200 -10.938185232598485
121300 -8.890777149566919
121400 -11.364081548237184
121500 -12.97034781883372
121600 -11.578966765127685
121700 -11.017603560237301
121800 -11.28856846806367
121900 -12.318993567142936
122000 -10.890019500277491
122100 -10.681063680334738
122200 -11.121469037889538
122300 -11.826391397112006
122400 -12.526577216688807
122500 -11.328944189198703
122600 -11.940102451110016
122700 -13.67310728629546
122800 -13.673283165521557
122900 -12.266081274940271
123000 -12.841814691098197
123100 -11.532763484978384
123200 -10.522734533535125
123300 -12.44873328054613
123400 -14.189636504110357
123500 -12.006820208445372
123600 -12.041638461138334
123700 -12.357456944370654
123800 -12.582447298315522
123900 -11.527771739319503
124000 -12.449070339807008
124100 -13.82933833576619
124200 -14.795713744137373
124300 -14.590269002033232
124400 -12.399731584884597
124500 -13.713630509234124
124600 -12.492233972036729
124700 -12.976634484007766
124800 -12.928334222321366
124900 -12.178113789214136
125000 -13.781844075919057
125100 -13.63264716232649
125200 -10.341153768401295
125300 -10.89088927214985
125400 -10.97145583736244
125500 -11.859690076856939
125600 -13.082180719564173
125700 -12.79531965100271
125800 -12.730147905553354
125900 -12.73714051088323
126000 -11.135014020048022
126100 -13.045305626483291
126200 -11.75542769018432
126300 -11.712395010621973
126400 -12.865475038636479
126500 -12.69431428761793
126600 -12.299959786394588
126700 -11.714920253818464
126800 -11.770433988467097
126900 -11.606097074082724
127000 -13.852237534016048
127100 -11.799811131182478
127200 -11.21323582880387
127300 -10.27098588707822
127400 -11.517809343389503
127500 -11.113101694170654
127600 -13.14285815429753
127700 -11.838561305735087
127800 -11.537357794122109
127900 -10.845743865127988
128000 -11.662011802332698
128100 -13.32042349702946
128200 -13.39346223763505
128300 -12.870626714236506
128400 -12.252644678196475
128500 -10.752877671207695
128600 -8.853054660745295
128700 -11.662572511433446
128800 -11.625571624180887
128900 -12.069607276069142
129000 -12.857767326427938
129100 -11.401979149611988
129200 -9.829497693810193
129300 -12.668683390142306
129400 -12.371494254686423
129500 -15.20138939472688
129600 -14.590863371340912
129700 -14.05571582687316
129800 -14.231117681996947
129900 -11.475858789835604
130000 -12.394844565596134
130100 -10.575126316762335
130200 -10.469009831497361
130300 -12.517983604881294
130400 -12.79396638494141
130500 -12.25216050220537
130600 -11.345624139230859
130700 -13.312430380627745
130800 -13.474264291649817
130900 -13.638553152490227
131000 -11.562344564292134
131100 -12.970681138204162
131200 -12.206061266002784
131300 -13.150895732235533
131400 -12.805521653741154
131500 -11.976053799097189
131600 -10.971536916668176
131700 -11.3090071089355
131800 -13.210122843368644
131900 -11.825746285241525
132000 -12.104221279922708
132100 -13.013434417352611
132200 -12.258597072211005
132300 -13.280111318688066
132400 -12.073082831064328
132500 -13.657900831391782
132600 -13.147216300171495
132700 -13.521917949763871
132800 -12.805475380135931
132900 -14.215972411055786
133000 -13.02177757032993
133100 -11.017375645157646
133200 -11.831484240895218
133300 -11.790768866542983
133400 -12.804656912423921
133500 -12.868855722247673
133600 -12.647698989049612
133700 -11.731775104653972
133800 -12.298875791342706
133900 -14.194563671503573
134000 -11.91117399611771
134100 -10.821262134117601
134200 -12.373271246104032
134300 -11.083609767802352
134400 -10.59821558899672
134500 -12.395336705670953
134600 -11.419967537625455
134700 -11.428103083320813
134800 -11.21083018493475
134900 -11.513995039290318
135000 -11.47459792576036
135100 -12.78401908159757
135200 -12.693222445908763
135300 -11.51165906183329
135400 -13.094675711438837
135500 -12.952185889480027
135600 -14.205769274498383
135700 -12.57619482891762
135800 -12.915702088523714
135900 -13.562526019227702
136000 -11.008636761515422
136100 -10.0893756004202
136200 -11.63037020270208
136300 -11.405527779202377
136400 -11.433748453191985
136500 -13.713008464055143
136600 -11.986085679628244
136700 -12.815010174896733
136800 -9.673351183024035
136900 -11.423990770505986
137000 -11.553737862678307
137100 -12.49187332312493
137200 -11.984062863187466
137300 -10.560874976550506
137400 -12.992094674247781
137500 -10.596538461688933
137600 -12.263144619971248
137700 -12.750882055231662
137800 -12.264022616506399
137900 -9.738419459972786
138000 -12.078704370551044
138100 -13.650174957250748
138200 -12.537689742523707
138300 -11.203710211114736
138400 -10.702770842240218
138500 -9.925929281363596
138600 -12.35346805635726
138700 -12.107770535013074
138800 -11.245113247683351
138900 -9.45133919652297
139000 -10.52916628498488
139100 -7.90936089221496
139200 -9.589164704668589
139300 -11.13055269250397
139400 -11.70998301443495
139500 -11.23907559398866
139600 -10.33753345782755
139700 -12.407674771104821
139800 -12.238851030692512
139900 -11.73578112894807
140000 -12.611294612724539
140100 -12.886112782536259
140200 -10.619913084366498
140300 -9.972402204512468
140400 -9.439921766768936
140500 -11.186552080020675
140600 -12.06637396568021
140700 -9.319513038570479
140800 -8.997792349466128
140900 -12.449602077334584
141000 -13.073511347061544
141100 -13.69987604921312
141200 -12.984784810666898
141300 -13.449857019773829
141400 -11.844339128637653
141500 -9.896758409605368
141600 -11.90780160766918
141700 -12.071174435639701
141800 -11.135639394065912
141900 -10.046742440912409
142000 -9.378607257291424
142100 -9.327906863209623
142200 -9.52586782353768
142300 -10.133208390402629
142400 -11.09923557162807
142500 -10.183132119730939
142600 -10.264963199207124
142700 -11.442059060505256
142800 -10.061710382840126
142900 -9.780512468676108
143000 -10.812026992200098
143100 -12.000725514501712
143200 -11.689585334574778
143300 -9.641999039022801
143400 -9.756843164306769
143500 -10.074849573032006
143600 -11.169331465093613
143700 -10.860750197433939
143800 -11.284229846383267
143900 -12.619075416782803
144000 -11.001978662879017
144100 -10.67049975671239
144200 -10.273112683072789
144300 -11.670643330071089
144400 -11.160753937920902
144500 -9.040734107129568
144600 -11.517690447206997
144700 -11.68763347755124
144800 -10.434642222773391
144900 -11.417883708200549
145000 -9.398106938173841
145100 -11.421631009884905
145200 -11.22456590190093
145300 -11.292327449930387
145400 -10.61287060360359
145500 -10.326185620716995
145600 -9.686800666378454
145700 -11.473742226332117
145800 -10.594490188937174
145900 -11.197951147540605
146000 -10.549950453112514
146100 -9.241018405909097
146200 -9.747475713956746
146300 -8.937198956284796
146400 -8.110941861247566
146500 -9.70937716299343
146600 -9.846531446967175
146700 -11.676650219456889
146800 -11.661552282379496
146900 -9.230005516169369
147000 -10.715552000154359
147100 -9.37064761461936
147200 -11.263505151332216
147300 -12.528822866677293
147400 -11.054380571705893
147500 -12.048059643558387
147600 -10.063742697574748
147700 -10.548540384328234
147800 -6.783592039983086
147900 -8.352687571911313
148000 -9.976495978858345
148100 -10.150656610897993
148200 -11.483186991022997
148300 -9.74354014857773
148400 -8.83249925900398
148500 -9.305464474736876
148600 -10.53546453412439
148700 -8.071421755714468
148800 -8.917977938495222
148900 -9.790634099966136
149000 -9.28892024041519
149100 -10.677727931933044
149200 -12.277891788635875
149300 -10.892972546748084
149400 -10.549770197433311
149500 -7.824179866760743
149600 -10.518773332199206
149700 -10.506891834225303
149800 -10.540087508251437
149900 -8.761527263654044
150000 -9.210159145395764
150100 -8.277576385893633
150200 -9.228531949747792
150300 -10.738570249850811
150400 -10.451830718332895
150500 -8.180449587084672
150600 -11.016669688048928
150700 -11.894046749980815
150800 -11.715158183556829
150900 -12.225516240257672
151000 -8.704344110358257
151100 -10.61408520037922
151200 -11.170517305545323
151300 -9.569216686296642
151400 -8.812448807355587
151500 -8.599400277929682
151600 -12.178990992102928
151700 -8.6146671633278
151800 -11.306619590097638
151900 -10.101463836455405
152000 -11.260854892502847
152100 -10.486236432215177
152200 -12.318401895820532
152300 -12.37366215451145
152400 -12.032228658340596
152500 -9.01862914416481
152600 -9.527120904306585
152700 -10.250906866513098
152800 -9.029011404555908
152900 -10.876696107669954
153000 -8.78420412253398
153100 -10.291753199357943
153200 -11.0251624530159
153300 -10.960410341970482
153400 -9.698897366479482
153500 -9.48766793311928
153600 -11.986260383818257
153700 -11.259659669192969
153800 -11.342246696874625
153900 -8.724173959246032
154000 -11.863920162726885
154100 -10.673754044120326
154200 -10.355471574230359
154300 -11.7678108110465
154400 -10.479804415470984
154500 -11.519730052089743
154600 -10.753028670763635
154700 -9.709654583048433
154800 -10.518102206360014
154900 -9.360183051948956
155000 -9.925213298623637
155100 -9.880732522096418
155200 -10.616031343223856
155300 -10.616544838975633
155400 -8.11406641463691
155500 -9.911708311601334
155600 -8.684643117330047
155700 -8.025870885214623
155800 -8.940030712301498
155900 -10.040283422422155
156000 -9.893568462842328
156100 -9.447146210650036
156200 -11.026510371769021
156300 -9.951715747649372
156400 -10.456998717360696
156500 -11.041890942150529
156600 -9.373065359446343
156700 -9.578200740385904
156800 -10.048062080102042
156900 -10.864647071655448
157000 -9.423870027894226
157100 -9.076547135637433
157200 -7.865754017166591
157300 -8.284147106902065
157400 -10.309559642071747
157500 -11.5290990258211
157600 -11.116644067535944
157700 -8.920096059387195
157800 -8.39023217388058
157900 -10.096215896816581
158000 -9.558413343306112
158100 -10.000171067669726
158200 -10.07194119430048
158300 -11.753340934636162
158400 -10.960077490809276
158500 -11.469104313825355
158600 -10.681152953176278
158700 -10.329425950574832
158800 -9.560778729578267
158900 -9.079597299307755
159000 -8.799369476181969
159100 -7.01459534716715
159200 -8.704523520665822
159300 -9.620155123038549
159400 -10.010450896961451
159500 -11.217423050325797
159600 -10.778002959753918
159700 -11.361626968568546
159800 -9.462136862980882
159900 -11.299040207711263
160000 -11.754033053091794
160100 -8.528633878900907
160200 -8.90564560579802
160300 -7.826298455233896
160400 -9.402960123233695
160500 -12.162470566963414
160600 -9.52135786899126
160700 -9.27753176475058
160800 -10.862428342869217
160900 -13.157410305656672
161000 -10.651109000902558
161100 -10.224523322976328
161200 -8.038817178863507
161300 -9.500493232505292
161400 -11.542995132806977
161500 -10.653125900736816
161600 -9.985085557824908
161700 -9.576500853299484
161800 -9.896499502990862
161900 -10.003909221009408
162000 -8.873201826775665
162100 -9.26153764973406
162200 -9.466949495663602
162300 -9.089154818710792
162400 -10.246216315124546
162500 -7.702941706881088
162600 -9.043791391768625
162700 -9.04252354025714
162800 -8.818635814732835
162900 -10.582152001879022
163000 -9.069020538226573
163100 -9.524852840940303
163200 -9.738514010874194
163300 -9.425051759665507
163400 -9.490240088957101
163500 -8.924929819349977
163600 -9.216876367132603
163700 -7.958523296967395
163800 -8.146834102294
163900 -8.78936860869366
164000 -9.155342538414518
164100 -9.542306890757741
164200 -10.436520592619804
164300 -8.814194882013023
164400 -7.469649349535174
164500 -8.884668065732042
164600 -10.591580249099934
164700 -8.123081601321076
164800 -7.718438362454412
164900 -9.294720662418904
165000 -9.854859802142938
165100 -10.828813082677048
165200 -8.282663740019894
165300 -10.590197251878214
165400 -6.571658530148634
165500 -7.011794670449308
165600 -7.126415517746226
165700 -7.992649603673554
165800 -8.303033554845785
165900 -8.646788968128705
166000 -8.252606086844668
166100 -9.37154053995997
166200 -10.845597068065643
166300 -10.15407639962052
166400 -9.093640818398487
166500 -10.395763849811747
166600 -8.662497077449185
166700 -9.01848997694662
166800 -10.53886525751001
166900 -8.902891549704169
167000 -8.15020262861686
167100 -10.971444947940608
167200 -8.617935677916952
167300 -10.355101286932978
167400 -10.402413988008659
167500 -7.742524769774734
167600 -9.274000833115535
167700 -8.741244023027535
167800 -9.102026325298198
167900 -8.898719731395389
168000 -8.255064709327625
168100 -9.412197269173408
168200 -7.756837410808707
168300 -7.8401049143811745
168400 -9.192412245806556
168500 -9.555437499401394
168600 -9.110435026136287
168700 -8.334130212725302
168800 -9.913236368740023
168900 -9.761502782303285
169000 -6.816289625120556
169100 -8.026510769943403
169200 -8.712945808131085
169300 -7.303798188152576
169400 -7.416210841941399
169500 -7.749491441964463
169600 -8.382229223847428
169700 -11.38844434520129
169800 -11.080402303702337
169900 -12.4302105239097
170000 -10.443834643379864
170100 -11.16591125164075
170200 -7.826728460929165
170300 -7.268658293549109
170400 -9.869469244462518
170500 -6.512381489313302
170600 -6.045227457103961
170700 -5.875424362591884
170800 -11.119293957756849
170900 -9.877470234864523
171000 -8.031582324342294
171100 -9.081358114134806
171200 -9.406490658862607
171300 -8.766759712737759
171400 -9.248218488540031
171500 -9.561254279015635
171600 -9.191746750344377
171700 -9.364521561915863
171800 -8.45823782710245
171900 -9.603167185330982
172000 -10.264631622367872
172100 -10.75874950362931
172200 -10.463297313116703
172300 -8.03104101301808
172400 -8.151839251544096
172500 -10.094811312047266
172600 -7.304419330426877
172700 -10.513547630445842
172800 -11.293314046237338
172900 -8.702911568328851
173000 -7.6358010178428914
173100 -8.241447253120125
173200 -9.258733277598814
173300 -9.35512280102929
173400 -7.82914375485835
173500 -9.01723507421336
173600 -10.042749448013351
173700 -8.850506567567505
173800 -8.875630251715945
173900 -10.18209797604404
174000 -10.259028816183394
174100 -10.54298573355312
174200 -11.158892140194244
174300 -9.8609287689602
174400 -11.124567655858339
174500 -9.759445775313571
174600 -9.408091308771255
174700 -8.92038730457879
174800 -8.38245661005289
174900 -9.925000444409573
175000 -8.786745487816315
175100 -7.996887717053807
175200 -8.203169459684734
175300 -8.48841988487728
175400 -11.85077459891855
175500 -9.373869034740311
175600 -8.223579790172053
175700 -9.349983561013998
175800 -10.795061609413823
175900 -9.27004059758871
176000 -9.162850687858217
176100 -11.224115963551773
176200 -10.656991871659553
176300 -11.495982869776949
176400 -10.23011824345142
176500 -7.649830144581587
176600 -8.23095091275475
176700 -8.1946239749463
176800 -6.1578612659233345
176900 -6.6680974903783765
177000 -9.03513770337196
177100 -7.973083942345542
177200 -8.76111232290229
177300 -9.975256815781286
177400 -9.154612992593316
177500 -10.994377290161081
177600 -8.844574200209944
177700 -9.07219045330691
177800 -9.719277315814914
177900 -7.1765883114939735
178000 -7.514354765131175
178100 -9.924032546282476
178200 -9.291759406480356
178300 -7.069538162579699
178400 -7.489262589394616
178500 -9.116273076521896
178600 -9.571672689171852
178700 -10.280768226685378
178800 -7.004366737866548
178900 -7.116115295246115
179000 -4.878348758371341
179100 -10.54103407777331
179200 -10.822380342534299
179300 -8.358225452297564
179400 -10.427350457322715
179500 -8.257839039341262
179600 -5.692614270777958
179700 -5.871332631016103
179800 -8.354080867569861
179900 -7.699111859059489
180000 -9.164968582414884
180100 -9.10815076786021
180200 -9.446820613107262
180300 -8.901728574457563
180400 -10.166986377945587
180500 -9.605471009165306
180600 -10.113819100040176
180700 -7.088900414605729
180800 -5.825401642093195
180900 -9.153018490917145
181000 -10.999269106987091
181100 -11.302615786835018
181200 -10.253471378863082
181300 -9.797052186261915
181400 -11.580167292752789
181500 -10.020480036366564
181600 -10.710907228467457
181700 -9.113754948063177
181800 -8.74704642121234
181900 -7.610388145173485
182000 -6.717695985457273
182100 -7.148063849085736
182200 -8.44383287537321
182300 -9.203828853685339
182400 -8.868687272836711
182500 -8.521632284019883
182600 -9.761797962808442
182700 -9.505419897360753
182800 -8.94819539892614
182900 -7.811260118552805
183000 -8.009060964832845
183100 -8.522362878463488
183200 -7.601339039141641
183300 -9.169658334224522
183400 -9.236076966091876
183500 -8.124050953094704
183600 -7.250349212703279
183700 -9.828280957084473
183800 -10.189784400977398
183900 -10.172711850319175
184000 -8.732243743498481
184100 -8.894134518336658
184200 -9.038677830845149
184300 -10.1016380038799
184400 -9.072044553319923
184500 -9.682314982658538
184600 -10.018074017461489
184700 -10.839189425045335
184800 -9.167232404591248
184900 -10.205145285835078
185000 -9.618663364333623
185100 -9.19186779828582
185200 -9.702618998499052
185300 -8.25485165498398
185400 -8.384066339391108
185500 -9.95041942797073
185600 -7.870653862445945
185700 -8.74259269221902
185800 -6.870360076270578
185900 -9.207642476922027
186000 -6.240912859023899
186100 -7.0227242176496025
186200 -8.849467151504829
186300 -8.242101492231878
186400 -6.59229157723528
186500 -8.873809737492904
186600 -9.429477254574163
186700 -8.671917626261582
186800 -9.578868431336291
186900 -9.321957986778365
187000 -8.321550634168272
187100 -8.922719452943529
187200 -7.285901905695306
187300 -5.979882966944529
187400 -7.906163237767595
187500 -8.081114444653078
187600 -8.263570899459971
187700 -11.557473409233703
187800 -10.980874471181696
187900 -11.377201945762955
188000 -9.565053435224485
188100 -9.459956271404684
188200 -9.359737339815725
188300 -9.487717114125633
188400 -9.106056210328644
188500 -9.432005420024824
188600 -8.912077999793247
188700 -8.868642804272898
188800 -7.201911488781588
188900 -9.178438804283589
189000 -10.184977736672943
189100 -8.348839235356216
189200 -7.266010248969727
189300 -7.257619626598257
189400 -8.230410954739785
189500 -8.922062681708901
189600 -8.017076111868587
189700 -7.846641323975778
189800 -7.073106273037465
189900 -7.299784415921698
190000 -8.36639174488788
190100 -9.345987279882346
190200 -8.640878607849222
190300 -7.457148396940712
190400 -8.510870844294457
190500 -7.882178466488324
190600 -8.747944698322698
190700 -9.154455083880444
190800 -7.8929717348206525
190900 -8.108526864502235
191000 -10.06190436829278
191100 -9.824035563246634
191200 -9.497748464620889
191300 -7.343989435642034
191400 -9.06456810824157
191500 -10.907761410465163
191600 -10.65779187286292
191700 -6.877571767400152
191800 -8.235285982168518
191900 -6.715277034928157
192000 -7.334985064666041
192100 -9.655212722703753
192200 -8.84230761928057
192300 -7.322039960243117
192400 -8.025278798672534
192500 -9.148091150934503
192600 -9.394767411895455
192700 -10.055480522444332
192800 -7.238741253507243
192900 -6.5006906262263415
193000 -10.731354663575905
193100 -6.787816571525762
193200 -8.65818400320269
193300 -8.858553523960078
193400 -6.68154289798171
193500 -7.582839214002796
193600 -9.82246328114442
193700 -8.594576158934126
193800 -9.262556484396116
193900 -10.505431644732003
194000 -9.121340161463715
194100 -8.814291890022472
194200 -9.747939417388658
194300 -7.454959303540984
194400 -7.839520424150941
194500 -7.295154947491578
194600 -6.841570349430149
194700 -7.140520685541877
194800 -6.419467934527047
194900 -7.053685820527591
195000 -7.530799492301163
195100 -9.871545228089415
195200 -9.110570896946681
195300 -7.753795377172069
195400 -6.324333634390816
195500 -6.117093405090468
195600 -5.892664615355085
195700 -6.15126856282438
195800 -7.679494284032541
195900 -9.456154331133257
196000 -9.359288475769949
196100 -8.05653016864177
196200 -9.727339982421755
196300 -7.612036981932285
196400 -5.688616572995041
196500 -6.0612352931360505
196600 -7.09398551740378
196700 -8.06367743757643
196800 -7.242181154790625
196900 -8.297502019941135
197000 -8.642024078789223
197100 -9.464394911159358
197200 -8.187192506981317
197300 -8.177634072375161
197400 -7.572891607547456
197500 -8.251875869815843
197600 -7.946280065643818
197700 -6.879086427473401
197800 -7.406446136273777
197900 -4.725763964000626
198000 -5.659564614328614
198100 -7.756762328542115
198200 -8.421989516686992
198300 -10.349174740679054
198400 -10.215698694442317
198500 -8.657258287684149
198600 -8.798060915667152
198700 -9.024227612206888
198800 -6.049467180915822
198900 -5.908986951257641
199000 -7.624855014755569
199100 -8.25750089664494
199200 -9.055342717327862
199300 -5.816686004804203
199400 -8.458185639257179
199500 -6.8751282383984655
199600 -7.784255751279362
199700 -10.110553961856134
199800 -9.651824767787133
199900 -10.81902710469365
200000 -9.937102255366009
