100 -18.9817
200 -17.91674
300 -18.2977
400 -17.7947
500 -16.82917
600 -16.89119
700 -16.51974
800 -15.5745
900 -15.91893
1000 -14.76468
1100 -16.40659
1200 -17.2707
1300 -15.60976
1400 -15.93065
1500 -17.32094
1600 -16.58199
1700 -17.10793
1800 -18.27538
1900 -16.01622
2000 -15.02169
2100 -14.72821
2200 -16.07854
2300 -17.0241
2400 -16.3426
2500 -15.93635
2600 -17.30289
2700 -17.02738
2800 -15.63507
2900 -16.73514
3000 -17.60725
3100 -17.37975
3200 -15.75456
3300 -16.72117
3400 -16.86399
3500 -17.57209
3600 -17.73866
3700 -17.93954
3800 -16.68616
3900 -17.3092
4000 -18.68128
4100 -19.16275
4200 -18.1724
4300 -18.79791
4400 -17.21205
4500 -18.97952
4600 -16.43943
4700 -15.42306
4800 -15.87276
4900 -15.46671
5000 -17.21893
5100 -15.3377
5200 -16.90689
5300 -15.24415
5400 -15.91632
5500 -16.35321
5600 -14.48646
5700 -15.88351
5800 -15.87133
5900 -14.44655
6000 -13.97752
6100 -13.57387
6200 -13.03589
6300 -15.2538
6400 -14.61283
6500 -12.74889
6600 -11.30761
6700 -10.90922
6800 -12.50656
6900 -11.7
7000 -12.55992
7100 -8.17369
7200 -6.64956
7300 -3.94832
7400 -8.09068
7500 -5.64204
7600 0.4697
7700 1.5351
7800 1.48855
7900 -0.15063
8000 1.29536
8100 3.14246
8200 2.81318
8300 3.58802
8400 4.69022
8500 4.67393
8600 3.41028
8700 3.51676
8800 3.2952
8900 2.53681
9000 3.35967
9100 -8.0961
9200 -15.44683
9300 -17.8745
9400 -18.84402
9500 -19.13647
9600 -18.86198
9700 -18.32419
9800 -18.21886
9900 -17.84388
10000 -17.85152
10100 -17.08121
10200 -14.97388
10300 -14.78862
10400 -13.25333
10500 -12.8012
10600 -12.01145
10700 -10.42189
10800 -12.54897
10900 -10.13924
11000 -10.15871
11100 -13.17378
11200 -12.26507
11300 -12.57823
11400 -13.36309
11500 -11.51182
11600 -11.26263
11700 -10.75297
11800 -11.63434
11900 -11.07192
12000 -9.92731
12100 -11.39057
12200 -11.58433
12300 -11.07688
12400 -11.52602
12500 -9.56579
12600 -10.24416
12700 -8.76004
12800 -8.67723
12900 -9.39754
13000 -9.93732
13100 -9.3164
13200 -11.04792
13300 -10.34165
13400 -10.21137
13500 -11.23571
13600 -9.11577
13700 -11.35144
13800 -10.13096
13900 -13.52443
14000 -11.27556
14100 -11.47246
14200 -9.07596
14300 -10.33481
14400 -9.46872
14500 -11.59847
14600 -12.73103
14700 -12.91903
14800 -12.00668
14900 -8.76743
15000 -9.47683
15100 -9.09951
15200 -7.30325
15300 -8.04887
15400 -9.08177
15500 -10.00574
15600 -10.91227
15700 -10.5841
15800 -7.92224
15900 -9.11434
16000 -8.74806
16100 -10.84955
16200 -9.84286
16300 -11.28249
16400 -10.23027
16500 -7.39933
16600 -8.54616
16700 -9.97061
16800 -10.31195
16900 -8.20398
17000 -8.49626
17100 -11.31037
17200 -10.92986
17300 -9.33835
17400 -11.38719
17500 -9.04657
17600 -8.0678
17700 -9.69147
17800 -9.37916
17900 -9.30753
18000 -9.13003
18100 -8.32627
18200 -8.82126
18300 -9.26771
18400 -11.43361
18500 -10.10961
18600 -7.55298
18700 -9.09916
18800 -8.65131
18900 -7.46817
19000 -7.74974
19100 -8.61739
19200 -10.59295
19300 -7.9766
19400 -6.2706
19500 -8.59065
19600 -7.9949
19700 -9.62541
19800 -8.14931
19900 -9.50896
20000 -8.93916
20100 -10.0852
20200 -9.62784
20300 -6.68972
20400 -7.0072
20500 -6.89602
20600 -8.51076
20700 -8.57489
20800 -8.12923
20900 -9.35425
21000 -10.55708
21100 -10.24346
21200 -9.16095
21300 -9.77791
21400 -8.95394
21500 -6.97471
21600 -8.47968
21700 -8.78553
21800 -12.3481
21900 -9.12126
22000 -8.34619
22100 -8.12297
22200 -7.78196
22300 -7.96806
22400 -6.29599
22500 -6.9767
22600 -8.18661
22700 -8.69658
22800 -8.2875
22900 -9.60798
23000 -8.61815
23100 -8.87392
23200 -9.58972
23300 -9.01786
23400 -8.09923
23500 -6.83523
23600 -6.70214
23700 -8.92679
23800 -9.17671
23900 -6.2803
24000 -7.08043
24100 -7.4728
24200 -7.74645
24300 -6.30687
24400 -9.34408
24500 -10.12981
24600 -8.61543
24700 -6.57468
24800 -6.69298
24900 -9.39179
25000 -9.05177
25100 -8.18057
25200 -9.04755
25300 -9.48479
25400 -11.4401
25500 -11.52441
25600 -10.95827
25700 -9.59393
25800 -6.41736
25900 -7.82192
26000 -7.23615
26100 -7.32371
26200 -6.54794
26300 -7.08589
26400 -8.2728
26500 -5.36664
26600 -7.66411
26700 -9.62503
26800 -11.98395
26900 -11.32729
27000 -9.8557
27100 -10.03378
27200 -8.93238
27300 -7.66957
27400 -8.49301
27500 -8.84884
27600 -7.29806
27700 -8.34877
27800 -5.6955
27900 -8.17318
28000 -8.79857
28100 -6.91408
28200 -9.89304
28300 -6.33793
28400 -5.67175
28500 -5.74606
28600 -9.64671
28700 -9.42407
28800 -9.56863
28900 -7.89915
29000 -9.06175
29100 -6.14647
29200 -7.54315
29300 -8.44998
29400 -9.14705
29500 -10.11818
29600 -9.37711
29700 -7.79385
29800 -7.9148
29900 -7.9785
30000 -8.74861
30100 -6.93864
30200 -10.08202
30300 -10.42958
30400 -7.01806
30500 -7.05301
30600 -9.77287
30700 -10.04368
30800 -8.75295
30900 -8.4227
31000 -10.11973
31100 -9.75143
31200 -9.23421
31300 -7.74625
31400 -8.91902
31500 -8.06807
31600 -9.07407
31700 -8.32948
31800 -8.91643
31900 -9.92745
32000 -6.59271
32100 -8.5589
32200 -6.64452
32300 -8.14823
32400 -9.46049
32500 -8.87205
32600 -10.12592
32700 -7.65573
32800 -10.51211
32900 -6.1428
33000 -5.47318
33100 -7.42979
33200 -8.09615
33300 -8.67282
33400 -6.08554
33500 -6.43897
33600 -6.05077
33700 -5.77371
33800 -6.13784
33900 -10.38352
34000 -9.51535
34100 -9.23322
34200 -9.94596
34300 -8.95608
34400 -10.17455
34500 -10.21976
34600 -8.8031
34700 -7.36262
34800 -7.48448
34900 -7.19817
35000 -7.31997
35100 -8.81829
35200 -8.90095
35300 -9.93633
35400 -8.67605
35500 -8.75605
35600 -6.60821
35700 -7.39503
35800 -5.97454
35900 -6.4012
36000 -7.49607
36100 -8.83471
36200 -7.40617
36300 -7.94803
36400 -9.03367
36500 -11.88351
36600 -10.43285
36700 -8.90087
36800 -8.01308
36900 -10.03984
37000 -7.87906
37100 -6.7515
37200 -8.27778
37300 -8.15874
37400 -8.50234
37500 -8.57369
37600 -7.14801
37700 -8.98199
37800 -9.20319
37900 -9.1616
38000 -7.55381
38100 -8.08624
38200 -6.12713
38300 -6.16265
38400 -4.94667
38500 -7.12882
38600 -7.23658
38700 -7.96153
38800 -8.81053
38900 -9.87026
39000 -9.797
39100 -9.55058
39200 -11.23124
39300 -10.43521
39400 -9.15594
39500 -6.72543
39600 -8.5318
39700 -8.85564
39800 -8.89135
39900 -9.55274
40000 -10.38565
40100 -8.17153
40200 -8.43943
40300 -9.54869
40400 -9.93602
40500 -8.9105
40600 -7.42803
40700 -7.42706
40800 -8.20539
40900 -9.72875
41000 -8.79931
41100 -9.47985
41200 -8.61525
41300 -8.10316
41400 -10.2505
41500 -8.55127
41600 -8.16386
41700 -6.95697
41800 -6.99954
41900 -8.21903
42000 -9.5026
42100 -7.69805
42200 -9.85941
42300 -9.15779
42400 -9.78097
42500 -8.41918
42600 -9.34277
42700 -7.87132
42800 -8.67432
42900 -4.34382
43000 -6.63426
43100 -7.16257
43200 -8.57776
43300 -8.74839
43400 -9.73146
43500 -10.30615
43600 -8.27319
43700 -7.35223
43800 -8.65833
43900 -7.96518
44000 -9.14698
44100 -8.67464
44200 -6.14904
44300 -7.49039
44400 -11.47348
44500 -10.75276
44600 -5.76759
44700 -10.05233
44800 -7.62239
44900 -9.35569
45000 -7.89583
45100 -8.75111
45200 -10.56713
45300 -9.92892
45400 -7.76165
45500 -6.65931
45600 -5.77324
45700 -6.77894
45800 -9.36259
45900 -9.32234
46000 -9.00393
46100 -9.14559
46200 -9.65285
46300 -10.8368
46400 -8.63614
46500 -9.30035
46600 -10.75739
46700 -6.53521
46800 -7.45931
46900 -7.49298
47000 -8.74891
47100 -6.99534
47200 -7.63565
47300 -5.45405
47400 -8.23235
47500 -8.01698
47600 -8.25402
47700 -6.09102
47800 -6.04366
47900 -8.07396
48000 -9.20859
48100 -9.48696
48200 -7.84621
48300 -8.60098
48400 -7.64473
48500 -9.6055
48600 -9.7793
48700 -8.56798
48800 -7.55341
48900 -9.97571
49000 -7.58943
49100 -7.70386
49200 -8.85482
49300 -11.9587
49400 -8.57153
49500 -8.62765
49600 -9.96304
49700 -9.67991
49800 -10.72314
49900 -9.36535
50000 -8.7076
50100 -7.711
50200 -7.76959
50300 -10.18812
50400 -10.44816
50500 -6.70226
50600 -9.34226
50700 -9.96199
50800 -8.01607
50900 -8.2611
51000 -8.10732
51100 -7.89711
51200 -7.21449
51300 -6.08405
51400 -5.83264
51500 -8.06673
51600 -7.39029
51700 -9.24405
51800 -10.14387
51900 -6.96023
52000 -4.09175
52100 -6.58621
52200 -7.6351
52300 -8.03828
52400 -9.41886
52500 -7.91206
52600 -8.47972
52700 -7.11321
52800 -4.86854
52900 -5.75542
53000 -8.35049
53100 -9.10477
53200 -9.01156
53300 -9.99892
53400 -7.47754
53500 -7.89566
53600 -7.96607
53700 -5.61579
53800 -6.68345
53900 -8.11381
54000 -6.77167
54100 -7.01861
54200 -8.10002
54300 -9.34752
54400 -7.41074
54500 -8.08325
54600 -9.01164
54700 -9.66203
54800 -10.69579
54900 -9.68361
55000 -8.18208
55100 -8.59612
55200 -8.81747
55300 -5.59193
55400 -6.07659
55500 -7.69029
55600 -10.7284
55700 -7.67257
55800 -8.36008
55900 -7.57244
56000 -7.61849
56100 -10.64533
56200 -9.11615
56300 -8.47041
56400 -6.58299
56500 -7.69203
56600 -6.0658
56700 -8.48269
56800 -8.59491
56900 -7.45873
57000 -7.96438
57100 -7.98004
57200 -9.08077
57300 -6.72986
57400 -8.84051
57500 -10.48924
57600 -7.12063
57700 -7.83265
57800 -6.99386
57900 -7.58224
58000 -8.89885
58100 -8.97797
58200 -9.75014
58300 -8.52542
58400 -9.18136
58500 -7.37845
58600 -6.54885
58700 -4.85482
58800 -7.44568
58900 -6.97417
59000 -6.75099
59100 -6.71735
59200 -6.40283
59300 -8.00047
59400 -8.35924
59500 -9.13225
59600 -6.93714
59700 -9.20554
59800 -8.88848
59900 -9.20288
60000 -7.38202
60100 -7.63524
60200 -10.31301
60300 -10.10096
60400 -8.94528
60500 -8.90602
60600 -9.94305
60700 -7.61893
60800 -7.38954
60900 -7.80394
61000 -7.84091
61100 -9.10546
61200 -9.62381
61300 -7.27451
61400 -7.25554
61500 -7.67951
61600 -5.98725
61700 -7.52101
61800 -7.88296
61900 -7.94766
62000 -8.65248
62100 -8.87308
62200 -8.33588
62300 -8.81766
62400 -7.34017
62500 -6.53871
62600 -8.34404
62700 -7.37582
62800 -6.72174
62900 -6.55076
63000 -8.79912
63100 -6.25686
63200 -5.50761
63300 -8.7163
63400 -7.12243
63500 -7.39752
63600 -7.36179
63700 -6.89603
63800 -7.78634
63900 -8.15486
64000 -7.8695
64100 -9.4369
64200 -4.97696
64300 -8.0072
64400 -8.84511
64500 -7.79132
64600 -9.07259
64700 -9.6229
64800 -9.63987
64900 -8.2174
65000 -8.00969
65100 -8.30757
65200 -6.18513
65300 -7.14533
65400 -8.26201
65500 -6.20811
65600 -5.8985
65700 -8.98148
65800 -8.18282
65900 -8.96074
66000 -6.96285
66100 -6.99574
66200 -4.95331
66300 -7.52562
66400 -8.33741
66500 -7.03296
66600 -6.84833
66700 -6.19581
66800 -7.80767
66900 -6.96266
67000 -9.37378
67100 -9.59245
67200 -7.19591
67300 -7.72473
67400 -8.19224
67500 -8.32726
67600 -5.52292
67700 -8.50937
67800 -8.68614
67900 -8.17497
68000 -7.10409
68100 -6.2134
68200 -5.85442
68300 -8.42879
68400 -8.53646
68500 -9.5098
68600 -7.33564
68700 -7.63387
68800 -8.65982
68900 -7.99253
69000 -8.91279
69100 -7.73767
69200 -7.52417
69300 -7.66917
69400 -7.41928
69500 -7.93393
69600 -8.7823
69700 -10.08044
69800 -8.61182
69900 -9.26273
70000 -6.39426
70100 -4.74081
70200 -6.1308
70300 -9.09316
70400 -8.13945
70500 -10.00313
70600 -9.23181
70700 -9.48411
70800 -5.48601
70900 -7.40504
71000 -8.87583
71100 -7.86604
71200 -6.34816
71300 -8.33322
71400 -7.42261
71500 -8.70329
71600 -8.6247
71700 -7.57367
71800 -7.15144
71900 -8.49337
72000 -8.03792
72100 -8.14692
72200 -7.32888
72300 -6.99108
72400 -8.83171
72500 -10.67596
72600 -8.5145
72700 -7.1303
72800 -7.92271
72900 -7.41968
73000 -7.17027
73100 -7.29216
73200 -8.95615
73300 -6.89653
73400 -8.03985
73500 -6.7018
73600 -5.35798
73700 -5.97673
73800 -7.63676
73900 -6.91589
74000 -8.02275
74100 -6.58303
74200 -8.59334
74300 -7.42684
74400 -8.24401
74500 -5.40311
74600 -8.52227
74700 -9.58708
74800 -10.07307
74900 -9.83448
75000 -9.06219
75100 -8.58362
75200 -8.39043
75300 -10.02475
75400 -7.61523
75500 -6.25528
75600 -6.19647
75700 -5.5873
75800 -6.37585
75900 -6.94814
76000 -8.95309
76100 -8.97098
76200 -7.95664
76300 -7.39776
76400 -8.12874
76500 -8.43357
76600 -9.7856
76700 -9.04872
76800 -10.28836
76900 -8.20578
77000 -8.74914
77100 -10.01091
77200 -9.26857
77300 -9.81067
77400 -7.57883
77500 -7.9811
77600 -8.22967
77700 -8.3502
77800 -9.92045
77900 -7.99844
78000 -5.51246
78100 -8.11253
78200 -7.67257
78300 -6.98671
78400 -8.16371
78500 -6.84305
78600 -5.9423
78700 -6.68634
78800 -5.36682
78900 -7.66725
79000 -8.64649
79100 -9.27989
79200 -8.87568
79300 -7.60094
79400 -9.79878
79500 -8.08731
79600 -6.73469
79700 -6.92098
79800 -9.72011
79900 -9.92268
80000 -6.88167
80100 -6.46516
80200 -8.33612
80300 -7.75851
80400 -9.45756
80500 -8.91992
80600 -9.72388
80700 -9.33254
80800 -7.69826
80900 -8.4835
81000 -8.10422
81100 -8.85868
81200 -8.29766
81300 -8.12302
81400 -7.30672
81500 -7.15953
81600 -7.99494
81700 -8.03636
81800 -8.35734
81900 -6.36571
82000 -8.29369
82100 -9.04408
82200 -9.11839
82300 -9.71145
82400 -10.51481
82500 -8.84025
82600 -7.16664
82700 -6.2339
82800 -8.01204
82900 -7.29258
83000 -7.20491
83100 -5.92393
83200 -9.08604
83300 -9.15138
83400 -10.40945
83500 -7.79873
83600 -6.69269
83700 -7.8927
83800 -10.09761
83900 -9.08075
84000 -7.66314
84100 -9.82727
84200 -10.6542
84300 -8.73478
84400 -9.42044
84500 -6.6457
84600 -7.45738
84700 -5.86258
84800 -7.32725
84900 -7.89568
85000 -7.34676
85100 -7.18975
85200 -8.3997
85300 -10.16935
85400 -9.22679
85500 -8.07478
85600 -9.62636
85700 -7.26569
85800 -8.75232
85900 -7.59993
86000 -8.75723
86100 -7.71825
86200 -9.68468
86300 -8.25065
86400 -10.91448
86500 -10.04203
86600 -8.14194
86700 -8.13517
86800 -9.29979
86900 -7.79716
87000 -7.14149
87100 -6.06246
87200 -6.09107
87300 -7.74606
87400 -9.15913
87500 -8.81483
87600 -9.4874
87700 -6.6416
87800 -6.88338
87900 -8.42245
88000 -8.82764
88100 -8.90693
88200 -10.03905
88300 -8.71026
88400 -8.70278
88500 -8.77478
88600 -8.29642
88700 -10.40283
88800 -10.09452
88900 -5.5761
89000 -5.87018
89100 -5.88464
89200 -8.59708
89300 -8.16414
89400 -7.4668
89500 -9.13883
89600 -7.86828
89700 -6.53225
89800 -8.96929
89900 -8.24341
90000 -9.0028
90100 -7.3588
90200 -7.53355
90300 -7.57386
90400 -7.44458
90500 -7.66933
90600 -6.99787
90700 -7.77805
90800 -6.71899
90900 -7.93165
91000 -8.12242
91100 -8.37731
91200 -9.27953
91300 -8.58214
91400 -9.14567
91500 -6.74503
91600 -8.45047
91700 -8.81948
91800 -9.60164
91900 -7.56926
92000 -8.46101
92100 -9.16107
92200 -9.53452
92300 -8.51226
92400 -6.90775
92500 -5.32752
92600 -9.57356
92700 -8.76524
92800 -8.05019
92900 -7.80076
93000 -6.09898
93100 -6.80302
93200 -4.65338
93300 -5.85547
93400 -7.13717
93500 -5.81686
93600 -3.85259
93700 -6.46629
93800 -6.02305
93900 -6.61709
94000 -7.33723
94100 -8.51799
94200 -8.26002
94300 -8.91845
94400 -9.21914
94500 -6.18489
94600 -7.5514
94700 -7.89103
94800 -7.57034
94900 -8.11534
95000 -9.13609
95100 -8.17712
95200 -7.23741
95300 -8.86692
95400 -8.68205
95500 -8.73967
95600 -7.4488
95700 -9.31515
95800 -8.47583
95900 -6.51016
96000 -8.06906
96100 -7.53192
96200 -7.75441
96300 -7.51083
96400 -5.34748
96500 -6.43643
96600 -4.71002
96700 -8.17751
96800 -6.52613
96900 -7.69186
97000 -6.83428
97100 -5.29874
97200 -5.28406
97300 -7.14528
97400 -8.1068
97500 -6.73387
97600 -7.32685
97700 -8.86692
97800 -8.15676
97900 -7.34794
98000 -7.60972
98100 -5.31304
98200 -9.2316
98300 -7.0866
98400 -7.18063
98500 -7.64743
98600 -6.68714
98700 -7.67152
98800 -7.24353
98900 -6.91529
99000 -8.34394
99100 -8.71004
99200 -8.67939
99300 -6.2348
99400 -7.13297
99500 -8.59308
99600 -9.49376
99700 -8.51046
99800 -5.49378
99900 -7.08774
100000 -4.8902
100100 -5.16198
100200 -5.89153
100300 -8.11763
100400 -8.75666
100500 -9.43199
100600 -8.92782
100700 -8.96605
100800 -7.6825
100900 -9.20371
101000 -9.42441
101100 -11.86564
101200 -10.37258
101300 -9.78182
101400 -8.5211
101500 -8.48344
101600 -8.69528
101700 -7.228
101800 -7.04373
101900 -7.8371
102000 -8.82737
102100 -7.91595
102200 -5.92861
102300 -6.49436
102400 -8.11251
102500 -7.82097
102600 -7.79732
102700 -10.82031
102800 -9.40093
102900 -9.81769
103000 -7.8611
103100 -8.70708
103200 -8.21764
103300 -8.48534
103400 -8.9548
103500 -8.65939
103600 -9.87137
103700 -8.20836
103800 -8.19173
103900 -4.17905
104000 -8.44539
104100 -6.6634
104200 -7.79628
104300 -9.20271
104400 -8.95366
104500 -7.69761
104600 -6.5148
104700 -6.70283
104800 -8.08151
104900 -8.46556
105000 -11.07938
105100 -9.14822
105200 -7.1904
105300 -6.2059
105400 -6.38731
105500 -5.77933
105600 -7.22614
105700 -7.41362
105800 -7.87541
105900 -7.65212
106000 -5.92913
106100 -6.56804
106200 -4.66255
106300 -6.17979
106400 -8.2159
106500 -7.97432
106600 -8.67024
106700 -9.90885
106800 -8.64697
106900 -7.91449
107000 -8.56921
107100 -9.23243
107200 -8.2253
107300 -7.94012
107400 -5.69285
107500 -5.89181
107600 -5.15087
107700 -6.91671
107800 -6.1408
107900 -9.91865
108000 -10.46321
108100 -8.1686
108200 -9.34532
108300 -8.07656
108400 -8.62617
108500 -7.17686
108600 -7.99244
108700 -8.74802
108800 -8.70946
108900 -7.27745
109000 -7.85937
109100 -6.86789
109200 -6.81518
109300 -8.96199
109400 -9.77351
109500 -10.08951
109600 -9.43028
109700 -8.36458
109800 -7.77732
109900 -8.10868
110000 -8.33415
110100 -4.82897
110200 -7.06595
110300 -8.20156
110400 -8.34989
110500 -9.56805
110600 -8.73284
110700 -9.87083
110800 -9.70608
110900 -7.42964
111000 -7.75197
111100 -7.85085
111200 -8.97878
111300 -8.70323
111400 -5.54142
111500 -8.02856
111600 -8.48594
111700 -8.05455
111800 -8.79643
111900 -11.4739
112000 -6.16894
112100 -5.35731
112200 -6.08044
112300 -6.97504
112400 -7.48147
112500 -8.20974
112600 -7.38162
112700 -7.36109
112800 -7.00557
112900 -7.81979
113000 -6.68767
113100 -6.93788
113200 -7.49972
113300 -7.43417
113400 -7.18283
113500 -4.19394
113600 -6.30352
113700 -5.23272
113800 -5.13801
113900 -6.88027
114000 -7.10468
114100 -8.66542
114200 -8.27471
114300 -9.6551
114400 -9.39553
114500 -9.00456
114600 -9.3253
114700 -8.62508
114800 -7.76933
114900 -7.24144
115000 -9.3653
115100 -10.70429
115200 -10.07158
115300 -9.3563
115400 -9.2005
115500 -9.46522
115600 -8.32154
115700 -4.70335
115800 -8.34583
115900 -6.99837
116000 -6.4316
116100 -5.96978
116200 -7.41902
116300 -7.1838
116400 -9.39228
116500 -9.92877
116600 -9.06095
116700 -7.11056
116800 -6.5998
116900 -6.41277
117000 -7.87506
117100 -7.34602
117200 -6.44426
117300 -7.28955
117400 -8.13523
117500 -8.42512
117600 -9.16473
117700 -7.05068
117800 -8.27538
117900 -4.13114
118000 -6.89843
118100 -6.50445
118200 -6.69555
118300 -6.71735
118400 -9.80772
118500 -11.08636
118600 -10.192
118700 -8.07401
118800 -6.34393
118900 -7.43314
119000 -9.00277
119100 -7.11204
119200 -6.67928
119300 -6.44315
119400 -8.10905
119500 -10.07443
119600 -8.74631
119700 -6.69105
119800 -7.66216
119900 -8.09141
120000 -8.1881
120100 -5.7324
120200 -5.86491
120300 -5.44498
120400 -7.48819
120500 -6.83579
120600 -7.49862
120700 -6.95517
120800 -5.47729
120900 -7.18791
121000 -8.18244
121100 -9.16824
121200 -6.3336
121300 -4.74503
121400 -7.93631
121500 -8.1662
121600 -7.39444
121700 -9.50093
121800 -9.87829
121900 -9.01801
122000 -6.01119
122100 -3.50064
122200 -7.67031
122300 -8.33862
122400 -8.12308
122500 -8.72536
122600 -7.93045
122700 -7.58681
122800 -8.01837
122900 -8.73182
123000 -6.07597
123100 -7.57269
123200 -7.63719
123300 -5.37058
123400 -6.79342
123500 -7.47336
123600 -7.34579
123700 -6.89547
123800 -7.39211
123900 -7.86719
124000 -8.88661
124100 -8.73115
124200 -7.5857
124300 -6.49737
124400 -8.81787
124500 -9.78504
124600 -9.6771
124700 -9.9484
124800 -9.82724
124900 -8.97117
125000 -8.71555
125100 -9.21217
125200 -7.41773
125300 -7.74771
125400 -7.01594
125500 -7.47637
125600 -6.63149
125700 -8.70438
125800 -7.82713
125900 -9.09677
126000 -8.52011
126100 -11.59423
126200 -9.87591
126300 -9.19415
126400 -9.32103
126500 -7.88133
126600 -9.43628
126700 -10.79604
126800 -9.25626
126900 -8.74104
127000 -6.60295
127100 -7.83456
127200 -9.11869
127300 -9.06724
127400 -8.90037
127500 -7.52717
127600 -6.47505
127700 -7.64406
127800 -6.3449
127900 -7.94579
128000 -9.1852
128100 -9.84057
128200 -8.54418
128300 -7.7978
128400 -6.7797
128500 -8.79412
128600 -7.35107
128700 -9.36195
128800 -8.84096
128900 -4.71465
129000 -5.57963
129100 -6.98739
129200 -6.1599
129300 -6.56348
129400 -8.0859
129500 -10.9534
129600 -9.05341
129700 -9.96657
129800 -8.3185
129900 -5.63939
130000 -8.75184
130100 -6.52601
130200 -8.1549
130300 -6.59137
130400 -7.2934
130500 -8.21388
130600 -8.15608
130700 -8.79121
130800 -7.33211
130900 -9.06434
131000 -7.46293
131100 -8.78479
131200 -5.90266
131300 -6.57738
131400 -8.11275
131500 -6.25332
131600 -9.45023
131700 -8.32746
131800 -7.26545
131900 -8.16159
132000 -9.61839
132100 -6.35955
132200 -7.27572
132300 -7.2913
132400 -8.21824
132500 -5.94436
132600 -5.93163
132700 -7.49362
132800 -6.82466
132900 -9.05633
133000 -6.27871
133100 -8.69455
133200 -9.18591
133300 -11.42839
133400 -7.84548
133500 -7.58131
133600 -7.27808
133700 -7.66043
133800 -7.55606
133900 -6.59036
134000 -7.87216
134100 -8.76532
134200 -7.76596
134300 -7.40349
134400 -6.2647
134500 -7.72944
134600 -7.30783
134700 -9.00352
134800 -7.84477
134900 -10.84261
135000 -8.65228
135100 -6.81338
135200 -4.66558
135300 -7.49711
135400 -7.71199
135500 -7.43974
135600 -7.02712
135700 -7.18747
135800 -6.71494
135900 -8.18758
136000 -6.26821
136100 -7.25123
136200 -7.20675
136300 -7.02063
136400 -7.57828
136500 -6.19947
136600 -4.99142
136700 -6.75252
136800 -8.69553
136900 -9.4235
137000 -9.14411
137100 -8.48128
137200 -7.67582
137300 -8.44704
137400 -7.82906
137500 -5.7559
137600 -8.01021
137700 -10.53978
137800 -10.90682
137900 -9.19289
138000 -8.31359
138100 -7.54147
138200 -7.22045
138300 -9.89377
138400 -7.7457
138500 -8.22832
138600 -10.59827
138700 -9.00043
138800 -11.22934
138900 -8.71413
139000 -8.2837
139100 -7.5027
139200 -7.03208
139300 -7.21141
139400 -6.63851
139500 -7.35021
139600 -8.55364
139700 -7.75956
139800 -7.82114
139900 -7.28536
140000 -8.30645
140100 -6.88105
140200 -9.10704
140300 -10.63421
140400 -8.7125
140500 -8.33377
140600 -9.95643
140700 -9.45142
140800 -8.66908
140900 -7.12293
141000 -7.23133
141100 -7.42508
141200 -5.71369
141300 -7.92233
141400 -7.67918
141500 -7.02078
141600 -8.25112
141700 -7.90288
141800 -9.08027
141900 -9.94028
142000 -11.14882
142100 -10.1196
142200 -7.57249
142300 -7.44639
142400 -7.48999
142500 -9.11698
142600 -8.18628
142700 -7.88473
142800 -7.29446
142900 -9.18016
143000 -6.85299
143100 -9.35074
143200 -6.16606
143300 -8.97723
143400 -9.75583
143500 -8.4675
143600 -8.37298
143700 -6.73581
143800 -7.01065
143900 -7.91425
144000 -8.24986
144100 -8.16188
144200 -9.1388
144300 -8.59844
144400 -9.29905
144500 -8.27025
144600 -7.23135
144700 -6.82747
144800 -8.5991
144900 -10.87381
145000 -10.89772
145100 -7.67841
145200 -7.8751
145300 -8.82808
145400 -10.61949
145500 -7.93245
145600 -7.57033
145700 -8.04208
145800 -8.60418
145900 -10.06155
146000 -9.20672
146100 -7.20302
146200 -7.75637
146300 -8.34606
146400 -9.28203
146500 -7.65068
146600 -9.96815
146700 -9.6034
146800 -7.52295
146900 -6.53918
147000 -7.15389
147100 -7.909
147200 -8.26174
147300 -6.86351
147400 -7.90448
147500 -7.31709
147600 -9.79616
147700 -9.21822
147800 -8.60946
147900 -9.63743
148000 -7.92572
148100 -7.93564
148200 -5.65799
148300 -5.47985
148400 -6.25783
148500 -7.97311
148600 -6.56973
148700 -7.77386
148800 -6.5115
148900 -8.2709
149000 -9.82029
149100 -6.31762
149200 -9.97382
149300 -7.99003
149400 -8.67384
149500 -6.14998
149600 -5.8174
149700 -8.18516
149800 -7.7464
149900 -7.63857
150000 -7.91092
150100 -7.37527
150200 -8.45315
150300 -7.23531
150400 -7.27226
150500 -9.02392
150600 -11.34603
150700 -9.13836
150800 -7.22126
150900 -5.52486
151000 -7.20786
151100 -5.20393
151200 -7.98876
151300 -7.9147
151400 -9.51578
151500 -6.34199
151600 -7.25944
151700 -9.21695
151800 -8.803
151900 -8.17545
152000 -6.75452
152100 -8.81619
152200 -8.07238
152300 -7.69098
152400 -9.22332
152500 -9.32321
152600 -8.26914
152700 -6.89917
152800 -8.52584
152900 -9.13136
153000 -7.33507
153100 -8.04524
153200 -7.77999
153300 -7.6962
153400 -6.32811
153500 -7.55484
153600 -6.36406
153700 -6.0052
153800 -8.48919
153900 -10.11485
154000 -5.67605
154100 -8.00765
154200 -7.54349
154300 -7.49615
154400 -7.39669
154500 -8.7337
154600 -9.82606
154700 -8.80296
154800 -7.35191
154900 -9.37937
155000 -9.63397
155100 -7.77704
155200 -8.51335
155300 -9.02718
155400 -7.53597
155500 -6.57792
155600 -9.0756
155700 -9.02632
155800 -6.60653
155900 -8.20125
156000 -8.42738
156100 -7.46364
156200 -7.51661
156300 -7.64735
156400 -8.52355
156500 -7.57363
156600 -10.07032
156700 -8.88364
156800 -7.68139
156900 -8.15932
157000 -6.79257
157100 -7.80978
157200 -7.78159
157300 -9.10007
157400 -7.18835
157500 -6.2427
157600 -7.63548
157700 -7.59997
157800 -6.93019
157900 -5.50036
158000 -7.90634
158100 -7.92201
158200 -8.2859
158300 -8.04011
158400 -8.05001
158500 -7.71937
158600 -7.0907
158700 -7.43618
158800 -7.08646
158900 -7.99907
159000 -9.06206
159100 -9.68806
159200 -8.85725
159300 -9.11141
159400 -6.24249
159500 -8.29057
159600 -7.38651
159700 -6.91027
159800 -5.89108
159900 -4.36065
160000 -7.45564
160100 -7.18708
160200 -5.28757
160300 -6.67404
160400 -7.25567
160500 -8.27748
160600 -7.06646
160700 -6.872
160800 -7.22866
160900 -6.90972
161000 -6.78019
161100 -7.15532
161200 -6.72269
161300 -7.27305
161400 -4.94747
161500 -7.30433
161600 -6.48748
161700 -5.88094
161800 -5.14995
161900 -3.6471
162000 -4.80049
162100 -6.76043
162200 -7.14174
162300 -8.45302
162400 -9.15401
162500 -8.73793
162600 -9.30052
162700 -9.89239
162800 -8.38086
162900 -9.92267
163000 -9.19063
163100 -6.3942
163200 -7.0174
163300 -6.97572
163400 -7.68694
163500 -6.2738
163600 -7.33444
163700 -8.02985
163800 -7.74545
163900 -6.84559
164000 -7.46484
164100 -6.61581
164200 -8.26287
164300 -10.05818
164400 -7.64743
164500 -8.06177
164600 -7.90431
164700 -8.86837
164800 -7.22959
164900 -7.45428
165000 -6.1528
165100 -7.79934
165200 -10.75246
165300 -9.18471
165400 -7.177
165500 -7.8228
165600 -8.05772
165700 -9.73953
165800 -7.12991
165900 -6.19477
166000 -7.5207
166100 -8.55707
166200 -7.35101
166300 -7.71183
166400 -7.95925
166500 -5.02984
166600 -5.89565
166700 -7.02673
166800 -8.55166
166900 -8.05103
167000 -9.28562
167100 -9.06975
167200 -9.85152
167300 -8.72889
167400 -7.07162
167500 -7.13133
167600 -7.38841
167700 -6.58774
167800 -7.98234
167900 -8.36651
168000 -7.10663
168100 -7.75803
168200 -6.43167
168300 -7.76962
168400 -7.99097
168500 -5.98578
168600 -6.78474
168700 -6.46854
168800 -6.56249
168900 -6.23659
169000 -8.00386
169100 -7.663
169200 -7.53171
169300 -6.45901
169400 -7.90108
169500 -5.85952
169600 -7.9149
169700 -6.64939
169800 -7.46474
169900 -9.20425
170000 -10.21378
170100 -7.71659
170200 -4.56058
170300 -10.29303
170400 -8.68803
170500 -9.90739
170600 -8.7053
170700 -7.69572
170800 -7.99672
170900 -7.07364
171000 -6.92209
171100 -8.41214
171200 -8.74464
171300 -8.16704
171400 -9.20083
171500 -10.48047
171600 -9.21427
171700 -7.98086
171800 -8.10545
171900 -7.68652
172000 -9.62194
172100 -8.39498
172200 -7.80155
172300 -6.89087
172400 -9.96522
172500 -9.75643
172600 -8.74383
172700 -7.83646
172800 -8.12851
172900 -8.24285
173000 -8.04005
173100 -7.89309
173200 -7.49157
173300 -7.53722
173400 -7.69063
173500 -9.79878
173600 -8.25553
173700 -9.50024
173800 -9.35449
173900 -10.3351
174000 -10.24213
174100 -10.18433
174200 -6.21477
174300 -10.75592
174400 -10.11256
174500 -8.1355
174600 -8.33259
174700 -7.50987
174800 -8.3123
174900 -5.7615
175000 -5.71553
175100 -6.53204
175200 -7.95743
175300 -8.95257
175400 -5.0965
175500 -6.79963
175600 -8.49365
175700 -9.67075
175800 -10.63887
175900 -9.40193
176000 -7.63183
176100 -9.06489
176200 -6.32207
176300 -7.94486
176400 -7.20551
176500 -8.69336
176600 -7.16884
176700 -8.92423
176800 -9.48522
176900 -8.30422
177000 -9.48004
177100 -6.8515
177200 -8.24376
177300 -8.21892
177400 -8.17072
177500 -8.81974
177600 -7.66006
177700 -7.48986
177800 -8.17635
177900 -7.33532
178000 -8.78248
178100 -8.2398
178200 -8.19735
178300 -10.51929
178400 -8.93407
178500 -7.82439
178600 -8.153
178700 -9.14258
178800 -8.72018
178900 -10.92221
179000 -9.67197
179100 -10.80982
179200 -9.12007
179300 -8.21994
179400 -9.18501
179500 -11.09359
179600 -8.6625
179700 -7.49598
179800 -9.8713
179900 -8.71889
180000 -6.98734
180100 -7.8998
180200 -5.5451
180300 -7.46787
180400 -10.42716
180500 -7.91261
180600 -9.21587
180700 -9.18136
180800 -7.17147
180900 -7.4102
181000 -7.02198
181100 -8.1967
181200 -9.94047
181300 -7.39308
181400 -8.84656
181500 -10.32645
181600 -7.63549
181700 -5.78912
181800 -9.80489
181900 -9.50984
182000 -8.27229
182100 -7.85573
182200 -9.60629
182300 -9.95016
182400 -9.28604
182500 -9.84211
182600 -8.72364
182700 -9.84758
182800 -7.74744
182900 -9.13693
183000 -8.59469
183100 -7.87331
183200 -7.68261
183300 -10.18203
183400 -9.67663
183500 -10.14865
183600 -9.69165
183700 -9.76474
183800 -9.62618
183900 -9.34658
184000 -10.97868
184100 -9.98642
184200 -8.0092
184300 -9.80329
184400 -9.3378
184500 -8.19692
184600 -8.51621
184700 -8.61973
184800 -9.63342
184900 -9.71028
185000 -8.14912
185100 -7.47847
185200 -5.87882
185300 -6.48752
185400 -7.11124
185500 -6.98401
185600 -7.02615
185700 -9.19299
185800 -5.90878
185900 -6.49448
186000 -9.36989
186100 -9.79837
186200 -8.11989
186300 -6.71154
186400 -5.80235
186500 -8.32584
186600 -9.90569
186700 -9.68136
186800 -8.38897
186900 -6.16485
187000 -7.30537
187100 -7.51285
187200 -5.94357
187300 -6.41423
187400 -6.81952
187500 -5.98389
187600 -6.46287
187700 -8.29804
187800 -8.42136
187900 -6.60747
188000 -7.24831
188100 -6.05023
188200 -8.19276
188300 -6.54034
188400 -7.2894
188500 -5.85947
188600 -6.30204
188700 -8.10185
188800 -6.4369
188900 -8.98403
189000 -9.17248
189100 -10.80482
189200 -10.16149
189300 -9.68656
189400 -10.4554
189500 -9.79376
189600 -8.78574
189700 -8.32402
189800 -8.09474
189900 -7.34103
190000 -8.32741
190100 -7.43915
190200 -7.93098
190300 -7.92277
190400 -8.83188
190500 -10.39547
190600 -10.54291
190700 -10.43543
190800 -7.06756
190900 -7.34068
191000 -8.48248
191100 -8.44273
191200 -8.97293
191300 -6.01186
191400 -7.77549
191500 -8.12591
191600 -7.88072
191700 -5.46838
191800 -8.75798
191900 -8.4362
192000 -8.9339
192100 -5.40691
192200 -7.86676
192300 -8.87111
192400 -8.86547
192500 -7.03299
192600 -7.96799
192700 -5.97868
192800 -6.46216
192900 -8.22517
193000 -8.55457
193100 -7.32688
193200 -6.85548
193300 -6.06678
193400 -6.32762
193500 -6.14304
193600 -7.42452
193700 -7.09493
193800 -6.97371
193900 -8.49524
194000 -6.3005
194100 -8.10371
194200 -6.87988
194300 -8.01271
194400 -7.4738
194500 -6.82846
194600 -5.94537
194700 -7.38024
194800 -7.05814
194900 -8.12903
195000 -6.63086
195100 -7.54935
195200 -7.63727
195300 -6.88092
195400 -9.57178
195500 -7.96722
195600 -8.02885
195700 -8.02429
195800 -7.30623
195900 -8.68471
196000 -6.47783
196100 -6.99213
196200 -6.25235
196300 -7.58111
196400 -8.89672
196500 -5.77503
196600 -6.96576
196700 -9.85643
196800 -9.58912
196900 -10.90067
197000 -9.47303
197100 -8.33747
197200 -7.84994
197300 -7.42179
197400 -6.36142
197500 -8.02526
197600 -7.19671
197700 -5.3849
197800 -7.07393
197900 -7.6252
198000 -7.74856
198100 -8.20045
198200 -7.19965
198300 -8.03198
198400 -5.76758
198500 -5.73643
198600 -6.19496
198700 -6.58982
198800 -7.79639
198900 -8.77945
199000 -7.77328
199100 -9.20654
199200 -7.55575
199300 -7.33242
199400 -8.47116
199500 -7.32733
199600 -9.54171
199700 -7.84238
199800 -8.29743
199900 -7.43644
200000 -7.24613
200100 -9.74114
200200 -6.6876
200300 -7.0381
200400 -8.68458
200500 -9.02726
200600 -6.73996
200700 -10.22294
200800 -9.6023
200900 -7.38707
201000 -8.05328
201100 -7.4297
201200 -7.81185
201300 -5.58981
201400 -5.80432
201500 -6.64677
201600 -6.19528
201700 -6.2516
201800 -7.18583
201900 -7.25201
202000 -4.91538
202100 -5.44247
202200 -7.6177
202300 -9.47941
202400 -9.38334
202500 -9.28866
202600 -7.52906
202700 -9.47597
202800 -9.56289
202900 -7.61242
203000 -6.49694
203100 -6.69668
203200 -5.25915
203300 -3.29684
203400 -6.54784
203500 -8.78806
203600 -7.42259
203700 -7.68609
203800 -7.51981
203900 -9.13006
204000 -8.0989
204100 -9.2734
204200 -10.93278
204300 -8.31417
204400 -7.65711
204500 -7.73488
204600 -7.7587
204700 -5.11525
204800 -7.73011
204900 -7.17281
205000 -8.5314
205100 -8.28396
205200 -9.39249
205300 -8.08173
205400 -6.13091
205500 -8.28412
205600 -6.39182
205700 -9.22227
205800 -8.51315
205900 -7.87722
206000 -6.89423
206100 -8.02923
206200 -7.35772
206300 -9.14423
206400 -8.29658
206500 -6.967
206600 -8.23754
206700 -6.51326
206800 -7.71779
206900 -6.33382
207000 -9.0337
207100 -6.74092
207200 -8.71602
207300 -5.7019
207400 -8.41458
