# Model = symNN.TensorFlow.(3)-8-9x9-12-(9)
# Num weights = 1080
# Learning rate = <tf.Variable 'Variable:0' shape=() dtype=float32>
# Env random seed = 111
# Start time: 31-08-2021(13:47)
100 -2.887442003690315
200 -12.568667855642179
300 -14.368528408873166
400 -15.320531185865534
500 -17.57559173653659
600 -15.616749014820378
700 -16.48850864535185
800 -16.528719622153485
900 -15.233678930176037
1000 -16.745149768480836
1100 -16.991868319288645
1200 -16.93595731813143
1300 -17.11850591754499
1400 -17.39827123005757
1500 -16.71278412707227
1600 -16.340372317634213
1700 -15.339031508617678
1800 -14.851272551768867
1900 -14.14753948181612
2000 -15.695863990223073
2100 -15.095190582979098
2200 -16.124588229593485
2300 -15.503946206856279
2400 -15.917816950673446
2500 -16.85963758944276
2600 -15.92280959283571
2700 -16.238644017051556
2800 -17.40055128814199
2900 -17.825918468762357
3000 -18.74483309967573
3100 -15.734115760772392
3200 -15.808044656686402
3300 -17.085510258219127
3400 -16.56025272490321
3500 -16.53071494882522
3600 -15.065707823009015
3700 -14.074484510824094
3800 -14.575585470355437
3900 -15.91886846924513
4000 -14.127495538995246
4100 -13.421043935968042
4200 -12.657422242318486
4300 -10.833618265051465
4400 -12.397060619052313
4500 -13.650620549966042
4600 -11.145626645566516
4700 -12.321753730245387
4800 -12.040189079636864
4900 -12.370880846404905
5000 -10.556120032059601
5100 -6.199411817920752
5200 -6.832167962411456
5300 -6.812024227339724
5400 -6.293260667534754
5500 -6.630467875971624
5600 -6.778091981572551
5700 -5.085668476115766
5800 -6.124283626573202
5900 -7.020586243004351
6000 -6.579267965115756
6100 -7.577173402757129
6200 -8.89420213861838
6300 -6.884138109410379
6400 -8.405864122026168
6500 -8.091513390733011
6600 -9.912578711657856
6700 -7.573425081662568
6800 -7.931061283230246
6900 -7.769230637714106
7000 -6.042829384755364
7100 -8.167172740820398
7200 -8.946030661693928
7300 -7.412584448070362
7400 -5.747324700417231
7500 -6.257163109955798
7600 -9.989657389069759
7700 -10.252965485166488
7800 -10.036358223585076
7900 -7.932743465499963
8000 -7.804438538033036
8100 -8.2707303253679
8200 -7.448160374276321
8300 -9.297361955397406
8400 -7.426344351941321
8500 -7.636547087627799
8600 -6.312762587492902
8700 -7.14264764958288
8800 -7.209528108232311
8900 -7.324071546180224
9000 -8.801390634206042
9100 -6.983593148465794
9200 -7.875720067272645
9300 -8.62435667873387
9400 -9.725343497774197
9500 -9.630279379275436
9600 -7.946685857938513
9700 -6.0685731133085685
9800 -7.7300087222221086
9900 -8.69158328444575
10000 -7.52521696853531
10100 -8.929854053627347
10200 -7.653669085760017
10300 -9.662210094720871
10400 -7.549883410035479
10500 -7.934817587944873
10600 -7.256496847769816
10700 -7.222817258556112
10800 -6.00642014039886
10900 -10.11076824057639
11000 -7.386949290338749
11100 -7.905031942771449
11200 -8.500852952453839
11300 -5.265948327233971
11400 -7.869316343834867
11500 -6.7282085449395
11600 -9.239016826629049
11700 -8.493517496640415
11800 -7.11257477555662
11900 -7.685143088396972
12000 -6.548528850704411
12100 -8.899622863721513
12200 -7.944441327084381
12300 -9.095063210434514
12400 -7.862077954516818
12500 -8.496564051577504
12600 -5.853873257409819
12700 -7.844416166831833
12800 -8.108911654114278
12900 -8.791947839767339
13000 -8.347409003824334
13100 -6.596341980056674
13200 -7.11227129240582
13300 -6.424343909367521
13400 -6.6255378271729
13500 -9.22797722377391
13600 -6.552543372731974
13700 -6.611963243671451
13800 -7.015036105738932
13900 -7.853356238460376
14000 -7.8153223607220355
14100 -7.219394755876895
14200 -6.342224508624612
14300 -6.160599290548071
14400 -8.64836248005065
14500 -7.611062723015786
14600 -8.67682750066543
14700 -8.22451024361532
14800 -7.4094810354096845
14900 -9.157977825145945
15000 -6.846808565491034
15100 -7.02756457684144
15200 -6.5314066972053
15300 -6.049684274905426
15400 -7.477449997637964
15500 -6.6115728887569105
15600 -9.475770456722431
15700 -6.783716995861083
15800 -7.685934557887144
15900 -6.204244011826089
16000 -7.170892920526109
16100 -8.491390132097328
16200 -7.092016061481103
16300 -7.630380585541449
16400 -7.964049359104263
16500 -7.1710211132070505
16600 -5.992098319855395
16700 -6.949785118404121
16800 -7.4162758008369885
16900 -9.358735645366243
17000 -7.508284006015373
17100 -8.283633724064195
17200 -7.797764601604112
17300 -7.155618249159447
17400 -7.574972706121555
17500 -8.690845284900469
17600 -9.970625157836709
17700 -9.879930561756947
17800 -10.566473095939617
17900 -7.758297175079964
18000 -10.650911195516263
18100 -9.36100082234109
18200 -8.441432913815575
18300 -7.912779132911677
18400 -7.203481222550053
18500 -6.96812613085223
18600 -6.709412236185966
18700 -8.21340297642959
18800 -8.321279703486372
18900 -5.838899211102692
19000 -7.4056829091271785
19100 -9.073877292554554
19200 -9.592776156192661
19300 -7.940197619993866
19400 -8.137638351007475
19500 -5.585310806110874
19600 -5.233697291214937
19700 -5.623229576349919
19800 -6.474382907448822
19900 -6.603383017391799
20000 -7.6234041179556575
20100 -6.913927338033395
20200 -6.2313889017305355
20300 -5.774837851863136
20400 -8.78381038017533
20500 -9.228036821873335
20600 -8.023984175808964
20700 -7.204313285879031
20800 -8.4409631729128
20900 -6.724650618798604
21000 -6.596538087421103
21100 -8.514477096976773
21200 -7.423794229327698
21300 -8.578218363783982
21400 -8.712979398185627
21500 -7.2241386357613635
21600 -9.73448533905799
21700 -8.364020534514683
21800 -6.429056344933763
21900 -9.05786299761286
22000 -9.785045958199056
22100 -9.548261678903014
22200 -8.166007402018433
22300 -9.238803044654354
22400 -10.436948712576166
22500 -8.135251340345754
22600 -7.973643894142787
22700 -6.85525512710045
22800 -7.542990732405259
22900 -7.564364633286227
23000 -7.636729556515496
23100 -8.73784557461617
23200 -9.116563064866973
23300 -7.931094686870266
23400 -8.601362891273494
23500 -7.700576091972447
23600 -8.457114045788385
23700 -10.137508947982601
23800 -11.087368579906242
23900 -10.783809157613497
24000 -9.19715155281543
24100 -8.006574512163818
24200 -6.715201519234398
24300 -9.509053032507984
24400 -8.389677148972224
24500 -7.670434108391688
24600 -7.485088220342439
24700 -9.1882865126883
24800 -9.616400366355006
24900 -9.547401946938221
25000 -7.920700911572287
25100 -8.074140035371475
25200 -7.537567604436914
25300 -5.849049605582275
25400 -7.298196779039225
25500 -7.315247704120685
25600 -8.826546671500115
25700 -9.886019244393074
25800 -8.358678747682479
25900 -8.553556840536004
26000 -7.82940718738682
26100 -9.062685081396964
26200 -8.702414105194945
26300 -9.983792150238619
26400 -7.38667945871381
26500 -9.87703040516524
26600 -8.98815102200437
26700 -8.914570108980842
26800 -8.538726279016004
26900 -5.851031406635097
27000 -6.8410364428122215
27100 -7.0389251760205465
27200 -5.527000361318822
27300 -7.7140840379054225
27400 -9.269687260584622
27500 -8.313119641508123
27600 -6.83822650372215
27700 -8.253366353166822
27800 -7.630723179076109
27900 -6.548044375066723
28000 -7.721542188519327
28100 -6.086703782879835
28200 -7.672570744030525
28300 -6.3703634867751395
28400 -6.9985639056175994
28500 -4.966006594530747
28600 -7.022082799024686
28700 -8.428650141157306
28800 -8.026515200153327
28900 -8.176302759106346
29000 -10.767147891468696
29100 -10.984264389998916
29200 -9.950785858743993
29300 -11.488324542381498
29400 -8.061590684323267
29500 -6.506429033242057
29600 -7.679233123744049
29700 -7.633013788705323
29800 -8.04663907767236
29900 -9.92766693307918
30000 -7.4242750538783016
30100 -8.031710246027654
30200 -8.000456864421858
30300 -7.467640141298556
30400 -7.683000046627154
30500 -10.115303268468978
30600 -11.191693278213853
30700 -10.791505031770749
30800 -7.321568292086986
30900 -7.689836319863169
31000 -9.981693579648248
31100 -10.943206785839083
31200 -12.667808150160708
31300 -11.322199487854762
31400 -10.566641866367586
31500 -12.185032065333068
31600 -12.10627342793827
31700 -12.010917977758307
31800 -10.676290098537725
31900 -11.657797088558373
32000 -11.739641106279171
32100 -11.91981926929142
32200 -14.415147224539753
32300 -14.374782619222675
32400 -14.165916911763938
32500 -12.201823915042668
32600 -11.971031437531636
32700 -12.146047075050983
32800 -12.521739244532025
32900 -15.329098954020957
33000 -15.433375329421605
33100 -13.510761172891298
33200 -12.891347819776355
33300 -12.518745450915565
33400 -11.366213896612818
33500 -12.13283481139207
33600 -13.425445329985806
33700 -12.79452264767409
33800 -12.695914605426637
33900 -12.440034183102377
34000 -13.031131769590306
34100 -13.609415926460985
34200 -15.114633342848824
34300 -14.01977357900187
34400 -13.116174465606674
34500 -14.52564509976639
34600 -14.366131380260377
34700 -15.458560500288474
34800 -14.176622784947492
34900 -15.50017214069649
35000 -16.24451742851895
35100 -15.108420046189094
35200 -14.31009232937141
35300 -16.914937191761087
35400 -16.838173058006376
35500 -16.837519976144304
35600 -16.005854312869968
35700 -15.414598895251357
35800 -16.94296761268831
35900 -16.674030687861237
36000 -17.19027368518541
36100 -15.357127730448926
36200 -15.26321598616916
36300 -14.782908246006206
36400 -15.822163632358874
36500 -16.22886625104401
36600 -16.322941242066314
36700 -14.99187273909281
36800 -14.871454783768316
36900 -16.247765025451873
37000 -16.570592875822314
37100 -16.09832176939474
37200 -15.810543905648156
37300 -16.15610456849241
37400 -15.928120229306034
37500 -16.422620132976906
37600 -16.569441448754766
37700 -16.756692810177427
37800 -16.453625040781944
37900 -17.95085935409651
38000 -17.085961677582933
38100 -16.351035413064437
38200 -14.920297427458326
38300 -16.199255538390787
38400 -16.632157791932446
38500 -17.870202764529466
38600 -17.02081499351368
38700 -15.568752814739154
38800 -16.77622167785126
38900 -15.30816005449018
39000 -16.041751788616253
39100 -15.178995978804833
39200 -15.587915385658949
39300 -16.66745950966962
39400 -15.514671803326065
39500 -14.353708228433197
39600 -15.052766769245602
39700 -16.531412788814457
39800 -16.259679497214886
39900 -17.60268149157134
40000 -17.202783472528672
40100 -17.390020678950066
40200 -16.713351818032226
40300 -15.069015381758081
40400 -17.18749948214285
40500 -16.062957215074718
40600 -17.275500319231536
40700 -18.007961119714217
40800 -16.846883249765643
40900 -15.459912452049858
41000 -14.973093549112145
41100 -15.91717246058267
41200 -15.38212206325306
41300 -16.85425969504922
41400 -16.11621928948528
41500 -15.990899568639328
41600 -16.525651237607356
41700 -16.534743668589357
41800 -16.80053575410498
41900 -16.510653269264644
42000 -15.386536562109713
42100 -15.800416076163115
42200 -16.8089753226843
42300 -17.594758382332433
42400 -17.28560628351283
42500 -17.776495717994138
42600 -17.184646524916253
42700 -16.94319865753419
42800 -16.65031297792419
42900 -16.840403023171223
43000 -16.795399827269872
43100 -17.284344059039658
43200 -16.838907733277313
43300 -17.61455106817985
43400 -16.938996908020233
43500 -14.916834245480398
43600 -16.79186700459341
43700 -17.49488260284735
43800 -15.716181746338581
43900 -15.866544747449165
44000 -15.946056018121654
44100 -15.818425004555627
44200 -16.301552422467015
44300 -15.84443529798963
44400 -16.076836158594002
44500 -16.187391076928332
44600 -16.763898479165956
44700 -16.219106322991106
44800 -15.723864759618209
44900 -16.333642080859903
45000 -16.412167330970426
45100 -17.377823506707774
45200 -15.926758747644907
45300 -15.773575772138852
45400 -16.733972782609587
45500 -16.50563784269815
45600 -15.933011151572558
45700 -16.761271638527276
45800 -17.378700499424955
45900 -17.61676261613839
46000 -17.862101192845838
46100 -17.114014018626115
46200 -16.96187269048017
46300 -17.78167199180614
46400 -17.463561918099636
46500 -16.957659220886015
46600 -17.101199847732307
46700 -16.58050505939298
46800 -16.470836375681923
46900 -15.867577714654566
47000 -16.245653730667442
47100 -16.172537665475673
47200 -15.298297474528793
47300 -16.26970229140071
47400 -16.735934512480178
47500 -17.753881866317617
47600 -17.00708207703907
47700 -17.125689095597018
47800 -16.52296897336179
47900 -15.102204994155896
48000 -17.387033688451282
48100 -16.841305457589304
48200 -16.952390620235946
48300 -17.99441615124578
48400 -15.409668863452938
48500 -15.80469008756688
48600 -16.306706054557914
48700 -17.46257020084634
48800 -17.12876941675483
48900 -18.201116335092774
49000 -14.938823371258806
49100 -17.332892447155324
49200 -16.479927035942612
49300 -16.29436459069375
49400 -17.15924224102542
49500 -16.959431229509114
49600 -16.54474709664712
49700 -16.576299553347543
49800 -17.568137072083935
49900 -17.983124254450658
50000 -17.678183608499825
50100 -17.412801814711706
50200 -17.08460231844086
50300 -17.408397941063548
50400 -16.031545453983608
50500 -16.367591693209743
50600 -16.269886155035408
50700 -16.081803629941383
50800 -16.1009643506865
50900 -16.401268111743324
51000 -16.373669315738876
51100 -17.284514920969883
51200 -16.09321937982711
51300 -16.98458362101481
51400 -16.24509137484152
51500 -16.536860341052478
51600 -17.0031944206161
51700 -16.77069789010546
51800 -16.97102718592673
51900 -17.446274580481894
52000 -17.445080226882908
52100 -15.533231552617819
52200 -17.48903969170152
52300 -17.55559025933751
52400 -16.884283252425444
52500 -18.127418655212082
52600 -18.049732547386743
52700 -17.61444431311274
52800 -17.18906147191337
52900 -17.008874641156336
53000 -17.631120027281913
53100 -17.3520844251754
53200 -18.04077371160514
53300 -17.07962955341642
53400 -16.982200330603572
53500 -17.215322656040975
53600 -18.05624881156276
53700 -17.730975896428713
53800 -17.737908587369326
53900 -17.732104527847113
54000 -17.57334652674958
54100 -17.725516532960686
54200 -16.69781588564797
54300 -16.046702647399616
54400 -15.820199403246907
54500 -16.431422500011042
54600 -16.383968014569398
54700 -16.52367482749078
54800 -17.380816373416863
54900 -17.464791462258432
55000 -17.704220798878193
55100 -16.18858043919371
55200 -17.081830936184577
55300 -16.37187077555447
55400 -17.892562863147084
55500 -16.897449626112785
55600 -16.522150813826578
55700 -16.53050587429271
55800 -16.566808949732486
55900 -15.974492820995495
56000 -17.02025213595239
56100 -15.686081629651476
56200 -16.053168514500044
56300 -15.535436146515488
56400 -16.60981410102001
56500 -16.096524273688907
56600 -16.5121165505975
56700 -16.66811680639963
56800 -15.46349357475027
56900 -15.338560385301776
57000 -15.912779705027877
57100 -17.206391939043115
57200 -17.837483196484754
57300 -16.55536192666859
57400 -17.807472372053404
57500 -17.37665235367807
57600 -16.9730679676288
57700 -16.05222225153299
57800 -16.19493103157424
57900 -15.984753141989149
58000 -16.418206713933547
58100 -16.12262771122626
58200 -17.07394357158319
58300 -16.724973157508913
58400 -16.153658768131727
58500 -17.195968107384772
58600 -17.10286652419527
58700 -17.49764535060872
58800 -16.00518875536805
58900 -16.956032340151864
59000 -16.9089155410357
59100 -17.19636464092104
59200 -16.80513780300456
59300 -18.830577109988376
59400 -17.535938148082632
59500 -16.894434354927533
59600 -16.296336729734602
59700 -16.21799620146689
59800 -16.829026197801095
59900 -16.732111535622366
60000 -17.482252956123627
60100 -17.863762573304804
60200 -17.820697505123352
60300 -17.501418176612134
60400 -17.734710183173558
60500 -17.99243683821295
60600 -16.585336292280218
60700 -16.712538243665758
60800 -16.316394440353207
60900 -15.770302650767803
61000 -18.02621564668751
61100 -18.222856313390324
61200 -16.661844197682445
61300 -16.95946430082316
61400 -16.534241281813657
61500 -15.947823538568512
61600 -17.850876942907718
61700 -17.34630611165162
61800 -16.406427413442582
61900 -16.82746225522506
62000 -16.75648863341661
62100 -16.244827808701828
62200 -16.554161915601778
62300 -16.441810600871207
62400 -17.107247670056704
62500 -16.94547191667789
62600 -16.43096355779206
62700 -17.45903510218072
62800 -17.137598836838645
62900 -16.85727436224211
63000 -16.719523284457992
63100 -17.37448699780321
63200 -17.525985036388594
63300 -17.210952557822463
63400 -15.360831404231941
63500 -15.80961462284815
63600 -16.70472443989339
63700 -18.442485432653157
63800 -17.931154493061143
63900 -17.339420896082945
64000 -16.396561395872357
64100 -16.61400106265404
64200 -16.76422963293706
64300 -17.6980765440394
64400 -15.828004588893247
64500 -17.658782910476546
64600 -18.762642807332774
64700 -18.07873256807165
64800 -17.977718507451307
64900 -17.310999429934874
65000 -17.687584125271567
65100 -16.38803380514059
65200 -17.38989339159495
65300 -18.207865888764594
65400 -17.030836446523935
65500 -15.873519247892494
65600 -17.429838023617663
65700 -16.622056667892334
65800 -15.100799649780082
65900 -15.274224474634762
66000 -16.15196750070521
66100 -17.426655995506827
66200 -16.056003900248818
66300 -15.864176588520072
66400 -16.680576618384894
66500 -16.746045737159644
66600 -15.25719980504556
66700 -15.28852810850619
66800 -16.043335076509077
66900 -15.454322387284103
67000 -15.68016724509608
67100 -17.03507093020258
67200 -16.41931143418166
67300 -14.336134861015669
67400 -16.231379414508552
67500 -16.4998790533509
67600 -16.00633249649903
67700 -16.58679254413915
67800 -16.30245877723846
67900 -14.985355319268516
68000 -15.95629142582173
68100 -17.075975228703275
68200 -16.107515960354775
68300 -16.96933445319364
68400 -17.457158933071472
68500 -17.17586660709925
68600 -17.546312076290313
68700 -17.19640347732571
68800 -16.389735481462246
68900 -15.390619400598707
69000 -15.275053103215443
69100 -15.12827263476028
69200 -15.36140549001325
69300 -17.6662333603863
69400 -16.71672060809639
69500 -15.442930663086365
69600 -15.881187592539174
69700 -14.36696062071764
69800 -14.806030168864815
69900 -14.986797107309412
70000 -14.740605639632102
70100 -14.91865416453307
70200 -16.22036955312743
70300 -17.04726521426932
70400 -16.067818641986523
70500 -14.99962108359258
70600 -16.306249877457414
70700 -16.645095377859633
70800 -16.85668136105307
70900 -15.530064958864454
71000 -17.339843351880702
71100 -16.43496960440905
71200 -16.611832043922156
71300 -16.10561762575559
71400 -16.746400754758227
71500 -16.717403748860292
71600 -16.077972839638303
71700 -16.24310372514272
71800 -15.679814323371954
71900 -15.657934727047994
72000 -14.850563611397964
72100 -15.155647032636924
72200 -14.41592082807998
72300 -14.947729132931748
72400 -15.552863942599773
72500 -14.608819037638598
72600 -14.405363773712695
72700 -15.949860351860234
72800 -16.265942820980605
72900 -15.295194348820116
73000 -14.030211845420055
73100 -14.493498742449452
73200 -16.517830864900482
73300 -16.825190878873713
73400 -16.758393746648157
73500 -16.363125847048718
73600 -16.16210306194748
73700 -14.076298745214796
73800 -15.811137594805606
73900 -14.821387693621013
74000 -16.715086326291217
74100 -16.061548871745988
74200 -16.567865515108732
74300 -16.10378740646171
74400 -15.311086037270991
74500 -14.83385488140213
74600 -13.229422562868244
74700 -13.915943249479994
74800 -14.559171804285672
74900 -14.730864353922321
75000 -16.37229450952433
75100 -13.727872737701162
75200 -15.452649120744626
75300 -14.857442209105617
75400 -13.996906664032096
75500 -14.389290832262208
75600 -12.80820953684852
75700 -14.891221535626551
75800 -13.06574028616438
75900 -13.097235767097562
76000 -13.471416443643243
76100 -13.806820661576785
76200 -13.174876481565269
76300 -15.01970027001202
76400 -15.31320790331337
76500 -16.989898019191855
76600 -17.183281718823373
76700 -17.223022046300287
76800 -17.532409758242302
76900 -15.728048237171297
77000 -16.72383157371162
77100 -18.565112958278007
77200 -18.133775570653004
77300 -17.283657621896356
77400 -14.836274910174499
77500 -12.890633501196408
77600 -14.544665298022496
77700 -14.669101817107997
77800 -15.061296989587989
77900 -14.048383964488943
78000 -15.080178078622671
78100 -15.824695687582128
78200 -14.861694319538438
78300 -16.263265757535684
78400 -16.905309006361687
78500 -14.563941294693123
78600 -15.398821579056925
78700 -13.815353013335537
78800 -15.793121924748547
78900 -15.53877171860626
79000 -14.178128627263087
79100 -13.901558948753232
79200 -13.895089491626205
79300 -14.864182768855985
79400 -15.324718611607969
79500 -15.3255096492178
79600 -15.617306554086428
79700 -13.020920179792235
79800 -13.838449628291674
79900 -14.87554311722078
80000 -14.564594054690687
80100 -15.169386758817488
80200 -12.832514359771212
80300 -13.15136791224267
80400 -14.239005672912384
80500 -14.04510617326224
80600 -14.301078061509942
80700 -15.257833578594806
80800 -15.2877236556664
80900 -14.068826397249998
81000 -13.978872042384237
81100 -15.46184833309795
81200 -15.791408810094888
81300 -15.148685800317345
81400 -14.184092100467373
81500 -15.058800037860959
81600 -13.982292966285671
81700 -13.850796949169169
81800 -15.031058200843725
81900 -12.568126997442763
82000 -14.281448854006317
82100 -14.203142168195544
82200 -14.515510565892736
82300 -13.059103727528598
82400 -13.246445902734957
82500 -13.282307676554872
82600 -14.409338816510946
82700 -12.658828742736501
82800 -13.085039854571601
82900 -14.47609957762966
83000 -13.412544999932267
83100 -15.1601913251141
83200 -13.95341517437539
83300 -15.963065874211052
83400 -14.534465431412306
83500 -14.214362755231287
83600 -14.105193058170874
83700 -14.170575646112976
83800 -12.290399480127183
83900 -13.43969213983399
84000 -15.092873411306453
84100 -15.886539184105517
84200 -16.195908712532226
84300 -15.76610675756889
84400 -15.347072717647746
84500 -13.097129608485993
84600 -13.55934015606089
84700 -15.140317442783232
84800 -12.1327264301369
84900 -13.779692950051796
85000 -15.130657553889243
85100 -15.23675082585042
85200 -14.202797563644157
85300 -15.34834366230042
85400 -14.991430870975238
85500 -13.840703334188541
85600 -13.597399350004967
85700 -12.617703201710784
85800 -12.61707240257582
85900 -14.386064086031544
86000 -13.434834177481774
86100 -14.359195754185249
86200 -14.451437825955018
86300 -12.869117326662456
86400 -13.321234914826299
86500 -14.98378280889
86600 -14.510002196173204
86700 -14.848684650186605
86800 -14.987137843636907
86900 -15.25117384299458
87000 -16.271558119901982
87100 -16.063230813387296
87200 -14.962895494266746
87300 -15.599622216340991
87400 -15.483323185693637
87500 -15.10574521173632
87600 -14.928134943719241
87700 -12.678042509076933
87800 -14.520555536837993
87900 -15.484542954237156
88000 -13.550429023385508
88100 -12.169731919283738
88200 -13.169969978742348
88300 -14.15904289065415
88400 -14.052992383584595
88500 -15.595309167752985
88600 -15.26356035933825
88700 -14.13154233684229
88800 -13.851802638551447
88900 -13.316079031380017
89000 -13.290516870756045
89100 -13.350164249429056
89200 -13.580476858187815
89300 -12.156628517509763
89400 -13.89797862844242
89500 -14.197405944268374
89600 -13.426334407383603
89700 -14.0258644358046
89800 -15.86884257747719
89900 -15.517609983034488
90000 -13.793882323995499
90100 -14.145910761432233
90200 -14.11172522296067
90300 -13.907170220691022
90400 -12.838423545846856
90500 -14.106979748224541
90600 -15.718999138962232
90700 -16.026545911779053
90800 -16.121503720284075
90900 -14.79128500495864
91000 -16.46920445044057
91100 -15.063621542298065
91200 -13.614867099896195
91300 -13.953364820258987
91400 -13.345013793078309
91500 -14.22112095166897
91600 -14.063869589008455
91700 -14.907927991231436
91800 -13.825485691541962
91900 -15.25491140836396
92000 -12.758824440645046
92100 -13.565728029250282
92200 -14.709486202208257
92300 -15.577863163070687
92400 -14.95091613463063
92500 -15.756543959498469
92600 -16.945376875544248
92700 -15.735228407905396
92800 -16.088483204931407
92900 -13.86323622879659
93000 -15.928775582742766
93100 -16.43380940571836
93200 -15.312879734309544
93300 -13.675640056923884
93400 -14.798227832713792
93500 -14.975418397977126
93600 -15.199472765784918
93700 -14.582339427001054
93800 -14.427531178428804
93900 -14.864368049617362
94000 -14.450266163540674
94100 -14.183906681493735
94200 -14.602712449716115
94300 -14.34117458295861
94400 -14.014144118315285
94500 -14.066544231668228
94600 -13.399588185479777
94700 -13.662544548770711
94800 -14.071828568264596
94900 -15.058180494024896
95000 -15.544840064749462
95100 -13.874031323458043
95200 -13.228596140421372
95300 -11.936077358807815
95400 -12.743515633830626
95500 -14.966804263930953
95600 -14.083760227775182
95700 -14.968698566541198
95800 -13.712756005438303
95900 -15.480156351421156
96000 -12.395087268380315
96100 -14.893549050443605
96200 -13.689396671956361
96300 -13.862883043960725
96400 -15.487874717462441
96500 -13.677036033715149
96600 -12.875372748445534
96700 -13.533342546110473
96800 -12.789569949224477
96900 -14.269238332016435
97000 -12.82044928551169
97100 -14.380473687345692
97200 -14.51378611485962
97300 -14.556331331838848
97400 -14.133048605110714
97500 -14.514965480951968
97600 -14.604390247652093
97700 -14.661111269212176
97800 -14.320573149602131
97900 -13.347129589701488
98000 -13.232651090227181
98100 -13.831126749507973
98200 -14.51263601314095
98300 -15.160110602876948
98400 -12.612365638686525
98500 -14.790264544723474
98600 -14.736482259084747
98700 -13.410740619846539
98800 -14.215250455524124
98900 -13.868290674443125
99000 -14.044250582022812
99100 -15.195780457869928
99200 -14.560749924374411
99300 -14.57538577074078
99400 -13.971288738617632
99500 -13.115749487857098
99600 -13.272447345270022
99700 -14.426217397006168
99800 -12.980488466152968
99900 -13.77875160627459
100000 -12.451903710146883
100100 -13.166390512299444
100200 -13.779604138042673
100300 -13.161967634498529
100400 -14.058744049790441
100500 -13.963810854386507
100600 -14.08282096398594
100700 -15.568365606354142
100800 -14.685025375631207
100900 -12.338808408374403
101000 -13.252165366548617
101100 -15.165851821513272
101200 -14.225808116767356
101300 -14.22019251661839
101400 -14.375210336991975
101500 -14.865193339469263
101600 -14.527668861865562
101700 -13.942406880547004
101800 -15.281950393655478
101900 -14.683140705140195
102000 -13.706615485717593
102100 -15.009974475686784
102200 -14.016522340531417
102300 -14.622582027614515
102400 -15.084366340355821
102500 -15.310524723310847
102600 -14.3224548506951
102700 -15.004892970241604
102800 -14.618258014374625
102900 -13.90354163959749
103000 -14.723158202613192
103100 -13.949380333439782
103200 -13.923138456805551
103300 -14.671030538833758
103400 -12.861252754654265
103500 -14.597034317913787
103600 -14.421450460475583
103700 -14.832651639007418
103800 -15.064030646771357
103900 -14.392517846975768
104000 -13.151710463171991
104100 -13.674187836080868
104200 -14.815179120141492
104300 -15.271718797595039
104400 -14.157194555987795
104500 -14.1841677551317
104600 -12.965469894015516
104700 -14.206977375792892
104800 -14.924533256298206
104900 -14.136043368042978
105000 -14.770353691186683
105100 -13.714357690087978
105200 -13.656609181351072
105300 -14.009347441756768
105400 -13.124878659898787
105500 -13.13845036839885
105600 -14.537599256666972
105700 -15.22349713482765
105800 -15.006671917766107
105900 -14.119908370497415
106000 -14.555364699505967
106100 -13.953322776764015
106200 -14.023981409404145
106300 -13.412905245406609
106400 -11.912640672467807
106500 -13.664739571800535
106600 -14.21023978711795
106700 -14.675296724779393
106800 -13.398594414137266
106900 -14.258400102370084
107000 -14.105133940397678
107100 -16.093606138868203
107200 -15.506684798962727
107300 -15.98832963426927
107400 -15.65492303848656
107500 -13.912237694381227
107600 -15.329515921265346
107700 -16.33301937772307
107800 -16.937742485221076
107900 -17.23565524748415
108000 -16.215408575955866
108100 -17.460541672688194
108200 -16.526987881749733
108300 -15.983557490786248
108400 -15.299632716968846
108500 -15.096064705483036
108600 -15.082373800878283
108700 -15.45345175497841
108800 -15.122330090390859
108900 -13.110734627549993
109000 -14.032107190133205
109100 -13.64687481263545
109200 -13.331990146065667
109300 -12.934668364969525
109400 -13.208462102417204
109500 -13.730027815951956
109600 -13.65764001852979
109700 -14.843378864144883
109800 -14.864299884156923
109900 -14.126013020784017
110000 -14.708871503810215
110100 -15.986909913551616
110200 -15.813386546029372
110300 -14.671823354001999
110400 -14.930497623397285
110500 -12.672884805059152
110600 -11.963804251125614
110700 -11.83938038757036
110800 -12.585102684918395
110900 -14.46874060453689
111000 -14.90113902393637
111100 -12.598836556206574
111200 -12.33884635968262
111300 -12.983041651936173
111400 -12.706173135104718
111500 -12.598656648634567
111600 -13.468481715388053
111700 -12.865772545736778
111800 -12.559516460876363
111900 -13.244206060799135
112000 -13.913276058734873
112100 -13.010337547771892
112200 -12.498476562846204
112300 -14.529886958971318
112400 -15.372273059532072
112500 -14.425917777400493
112600 -15.131125065487224
112700 -13.871886619293177
112800 -12.446923113128042
112900 -12.026841394472832
113000 -13.1905490453198
113100 -12.657585621700862
113200 -14.822772956999719
113300 -14.32414306710056
113400 -14.61884785852553
113500 -14.399567243011981
113600 -13.227286221970822
113700 -14.340598071775435
113800 -15.089501623730408
113900 -13.866548312971894
114000 -15.761568962735192
114100 -17.75972060417901
114200 -17.59163322520368
114300 -17.898005034441056
114400 -16.88133674439207
114500 -15.810893523770229
114600 -15.529486349462603
114700 -14.848801135630188
114800 -14.37463555194668
114900 -14.753061051072246
115000 -13.399820048535817
115100 -14.38147948550548
115200 -15.21950719304956
115300 -15.100302869124864
115400 -14.690485946957814
115500 -14.053294950234518
115600 -14.241506478232074
115700 -14.397032577958276
115800 -13.933183940479045
115900 -14.909497029263807
116000 -14.319240797704468
116100 -14.353692343596384
116200 -14.412576859575601
116300 -14.497394913538455
116400 -14.111383581595275
116500 -13.865692671074775
116600 -14.323236571167133
116700 -15.18533742848916
116800 -15.14387316056267
116900 -13.994091828857927
117000 -13.24017620159548
117100 -13.488267984499384
117200 -12.987241839299303
117300 -13.464815735236252
117400 -14.249608776966898
117500 -12.673646194867448
117600 -13.872005604718364
117700 -14.027203566628279
117800 -13.032298177727647
117900 -13.307941355661795
118000 -13.870565522262567
118100 -12.780907608351612
118200 -13.4173444453103
118300 -14.31749348089296
118400 -15.378793921483908
118500 -16.843645271503387
118600 -16.015132904264412
118700 -15.299787758276668
118800 -14.962762722729124
118900 -14.139125217053666
119000 -15.816817859783791
119100 -14.58323712384888
119200 -13.973268519418035
119300 -13.995938033507363
119400 -13.316576683260337
119500 -12.252628605398824
119600 -13.990041405898248
119700 -14.830527822466838
119800 -15.010065632928448
119900 -14.00411393529347
120000 -13.911083772042979
120100 -14.111366819148385
120200 -13.279052423370286
120300 -15.25927157300722
120400 -14.731382129516764
120500 -13.96553584925962
120600 -13.197042151564055
120700 -11.601332129028616
120800 -13.567434853235047
120900 -12.698720814542927
121000 -13.329089686329764
121100 -14.965448253612522
121200 -13.721504928041444
121300 -14.017935573322783
121400 -13.812618814335961
121500 -15.219563421056973
121600 -13.191340890913487
121700 -13.797173297871293
121800 -13.912965407406062
121900 -15.178462933958803
122000 -11.92912758070438
122100 -12.558504761428292
122200 -13.567313824710878
122300 -14.00201592210936
122400 -16.069352462338472
122500 -14.600790379542333
122600 -14.304908247613588
122700 -14.982151911564497
122800 -14.301565277754388
122900 -15.923271115416284
123000 -15.804618327742281
123100 -16.036051516778187
123200 -14.627113114934874
123300 -12.83557435603031
123400 -13.944124331421568
123500 -13.357691739917124
123600 -12.244931210505852
123700 -13.36183339900963
123800 -13.473035577772587
123900 -13.754420236717161
124000 -13.510122953159076
124100 -12.197726201634476
124200 -13.15280162602094
124300 -14.765288476567783
124400 -13.0964657583569
124500 -13.13202445580114
124600 -14.010985527333565
124700 -14.828485145966171
124800 -13.078411938565665
124900 -14.639963011581555
125000 -14.300440449685514
125100 -14.673694256675306
125200 -13.754060355489507
125300 -12.959522589307307
125400 -12.94329557669758
125500 -13.556825246728723
125600 -12.25364653446723
125700 -10.92820723406836
125800 -11.543071579151013
125900 -12.382184384625223
126000 -13.61068319516444
126100 -14.76613837152371
126200 -13.231945693195373
126300 -13.715540803674092
126400 -12.66743584126753
126500 -12.296399646240005
126600 -12.68151158049892
126700 -13.7940680317875
126800 -13.579109776046437
126900 -14.996683575722157
127000 -14.679297503155137
127100 -14.332840441577755
127200 -13.168610166431483
127300 -14.948043001340903
127400 -15.805857830725815
127500 -13.639252551938405
127600 -12.307136711918064
127700 -14.716706310794677
127800 -14.604617553162843
127900 -13.675276244668948
128000 -13.65657791035496
128100 -14.242119085356457
128200 -14.31574636656087
128300 -15.238970134329898
128400 -14.084415017677166
128500 -14.355457771359525
128600 -13.52361410632755
128700 -14.087718716379603
128800 -15.48339027681985
128900 -16.696152677433894
129000 -15.879266590983933
129100 -14.289315667237924
129200 -14.554311837141025
129300 -12.96796622230545
129400 -13.438963456022163
129500 -13.593917026948471
129600 -12.775096313200999
129700 -11.412270866277254
129800 -13.684095073323265
129900 -14.148905696714099
130000 -14.725920054678609
130100 -12.461220041062376
130200 -15.2723019870183
130300 -14.723234583709365
130400 -15.479939866229266
130500 -13.623428666654757
130600 -12.679317168103513
130700 -14.09836326518297
130800 -13.105189628844636
130900 -13.732336673070623
131000 -15.032869523512101
131100 -14.660990389792776
131200 -12.862933503848947
131300 -13.903262840833483
131400 -13.23780764345433
131500 -11.901761025334013
131600 -12.359704980415165
131700 -13.907830171341319
131800 -14.95931906630058
131900 -15.835408724156725
132000 -14.373696568937534
132100 -13.89810063401028
132200 -12.75778185237349
132300 -13.98911268934953
132400 -15.709488990486966
132500 -16.591498339408087
132600 -14.993667327189272
132700 -15.18056137372623
132800 -13.789374901578206
132900 -14.345463200966032
133000 -12.240494586818798
133100 -13.567720144821829
133200 -13.899126261253889
133300 -13.73725222108124
133400 -12.868633779230203
133500 -12.450054566830028
133600 -13.230540610895854
133700 -14.326548955112031
133800 -12.265936592247405
133900 -13.731921140507197
134000 -15.19729270848336
134100 -15.354292055934524
134200 -14.245134912850482
134300 -15.502513297848221
134400 -13.63411938441809
134500 -11.849549396838022
134600 -14.502950951592998
134700 -14.422961458412834
134800 -14.827813610791669
134900 -15.129659111399345
135000 -14.761917769081755
135100 -16.462827616080858
135200 -18.451854107239722
135300 -19.316693358818096
135400 -19.749887670320582
135500 -19.908450798386088
135600 -18.71004022820656
135700 -16.33963321894944
135800 -17.88565675149395
135900 -15.065284223275706
136000 -16.417819416637464
136100 -15.9796754925299
136200 -15.336450230250703
136300 -14.994446585545615
136400 -14.438514504085743
136500 -15.729135503265672
136600 -14.587651684982704
136700 -14.071065933494493
136800 -14.296874038963123
136900 -14.66446862183968
137000 -14.169362489185971
137100 -13.244477991770516
137200 -14.395511809834048
137300 -11.064200767479626
137400 -13.678855687809943
137500 -13.910472813259025
137600 -13.641985594438488
137700 -13.669414647946418
137800 -15.193986887350867
137900 -13.242796178410934
138000 -14.550653793009444
138100 -14.906049593282743
138200 -12.806802286273902
138300 -13.56441963609937
138400 -15.366618874693204
138500 -16.907899733094393
138600 -16.893449925478063
138700 -16.485859205503928
138800 -15.090650810247595
138900 -14.476400931749376
139000 -13.432522102326518
139100 -14.952602817259052
139200 -14.116133463805886
139300 -13.137690372683327
139400 -12.227421546055865
139500 -11.678566422191274
139600 -14.15249083041015
139700 -13.57364933772186
139800 -13.657480487807508
139900 -13.798969255820456
140000 -14.151540329757966
140100 -13.964010125842556
140200 -13.261827130362475
140300 -13.25789167968442
140400 -13.795974803444121
140500 -14.271842338624246
140600 -13.89069097131439
140700 -13.834335044579309
140800 -13.445708494868764
140900 -13.583546309902369
141000 -11.675848691955391
141100 -14.406692875830448
141200 -14.216609533521103
141300 -13.966967350237379
141400 -14.17961240259266
141500 -16.542537331858632
141600 -14.435129237398971
141700 -15.383860684422809
141800 -14.633925120467735
141900 -15.552339420854995
142000 -15.08429421298469
142100 -15.116504602292453
142200 -14.19389583525154
142300 -14.752458420406235
142400 -13.929284458100522
142500 -12.892913787806508
142600 -14.151909838955035
142700 -13.441232407441941
142800 -14.13296482301172
142900 -13.547224807753215
143000 -13.723431044066409
143100 -13.742041103285077
143200 -14.307942151008575
143300 -13.430221062775676
143400 -14.298536394784195
143500 -15.033404528449298
143600 -14.244837162298206
143700 -14.297092190531057
143800 -15.141325200677635
143900 -15.478074099675037
144000 -14.96538195883059
144100 -14.29660596718822
144200 -14.68784474888281
144300 -14.905527819368988
144400 -14.619581229487922
144500 -14.442494125876909
144600 -11.759749228676927
144700 -12.289009224448414
144800 -11.334197283630557
144900 -13.290434483400322
145000 -13.175538338887717
145100 -13.65538466997083
145200 -14.212865552141112
145300 -13.828180739902592
145400 -13.211934497091006
145500 -13.996374219012948
145600 -13.743927855342688
145700 -13.153159847215692
145800 -12.712685113582808
145900 -14.136085427861769
146000 -14.35359057333501
146100 -14.001950168655776
146200 -14.636530009526425
146300 -13.735780035073967
146400 -13.561088883803109
146500 -13.418403557002115
146600 -14.786966404685373
146700 -16.37275300736341
146800 -16.11453926840275
146900 -16.723357452195657
147000 -17.01770653750577
147100 -16.712787747558625
147200 -15.633315231458635
147300 -16.50753720769575
147400 -17.227882605724908
147500 -17.661756393514672
147600 -16.972367713198
147700 -13.507163157452872
147800 -13.23381953094666
147900 -13.488000326125583
148000 -13.47773439445013
148100 -11.527265089899412
148200 -12.739785067808556
148300 -13.958097705702848
148400 -15.20663956136996
148500 -15.522038700529711
148600 -14.757788133256183
148700 -13.643283742475154
148800 -14.183047698655304
148900 -13.361203556710004
149000 -15.02353192399376
149100 -15.038830827292868
149200 -17.733894200509976
149300 -16.237987286200568
149400 -14.64005042289261
149500 -13.791194508988575
149600 -13.32720708540685
149700 -13.472377396527936
149800 -13.519693881686846
149900 -11.372294114401576
150000 -12.857418759572509
150100 -14.46108080704579
150200 -13.161253885500207
150300 -14.01719925458358
150400 -13.853718205618922
150500 -10.872661256204458
150600 -12.850234213649276
150700 -14.049151077013114
150800 -13.58031793148395
150900 -15.381367044944236
151000 -15.71119291689959
151100 -15.216125072796576
151200 -14.027135507629193
151300 -13.813013798115247
151400 -15.798024896699525
151500 -16.483417795578045
151600 -15.99496260478374
151700 -14.897324460757227
151800 -14.985685359277305
151900 -14.839572409370033
152000 -14.347665162280814
152100 -12.063355676439876
152200 -13.050126634080195
152300 -13.235819498406103
152400 -12.547036025502655
152500 -13.43384336234871
152600 -14.654224060821367
152700 -13.920296391744307
152800 -14.036137294095237
152900 -13.320123099178856
153000 -14.283118027244976
153100 -14.572481849644031
153200 -14.4666005484953
153300 -17.24945007036878
153400 -16.924660002410413
153500 -15.498764683635773
153600 -14.277907403880462
153700 -15.079472323041013
153800 -15.734331863738248
153900 -15.286887269861877
154000 -14.38363944264991
154100 -15.454282447208017
154200 -14.482224583056626
154300 -14.542636663276848
154400 -15.071724586050566
154500 -12.258294777640549
154600 -12.939017213305002
154700 -13.600584922683193
154800 -15.143107122267367
154900 -14.777778287523086
155000 -12.489969283461024
155100 -13.152636004038586
155200 -14.424634544846302
155300 -14.284657245924953
155400 -13.779030968322935
155500 -14.22424912436571
155600 -15.154208379281519
155700 -14.771900231073808
155800 -15.322912143166429
155900 -14.803192539830437
156000 -15.12655953450844
156100 -13.943952153059772
156200 -14.979695018931304
156300 -14.927230727007956
156400 -14.23422757183813
156500 -15.52613400574647
156600 -14.880875596212675
156700 -14.083711339490241
156800 -12.823069522792112
156900 -13.249078720559307
157000 -14.326724201849661
157100 -12.770036322938894
157200 -13.220861641156032
157300 -13.517861939747704
157400 -13.41144515589746
157500 -13.004492995923906
157600 -14.11100130692231
157700 -14.080127264616664
157800 -14.494439595669759
157900 -14.671274227610269
158000 -16.610190236402392
158100 -17.625854270845206
158200 -17.687025862780978
158300 -18.08268589205311
158400 -18.071445441453456
158500 -18.55537125210906
158600 -18.173905388119138
158700 -17.660788952335057
158800 -17.60396850701009
158900 -18.08919044716765
159000 -18.117005115218657
159100 -16.046770805821907
159200 -13.418780820872518
159300 -13.39470723882973
159400 -14.2439173825437
159500 -14.412825237120625
159600 -15.734246141493797
159700 -15.187418815166323
159800 -14.756485411175488
159900 -15.810610746457321
160000 -12.552838512671615
160100 -12.175493452604668
160200 -13.368594383843027
160300 -12.229483400350556
160400 -13.273066880372737
160500 -14.979895322279281
160600 -14.423843684782469
160700 -14.48814196600414
160800 -13.16387449830805
160900 -14.64599702855682
161000 -14.476716052005248
161100 -14.01669660672238
161200 -13.98242982890871
161300 -14.471958024285952
161400 -14.7562899375915
161500 -13.781582335811109
161600 -13.904100643935605
161700 -14.077241314380327
161800 -14.63255229516285
161900 -16.188636094759172
162000 -15.805968692421652
162100 -14.473499990930309
162200 -14.47858257454884
162300 -14.406139246133906
162400 -14.562057023485645
162500 -15.030644900207383
162600 -15.602928956571434
162700 -13.349495457031752
162800 -12.940807024100607
162900 -14.093334568726313
163000 -13.409986253025822
163100 -14.45591984863006
163200 -14.006964223438949
163300 -14.16909808321314
163400 -15.561184648865824
163500 -14.40014802172241
163600 -14.443784538889114
163700 -13.97001611265629
163800 -14.166305992074486
163900 -14.909673354947001
164000 -14.573614090431521
164100 -13.959048204314419
164200 -13.368111409761585
164300 -13.872594038374533
164400 -14.345020599387146
164500 -14.73276187947958
164600 -14.451878810593609
164700 -13.40412485213389
164800 -11.577718330068118
164900 -13.762738775404578
165000 -14.977757799761873
165100 -14.359418907611731
165200 -13.778207127249175
165300 -14.376711588939047
165400 -13.48781020748919
165500 -13.030672359988243
165600 -13.185100323152078
165700 -14.656081375796731
165800 -14.066901247256954
165900 -13.494955495117495
166000 -13.995499844708634
166100 -13.960731619961098
166200 -10.896322417411513
166300 -12.910663067699973
166400 -12.915772526225767
166500 -13.041828436680316
166600 -13.869588840848456
166700 -13.403184245278531
166800 -14.033871896560328
166900 -13.457081700409308
167000 -14.579805015762036
167100 -14.53356280462669
167200 -13.75753705285193
167300 -13.53830583606014
167400 -12.882466033374477
167500 -13.229722975776207
167600 -14.106186378474144
167700 -14.034360947015042
167800 -15.506472051084808
167900 -15.644514674499096
168000 -13.213370797395868
168100 -13.218788443027648
168200 -14.390823188471062
168300 -14.877710802294631
168400 -14.142825853340748
168500 -14.678469919037186
168600 -12.176781300318973
168700 -14.46415256021388
168800 -15.62017629083205
168900 -13.992026227137828
169000 -13.266789679348602
169100 -14.250904089654345
169200 -12.556156492185133
169300 -13.525046250638383
169400 -13.165147278131075
169500 -13.233199692961765
169600 -13.063117806824186
169700 -13.934372010133945
169800 -14.09721843258516
169900 -13.175633025284423
170000 -13.739459367196377
170100 -13.832128896427575
170200 -13.689619976673358
170300 -13.788346294049113
170400 -12.201393422444758
170500 -13.890873200979902
170600 -13.075394789678615
170700 -14.134189436927052
170800 -11.762081313310523
170900 -14.804067282708203
171000 -12.566947082455114
171100 -13.062979211178108
171200 -14.045586589400953
171300 -13.596838445748102
171400 -12.265021352442677
171500 -13.202461803911074
171600 -14.08480481208325
171700 -15.150517392804451
171800 -14.181674051021593
171900 -14.581954697101645
172000 -12.950893825435656
172100 -14.029257691031908
172200 -13.399495312325037
172300 -12.100058472115233
172400 -13.428610144210426
172500 -13.868243628705413
172600 -14.13600256033612
172700 -12.744758553441928
172800 -12.754145509043191
172900 -13.271057054011411
173000 -13.745758509480256
173100 -16.866950148935782
173200 -18.853202427689165
173300 -19.580234999640556
173400 -19.84635243413381
173500 -19.943760021735006
173600 -19.979414349082454
173700 -19.992464985997966
173800 -19.997241941183262
173900 -19.998990461273884
174000 -19.99963047617642
174100 -19.99986474232964
174200 -19.99995049131818
174300 -19.99998187822122
174400 -19.99999336684284
174500 -19.9999975720499
174600 -19.999999111291686
174700 -19.611880074703958
174800 -19.282884418978657
174900 -19.737512504915188
175000 -19.903921087619118
175100 -19.964832010754183
175200 -19.987127378558437
175300 -19.995288204235365
175400 -19.998275330364624
175500 -19.999368715135383
175600 -19.999768929322947
175700 -19.999915420659033
175800 -19.999969041225746
175900 -19.999988668087326
176000 -18.930460433183416
176100 -16.44322740333554
176200 -14.846255833550266
176300 -14.263137957757412
176400 -12.572390873093578
176500 -13.129088386923064
176600 -12.293736756436891
176700 -13.168660977651369
176800 -12.395347533053465
176900 -13.96388004623684
177000 -14.02805956252838
177100 -14.444777984935534
177200 -14.18669044869713
177300 -13.842752566050384
177400 -14.104005176125385
177500 -14.554075675701181
177600 -12.468820270537309
177700 -14.12747091059004
177800 -12.878700813207717
177900 -14.215757506817068
178000 -15.539299794963588
178100 -17.680442092297973
178200 -16.271934669379217
178300 -16.414841850525896
178400 -15.144370205625494
178500 -15.275642255497386
178600 -13.853566427952167
178700 -13.73679104337532
178800 -14.382982033291274
178900 -15.345074047890646
179000 -14.497972061277297
179100 -14.747871597943613
179200 -14.851705183358256
179300 -12.672187150088044
179400 -13.716600258269143
179500 -14.375170000327309
179600 -14.45889174203142
179700 -13.532431447344727
179800 -13.035799831652842
179900 -12.57135555315726
180000 -13.721253255271261
180100 -12.897788208648223
180200 -13.364540580941021
180300 -12.075605415245855
180400 -11.972560094859586
180500 -13.642534195048333
180600 -13.770556451652661
180700 -12.613220432983145
180800 -14.17469318669692
180900 -14.97778503976248
181000 -14.104337992404215
181100 -14.690764562822963
181200 -14.777948494345983
181300 -14.075401841793864
181400 -14.203388814131847
181500 -14.567580437921176
181600 -13.899833306209672
181700 -15.252428497825438
181800 -11.39068341799545
181900 -13.560503555946774
182000 -13.128133520914869
182100 -14.309451116946104
182200 -14.298442956841503
182300 -13.610725080245073
182400 -17.66131874208372
182500 -19.143967023673014
182600 -19.686664245467902
182700 -19.273086428532245
182800 -19.73392612353232
182900 -19.789437361967792
183000 -19.646103856287983
183100 -18.486377974742215
183200 -16.57876728414708
183300 -14.120541701708339
183400 -14.23545644226918
183500 -13.454730295546875
183600 -14.202119445676573
183700 -14.656161352168636
183800 -15.186872658728081
183900 -13.380647531682003
184000 -13.77970585648217
184100 -13.330313453038409
184200 -12.221549818952528
184300 -14.258622003416543
184400 -15.723094310241642
184500 -15.434669989199563
184600 -15.561325770919362
184700 -14.540027569104348
184800 -14.370657300388242
184900 -15.100884340277705
185000 -14.65291264368764
185100 -14.33281240583667
185200 -14.567814973260736
185300 -13.040458771761939
185400 -13.6618913479093
185500 -13.712476266027572
185600 -14.423715794694242
185700 -15.541629269124998
185800 -13.835693677452731
185900 -14.012610258024262
186000 -13.517762109188135
186100 -12.473989891991316
186200 -12.19215117861149
186300 -13.039992997565287
186400 -13.102179935287023
186500 -14.57521104354996
186600 -15.109716195931837
186700 -15.61091440578374
186800 -15.17244069735157
186900 -15.270391215182341
187000 -13.075517531524442
187100 -13.800694412633776
187200 -14.94722773430222
187300 -14.193198638888704
187400 -12.877664754830146
187500 -12.603710969344554
187600 -14.753664060662766
187700 -14.229361386521132
187800 -14.490362420824669
187900 -14.020288143869175
188000 -14.03983231052352
188100 -13.614234123222634
188200 -11.14284473532488
188300 -13.331702472686056
188400 -13.39744716691576
188500 -14.42500757432118
188600 -11.40779812337157
188700 -13.39831999584158
188800 -13.37582455635526
188900 -13.732622254873394
189000 -12.53419533791611
189100 -13.932385451230006
189200 -14.609632785120404
189300 -13.90639682255201
189400 -16.244438646471686
189500 -14.21675107525749
189600 -14.6663394795335
189700 -12.92811129372072
189800 -14.187507024353419
189900 -15.019517419082614
190000 -15.138456809252503
190100 -15.042631731559295
190200 -13.84099857950383
190300 -13.6831581482315
190400 -14.391847268870356
190500 -13.999874626057018
190600 -13.603536248037315
190700 -14.289667713451625
190800 -13.8801072964429
190900 -13.574842974215311
191000 -12.810085532935556
191100 -14.007723920408019
191200 -14.77497255723884
191300 -13.905916864688072
191400 -13.746487422509176
191500 -13.083623524659112
191600 -13.848449882718858
191700 -12.43522063154453
191800 -14.795587504179835
191900 -13.713310510238594
192000 -14.107174258838015
192100 -15.255043833004878
192200 -14.364958200363553
192300 -15.176577945095843
192400 -15.655223187165179
192500 -14.921212662137957
192600 -15.052426346698724
192700 -15.13108116179246
192800 -14.719846967373124
192900 -13.710429835190553
193000 -14.186534212292818
193100 -13.860871284665876
193200 -14.442614518349139
193300 -13.432984061572554
193400 -14.413599923384922
193500 -15.202353111637796
193600 -16.17666832371222
193700 -13.33568324660383
193800 -13.652436481925578
193900 -14.583633708086314
194000 -13.962677284121485
194100 -12.584190477056103
194200 -13.402762916751888
194300 -14.421100340088874
194400 -14.468483915751634
194500 -13.421315352763944
194600 -15.599264825823544
194700 -14.166727691587978
194800 -14.24648549369155
194900 -14.334504449170563
195000 -15.003140722217447
195100 -14.255664867634923
195200 -14.79133062593943
195300 -14.485877489311736
195400 -15.067067377174277
195500 -12.582695277021555
195600 -12.594611415370714
195700 -13.052834161112028
195800 -15.258500210740738
195900 -14.460942086864701
196000 -14.050468938995987
196100 -14.138274642500578
196200 -13.625938414719602
196300 -12.117308416793708
196400 -12.521843130193568
196500 -14.310102204629638
196600 -14.401862366639696
196700 -14.422939136859307
196800 -14.183134444664748
196900 -15.5730261263783
197000 -14.810214702574829
197100 -14.504797502697114
197200 -15.309628713128586
197300 -13.538450147023735
197400 -12.426233017300287
197500 -15.071705683722573
197600 -14.744875384897462
197700 -14.48392661521234
197800 -14.25008865352226
197900 -13.062254686617429
198000 -14.380797247216348
198100 -14.608094000103724
198200 -13.12768509957225
198300 -13.186893496246624
198400 -14.389147835583607
198500 -14.944680947343532
198600 -14.207646185598168
198700 -14.370112400815263
198800 -13.98938557924745
198900 -14.911450502615196
199000 -13.635734677839341
199100 -15.014864389350857
199200 -15.128816774432071
199300 -13.949438270050104
199400 -14.041958827203073
199500 -14.175271573689677
199600 -15.223870133316506
199700 -14.437137197755238
199800 -14.871413744503924
199900 -15.104608241561941
200000 -14.738064537131372
