# Model = full.TensorFlow.(9)-16-16-16-16-(9)
# Num weights = 1056
# Learning rate = 0.001
# Env random seed = 111
# Start time: 30-08-2021(06:19)
100 0.4704545909748156
200 6.65305896038937
300 10.183982025031147
400 10.75800572384915
500 10.880282592613783
600 10.115101088880422
700 8.87247888650167
800 9.41127180347712
900 11.11622206836867
1000 11.791075451911121
1100 11.856605094289755
1200 11.959888878660038
1300 11.133118846045198
1400 11.190303408085235
1500 11.311461309640233
1600 12.248751892031368
1700 14.380846234755236
1800 12.539727553293037
1900 12.62330479872893
2000 13.082204280604353
2100 12.22770939097839
2200 14.554170943380706
2300 13.689000242515828
2400 13.71530878485577
2500 13.247658216554681
2600 12.803708703085539
2700 11.066187722602564
2800 13.012695099993568
2900 11.643431895265017
3000 13.039357722718902
3100 12.779284052139259
3200 12.906027281773007
3300 13.56714441984082
3400 12.6686180706294
3500 13.264945218913542
3600 13.895605862538028
3700 14.653216331696045
3800 12.454572431330924
3900 13.35964193227272
4000 13.877980850727125
4100 14.309148144735852
4200 12.707996535413862
4300 13.584540187902396
4400 15.773020477071558
4500 13.379951640711598
4600 12.315011137741637
4700 12.878904842224847
4800 12.990429728131444
4900 12.101333427065633
5000 12.431651043473556
5100 13.425152685344203
5200 13.611924929294409
5300 14.052457846375683
5400 14.819857528504718
5500 14.357427264954103
5600 13.84151424316208
5700 13.472771366969104
5800 13.320201719334696
5900 12.812268553832565
6000 13.086399058693027
6100 13.619769060746611
6200 14.740831910268708
6300 13.983028628996937
6400 12.363796267292676
6500 14.537352125856374
6600 16.32393743603606
6700 17.02158206101254
6800 15.88305810213358
6900 15.592160371357554
7000 15.046793138386576
7100 14.36389945179413
7200 15.515230800834956
7300 16.827797653796054
7400 14.598982497501348
7500 14.537848696294521
7600 13.741526198214693
7700 15.37829521861666
7800 14.269557867254163
7900 15.501848805771628
8000 14.181314671344216
8100 11.770051614217778
8200 14.143986448115497
8300 15.32180118165227
8400 14.34205003968151
8500 13.41221970058855
8600 14.39959643309695
8700 12.841865572430269
8800 13.330444333730771
8900 14.716199036226024
9000 15.474958280239884
9100 16.211107871341312
9200 15.341496845240437
9300 15.466761604896053
9400 14.286980766361044
9500 13.47535112448768
9600 13.700643495581234
9700 15.53339967439732
9800 16.016918282299706
9900 16.10481921233307
10000 16.533035633988028
10100 15.476079771002867
10200 16.355852193559215
10300 16.4015037528916
10400 17.134100351816656
10500 15.187875806544062
10600 16.032373828938862
10700 16.175783142321606
10800 16.41814474811209
10900 16.183297634750243
11000 15.9032652810948
11100 14.242861117025218
11200 15.406373850792574
11300 15.555682446109552
11400 14.244116352065626
11500 15.066156815802424
11600 12.797464726595777
11700 11.969953439817862
11800 10.121345685413639
11900 10.484294004916524
12000 13.027398651532058
12100 12.990254667430206
12200 13.748689966274801
12300 12.579509746402826
12400 14.130065835799602
12500 14.936190965370121
12600 15.651473530136911
12700 15.789641320108464
12800 16.181732378491773
12900 13.783364857761264
13000 14.3250440566216
13100 14.278861704726127
13200 15.385570238009397
13300 16.026696182865
13400 13.955276342628448
13500 15.42131433886681
13600 12.88540017733075
13700 14.603260322033625
13800 13.555089457626217
13900 14.058116799390888
14000 14.6912242819173
14100 13.13056546150162
14200 14.001884905718645
14300 15.664257337540201
14400 14.579887970097134
14500 14.788720564891634
14600 16.427787725705077
14700 15.870915495787635
14800 15.067520656590135
14900 13.33749916386891
15000 15.181708487172864
15100 13.829626572755355
15200 12.686554032190937
15300 13.405883615341544
15400 13.765910740016238
15500 14.08084771920981
15600 16.015042986330233
15700 16.316591941986193
15800 16.58061812058001
15900 15.549790980608998
16000 16.475458502169968
16100 12.998018062331559
16200 14.79254445784498
16300 11.623467375885417
16400 13.586374266315577
16500 14.329792907110651
16600 14.471888659666321
16700 13.054124470250933
16800 13.752430692788245
16900 14.121069002369476
17000 14.190820117671327
17100 16.013899395000657
17200 15.249012331965652
17300 11.86506423409319
17400 14.633103903660139
17500 16.548929967785135
17600 16.000197052998164
17700 15.923232587845957
17800 13.98099282224568
17900 15.593156073091954
18000 15.86174512076261
18100 17.12594160597643
18200 16.030681270864726
18300 15.50254391335291
18400 15.800073872564639
18500 17.002490857925146
18600 16.811790885250627
18700 16.825834983901082
18800 15.531354774451621
18900 15.057237190591874
19000 15.348994242877913
19100 16.49973438619026
19200 16.51120033188509
19300 15.928564573408142
19400 14.409441152620412
19500 16.65350306570545
19600 18.22780506345425
19700 18.6587496641512
19800 17.111633887041005
19900 16.189397743929984
20000 16.206418662126485
20100 16.576118121425854
20200 17.64891565321481
20300 15.88410670075712
20400 16.850688828217923
20500 15.544034840810522
20600 15.166000162668787
20700 14.128156486617705
20800 15.170373040992239
20900 14.961170037438778
21000 15.733091639897374
21100 16.189833220428273
21200 17.46208011941317
21300 17.66325054280284
21400 17.492827050882372
21500 17.409162995905827
21600 17.17388168529107
21700 17.339755638288338
21800 18.09629853713629
21900 18.448639335072436
22000 17.463040862879968
22100 17.298292917904412
22200 17.419158940615812
22300 17.285973796954043
22400 17.538518500678602
22500 17.606131430696788
22600 17.690328277210156
22700 18.477832310710326
22800 18.63745678282131
22900 18.328632578468966
23000 17.685000673517756
23100 17.685454911636732
23200 18.35769476848187
23300 18.04200395054054
23400 17.41161330984251
23500 17.925733776073276
23600 18.602568765832267
23700 18.5901753885445
23800 18.775066850427898
23900 16.619635738390013
24000 17.353201994143728
24100 16.84344882225886
24200 17.800842784843837
24300 18.023125589294377
24400 16.685596090048687
24500 16.775676294427765
24600 17.41400519595097
24700 18.270883262627645
24800 17.589181011813686
24900 17.38734296054088
25000 17.69307662809751
25100 17.200393706164842
25200 17.96229949609538
25300 18.368190019666063
25400 18.83946306147139
25500 17.364588203392685
25600 17.93234449448848
25700 17.726333773111715
25800 18.09637491052999
25900 18.526047256819975
26000 18.084272506009068
26100 17.967123355989433
26200 17.776522232946014
26300 18.378443377717822
26400 18.100533478766035
26500 17.872399929647695
26600 18.808932535814083
26700 16.734151587266894
26800 17.070357887129813
26900 17.425114203039918
27000 18.120102406575768
27100 17.828145837626284
27200 18.602574701533953
27300 18.753578136141513
27400 18.041992152505873
27500 16.93409561348147
27600 17.566547087737273
27700 16.241890524492966
27800 16.67269823431512
27900 16.56593850869268
28000 17.851308293153892
28100 17.454749044064453
28200 16.228896266154383
28300 16.548884787945862
28400 15.770702332954098
28500 16.876729222994538
28600 16.898171379554018
28700 16.234662441257047
28800 17.191301199114452
28900 17.64540049572035
29000 17.11072627559277
29100 16.42636337478928
29200 16.599750586534412
29300 15.135265133488755
29400 16.22125100645682
29500 15.946383459841762
29600 17.112122983658427
29700 17.022326113008916
29800 15.267952707392563
29900 14.83894484782972
30000 14.824016002918084
30100 13.756515527138765
30200 12.508499560930126
30300 14.028632575878815
30400 14.416497830875093
30500 14.475635217973702
30600 14.411687023043166
30700 13.86645072438952
30800 15.648165780226675
30900 14.474652781495669
31000 13.118840537252247
31100 13.209514179466705
31200 12.98602608558717
31300 14.702806364221154
31400 15.098873295478937
31500 14.614338967967655
31600 15.75002779120983
31700 15.88226806298967
31800 16.949885605071643
31900 16.79947306883773
32000 16.272025393542492
32100 15.82435773754334
32200 17.117368522115196
32300 16.235268288384514
32400 15.595993107357614
32500 14.206775381489807
32600 13.285046486812245
32700 15.358793871192766
32800 15.799651439401867
32900 16.659352830417742
33000 15.139538328918562
33100 16.097331614105094
33200 16.033596307901394
33300 16.477134236814777
33400 15.579590250289254
33500 14.419859706008257
33600 14.221936830582965
33700 15.359701434392152
33800 17.349767642828944
33900 15.829656325789582
34000 15.951185370946387
34100 14.365104385359299
34200 14.81191853720213
34300 16.136045954184755
34400 16.16377843191455
34500 15.773418419483562
34600 15.580418887077593
34700 15.057270660359091
34800 15.23312191529124
34900 15.459249918876072
35000 13.516454649483519
35100 15.9673480019503
35200 14.448525666106006
35300 14.88418237483179
35400 15.978630260957152
35500 16.603876746771586
35600 15.615481917704875
35700 15.58576002381581
35800 16.384265215411002
35900 15.115461699574047
36000 14.79456357550645
36100 15.985566654166997
36200 15.823531543963753
36300 16.435035958822382
36400 16.559231197583344
36500 16.987099574270854
36600 17.273591910477805
36700 16.101334348163448
36800 15.917559557564836
36900 15.164108903559937
37000 16.683605086508585
37100 15.44298220391831
37200 16.00505616055659
37300 13.240821490977948
37400 11.211842701521238
37500 9.024711539597916
37600 10.907560864548207
37700 10.656326333809325
37800 10.027692231421081
37900 10.0758691530974
38000 9.690798536736066
38100 9.583071040067475
38200 8.129241619046626
38300 9.392463954241295
38400 9.463419627457675
38500 10.220518136731862
38600 10.341656745617039
38700 7.465411478146702
38800 9.398234901466092
38900 10.774849491419031
39000 9.817089604074416
39100 7.610808250177853
39200 9.626851778228355
39300 12.597908322798027
39400 13.987659794423005
39500 15.01270216033534
39600 13.25727598221349
39700 15.098329324238033
39800 14.569985552535659
39900 16.050526702085296
40000 15.195498586162469
40100 15.152658247998854
40200 15.277934912497663
40300 16.08360045252091
40400 15.18343141350235
40500 13.799125237115657
40600 14.487410766268637
40700 12.505492612378246
40800 14.382397840595868
40900 14.420324093408697
41000 15.395078098540314
41100 14.044906792410016
41200 14.74166634147796
41300 13.139753555835593
41400 14.484807355565199
41500 15.4640615184402
41600 14.738982644714195
41700 14.521091259419592
41800 14.881174103725463
41900 14.983398515955516
42000 14.357183725710561
42100 14.044614428694068
42200 16.063222296131336
42300 14.770275752866649
42400 14.057859802790428
42500 14.165630873692121
42600 14.24628851127778
42700 14.42364889381501
42800 14.731318329467227
42900 15.223891283984575
43000 14.49372430423551
43100 13.733410557247728
43200 14.060096951618394
43300 13.397112451367207
43400 15.087731785092538
43500 13.833977245658353
43600 13.804850537711387
43700 14.015417175866453
43800 13.855110272959438
43900 14.244082625199841
44000 14.100737196740095
44100 15.606848232458866
44200 13.790152775096809
44300 14.986899142815695
44400 15.223936026640901
44500 13.58809217794822
44600 15.069653473831213
44700 13.679401354379404
44800 13.605957468868143
44900 14.829448997219817
45000 15.322680449009527
45100 13.362000584886369
45200 14.627309747798732
45300 14.660862473202123
45400 13.782812523322793
45500 14.274330679242016
45600 14.905878161498581
45700 15.105919701832446
45800 15.150902287870672
45900 14.947977557735415
46000 14.765289483373538
46100 16.714360182327333
46200 15.841965666108806
46300 14.399788745677288
46400 15.771923844490887
46500 13.89609657877707
46600 15.5592288673382
46700 14.82384028814341
46800 14.78838010279561
46900 13.999437549620554
47000 13.903049233502998
47100 14.848104536180983
47200 14.344424725548253
47300 14.65136750020638
47400 14.751899784125712
47500 13.696680470893398
47600 14.267564809432843
47700 16.363778606264724
47800 15.976479112167565
47900 16.024265167361982
48000 16.012595334595403
48100 15.761990840943366
48200 15.591757604102432
48300 15.197194184869936
48400 14.64425909119626
48500 13.710485714838098
48600 14.562648260323403
48700 15.194596125532135
48800 15.731874953371262
48900 15.497513696242898
49000 14.803057002971837
49100 15.813868116406809
49200 16.10383871366075
49300 15.991491261075435
49400 15.98757387212352
49500 15.958875154519035
49600 14.957927604287422
49700 15.025572607981468
49800 14.294238651849028
49900 16.451482098476017
50000 14.983461817362715
50100 16.301380777528237
50200 15.873218422564902
50300 14.797281196580181
50400 15.132264378855997
50500 15.844137788358676
50600 16.1554974149573
50700 14.808679674848065
50800 14.505060595994358
50900 13.359956280085692
51000 15.17266181846921
51100 15.857387383573009
51200 15.238839070376537
51300 15.67123185492221
51400 15.422583641783817
51500 15.451677927240999
51600 15.135817784173705
51700 14.13666600986483
51800 14.545774936557034
51900 17.01596875810255
52000 16.442967470976345
52100 14.832585253529386
52200 15.483371188419504
52300 15.10605538697314
52400 16.029851206028766
52500 14.31025187603603
52600 12.800462576208762
52700 14.65699402404416
52800 15.089646983395916
52900 16.382041053391422
53000 16.922247230751648
53100 16.791698511134967
53200 16.878614815763417
53300 15.457905581103534
53400 17.01539645644923
53500 16.724528913023775
53600 16.79280126839918
53700 15.670137638707498
53800 16.237116542350375
53900 16.017489641568446
54000 15.114844099182973
54100 16.69992042283537
54200 14.598807346253597
54300 14.068898410985549
54400 16.012542389477154
54500 15.737483250463383
54600 17.0684569381414
54700 16.814564408587124
54800 16.218709184573886
54900 16.240397115297434
55000 16.67172991339156
55100 16.45683187989809
55200 14.792474378126805
55300 16.4489329724761
55400 17.350519229447322
55500 17.409691026258116
55600 17.304204959388713
55700 16.377394567274806
55800 16.117490353731792
55900 15.588097252977871
56000 15.877152494407465
56100 16.72844887135317
56200 13.784264565460287
56300 12.025330299803572
56400 12.474491148015973
56500 12.48346494102977
56600 12.238904837139762
56700 12.821451827150774
56800 12.553170942227686
56900 13.731682924846059
57000 14.282338386631931
57100 16.376455847977567
57200 15.085713845987971
57300 13.345379306171822
57400 14.759685001251038
57500 12.94809890743517
57600 14.10160687527797
57700 13.706018051496045
57800 16.810804249739995
57900 15.248062165301574
58000 15.119682495739731
58100 15.421833303730889
58200 15.597716716228044
58300 14.21235365526054
58400 14.168299882606311
58500 14.077108934796613
58600 13.284253089564226
58700 11.2072985271319
58800 12.598134619999367
58900 13.119429586032535
59000 13.01876303065008
59100 15.361794566225118
59200 12.798823626476576
59300 14.257121350031014
59400 15.018931933152047
59500 14.039370823425756
59600 13.781182453453662
59700 14.280008829983746
59800 14.19285540869408
59900 11.80480584424092
60000 13.699578880391016
60100 12.840350194430025
60200 13.437919055628651
60300 15.619877166517178
60400 15.437550802503058
60500 14.858313479076395
60600 15.165956648328455
60700 14.824554337013664
60800 14.759148892817755
60900 15.210528015998026
61000 14.750439195674902
61100 14.28335694317905
61200 15.33854852618591
61300 15.90014700049832
61400 15.037538702291354
61500 14.488003159194111
61600 15.28585363328907
61700 16.78843394292831
61800 16.590053879871718
61900 16.51767574695559
62000 16.682942314155387
62100 15.829380801068716
62200 14.599682097887504
62300 17.12169242443236
62400 16.431727339456607
62500 16.437456440812475
62600 16.24657394974175
62700 14.972397741552113
62800 16.283030662095854
62900 14.185218590926318
63000 15.78613817951637
63100 15.600466397498288
63200 16.353006030518976
63300 15.145788815051052
63400 13.513487170548766
63500 14.054523359469506
63600 15.334579796603172
63700 15.874217796414648
63800 14.05336433828136
63900 13.993224367658128
64000 14.877066947691187
64100 13.991110691839229
64200 15.889137247737377
64300 17.090669643385972
64400 17.069329069155447
64500 17.647610153589877
64600 17.401182984358183
64700 17.113625733388968
64800 17.21840657319296
64900 18.217727568497864
65000 16.617718788263854
65100 16.514554361691832
65200 16.24299635058444
65300 16.128246481181048
65400 15.597276037970202
65500 17.233928152686783
65600 17.345118750236534
65700 16.705798640242545
65800 17.15934736482568
65900 17.897181557197726
66000 17.117281136897297
66100 16.123366472550458
66200 17.536734590458988
66300 17.60570330494313
66400 17.244924903080193
66500 16.83807182470259
66600 17.217093199305495
66700 16.739132325079808
66800 17.158080062891255
66900 15.556244425489416
67000 15.201661834778816
67100 16.388802590445394
67200 17.30306643739617
67300 17.216654444787736
67400 16.914861348530653
67500 16.909593615393867
67600 17.573143371637855
67700 16.89565095211337
67800 16.005139056523124
67900 15.319694821047984
68000 15.831158929787733
68100 17.210647910453645
68200 16.85573495730056
68300 16.18106819023163
68400 17.471705610666035
68500 17.56269047699187
68600 17.515789203266852
68700 18.169133835653117
68800 15.508529294694538
68900 16.201764812568758
69000 14.79997975860495
69100 14.062001430969957
69200 15.336826086120288
69300 14.470495402915958
69400 15.366497467209408
69500 13.452074956031813
69600 14.409026970040475
69700 13.37272295149945
69800 12.807779878462519
69900 14.98841119890324
70000 14.600388275876437
70100 14.092533593999473
70200 14.842055180737518
70300 15.739584444128875
70400 14.492454200502186
70500 14.196861651849277
70600 13.574271202563182
70700 13.052326410339456
70800 12.881996570845173
70900 14.626164585498412
71000 14.829269332250329
71100 13.584496400744332
71200 12.663710141994214
71300 13.910237031912436
71400 14.720497802478278
71500 15.106203629311251
71600 13.658227109478181
71700 13.74236749042487
71800 13.73161698805067
71900 12.902417633356661
72000 13.811408010435422
72100 14.182414290703015
72200 12.7643626127252
72300 13.370523367275945
72400 14.456088545913357
72500 13.647960059374753
72600 13.672884824337334
72700 14.145360911295546
72800 13.718014103050821
72900 12.140602623997458
73000 10.479170795518417
73100 12.715013758098964
73200 12.994470014069396
73300 13.22182494310724
73400 14.730849448042745
73500 13.625333722966875
73600 14.43041363471493
73700 15.086062527485652
73800 14.59148728578707
73900 14.788421150179152
74000 16.15494386203511
74100 15.177442851642748
74200 14.534903248347254
74300 15.255440062217017
74400 14.523800023540595
74500 12.618962817463704
74600 13.715642333787937
74700 12.902907196799296
74800 11.040645202323358
74900 10.599361387414815
75000 13.644525084582032
75100 13.353831883085666
75200 14.062076773914132
75300 15.246732119028366
75400 14.584665070059026
75500 15.224571028456632
75600 16.142098346523767
75700 13.897161909775427
75800 14.40772584196435
75900 15.674655021496436
76000 15.128873638225762
76100 14.715154340441524
76200 16.462380406084957
76300 16.92601559933026
76400 15.903127984402294
76500 16.387853230307652
76600 16.782817319981145
76700 17.160033349574267
76800 17.32789637942465
76900 17.1265241273937
77000 16.21487713470324
77100 15.071894770609427
77200 15.066313708844508
77300 16.37324199330948
77400 15.943032371895946
77500 15.48369544670405
77600 17.20150545245417
77700 16.34453744152026
77800 15.453977757711618
77900 16.69025653729924
78000 14.450352885869512
78100 16.687657968700655
78200 17.198150260111746
78300 16.702379002537974
78400 16.062019791344028
78500 14.830348337403938
78600 15.507509460429638
78700 14.644271908737972
78800 16.093744146268854
78900 16.575932200618197
79000 15.39745480312703
79100 16.169244173249496
79200 15.672878602372593
79300 15.056495225932663
79400 11.451049008641231
79500 13.902223344019992
79600 13.178149075069053
79700 13.570280914199953
79800 11.61895845773984
79900 13.102558214360823
80000 12.639985045866565
80100 14.001509532868615
80200 13.90069663080644
80300 15.49864735977187
80400 13.518385953393535
80500 14.881236801112504
80600 11.662925037291284
80700 12.395666134228009
80800 12.040087713670387
80900 12.666326307182336
81000 13.582956788848083
81100 14.755307911785788
81200 15.755171665233389
81300 16.25161500256153
81400 17.373097424393436
81500 16.636342032863144
81600 16.782315191218647
81700 16.842283596731054
81800 16.812421641176062
81900 15.274788220478388
82000 16.16779295215915
82100 15.301787798901547
82200 15.190666503527963
82300 17.216778247452407
82400 14.770657933210602
82500 15.581568386147914
82600 14.487290319344696
82700 15.318724893935586
82800 15.388388971830112
82900 13.537668678865554
83000 15.120074544336706
83100 14.876055491414384
83200 14.880597867590515
83300 14.493289281828746
83400 14.893506960269969
83500 15.735080360267077
83600 16.985718213796186
83700 16.319555046299406
83800 15.780307239683841
83900 16.350948378375485
84000 15.121833480707085
84100 13.611882487418733
84200 14.972881708921005
84300 13.04419044693625
84400 12.136098373963673
84500 13.591307754517771
84600 14.039775785771416
84700 14.522118845295093
84800 15.42490257170471
84900 14.08338950085848
85000 13.930932134753474
85100 13.579733640675911
85200 13.388818208839037
85300 13.61081035696413
85400 13.951575178750481
85500 11.706868446060481
85600 13.79183982627628
85700 13.905197342564158
85800 16.724080736457402
85900 15.22207651166245
86000 14.896751338185034
86100 15.492531723296734
86200 15.313508283577034
86300 13.823386528431984
86400 12.06298505864928
86500 12.636895215654373
86600 13.90224694097521
86700 13.889751400794301
86800 12.144432669014677
86900 14.711512515428343
87000 14.95271618740831
87100 14.392882823425358
87200 13.509097221937603
87300 14.674332225625205
87400 13.766203144910847
87500 16.276408500780203
87600 14.710471158319075
87700 14.518117893210254
87800 12.41208980035883
87900 13.361828308191994
88000 13.26832737484401
88100 14.55275350576473
88200 14.155422970687269
88300 15.272343048153832
88400 13.758363651774266
88500 14.503921797750296
88600 12.53918466141332
88700 14.944741794353531
88800 14.355999271703602
88900 14.170598607457405
89000 13.724048623674694
89100 13.692546750495291
89200 14.608279172569393
89300 15.025359876788494
89400 11.321120401532227
89500 7.16749418399343
89600 3.7308704605290415
89700 4.807207091535989
89800 7.8044194931097435
89900 8.868720841593353
90000 10.301540734030805
90100 7.969549915260594
90200 3.087634970366347
90300 3.6995973914374742
90400 5.249302294126004
90500 6.8201269641965165
90600 9.686030171439818
90700 12.947962942392857
90800 13.287255815679831
90900 13.8068479359182
91000 13.51094416755333
91100 12.448425924701167
91200 12.703208820142189
91300 13.100937693992678
91400 14.412803682251276
91500 14.225233643700202
91600 15.041746897758319
91700 16.27007926684376
91800 14.49270914365763
91900 12.753738779232584
92000 13.244322166836746
92100 14.883621789769915
92200 12.45467880862097
92300 11.546206429162025
92400 12.24277384093421
92500 9.757227863488465
92600 7.999610341060504
92700 9.890487775961942
92800 12.772603955949613
92900 13.768384602760792
93000 14.0660514988979
93100 14.467614125885644
93200 14.97702824942326
93300 15.326653246579202
93400 14.72934552968054
93500 15.742441036970735
93600 15.968043459557276
93700 15.980557440396476
93800 16.999643305295486
93900 16.54035750077912
94000 17.018985111187533
94100 12.78149798632304
94200 12.217013638586549
94300 10.708460136533368
94400 13.671148900889486
94500 12.426426628962334
94600 12.40673877658678
94700 12.398516425207331
94800 13.137766926388087
94900 10.411809117778068
95000 8.905775596357342
95100 10.130554374399189
95200 9.919556607544527
95300 10.116156346048388
95400 12.040998242961175
95500 10.835137689148818
95600 10.15137773999712
95700 10.18536587114008
95800 11.697757818426652
95900 9.552578375572237
96000 11.246127378930272
96100 13.870744274029153
96200 11.332546425647074
96300 10.013996560753222
96400 12.71127783956064
96500 13.048514011404697
96600 13.580636869506748
96700 14.508780962302088
96800 14.274537627470034
96900 14.967487276443954
97000 13.319974036493118
97100 13.63978082942317
97200 14.047860867391115
97300 13.792258810735754
97400 14.834306836235017
97500 15.589091094677668
97600 16.544968191668275
97700 14.40254516619153
97800 14.380621810163218
97900 14.939916600282853
98000 16.291864920992317
98100 15.947130115291378
98200 15.264414773759452
98300 14.926114312167408
98400 14.723347827473425
98500 16.33699041335115
98600 17.185588054320174
98700 16.081252186407582
98800 14.819327352353952
98900 13.850646092602975
99000 14.527906870498766
99100 13.81381211191962
99200 14.370737934116644
99300 14.031920063981035
99400 13.772677721590242
99500 13.422986147026725
99600 13.522179952177378
99700 11.909422392146592
99800 13.805537505534401
99900 14.723579108152272
100000 12.558968445084096
100100 13.066179227937297
100200 12.53882863932545
100300 10.8826362580448
100400 10.915920759611486
100500 11.980440706577498
100600 13.649048136693038
100700 12.741732485393593
100800 13.699186131657397
100900 12.298111969108373
101000 11.77404106217049
101100 10.977207894255907
101200 12.045024941830189
101300 12.261541605809773
101400 11.40345693500245
101500 13.265857291871685
101600 13.91021000676537
101700 12.757284148014325
101800 14.448276857261886
101900 11.771608346407124
102000 13.736566170640787
102100 13.688239265562487
102200 14.73945215209882
102300 15.873271236234991
102400 15.627907073351478
102500 15.83233572891018
102600 13.63568253042511
102700 15.00823336194748
102800 14.110901621588619
102900 13.048882132533182
103000 11.656195555793268
103100 13.825792792066524
103200 15.508034365506463
103300 15.927178903106057
103400 15.35990722785579
103500 15.574841043852965
103600 14.96402443476499
103700 14.504230046252134
103800 14.148725315345647
103900 15.566748512130369
104000 16.83557013263575
104100 16.353572919606272
104200 15.591668544417033
104300 15.53403053198481
104400 16.651893237484554
104500 15.246532739987005
104600 15.983776582467666
104700 14.176760428998628
104800 15.164245816141552
104900 14.356277318317558
105000 15.837952228294046
105100 17.347125517138707
105200 16.455717267095846
105300 16.61397571766287
105400 15.062675244922438
105500 15.230063468665763
105600 13.787419057625751
105700 14.428350513169418
105800 15.448493812503608
105900 15.006786195705711
106000 15.27159833105373
106100 14.374864122965642
106200 14.27585992861484
106300 14.97005677661393
106400 14.331851558700679
106500 15.77634229658063
106600 15.482879934387155
106700 15.670315383520299
106800 16.863515041796035
106900 15.387515470651635
107000 14.7478216299848
107100 16.49135720105173
107200 15.057206323987792
107300 15.989813679802943
107400 15.722499122472104
107500 15.151843810637091
107600 15.354278739934697
107700 15.589158252369707
107800 16.414984568012212
107900 15.7791216466113
108000 16.34742106588524
108100 17.289444519523265
108200 17.968585083373004
108300 16.15082495525304
108400 16.011656706486438
108500 16.046279344025237
108600 15.703289924199435
108700 15.256560761384927
108800 17.240794611476243
108900 17.194801934971785
109000 17.19340280169014
109100 16.34682381003743
109200 15.221060787051877
109300 14.810511036261017
109400 15.446759008171592
109500 14.952951581718287
109600 16.140284445424914
109700 15.100734123158828
109800 16.70754628544628
109900 16.015676224908802
110000 14.53753391608053
110100 16.06151550864746
110200 15.41055784304252
110300 16.069918121619377
110400 15.771466109279052
110500 15.484875042767044
110600 13.874388854826867
110700 13.944530651581397
110800 14.03398336644774
110900 14.8403741900086
111000 16.90425137098511
111100 16.964506120678212
111200 17.723642863189703
111300 18.30144828408958
111400 16.149104908408123
111500 15.566034390891238
111600 15.713497667868216
111700 15.447358134522073
111800 15.794410480707905
111900 15.37498251545578
112000 14.9954882414718
112100 15.68635656648523
112200 15.293924644285845
112300 15.686692026730002
112400 17.261437916938718
112500 16.33564188771597
112600 16.117153669880935
112700 15.389223019236496
112800 15.125867526342434
112900 15.318829838811322
113000 14.31857726986848
113100 15.121537762447357
113200 13.86138468709059
113300 14.70739279414824
113400 14.767946753744692
113500 14.815654744214688
113600 12.894535920901534
113700 14.516851868773674
113800 13.817292663463927
113900 15.243095308846794
114000 13.676068190921203
114100 13.385856269484002
114200 14.127731679526418
114300 13.956441650535773
114400 15.028944452168242
114500 13.51500353088416
114600 13.691922743997711
114700 14.115507370065446
114800 14.025116278379643
114900 15.54934437601606
115000 14.240275928943507
115100 14.270470352665164
115200 13.795382616236271
115300 13.302355474706939
115400 15.226437088442422
115500 15.689618856074905
115600 16.391922057814412
115700 16.883272781222352
115800 16.659082089297627
115900 16.57912820525649
116000 15.981872673037754
116100 16.164593737536794
116200 15.528812587128023
116300 16.300789604518386
116400 15.88749107196375
116500 16.26884822141533
116600 16.235433350715475
116700 16.47501441746738
116800 16.024200763902666
116900 15.544705579103972
117000 16.141545848385977
117100 15.773837283953801
117200 16.9338065915585
117300 17.80859534737982
117400 16.287026720306056
117500 15.175215009830062
117600 14.465054220694235
117700 15.874703159455109
117800 16.5647657205952
117900 16.261630129150355
118000 16.337443232816785
118100 16.46285038816926
118200 16.431121506072795
118300 15.887100247632658
118400 16.94887936093392
118500 17.854219264368627
118600 17.46884002540234
118700 16.187300701440076
118800 15.369358450183311
118900 16.791424364961973
119000 14.875315288348796
119100 14.186284080934294
119200 15.57773659038897
119300 16.40414166022635
119400 16.727705148208663
119500 16.688380527686377
119600 18.34009081046504
119700 17.798009151912243
119800 16.85180110265931
119900 14.766642632449269
120000 16.86593890692481
120100 17.937566557079787
120200 16.70008980425404
120300 16.97825402359931
120400 15.710636071737271
120500 17.225776438749158
120600 17.04012023805041
120700 16.851537034388
120800 16.12230746939635
120900 16.5605288258812
121000 15.5427331474328
121100 17.065444338053002
121200 14.395998828035935
121300 14.715101022685042
121400 16.624708080696497
121500 16.37158235021532
121600 16.5985686539766
121700 15.81835183602652
121800 15.312779976759636
121900 17.175535629253208
122000 17.273495448311575
122100 17.36088423506257
122200 17.829630516573737
122300 15.736093503386744
122400 15.56631040716494
122500 16.116172631420692
122600 16.165073730616786
122700 15.761981717769197
122800 16.30162884598531
122900 16.30234749360875
123000 16.954156045013686
123100 16.975694899943363
123200 17.25621091403788
123300 17.876843707294327
123400 17.508671233436583
123500 17.54811739591207
123600 17.223812328824827
123700 17.506709258302884
123800 16.05238967393432
123900 15.91452453610449
124000 16.859103159672337
124100 17.070960672605313
124200 16.89044202746924
124300 17.835261460091544
124400 16.539570490721374
124500 15.897457966736622
124600 16.284002365030325
124700 16.528683797418086
124800 15.608810711697615
124900 15.446059965547827
125000 16.212239530397742
125100 15.378067236480126
125200 16.77038798375425
125300 16.856757971257245
125400 17.79490190144378
125500 15.811185657925424
125600 16.604332174498662
125700 16.749538562641668
125800 16.426827864715282
125900 16.196957560021904
126000 16.525405802998282
126100 16.719145807973327
126200 15.996882131237202
126300 16.761272197347626
126400 16.325490445329315
126500 16.270240356279782
126600 17.416645871068248
126700 17.81022096312793
126800 15.166278741205234
126900 16.667280782447456
127000 16.64424191951122
127100 17.07924464642093
127200 16.52999104744429
127300 16.489620318181437
127400 17.477475111096208
127500 17.605134199068953
127600 16.016988919015063
127700 15.714955387582712
127800 17.328720480787748
127900 17.74278684859146
128000 17.61910334108144
128100 17.24415500273952
128200 17.84524083095771
128300 17.67871556377329
128400 16.735909804864015
128500 16.06339299459282
128600 16.052315557593523
128700 15.160017145864408
128800 15.053567131572253
128900 16.08902276814916
129000 16.43710084006268
129100 15.768302647160533
129200 15.373482745943996
129300 14.546948706723361
129400 14.49146093119893
129500 15.06929914082475
129600 16.559092844518926
129700 17.395201886911302
129800 16.69151694362381
129900 16.742504942181103
130000 16.936322884696548
130100 17.82569834977006
130200 16.835874491714474
130300 15.7409021436615
130400 17.3322495932641
130500 16.778077980624317
130600 14.00036248906375
130700 16.04020070238939
130800 16.172061132565798
130900 16.840200293398112
131000 15.599649222835344
131100 16.489623366759233
131200 15.69953942296297
131300 14.674902068054273
131400 16.61416980182008
131500 16.17651164056413
131600 14.663761440872788
131700 13.641393787016067
131800 14.041960861741877
131900 14.021100045667014
132000 15.241956825570139
132100 16.44914226159636
132200 16.270494591477036
132300 16.939570694996387
132400 15.799857553571279
132500 15.950684517668662
132600 16.657079465304555
132700 17.214586116261348
132800 15.38070898987813
132900 16.408602730569097
133000 15.673005991773701
133100 15.645727816160436
133200 14.695190430055552
133300 14.505244605038525
133400 14.112710108543432
133500 15.362461134078941
133600 16.186419672202522
133700 16.51161371286876
133800 15.776223904339725
133900 15.220771280676669
134000 15.028429179077568
134100 14.572623342230825
134200 16.082949276820102
134300 16.468484218976954
134400 16.438541386819022
134500 17.643777010160086
134600 15.100275023298094
134700 15.644683109384507
134800 15.391823081171127
134900 14.541001474347262
135000 13.800135009052608
135100 13.745923173586313
135200 14.857315588817277
135300 15.390776597523201
135400 14.223371079357364
135500 14.659531409323876
135600 15.973700872254348
135700 14.109701094048768
135800 14.518177125136328
135900 14.299764163228408
136000 13.731860874850158
136100 13.980988606698475
136200 15.869270803178647
136300 15.757418798446631
136400 16.182067494113536
136500 15.803521146099714
136600 9.554259599546754
136700 6.710437150970496
136800 6.043775981565939
136900 9.317442090029786
137000 6.4597190875964365
137100 8.325081252447761
137200 10.188496412334969
137300 8.831452585688975
137400 8.471338595056631
137500 6.419460003863395
137600 5.55828669884072
137700 5.088011523281544
137800 3.6708673824024283
137900 5.559538184507326
138000 5.117477151318994
138100 5.398448862284924
138200 5.901266511954435
138300 6.041399624178346
138400 6.161241004467429
138500 7.37428195226134
138600 6.666249776010121
138700 5.408844149264017
138800 5.3033327851320085
138900 5.782474232732515
139000 7.3183126928173134
139100 10.804739279551349
139200 9.572103526376686
139300 9.886954369088746
139400 9.725261552543499
139500 12.660865148501811
139600 15.12893674696671
139700 15.89233073605518
139800 14.879352636839572
139900 14.06875627623064
140000 14.218416193486222
140100 14.653925687907055
140200 15.601584158892864
140300 16.661420372239608
140400 15.439711596273018
140500 14.352164768990127
140600 10.816281469751342
140700 10.200055439390542
140800 9.216398124239516
140900 9.964351430049208
141000 9.58942910722746
141100 11.188496756123131
141200 8.471518568604024
141300 3.5350766686153983
141400 4.652204385329168
141500 4.132297346611961
141600 4.434207716360189
141700 5.419138107091021
141800 5.588710862594611
141900 3.8587992069398895
142000 8.125860988322513
142100 7.383120768647538
142200 8.487035253395316
142300 7.412282748193752
142400 7.808110390827898
142500 6.682295279190096
142600 6.9982295793417135
142700 7.892030976272266
142800 6.81383978884664
142900 7.261312486587515
143000 9.153920099849396
143100 10.340079265585437
143200 8.998876195747469
143300 9.609603222845939
143400 9.036060574359361
143500 9.054352522535055
143600 6.921314290275983
143700 8.505518264615855
143800 10.490371433075996
143900 8.004122411581843
144000 9.303044652932128
144100 9.501762742863855
144200 10.89853784530974
144300 10.863865802809308
144400 10.650110258851564
144500 11.48030998347847
144600 9.416453892604425
144700 12.337787962485557
144800 10.07901363453827
144900 12.155466565642218
145000 11.969390927696876
145100 9.951790892798133
145200 10.158667481108623
145300 8.666260685990054
145400 8.574165183530035
145500 8.008752896615654
145600 7.9425739983847885
145700 9.64949633709917
145800 9.20553280236669
145900 9.608834992814037
146000 9.411095320858575
146100 8.405254249092588
146200 8.328336576101325
146300 9.917108507514474
146400 10.069091808037435
146500 11.745849440649529
146600 11.006407573732636
146700 9.03390775586826
146800 9.457370526423796
146900 9.736283774400926
147000 10.008886457642552
147100 9.121092013009411
147200 11.494916447587352
147300 11.80594210280881
147400 11.985679666222103
147500 9.315820698268897
147600 10.18505426891284
147700 10.717828704940091
147800 10.376863893457516
147900 7.487786375119812
148000 10.74574076671367
148100 11.72146464331699
148200 11.60949289697769
148300 10.177391363357069
148400 9.896948491173577
148500 10.065074270019803
148600 10.552116560765356
148700 10.243162176749836
148800 12.356823331242481
148900 9.988435055723048
149000 9.542521919042969
149100 8.369369840530963
149200 7.715739129415263
149300 10.052526971832647
149400 10.168841959941407
149500 7.649973089603416
149600 7.410976305011193
149700 9.721666369547657
149800 8.282202180728577
149900 8.627057053894045
150000 10.505714590704766
150100 13.028542771902092
150200 12.739811156882228
150300 11.317246667898242
150400 13.079771248911577
150500 13.97031149035921
150600 14.563542533348176
150700 14.420967755056433
150800 16.60402011049148
150900 16.403466639432352
151000 16.201991623708256
151100 15.991022657289669
151200 12.714752812488586
151300 12.69952496271586
151400 14.314242411535497
151500 14.777139143247677
151600 12.698730462987935
151700 14.335573898692777
151800 14.695552539718186
151900 15.568746687363596
152000 14.502881389328518
152100 14.294922604837002
152200 15.0604211858566
152300 11.94548854524455
152400 12.020287570402921
152500 12.531445333920171
152600 11.002775876172715
152700 9.649003557663141
152800 8.244076481561002
152900 9.349044510074336
153000 8.689754225751514
153100 9.888948372894518
153200 9.308950088200957
153300 9.859348051476761
153400 9.344437229644111
153500 10.030116999716585
153600 8.01058833812139
153700 10.601417604141178
153800 12.290193387646186
153900 13.391735356857705
154000 12.321651808190081
154100 9.781955342514438
154200 10.279738503708625
154300 9.649432089004234
154400 9.024431562942263
154500 9.33703793654359
154600 10.806817387283132
154700 10.739721190729767
154800 10.82212633637831
154900 9.712126848565221
155000 8.292204782901948
155100 7.189788802020471
155200 7.52702117493279
155300 6.274444945985354
155400 5.171996795068824
155500 5.859586057963817
155600 6.183986061836221
155700 7.780822228941326
155800 9.258243352194725
155900 7.228595122931449
156000 5.996621445167468
156100 7.29480149838893
156200 7.0173855205768865
156300 7.532711309721383
156400 7.488985650216561
156500 6.460343199294345
156600 7.597804644753483
156700 7.000026141202132
156800 6.731600960156194
156900 5.535899810279524
157000 8.085267595727002
157100 5.117710555272027
157200 10.2619195769253
157300 9.409107576432826
157400 8.857219426017899
157500 7.243782361529619
157600 7.132454198429518
157700 9.135122200413695
157800 8.500246222245126
157900 9.56886980272971
158000 9.714050906922932
158100 9.34060584350203
158200 7.668376811090776
158300 10.53788948317699
158400 10.51553806318956
158500 11.080877089750022
158600 11.763053855376334
158700 11.46609013153911
158800 8.745800990094935
158900 9.497849927186312
159000 9.239954067993647
159100 10.958702925749426
159200 9.649184513193465
159300 8.447632741475541
159400 7.60596406261208
159500 8.240784249480551
159600 8.135111743555438
159700 9.110100582321033
159800 9.544188910430794
159900 10.10248718264322
160000 10.886458006871383
160100 13.96747873074226
160200 10.125343675327688
160300 8.46832803604939
160400 8.480824424162913
160500 9.27265598026075
160600 10.822485871116214
160700 12.030814583761048
160800 11.842127808106431
160900 11.344971827466376
161000 10.24352250333455
161100 9.319461463627155
161200 9.832523259768374
161300 6.5795425923811175
161400 10.04462865587053
161500 10.56798039316064
161600 11.784616262996389
161700 10.019145922039003
161800 10.050444052124769
161900 12.725073327149332
162000 10.326555818485152
162100 10.882846924419397
162200 8.706421077732708
162300 10.518459854193354
162400 10.717642890604266
162500 8.197597846578091
162600 11.038268570172978
162700 13.291435769528917
162800 10.078953732849447
162900 11.76808806075449
163000 8.667298434345092
163100 12.037153442613207
163200 10.981256235490829
163300 10.780673070694851
163400 11.399938155726476
163500 12.043883238654354
163600 9.633290160989462
163700 12.661611213722017
163800 14.015516821777556
163900 13.017536767844561
164000 10.635725766185201
164100 10.953571336670507
164200 10.318586684833653
164300 9.38012707484704
164400 10.08015369949771
164500 9.439821844955638
164600 10.641717409738018
164700 8.943011551606816
164800 9.60919976190077
164900 9.806696895898416
165000 10.445114122048398
165100 11.073009031392791
165200 11.727205077192862
165300 11.651307156445883
165400 11.609101046165653
165500 10.488694095046567
165600 10.780857545484245
165700 11.304681181874246
165800 13.753210673445363
165900 14.616088055518048
166000 14.710416989565942
166100 13.59881865701235
166200 12.293138026655244
166300 11.385293447834995
166400 11.48123891404448
166500 12.421177557637899
166600 13.052469991661074
166700 11.646809959639494
166800 10.85182602099988
166900 8.740452759273323
167000 10.023441120266973
167100 9.888486873042577
167200 10.755502907353529
167300 10.382203471379713
167400 10.550514186881573
167500 9.471889847733877
167600 9.232967691750646
167700 10.53864156818085
167800 11.884101646632667
167900 11.745759434445572
168000 10.618404651065728
168100 12.063298771040714
168200 13.338664036509895
168300 12.094311911708106
168400 10.64182402062409
168500 9.935917509482906
168600 10.199805317535189
168700 8.93872734296802
168800 9.380290330569402
168900 10.422703419310846
169000 9.325775838395526
169100 9.48155934403914
169200 9.962674528577633
169300 4.869344644328881
169400 6.212219548591319
169500 4.9729660309375605
169600 3.9791697302255873
169700 8.863469937187627
169800 8.907929576607959
169900 6.772596160697233
170000 6.263477936601328
170100 6.60889317544979
170200 7.818975873019885
170300 6.959047415503518
170400 7.235707376709418
170500 4.871572835885616
170600 6.198525554230642
170700 5.378894778867701
170800 6.755146336119728
170900 5.092930233062303
171000 7.656501816565705
171100 5.982199017679278
171200 7.1217450998339205
171300 8.849848339790602
171400 8.524783190037448
171500 8.28705491525315
171600 5.486931511583488
171700 6.177544763014911
171800 7.147523033485927
171900 7.690880842698187
172000 6.02581041904676
172100 6.3999661944490285
172200 5.433020679739272
172300 8.391141703874503
172400 5.526800313573122
172500 6.363596289306158
172600 4.193923070065622
172700 6.070330234059869
172800 5.600693399012307
172900 8.480211957899913
173000 7.647805797907377
173100 7.652315386350132
173200 6.13332773403857
173300 8.449897833510954
173400 6.365400813538298
173500 5.221514758059777
173600 10.490629066824502
173700 10.696668671497044
173800 10.864285436263435
173900 11.415004279301272
174000 9.111970164460418
174100 8.053601080093115
174200 11.095174535875
174300 9.948455435893274
174400 10.642884477165884
174500 10.336220239517752
174600 10.87607961404959
174700 11.567107668426981
174800 10.243927635129007
174900 10.584244812972466
175000 10.523763795923301
175100 11.47199355381079
175200 11.849409076213949
175300 11.905448543945882
175400 12.427033237356055
175500 11.66332304074632
175600 10.080085486165311
175700 10.386019025616209
175800 9.53264628775461
175900 9.51675077276389
176000 10.06985793063551
176100 9.775161373397673
176200 10.079494078014704
176300 10.05123274265465
176400 8.816395348025853
176500 8.357653436202948
176600 11.308928416749369
176700 11.44605188909418
176800 11.450460751790258
176900 9.293731297843987
177000 11.236701757505509
177100 11.063722391385566
177200 13.450079143150692
177300 12.355221343642265
177400 13.922280534877755
177500 10.938628684289963
177600 12.3723885064089
177700 9.89148394810641
177800 11.501672894692613
177900 9.371413486827622
178000 11.179485261852298
178100 11.027500761524443
178200 9.909203480176966
178300 10.996975563361788
178400 9.801910592927793
178500 9.936291801687188
178600 7.235301237009819
178700 7.47515937814861
178800 7.629080112477689
178900 8.773755848726807
179000 11.154767538726565
179100 10.529514693361278
179200 10.451169751800975
179300 10.21999075029362
179400 10.338200136054821
179500 10.38185135641983
179600 9.948330310272171
179700 11.956963185312754
179800 12.553166214704943
179900 12.484446878325853
180000 12.251415930904017
180100 11.293704359849755
180200 12.681973716002714
180300 11.634357930248141
180400 10.607045804313747
180500 12.467524410430507
180600 11.285175209609873
180700 11.384509654576107
180800 13.701488414083018
180900 14.325481534318227
181000 12.196156437285246
181100 12.341218090929885
181200 10.066124707155598
181300 9.652220933910867
181400 9.34857136157368
181500 12.107210500265756
181600 11.412618152938398
181700 10.92658353156699
181800 11.728417562831298
181900 12.620191258762459
182000 13.083230497245237
182100 11.28498130304754
182200 10.56021376557938
182300 9.731289663660043
182400 10.80687147986798
182500 9.527724592092873
182600 11.225516372069688
182700 10.777958905791303
182800 11.846067659380381
182900 12.769676921479013
183000 9.57474486793712
183100 11.93945287959687
183200 12.478315918864293
183300 10.848876355466642
183400 10.754685907799985
183500 9.814534963095634
183600 9.89729181082513
183700 9.974778463400442
183800 8.49247973766066
183900 10.739281345111264
184000 10.822382145767596
184100 12.812246612055972
184200 13.127930794326598
184300 12.838092897849918
184400 11.449728407846804
184500 11.134407643537516
184600 10.617553004211592
184700 10.57565174425162
184800 10.652284464643726
184900 11.322643004949246
185000 10.032921961373727
185100 10.722591118408483
185200 10.968475395494137
185300 10.64388649269549
185400 12.120465974513746
185500 14.421684268884885
185600 13.759405626502467
185700 13.878894069583161
185800 13.025927374405153
185900 15.534258216144812
186000 12.766918415449283
186100 12.986856971533527
186200 13.641251469231237
186300 12.83641877336583
186400 12.987865349470463
186500 13.764525243233265
186600 14.11861792287262
186700 14.359078584766674
186800 13.63512612027508
186900 14.422883368651906
187000 14.792761646164308
187100 14.983737498850006
187200 13.625080943185557
187300 15.288411251076287
187400 14.266960647451738
187500 16.557496561338013
187600 15.527269209629583
187700 15.55673019595402
187800 16.28541814537076
187900 14.503544522626434
188000 12.894816180880111
188100 13.970688871125539
188200 14.174254027302371
188300 12.330353331775543
188400 12.711707079874127
188500 12.216329394887502
188600 13.108426646322478
188700 13.819879521001157
188800 13.890112565641076
188900 13.110565345700538
189000 11.954463151652721
189100 11.134650019481112
189200 13.348520261418969
189300 13.846304523379693
189400 12.08520497710257
189500 12.211883331738537
189600 10.632291758364579
189700 10.621798778891941
189800 12.993014577352339
189900 14.824754801541241
190000 14.008724798858909
190100 13.315037879397444
190200 14.111022369497405
190300 13.456172244974345
190400 12.96684736289861
190500 13.825026225753016
190600 15.574002228116607
190700 14.056788992502971
190800 14.448694398945205
190900 14.462423315945667
191000 13.087445415983465
191100 15.784671526706566
191200 12.833343049376262
191300 12.817169985516259
191400 11.444004746725163
191500 12.341396897487048
191600 13.445050249770157
191700 12.19465553951259
191800 9.330638554375858
191900 12.228231715488327
192000 9.06575440047953
192100 10.915551014293968
192200 13.027180383812832
192300 13.319845378368026
192400 11.995482443802095
192500 12.438869207705
192600 12.98609524970002
192700 13.88015967468353
192800 12.393458157907562
192900 8.080606362397614
193000 4.326812548578698
193100 3.6127188120532137
193200 7.670167131238862
193300 9.542539146579358
193400 9.664973309567227
193500 11.914788808662781
193600 10.834396099141419
193700 12.72986452781262
193800 12.26045570425656
193900 14.319083046601568
194000 11.265466869778965
194100 10.43947572172301
194200 11.836631172350897
194300 11.76565258912626
194400 11.484240740784761
194500 11.951448080725969
194600 13.192286054318666
194700 13.764065670153512
194800 11.47769706247289
194900 11.929551329757826
195000 11.893162702194353
195100 13.915421595440346
195200 13.970572388083813
195300 12.624124171307603
195400 10.86516297646716
195500 12.306468738658662
195600 12.682018516749109
195700 12.287665320375332
195800 14.255432168579166
195900 11.591180302689152
196000 12.416981535089997
196100 13.202894115154782
196200 10.08211432802717
196300 10.661259659745065
196400 9.493063750016402
196500 10.356120151597654
196600 9.076677380068432
196700 10.27047483498897
196800 8.234403347928817
196900 8.152065555949504
197000 10.865882682625124
197100 9.596157888951298
197200 9.461122194613576
197300 9.300229974183775
197400 10.752239109186997
197500 6.8713950504595065
197600 8.951919306207602
197700 9.70048492736151
197800 10.121414764005289
197900 9.442778832139881
198000 8.932819198756276
198100 8.984021111860766
198200 9.587448774773623
198300 8.748878909368813
198400 7.185152134234782
198500 10.59928863924717
198600 10.583195422252528
198700 11.096738682835579
198800 10.028501682033573
198900 10.116481894074942
199000 9.528120386687833
199100 9.369261833733738
199200 10.79616830743826
199300 8.566801450047434
199400 6.4792966371484075
199500 8.562787470666372
199600 8.752815614446476
199700 9.354578061097598
199800 9.7134780646048
199900 10.277966648032251
200000 9.053838148940114
