# Model = full.TensorFlow.(9)-16-16-16-16-(9)
# Num weights = 1056
# Learning rate = 0.001
# Env random seed = 111
# Start time: 30-08-2021(11:29)
100 -2.1425605932575698
200 4.2778511062479945
300 7.899955377010511
400 7.735317761109956
500 3.8942865056546876
600 6.238956768804861
700 9.643540942258896
800 10.13253393674623
900 10.839228472159494
1000 10.005339268974458
1100 9.461640989712546
1200 11.136771604175982
1300 11.418876596203713
1400 9.4649946524925
1500 10.65900809800108
1600 10.461496114992439
1700 10.270229304633796
1800 10.284346076083969
1900 9.224309612519034
2000 6.7453315074562825
2100 11.151953609212953
2200 11.819516365498718
2300 10.901369504764327
2400 9.969675091120793
2500 8.57152185546276
2600 8.42201439688732
2700 10.219534532360354
2800 10.390884506133867
2900 11.349270564113171
3000 11.210733728444893
3100 11.026818131999152
3200 13.024679467388951
3300 14.383131074854312
3400 13.662432564352049
3500 13.661092342048109
3600 13.905438957010317
3700 14.074668624719632
3800 11.71456399668238
3900 14.128595787761729
4000 13.926685490896816
4100 11.779704954878847
4200 11.876499825371225
4300 12.932763698957606
4400 10.563012261113133
4500 10.583770928112553
4600 12.200536431673594
4700 12.493330949246952
4800 13.064084540977355
4900 13.117718985400215
5000 12.419793045880098
5100 13.906217165389327
5200 14.807070931132902
5300 13.210217831155864
5400 11.820907755608458
5500 12.686991445573527
5600 14.33045384941771
5700 13.059419497021466
5800 13.810094807119802
5900 12.571188181317174
6000 11.258381270707172
6100 10.950787803924875
6200 9.961971049032188
6300 9.999248653259833
6400 11.172979277291368
6500 13.893205268792029
6600 11.449701902391194
6700 11.188803198094858
6800 11.125179913809433
6900 12.931742612192759
7000 12.232851075717418
7100 11.551439469042853
7200 14.206492661400606
7300 11.835327768058855
7400 11.689750519615654
7500 9.365121671102184
7600 11.97868424346765
7700 13.656501399020541
7800 13.206980251252666
7900 13.69732385246474
8000 12.672073432646277
8100 12.418547929755974
8200 13.52148194550444
8300 10.27039458074732
8400 13.97768188838112
8500 14.307731640973238
8600 11.253128178468042
8700 9.960785919783003
8800 10.516706258168478
8900 9.900290578586041
9000 7.628836308436891
9100 8.726542608366566
9200 10.421140694704619
9300 7.872180573714814
9400 8.33346912523206
9500 8.610698504694643
9600 6.002241601940372
9700 6.983254568185519
9800 9.660383033116519
9900 10.272277894525937
10000 10.065169112964453
10100 9.504519804057404
10200 10.616121200910486
10300 10.176932789216337
10400 9.507383492901624
10500 10.428169936378884
10600 9.61467579579885
10700 7.920690185260361
10800 5.556104624776987
10900 7.7689138363500705
11000 6.991068928339663
11100 8.406873990785545
11200 9.840876425279404
11300 5.145941189500812
11400 7.976547532008852
11500 7.565808114730954
11600 6.702683861641025
11700 9.655778981070478
11800 7.655688331453919
11900 7.335434663840019
12000 9.6763670886037
12100 6.925017861953074
12200 9.528374551738759
12300 11.18987538712135
12400 12.192799807353921
12500 11.057532984377467
12600 9.621635213492969
12700 9.106636663667308
12800 8.036803943675013
12900 9.12011003792452
13000 9.168904904517218
13100 9.414726133480004
13200 7.714674034653954
13300 7.5479292606694175
13400 8.156339242074763
13500 7.609419753689756
13600 9.913724588167803
13700 8.525334136036712
13800 9.420148502180691
13900 5.704234904849116
14000 7.321018998174675
14100 10.58223592708785
14200 9.188618875422643
14300 11.308840396337954
14400 9.421617372065233
14500 11.369759506484652
14600 10.786160670631647
14700 11.82074094158163
14800 11.116531353736255
14900 11.634229371855497
15000 11.70673102560453
15100 12.657308543767106
15200 11.552830471970626
15300 11.743147574255477
15400 10.317928129149266
15500 11.03107602083017
15600 12.919556371289538
15700 11.40590703087245
15800 11.972119458475657
15900 10.718306079574845
16000 11.54475774702387
16100 13.04670100244262
16200 13.13272910659098
16300 10.960148941994193
16400 11.652791031217921
16500 10.900135319110634
16600 11.259072052043685
16700 11.003486816755858
16800 12.855401865003335
16900 13.24599075044367
17000 13.901481714048758
17100 12.647397557161607
17200 12.12508264121594
17300 14.104736893195046
17400 10.817676969591338
17500 12.417285534691706
17600 12.57087842489244
17700 11.528913416057893
17800 10.904802231937404
17900 11.096079199333266
18000 12.70708208312367
18100 13.24014321203206
18200 12.083511189060857
18300 11.001584676894701
18400 12.347444709297395
18500 12.34998519086612
18600 12.887678750745723
18700 13.756043756022397
18800 10.558526804762314
18900 12.384130711991507
19000 13.038941884219673
19100 9.06336032245307
19200 10.359725971913551
19300 12.18646982991816
19400 10.993230353559783
19500 12.384461315839863
19600 10.93339325092264
19700 12.073134333716979
19800 10.223685686499591
19900 12.94000696451898
20000 13.396974615275488
20100 12.17705365932563
20200 12.605883819623644
20300 13.440982633633048
20400 14.660857534914443
20500 13.886274272373909
20600 14.069280304568462
20700 12.98303538411594
20800 12.966794991184651
20900 11.816809389076353
21000 12.809358469373924
21100 12.440350943765273
21200 12.442109469437646
21300 12.857071077482537
21400 12.63609084982602
21500 12.506303318638816
21600 13.330014674903884
21700 13.533944039297525
21800 13.108649533437454
21900 12.78706497223623
22000 11.42374768801105
22100 13.095500114128326
22200 8.875377486717033
22300 8.21823372496555
22400 11.355819160733724
22500 11.199743108317788
22600 11.070830418082888
22700 11.22559063004612
22800 12.304602406845136
22900 10.638896236322951
23000 12.791824570974946
23100 10.413717632840594
23200 12.765956393488347
23300 15.633793892193635
23400 17.0547985051776
23500 16.822546668252425
23600 15.427408550045287
23700 15.219226610569674
23800 15.644417810897233
23900 14.811840711333897
24000 16.40476561789953
24100 15.551473177652271
24200 15.379628370842555
24300 14.255828581000715
24400 13.920581970586962
24500 13.01777876434053
24600 14.42052735391202
24700 15.080819071761795
24800 15.240220776709457
24900 15.122325261010856
25000 15.502005928370425
25100 13.782503672408216
25200 14.652261713546363
25300 13.061419081398878
25400 13.908330254735572
25500 14.599147386936094
25600 14.20501029774896
25700 14.615307899971775
25800 14.162912008082879
25900 14.049920031743898
26000 14.631254112029257
26100 15.017235171655134
26200 13.867623985335614
26300 13.411250062389808
26400 14.882697158704753
26500 15.05197727551282
26600 14.376411371850974
26700 15.079731228248699
26800 14.076451754514913
26900 14.818829149577937
27000 15.081323682010138
27100 15.008380446200203
27200 15.752152754087968
27300 13.904646391955222
27400 13.546503302306636
27500 13.43916602692236
27600 14.031822300883222
27700 15.242503005279046
27800 15.810310877760532
27900 15.1641222627345
28000 13.328931151649867
28100 14.303496925687856
28200 13.80937530299953
28300 14.694560593975574
28400 13.774848233093609
28500 14.496763391221409
28600 15.094614606977174
28700 14.730860297312313
28800 14.81687679966438
28900 12.068262401349891
29000 13.666921957577339
29100 14.210253536589528
29200 13.899236505476859
29300 13.10507155257537
29400 13.122003983739663
29500 14.195301991321074
29600 14.42565681927698
29700 15.660181201029744
29800 14.249149188459983
29900 13.360638605641723
30000 14.003900492771706
30100 15.306086328795267
30200 12.450206865922008
30300 14.02846880849214
30400 14.38976881099769
30500 15.594629076383637
30600 16.620311707494643
30700 14.839914535003823
30800 14.102505339678963
30900 14.39289570214069
31000 15.44930157412845
31100 14.728496732174559
31200 14.46432390646503
31300 14.021497150535822
31400 14.7263476385227
31500 14.367485208044949
31600 14.581828649000126
31700 14.667616010769356
31800 14.274091606783989
31900 14.06682336414057
32000 13.878412177759417
32100 14.750793250582568
32200 15.17655428535956
32300 14.162849712265052
32400 14.912541089998637
32500 16.74715270998207
32600 14.844714028052474
32700 15.673748426163998
32800 15.667716474000448
32900 14.092820800168843
33000 9.716675572956254
33100 5.7779080082829655
33200 4.921853701101575
33300 6.238345489201502
33400 5.89695702895866
33500 5.319523587068078
33600 6.192749006764013
33700 6.068380010340056
33800 6.839087790567175
33900 8.910370339659497
34000 9.61027548937345
34100 8.927174774230856
34200 9.136588753524597
34300 8.405898052865737
34400 8.065276252878695
34500 8.719519592441744
34600 7.748884081201435
34700 7.69999594499427
34800 9.274468073882804
34900 8.980533111942949
35000 6.721733806830934
35100 7.476192037674365
35200 10.10227836611342
35300 11.153675657655915
35400 10.754042307710828
35500 11.656698157411371
35600 8.065433309460317
35700 7.893003788078667
35800 6.536019146672811
35900 9.535779505279375
36000 9.697036109214837
36100 10.397477609210481
36200 9.34701817435216
36300 8.50928627767382
36400 10.532974572926403
36500 7.50915476649968
36600 8.444309277833426
36700 9.285249926563628
36800 10.584964202463691
36900 11.093435798522192
37000 11.449961083204965
37100 12.793905660190507
37200 12.64365567224509
37300 11.695053607891133
37400 10.757798144022626
37500 8.814300949912761
37600 10.96758134788571
37700 8.974745933805687
37800 8.75685341704132
37900 8.289899453848308
38000 6.980190590149305
38100 7.684484688650443
38200 9.822711016405163
38300 10.165209578901598
38400 11.056402842825623
38500 12.423933077222262
38600 11.718921185801502
38700 12.106084372475273
38800 12.387152869677204
38900 12.71263669910476
39000 10.295939591242368
39100 11.397790715124763
39200 14.089720840549802
39300 12.488824317254783
39400 13.491820570583457
39500 13.809540348929527
39600 12.597320190089926
39700 10.755862775044495
39800 9.871932915270811
39900 7.9223688926228295
40000 7.696486699678352
40100 9.040635482000225
40200 10.7930951162086
40300 10.87738204503375
40400 9.317927673883611
40500 11.395978663042067
40600 10.724284165913998
40700 12.093993609538064
40800 9.110200400960238
40900 10.545708937022043
41000 10.686242658453533
41100 11.379286802461872
41200 9.882193401895641
41300 10.84042671478043
41400 12.12262881066708
41500 13.632914944637646
41600 12.632838710809953
41700 11.824710165923383
41800 10.99663560420018
41900 10.888948070478275
42000 9.68767416261434
42100 9.930283460967019
42200 10.791077971894797
42300 11.65445516164861
42400 12.876539094592287
42500 12.0333047655257
42600 13.719825665719684
42700 11.90010699439354
42800 12.861312613442431
42900 13.87014845114508
43000 12.681726122515727
43100 12.827130606047362
43200 14.141934705703123
43300 14.480933116391904
43400 14.564222044473484
43500 12.850471862357514
43600 13.25889089328259
43700 13.661705186601752
43800 12.865640741928521
43900 14.971555690607651
44000 13.579572009720803
44100 12.285340866871817
44200 13.850336499073743
44300 12.749995737860038
44400 11.77508985744258
44500 12.37688803671367
44600 11.845171815507058
44700 13.742292020515857
44800 11.58361332130491
44900 14.611879049579477
45000 14.665188105283654
45100 14.339996421947328
45200 15.125279182402116
45300 14.63193176632153
45400 14.933301046673348
45500 14.394266909394048
45600 14.221746729988547
45700 13.371809555275242
45800 13.053637706761986
45900 12.408821545384354
46000 13.096885378897348
46100 12.49010836947027
46200 11.45689286979004
46300 11.311340268705038
46400 13.625415840456226
46500 10.584293188222231
46600 11.841547011183668
46700 12.791185479316395
46800 15.541083355971638
46900 14.730014217161429
47000 14.135481412253375
47100 14.132127217051991
47200 13.808415212828377
47300 12.711199467444638
47400 13.465782831769896
47500 14.726053276288344
47600 14.797269607216345
47700 14.007149766571596
47800 12.415079786737264
47900 12.50270590586701
48000 13.545160319654542
48100 14.706563305494221
48200 15.56976905543135
48300 13.125259114200208
48400 13.421155857030032
48500 12.546419812896149
48600 12.657263167790115
48700 13.722523922415261
48800 13.477402292481857
48900 11.645250088079923
49000 11.450147161728694
49100 12.240203002846025
49200 13.421019344017779
49300 14.460526765635784
49400 13.599959836174934
49500 11.979693899783609
49600 14.352779922086931
49700 13.460368554900276
49800 13.994093886475234
49900 12.055446830757438
50000 13.040169519885037
50100 11.366642567612066
50200 9.682409475887587
50300 11.898963967046862
50400 13.317513120394425
50500 12.272524990261529
50600 11.88475333026879
50700 13.556530026602948
50800 13.268432243991198
50900 12.837510199555254
51000 14.116581172951951
51100 13.11637722370361
51200 13.697269444583483
51300 13.691735982782143
51400 14.675954173956452
51500 13.975606727559212
51600 13.295987254573292
51700 14.54657485534142
51800 15.566518438621701
51900 14.384905956036134
52000 13.565177586662118
52100 13.321592295430094
52200 13.94780500589222
52300 11.788628763926528
52400 13.237766144421853
52500 14.196677506877927
52600 14.695824023715694
52700 11.038418556589948
52800 11.709246984093639
52900 14.206779331715763
53000 13.258844024566672
53100 13.261913777768218
53200 12.84332531628112
53300 13.103553895133976
53400 12.79101457788487
53500 12.473125192917422
53600 12.778022697770222
53700 13.728522089473373
53800 13.296207504580254
53900 14.321275071558567
54000 14.846554673052434
54100 12.945411083955067
54200 14.2578939756701
54300 13.570417490027856
54400 11.24845050401189
54500 12.422486325462726
54600 13.861352971538697
54700 12.211495096781363
54800 12.679055630204532
54900 14.030875511555855
55000 13.620199717663306
55100 13.723332163029909
55200 13.64148855226607
55300 12.703871911881958
55400 12.664278505493213
55500 13.426887176523008
55600 13.75480179725702
55700 14.039694152766659
55800 15.357918053342328
55900 13.53791721506751
56000 13.700479905137435
56100 13.053439216083364
56200 11.749344989370766
56300 10.941410889447889
56400 11.109746115281492
56500 11.47763742088151
56600 10.387896072722107
56700 13.770814882579065
56800 14.43795661321138
56900 14.091115880112856
57000 13.747619309913475
57100 12.622975107240421
57200 13.466451311443345
57300 10.998619921962161
57400 7.318391278391259
57500 9.653618364805673
57600 11.921763352515818
57700 10.448593763022433
57800 11.254696101320759
57900 13.221036864749054
58000 11.740724417315853
58100 11.873375376951383
58200 11.697780529691975
58300 11.648138928335474
58400 12.540314994229316
58500 12.547371222378903
58600 11.573376492725476
58700 12.362729761977269
58800 11.66029568150778
58900 12.317003587332115
59000 11.024270464933162
59100 10.319001714287669
59200 12.564250098004525
59300 11.738703569101835
59400 12.791691836629887
59500 14.365138144785364
59600 13.484206268833004
59700 11.505588852935327
59800 10.78094018789773
59900 12.464637965808409
60000 12.590614346284896
60100 13.21907698737851
60200 13.544621242791518
60300 13.031201875439864
60400 12.902052392623295
60500 12.541838328556382
60600 11.231585814095846
60700 11.043084688939384
60800 13.391846056183837
60900 13.003790987503388
61000 13.857479033857041
61100 14.141493010744869
61200 14.302269779809947
61300 14.59570437266767
61400 12.640731782267832
61500 14.27684941651974
61600 11.7778625557885
61700 11.702337111896533
61800 14.762105797154392
61900 14.600353727369024
62000 14.687404154786929
62100 13.694667752645387
62200 14.103177153216441
62300 12.640146323253655
62400 11.792487643952054
62500 11.910484770203738
62600 10.97690690902633
62700 10.665420444503953
62800 13.497688319734214
62900 13.357433657694807
63000 12.699905972276285
63100 11.56878417051319
63200 12.693143520477731
63300 14.275311205846661
63400 12.500177801693336
63500 11.664611627798987
63600 11.711242224229535
63700 11.557965177905439
63800 12.857813221779848
63900 11.394574241319756
64000 10.869968785281499
64100 10.199764784826668
64200 12.840531905239208
64300 12.585416998713098
64400 12.826163659277263
64500 12.172474179183022
64600 12.11736437786455
64700 13.797747791595576
64800 14.405451271312517
64900 12.843360845236448
65000 13.473191316546783
65100 13.725731991478229
65200 12.729728611545955
65300 13.073665461410227
65400 13.285560611658285
65500 12.1644527837747
65600 13.065160841830895
65700 13.452417473331803
65800 12.424207755504947
65900 12.134248655021223
66000 15.10768005761066
66100 13.720366862956395
66200 13.479619452843034
66300 12.35861494855984
66400 13.141293860590563
66500 12.107453651513753
66600 13.656870676214467
66700 13.55083388934603
66800 12.886437048804343
66900 13.543748859870924
67000 11.935559129272425
67100 11.131303298299715
67200 13.124058612174798
67300 13.493866366823573
67400 13.90426903849487
67500 15.297922096012313
67600 12.027278061323976
67700 10.792710537418921
67800 12.642720045075437
67900 14.00024162348336
68000 14.573776536630398
68100 13.505341457525404
68200 15.115110887382901
68300 14.595748055848015
68400 14.126288190689019
68500 12.180032728930696
68600 12.246703448453697
68700 12.443969468480818
68800 12.351732771224153
68900 11.944947578239288
69000 11.949699337651532
69100 14.16597450427271
69200 14.333343653544572
69300 14.333400710718617
69400 13.100506693265874
69500 14.00993969016881
69600 14.907400449319818
69700 14.143881854150724
69800 13.905455984665547
69900 13.998598151405407
70000 12.382262233463434
70100 14.468544753914918
70200 13.942089499568741
70300 14.219507815219739
70400 13.531394970674281
70500 12.839655292445228
70600 13.08132611311013
70700 13.11312672293301
70800 11.985228972880169
70900 12.861729096086622
71000 13.27708145907812
71100 14.560322384202824
71200 14.737765451142225
71300 12.682744359514103
71400 14.007341125611367
71500 13.294594169401782
71600 13.337775513636654
71700 14.366076227770925
71800 13.289731779382183
71900 13.014676439347774
72000 12.603336597576737
72100 12.142880728961568
72200 11.445698023825962
72300 12.116871082335107
72400 11.714694989400293
72500 13.608441877373796
72600 14.162517514909311
72700 13.984650673288032
72800 14.01525266360978
72900 12.794467093048281
73000 13.757552325888629
73100 13.944078056009666
73200 12.681291225830321
73300 13.647891805248682
73400 13.824704482327537
73500 12.745427661199017
73600 12.723079545930307
73700 13.654222446484145
73800 13.610751820002072
73900 14.550565600548435
74000 12.682421034622179
74100 11.49595055217769
74200 12.433315134664435
74300 12.341700015428811
74400 13.814838655913524
74500 14.662624989369291
74600 12.976117747414426
74700 12.583906274482814
74800 13.80528596424793
74900 14.163102005214032
75000 13.064290774761442
75100 12.345003477130769
75200 14.890635589596373
75300 13.81483200399248
75400 14.447158494904915
75500 13.561560159574384
75600 13.34310504485369
75700 14.058657528694702
75800 14.24057181406314
75900 13.383210913808925
76000 11.739643516307542
76100 13.631603184219076
76200 13.358668718225172
76300 13.198626830085331
76400 13.175003677570436
76500 10.458238190083481
76600 12.022258394527626
76700 12.504104198863201
76800 14.034505306752436
76900 13.604212371257285
77000 14.303821756763131
77100 13.252023921711002
77200 11.93293091244535
77300 12.311460485280481
77400 13.945806110785078
77500 13.730642128552608
77600 13.558356517789369
77700 12.764773616704538
77800 13.2964707747259
77900 13.194945379422737
78000 12.437177032942309
78100 12.355951496033075
78200 10.483299725487985
78300 10.083855842326138
78400 8.488321738103478
78500 7.589877919835303
78600 10.414390452578562
78700 10.917097280164047
78800 8.65480402519105
78900 9.784083847390148
79000 9.720194050833603
79100 7.598503205772433
79200 7.480480604930965
79300 8.202606611776503
79400 11.13619150216969
79500 9.829182919792355
79600 10.368634643884732
79700 9.307804587118865
79800 11.820686467370326
79900 11.895122552318757
80000 11.173760693819148
80100 11.526906028423472
80200 9.388598663474541
80300 9.49501330697769
80400 11.266982528802737
80500 10.311380310916494
80600 10.549824476077688
80700 10.77275004713719
80800 9.861629995473036
80900 12.91891851570127
81000 11.135434167149484
81100 10.909168575254832
81200 11.936092577922675
81300 11.378311216868674
81400 9.17765658691281
81500 8.107793064367497
81600 9.497288681860148
81700 7.837736784762105
81800 10.454101717693794
81900 11.799048001023845
82000 13.560516029670628
82100 11.076322697708433
82200 11.211538547493001
82300 12.454608953329343
82400 12.272261150767944
82500 12.672631031270617
82600 12.294950731216977
82700 12.777644699327737
82800 13.24286130445923
82900 13.371865960893548
83000 13.493212907637112
83100 14.108202863324232
83200 15.18491496017542
83300 13.484200167271617
83400 15.322039226086616
83500 12.970240385386596
83600 12.940143397513644
83700 13.59083358675668
83800 14.10426362490624
83900 12.709219563505043
84000 13.32274627574107
84100 14.054929311846582
84200 13.938493582088249
84300 14.022354738204466
84400 14.995658334544485
84500 13.663440648997005
84600 10.765898794508438
84700 12.961847577972401
84800 11.519691478662534
84900 11.516592397493385
85000 14.112388134659525
85100 14.770231562698244
85200 12.929270363844678
85300 14.330763541398321
85400 14.200519727675596
85500 12.500693386192232
85600 12.44722956774233
85700 13.14742175162858
85800 11.91578863307368
85900 13.045860261138774
86000 13.638729964598628
86100 12.391076814813452
86200 11.943348227283199
86300 11.82239891482115
86400 11.348414915478182
86500 11.315054848860786
86600 12.607580705120581
86700 12.782965993592068
86800 13.307212387154703
86900 9.967275516533777
87000 10.27632628525478
87100 9.960371864578715
87200 11.010520878974786
87300 9.176803334566472
87400 11.350205400699819
87500 12.482054658238212
87600 12.520124590120535
87700 10.247977969605197
87800 10.817972625469817
87900 12.825728481672014
88000 13.27282443364481
88100 13.426161425556508
88200 14.253270521564367
88300 12.510180480916878
88400 13.204655942685449
88500 14.37193465913438
88600 13.901654126010373
88700 14.104402610784332
88800 14.088445431788246
88900 13.582717245107599
89000 12.84115062821668
89100 14.770079999763386
89200 13.219432072215682
89300 12.530334595875438
89400 14.046673159858093
89500 13.68719485362013
89600 14.069143102838666
89700 13.466437990420479
89800 13.72483199166954
89900 15.161951700868629
90000 12.572701625398302
90100 6.461734132786847
90200 6.081749221579522
90300 1.9727212059522194
90400 0.027899469007361066
90500 0.6805200522269734
90600 0.4377377869517044
90700 2.199610839306689
90800 0.21641795343905829
90900 1.1767892915737046
91000 2.0238414443661767
91100 0.0016436139685991058
91200 0.9611715394210969
91300 -0.11293727309685855
91400 1.978929924038286
91500 0.7326598053271152
91600 2.868722227743468
91700 3.0423373317722846
91800 4.019014190571724
91900 2.533740951465943
92000 0.5739211430216
92100 -0.5694617185318402
92200 0.5944446039668638
92300 1.32638471194844
92400 0.913995672985876
92500 -2.5540794915790426
92600 -3.0045967129565088
92700 -2.158455674765733
92800 -0.8138818321202834
92900 -0.43526475222142674
93000 3.4914747773436297
93100 1.6463884413037528
93200 0.22270119555715281
93300 2.06222402929416
93400 2.098034545483059
93500 4.649598549547094
93600 2.5520370648966235
93700 3.0459427620466633
93800 1.9205562061373513
93900 1.4201072470621776
94000 0.5807300871036636
94100 0.6710033442897747
94200 0.23896472002239516
94300 1.1049612545721756
94400 -1.3003846205427403
94500 0.018886319482549235
94600 -0.5208021484481369
94700 0.11969251718786172
94800 -0.47947010027487114
94900 1.2018021061433237
95000 1.0455520971080121
95100 -0.568847754932436
95200 -0.2010857078763278
95300 1.1638154630045272
95400 0.1949543501755931
95500 0.6800736683941473
95600 -2.0639851147890522
95700 -1.17541877678589
95800 0.3909569377894011
95900 0.10951641054547265
96000 1.7619925854659133
96100 2.065536061968848
96200 0.18817397022032317
96300 1.506795975028029
96400 0.503270521256662
96500 1.5666854504924967
96600 -0.5004114792794743
96700 1.0381116840685607
96800 1.5184796644997616
96900 1.4254878468808199
97000 0.8204746251365724
97100 2.902627970597266
97200 4.627280080895122
97300 2.975907168294603
97400 2.9595079471434333
97500 2.7650330396454708
97600 3.5046165328344756
97700 4.828115835717266
97800 2.42814984010615
97900 2.8434218106635636
98000 5.114782975566555
98100 6.531237876187206
98200 8.427749796828484
98300 5.492346209757277
98400 6.311604208815807
98500 4.287833874322993
98600 4.944382229880254
98700 5.628927542182079
98800 4.158966946124133
98900 5.661969658980383
99000 4.7118186504263235
99100 3.8700075490602917
99200 2.3882590562284474
99300 5.50254277779518
99400 5.054488306228851
99500 6.2204808827271005
99600 3.5831612718444545
99700 3.815993332296783
99800 6.372556831882172
99900 6.66535413349992
100000 6.216481997691973
100100 5.9594064553761115
100200 5.6012766723758975
100300 6.24669642943189
100400 4.852002303925354
100500 5.14680771773484
100600 6.019958705716566
100700 6.624457124098781
100800 5.141183003788976
100900 4.593171365055375
101000 5.437420529794264
101100 3.216433833651359
101200 2.968368839868614
101300 2.641428158715932
101400 2.707447318974442
101500 3.7492454819106653
101600 5.330020470964564
101700 5.605268259161055
101800 6.482262101894219
101900 7.405125914068441
102000 8.79835819981621
102100 5.843910736980673
102200 4.049331318390104
102300 6.905193111804727
102400 6.666871765201275
102500 7.592603153545623
102600 7.641030138780007
102700 4.181837908914378
102800 5.521402059123757
102900 4.5242130312108415
103000 3.500906945676463
103100 5.2716213533170055
103200 6.466143797595183
103300 5.020766185094692
103400 3.7642869769014786
103500 3.980393356726826
103600 6.719226279606862
103700 8.815693040641726
103800 7.46864004066465
103900 8.126215217629762
104000 4.861161217348495
104100 7.709109239684656
104200 0.7033250409468561
104300 -2.1398717920285857
104400 -0.983290335455675
104500 -2.89906405777478
104600 0.45051486078859776
104700 4.782633483541859
104800 6.893473534701191
104900 6.316921299828002
105000 7.890426093418603
105100 8.958610982082389
105200 10.859430670960027
105300 10.643507171374686
105400 10.549266999941526
105500 7.786340793744297
105600 7.578085829672193
105700 7.963800015573997
105800 8.747137208020655
105900 8.877275099464164
106000 8.094409253952227
106100 8.950186791796446
106200 8.952876976284523
106300 8.677662557020936
106400 8.46280188493399
106500 10.056619780561196
106600 11.432800318381005
106700 12.539507252893186
106800 12.54331903932349
106900 13.458985805210533
107000 13.545910198853921
107100 12.669922166587108
107200 13.31521656782116
107300 13.206189429978313
107400 13.394972695668033
107500 14.066720143065618
107600 13.408674097833774
107700 13.963874221700902
107800 13.343568956379018
107900 13.287646249700494
108000 14.135784897450739
108100 12.512695479394944
108200 11.057359541921162
108300 11.182123658690019
108400 12.989541819992212
108500 14.74962262417909
108600 14.298264061002111
108700 15.104181612594504
108800 13.205574645688037
108900 14.609821857837156
109000 13.266890930957903
109100 12.975095966538413
109200 9.412588947747016
109300 5.785741407986977
109400 6.224456249422931
109500 4.825010666513461
109600 4.2302019312186845
109700 7.003488408443817
109800 7.036782473981216
109900 9.23013100883191
110000 6.934070433141909
110100 6.663792886264641
110200 7.315189915790432
110300 4.38096464919558
110400 7.552378600703441
110500 8.60271515201355
110600 9.570323674573507
110700 7.888664371296859
110800 9.528658065965637
110900 8.247738525853556
111000 6.962540275802843
111100 7.495407820017502
111200 9.41572798032953
111300 8.664427542088177
111400 9.647180909530194
111500 9.092440307198496
111600 8.486672434726765
111700 7.229509072456732
111800 4.387837354349804
111900 9.113958443747086
112000 9.263285838012477
112100 11.64786374258386
112200 12.47929452296758
112300 11.83289771288481
112400 10.956935355358272
112500 10.722937322681773
112600 8.326853414126
112700 5.939901979826249
112800 7.484446253829666
112900 8.025079357299823
113000 8.492691617433382
113100 7.664631684473609
113200 9.422544478647811
113300 9.731891371999764
113400 10.925731437141048
113500 10.836020641963904
113600 9.580969778604716
113700 8.206801877387289
113800 9.377682472811049
113900 8.625739148990093
114000 9.371938890914201
114100 8.54832770259682
114200 8.211340447689832
114300 9.601411769215126
114400 11.104719249450142
114500 11.751984982373045
114600 8.614820972044855
114700 8.502189707538582
114800 10.755446508664523
114900 10.310391508522091
115000 8.473128818977383
115100 9.059545142150197
115200 9.916043714824667
115300 11.322437554850534
115400 12.863217112979257
115500 11.170696670263013
115600 12.109225931171036
115700 10.77148681815879
115800 11.69696132113125
115900 13.180540054923327
116000 13.802323440239388
116100 13.46221430678868
116200 12.651969045575628
116300 14.95527669879682
116400 13.639973816014294
116500 12.382862396083842
116600 12.341489675070859
116700 12.992172198534272
116800 13.315736806129337
116900 14.622767369304285
117000 13.85486540855829
117100 13.715161204184655
117200 13.090774659384424
117300 14.21958542387858
117400 13.536713116717223
117500 14.928733473903813
117600 16.331839875229356
117700 15.08766499727871
117800 13.232957155651945
117900 14.287816852548914
118000 15.08922594847748
118100 15.696223978647406
118200 14.332331080560328
118300 12.390000847288405
118400 12.14111934493213
118500 13.50729116991628
118600 14.870575225860817
118700 13.986726960360242
118800 15.726168302566402
118900 14.931780855831562
119000 16.45625514381477
119100 16.27318697584981
119200 16.463722645556853
119300 14.598975208477158
119400 12.935831712964717
119500 15.96901328664947
119600 14.603007672520087
119700 14.436047561494044
119800 15.323689790746334
119900 15.773203844221305
120000 15.385356508591798
120100 15.539076809138285
120200 14.572031087592059
120300 13.59962415864731
120400 13.861455041621205
120500 9.61719121000873
120600 4.203599863580882
120700 -3.6834712016372926
120800 -6.280483047988146
120900 -9.267810039774352
121000 -8.878169525499612
121100 -9.683868246716287
121200 -7.604361953544041
121300 -5.846440432325949
121400 -2.1986109889280105
121500 -3.5673452321092207
121600 -2.0923458193577966
121700 1.2494653094938288
121800 0.8069867672251203
121900 -0.636232945067384
122000 -0.3259469037738399
122100 2.029564739398543
122200 1.3806457694936822
122300 1.9516105489369056
122400 2.813496759484981
122500 1.4691359048254595
122600 3.9045216678830785
122700 2.3760184193040446
122800 2.631172784391002
122900 4.027904265925118
123000 2.4974948635437295
123100 2.612526711863214
123200 5.31958953968273
123300 2.3457685760502103
123400 4.003474114754392
123500 4.713641574786833
123600 4.825752671806909
123700 4.672818403379172
123800 2.644433561863364
123900 1.1017530021831452
124000 2.7121356333234843
124100 2.5833128278740443
124200 1.9843879860424967
124300 -0.34988430167233375
124400 1.7105733969914956
124500 2.3885796567389703
124600 1.8344125408310863
124700 5.583745662015695
124800 4.875473761402492
124900 5.341397009989302
125000 4.984256330084833
125100 6.167039806179631
125200 4.517131150447782
125300 4.607260390362715
125400 3.9773253804832986
125500 4.628288448009611
125600 3.9020797274068544
125700 8.038669989861319
125800 7.485829858102759
125900 5.892426393140119
126000 8.430962735026814
126100 9.448924649417618
126200 7.2136598921018
126300 6.05055414593567
126400 8.223114091486687
126500 4.536350657100748
126600 8.436465054918322
126700 7.006813088559581
126800 3.872912252647615
126900 2.6189072020963495
127000 7.123311466074569
127100 7.1099204194797805
127200 6.2440500860510975
127300 5.366044017641255
127400 7.197675169845973
127500 7.7546970313723325
127600 7.478474215746686
127700 9.129152960187797
127800 6.071518816472461
127900 8.217321979909963
128000 5.7907863959374195
128100 5.072255870851359
128200 5.8015975904446115
128300 6.928171569767667
128400 7.698706186004606
128500 9.39506912137544
128600 6.139336346172573
128700 5.998176987125885
128800 7.161151091582193
128900 7.469392280333596
129000 7.756508775172796
129100 7.793900337961521
129200 8.423853893283576
129300 8.945267991541858
129400 6.050763433153559
129500 5.12118478012665
129600 4.204779466503569
129700 5.964854438191506
129800 7.338728728466807
129900 8.268856314460542
130000 7.246268721260879
130100 8.536488693804442
130200 7.282334903968743
130300 10.126564156659049
130400 8.893307083700511
130500 6.885536141389846
130600 8.145390402564141
130700 10.06395037403685
130800 9.064554600915127
130900 9.769486310993159
131000 10.931115690566017
131100 11.619297507994473
131200 9.810883667765015
131300 11.287220664217877
131400 11.494967782680414
131500 12.919195478139791
131600 13.564621056664189
131700 14.105796233552981
131800 15.094893182812378
131900 16.38359878883024
132000 15.52435961313507
132100 12.426988163933089
132200 13.652594769546985
132300 14.536796951264076
132400 13.915176023223763
132500 13.623649661381393
132600 14.101322189295177
132700 12.742689771395602
132800 14.493581042454885
132900 13.302671458876647
133000 13.17641593148777
133100 13.358020402153164
133200 13.78750600524677
133300 13.436929099269951
133400 12.810079896166227
133500 14.262653930212279
133600 13.119388464143254
133700 13.409893392231275
133800 14.28132830606464
133900 13.425028441274678
134000 12.767601197827412
134100 13.549859145263365
134200 12.98364359386411
134300 13.737295417898041
134400 12.216350178413117
134500 12.904928394381555
134600 12.688359934553432
134700 13.11194003172103
134800 12.859643226548663
134900 14.051861245329029
135000 15.380357328590286
135100 14.881416118119692
135200 14.379677384423612
135300 14.319833123894542
135400 13.543199979387449
135500 14.179661827939322
135600 15.122493902108717
135700 12.348091924112323
135800 8.354131214924847
135900 10.488997757856978
136000 7.826130930859207
136100 9.351602061418385
136200 9.690161241850971
136300 10.95587773384832
136400 8.034865786643932
136500 7.992120834529428
136600 11.323472675998978
136700 10.107631570967497
136800 10.004095697770554
136900 8.459426878902837
137000 9.995972113341148
137100 8.736466455319439
137200 9.868102049268426
137300 8.919835470461912
137400 11.091790232102646
137500 10.877167330496565
137600 9.702539344024412
137700 8.858984373236856
137800 9.18765946215498
137900 9.156847934914843
138000 12.886448336603504
138100 11.117163213475864
138200 8.893756808848682
138300 9.915157208536167
138400 11.458057731192916
138500 9.41310805446806
138600 8.83745232798319
138700 11.148981913013326
138800 10.77270448870767
138900 8.176183472914003
139000 8.027239579897659
139100 5.927919750042233
139200 7.607145809548902
139300 9.605696708884068
139400 11.813950422625005
139500 11.461656705283335
139600 9.971117243048724
139700 10.198860540522661
139800 10.105375685165601
139900 8.701991429334331
140000 10.472397418967153
140100 10.334432194162426
140200 9.189245550462097
140300 10.135903063525753
140400 11.082725437810016
140500 11.085704274091723
140600 11.90896165125092
140700 11.237593855334582
140800 12.53945391775586
140900 10.349548748060835
141000 10.395549995105064
141100 10.343193533537251
141200 11.49570675251628
141300 9.903921631889597
141400 9.765505392427736
141500 10.400864737308954
141600 10.951628533971927
141700 10.029141426177064
141800 5.607087341740584
141900 8.824723646067989
142000 9.078901710089134
142100 10.336583063707383
142200 11.413687184852227
142300 12.342520090195777
142400 11.855938914934375
142500 13.555560532360216
142600 11.123262862797057
142700 10.783305193811543
142800 11.606816329124047
142900 10.64700757073078
143000 10.292697534687502
143100 10.617960137873427
143200 12.075628818210445
143300 10.067552629173402
143400 11.74387690255318
143500 11.257860154658685
143600 11.70385412643924
143700 11.165387081348959
143800 10.69756270133452
143900 9.783063161752072
144000 11.520497021754105
144100 10.621952378292363
144200 12.943682279322244
144300 11.737704489418206
144400 11.940227362486652
144500 11.482283894753797
144600 11.068036348956879
144700 9.437686752705005
144800 9.842445027187111
144900 9.951577447770358
145000 8.95348478372102
145100 11.732747105876879
145200 11.199464831352683
145300 11.101705074500918
145400 10.759483590844761
145500 10.414851571043124
145600 11.384126316550228
145700 10.851189284797849
145800 12.738083945974608
145900 11.777977698403731
146000 10.603169880264575
146100 8.952286727032448
146200 8.532345977952094
146300 9.191980456069267
146400 6.654398546556098
146500 7.141655850840017
146600 10.088867599350873
146700 13.044795842461314
146800 11.398920283145443
146900 9.543166092528786
147000 11.39484836139292
147100 11.210943027232057
147200 9.780742106589722
147300 9.782532067708601
147400 8.589185295578126
147500 9.143412481666438
147600 10.66935371645685
147700 11.07405703996529
147800 11.388165062553323
147900 11.710142012978926
148000 12.282764818156469
148100 12.309400272134367
148200 12.250918298595089
148300 12.32077909601103
148400 9.937858866212673
148500 9.68587526530848
148600 10.68980117416163
148700 11.02117823540524
148800 11.442717036619458
148900 10.914495260040706
149000 12.73506474894789
149100 11.677982543492117
149200 11.970966667401038
149300 12.076099072962581
149400 11.762446478122195
149500 10.542999747904819
149600 10.45120237327195
149700 11.164664351183436
149800 12.351280427189666
149900 11.49088541946697
150000 12.250557606038003
150100 13.670084243409484
150200 10.297173456342094
150300 12.81303141252646
150400 12.088547309013993
150500 12.907202619959511
150600 11.524700500464652
150700 13.216322615659376
150800 12.27615140330228
150900 13.151767633243653
151000 11.908089735696594
151100 11.506920068699303
151200 9.908669369117598
151300 8.768462092166375
151400 11.65091987649117
151500 13.177668303164678
151600 11.137137581034796
151700 10.056026972970587
151800 9.955285569341088
151900 11.212318247023084
152000 10.384142532367854
152100 9.593931875064708
152200 12.913111432733075
152300 12.270044713180685
152400 13.79710119907463
152500 12.885517504300589
152600 12.851109924945087
152700 13.211402927881005
152800 12.151918082050521
152900 14.436182946063365
153000 13.064528081361214
153100 14.281239927803613
153200 15.791203290877073
153300 14.956877564230817
153400 15.965901878545749
153500 14.812768339171924
153600 14.321268031589057
153700 15.436012779516961
153800 16.12109005306332
153900 15.68737262977405
154000 16.13381091747535
154100 14.748713160134907
154200 15.729582030776774
154300 14.73503475312052
154400 15.041645564787139
154500 14.539881004121604
154600 16.79589217230023
154700 15.401636757766891
154800 14.596634515845828
154900 15.042584898827421
155000 13.169918010280911
155100 13.639889355134574
155200 13.36414759210077
155300 12.98736301319983
155400 12.793056973211886
155500 10.51999170395449
155600 10.828035732725953
155700 13.07550596250056
155800 14.007173691335725
155900 12.519363561771103
156000 14.743744484071426
156100 13.076508381896412
156200 14.672882339020388
156300 13.470384289421467
156400 15.42723973044821
156500 14.450562538833172
156600 15.3762495366662
156700 16.60949065581507
156800 13.80699548974098
156900 14.16781784482388
157000 13.654814650653814
157100 14.199384120257744
157200 14.16536290357759
157300 14.664839692908128
157400 14.901848294981674
157500 13.524851018953346
157600 15.1051999656807
157700 14.640950783858417
157800 14.992480333040653
157900 13.887957712119968
158000 13.404824648728377
158100 13.820726775891508
158200 14.906915066476923
158300 14.434934562482113
158400 14.74091000693734
158500 15.589381597365888
158600 14.908283883704357
158700 17.098577956588862
158800 17.021897904313015
158900 14.625500967731451
159000 13.662481557942382
159100 15.616075634535532
159200 16.056695449197925
159300 16.004058549641098
159400 15.305798246308083
159500 13.838290855186013
159600 15.449907677052483
159700 13.559983660242187
159800 14.591299238569253
159900 15.320722237096849
160000 13.934260621382425
160100 14.15187784231453
160200 14.671031182949687
160300 12.446768069393645
160400 13.106298430026433
160500 14.357116055259016
160600 14.542660207450407
160700 13.597162461017934
160800 12.901336427553758
160900 14.5380244003099
161000 14.250360325529202
161100 14.556720267686746
161200 13.62454026662756
161300 12.766627368797922
161400 12.769318778985639
161500 12.456992026253799
161600 12.436079253608852
161700 10.824067365062726
161800 9.44609278153976
161900 10.117358519338229
162000 11.694448760138126
162100 12.81578977568826
162200 12.491555614114972
162300 13.745625630433176
162400 11.627483916411956
162500 10.407222357064155
162600 10.714231386409699
162700 10.586304233503572
162800 11.430840931023722
162900 11.040447654970704
163000 10.188257353991391
163100 7.717512256186632
163200 8.597274007067842
163300 9.893112254316854
163400 11.092478288608373
163500 9.419707097122032
163600 12.255703590153
163700 14.000684770549757
163800 13.660784891466333
163900 12.946863396378381
164000 11.752056579169526
164100 9.895769363232965
164200 11.138368420772204
164300 11.682950191990866
164400 11.31828853988557
164500 11.122139152901868
164600 12.960237859168227
164700 12.455025194593231
164800 9.720008140492101
164900 9.059678471714363
165000 8.249461321168017
165100 9.95427961564313
165200 11.313705833125857
165300 10.123126363173421
165400 9.494555435003269
165500 10.749908682322557
165600 13.881365130437615
165700 13.115220245666247
165800 14.107854210396948
165900 14.930261914293629
166000 13.952522503415233
166100 14.211987344000109
166200 12.777185084160712
166300 12.014652565633133
166400 11.13281632356321
166500 11.19817934897764
166600 11.619731133594295
166700 12.881723427548723
166800 14.060884674591954
166900 12.950762831832611
167000 12.49755428911804
167100 13.869174008474609
167200 13.075394175923286
167300 13.352299218078409
167400 11.438806590942745
167500 13.493564189544491
167600 14.129577967287508
167700 13.444337958598139
167800 13.553239165537203
167900 14.799398878356044
168000 15.163097492692657
168100 14.330674664402226
168200 15.626836486027365
168300 15.385437337801655
168400 15.042451826460454
168500 15.27648792439419
168600 12.598248722327462
168700 12.317464799520636
168800 13.317684749419973
168900 15.687060966405703
169000 15.49579356526511
169100 14.56312682059775
169200 12.611250155719787
169300 12.579802784610582
169400 11.55909123080125
169500 13.962185476820034
169600 14.092607015544178
169700 14.202980266946641
169800 13.520401365756582
169900 11.651180240517029
170000 12.332994884772754
170100 13.639120296276543
170200 14.935362807109223
170300 13.892789497456368
170400 13.557537870862642
170500 13.766552144624459
170600 13.027043890100424
170700 14.351513595200915
170800 15.195475383606254
170900 15.29155880809781
171000 14.753816881559073
171100 16.099034291321825
171200 16.760321403247215
171300 15.940596225509001
171400 14.539321932834445
171500 14.038394236118615
171600 13.677821461289563
171700 15.520677807092213
171800 15.245768625995723
171900 15.533983304239017
172000 16.10981369970499
172100 14.507749374847464
172200 14.155046440929903
172300 14.805485964299491
172400 13.774585664376142
172500 14.759770919726835
172600 14.966321779386057
172700 13.21083048716824
172800 13.731416212449243
172900 14.692272497808654
173000 11.072463432086046
173100 12.624711657564719
173200 14.998202425141082
173300 14.767935856184927
173400 14.288696624098312
173500 15.293100293453074
173600 15.305243481360835
173700 14.33726103352245
173800 10.400986185407161
173900 12.89807998359187
174000 12.682442530682323
174100 13.874597503541594
174200 13.305868878750774
174300 14.438702082100791
174400 14.530021585085821
174500 11.093914457040645
174600 12.7940534937328
174700 16.25911631132789
174800 16.440738871755784
174900 16.79051407679697
175000 15.691602611234858
175100 16.110282234381284
175200 15.139904960858972
175300 12.605531533572847
175400 11.999618975035922
175500 10.101021468662287
175600 7.018820831604517
175700 9.91481591170847
175800 9.189090121936792
175900 8.430692645153767
176000 8.373764813523842
176100 6.578943530912415
176200 9.266585000396345
176300 9.52004899433726
176400 7.361524248068951
176500 8.21407660364454
176600 8.427154116302605
176700 8.468996028129043
176800 8.486786046879612
176900 8.319328391753853
177000 7.110014134386291
177100 9.80079911868242
177200 10.827226293881878
177300 12.088668317227796
177400 10.961830081895837
177500 12.461420497988994
177600 12.352352282919734
177700 11.066932247804994
177800 11.3264996099363
177900 10.004659945009081
178000 11.938971602070364
178100 10.476596370434962
178200 12.402765320192465
178300 10.990055574119852
178400 12.516080255500238
178500 11.239316479780337
178600 11.819244732040936
178700 7.266047148308803
178800 8.958190023171596
178900 6.775359202178484
179000 8.703253630748927
179100 6.639033899605754
179200 6.9416347991203775
179300 6.815021221359334
179400 8.44113563059688
179500 9.857984119124803
179600 11.490764219389016
179700 11.669164712848554
179800 11.194615456500824
179900 13.34268001205012
180000 12.464129571936313
180100 13.453175864210927
180200 11.855406105515994
180300 13.282413020774177
180400 12.70614991758195
180500 11.086026499934531
180600 9.835467333535712
180700 10.00621623244769
180800 10.75625951374083
180900 8.449555948905152
181000 10.492821207140704
181100 11.021253895536887
181200 11.390989707832572
181300 11.346167947893433
181400 10.872702343679531
181500 12.17247043185524
181600 14.381219790231123
181700 15.136087497628417
181800 11.920084178818643
181900 12.007518355296387
182000 12.273924714081097
182100 14.481523036584074
182200 13.915933997445316
182300 11.294672299852184
182400 11.081703356319775
182500 10.083184252810268
182600 12.637458317983043
182700 13.36708652491515
182800 13.156440575196278
182900 14.851538256283215
183000 14.099805237707505
183100 13.26557397717037
183200 13.636901476966713
183300 13.057551988538723
183400 12.40994378884418
183500 12.618761465869396
183600 11.929646346711905
183700 12.730355995006787
183800 13.63034201482234
183900 12.382275954148547
184000 12.871440793634184
184100 11.916641922989179
184200 10.062587650983598
184300 11.18337046068917
184400 13.423346163151765
184500 9.837621713071961
184600 12.592052280960887
184700 14.399147709067767
184800 13.075111373605722
184900 12.277048164934014
185000 14.53958947039544
185100 14.334278221138243
185200 14.265683135738795
185300 15.394592674135499
185400 13.719408089290397
185500 13.19144961705403
185600 14.280615737882208
185700 15.22948683174544
185800 13.91211929600277
185900 13.679411566676354
186000 15.577304619002739
186100 15.698256950965261
186200 14.890561067859723
186300 14.108699367779183
186400 12.70459920197933
186500 11.84510598169272
186600 13.087098777467297
186700 14.343769011001955
186800 13.646512901078248
186900 13.576780023621158
187000 12.568745773687384
187100 15.278350768956454
187200 14.81242744017548
187300 15.206972150830588
187400 14.345305734513552
187500 13.34976818979233
187600 14.566045571586162
187700 14.440176679518956
187800 15.190075723126466
187900 15.32581649882276
188000 15.700085528589797
188100 15.989062332036593
188200 15.784061598381648
188300 14.662836348360461
188400 13.990206151384669
188500 15.240970120273325
188600 15.408517147808272
188700 14.763632138994549
188800 15.247623884426899
188900 13.232515699359286
189000 15.65345512993373
189100 15.73484661085617
189200 16.476833960557656
189300 15.891664456785206
189400 16.13415682306805
189500 15.735800166695725
189600 15.116207193955734
189700 15.886026960221399
189800 14.755448817047697
189900 14.357780305446878
190000 15.197725092605955
190100 15.100679144346785
190200 15.477194909876198
190300 15.302502467763508
190400 15.638635270601943
190500 16.21104299506187
190600 16.14035717537779
190700 15.393197780191572
190800 16.144389396918925
190900 14.945565283848516
191000 15.921836209117137
191100 16.234259942855502
191200 15.298667160784776
191300 15.74164853585503
191400 14.905545887335355
191500 15.113801910418646
191600 15.96077621474319
191700 17.195646157714222
191800 17.541461444148357
191900 17.558660468783316
192000 16.69405905995001
192100 15.875552195545428
192200 15.782635217400564
192300 17.262445019729768
192400 16.231625691824878
192500 15.963880330522047
192600 15.07038329067113
192700 14.92493231829857
192800 16.040624968934388
192900 15.38618334996056
193000 13.977561182307614
193100 15.544926289394295
193200 15.906660856429655
193300 16.77977842250405
193400 17.036627581698365
193500 17.114541284260376
193600 17.745805264134695
193700 16.70625485443772
193800 17.43248410512834
193900 16.02882963857303
194000 16.499440892352613
194100 14.171869808379997
194200 13.264788668763018
194300 13.265451950195322
194400 15.500445313910026
194500 15.70473941891185
194600 15.652206348526072
194700 14.890583597554203
194800 16.923406946812587
194900 16.543340872569736
195000 15.2169355465841
195100 15.53489997671981
195200 15.241560553142246
195300 14.813385285552561
195400 16.11489676512709
195500 15.308229180306384
195600 15.558699475737914
195700 15.772638278204251
195800 14.612571013333756
195900 15.372703564562734
196000 15.043914626974855
196100 13.924418287216293
196200 16.264352710867783
196300 15.25025367275563
196400 15.86110498757217
196500 15.963053549575159
196600 16.4816404541302
196700 17.264497043593938
196800 14.660301127134408
196900 13.786722871848141
197000 13.772846145544754
197100 10.772619442420329
197200 12.036589418334506
197300 13.545871853444712
197400 13.521999398213625
197500 11.308771859527841
197600 12.893601428895588
197700 14.924091535744088
197800 15.199222761847091
197900 15.752967380476226
198000 15.776138287955012
198100 16.43936907673716
198200 15.994251928927849
198300 15.608898769893889
198400 15.635233374578906
198500 15.633040467455986
198600 15.065043542222359
198700 14.372405183346238
198800 13.842301484389315
198900 15.591370630768834
199000 15.89078084768276
199100 14.297757737422558
199200 15.512974733941052
199300 15.262538097906537
199400 16.62851382218046
199500 15.77828819000562
199600 15.092807276248163
199700 15.276785104367812
199800 14.75060261412146
199900 16.28924233782833
200000 14.913052921897284
