# Model = symNN.TensorFlow.(3)-8-9x9-12-(9)
# Num weights = 1080
# Learning rate = 0.001
# Env random seed = 7
# Start time: 29-08-2021(18:03)
100 -2.1569585414990935
200 -10.886718582065694
300 -14.387812878935497
400 -15.157588252112408
500 -16.02771581396658
600 -16.394052328374514
700 -17.044823424637244
800 -16.932110861657833
900 -16.040982447626185
1000 -15.908822174290945
1100 -16.77121253206703
1200 -16.779163940285322
1300 -18.269983080232056
1400 -16.87258688228521
1500 -17.186257343448787
1600 -15.51149923532895
1700 -16.520191113183465
1800 -16.3091399538091
1900 -16.750912932028527
2000 -16.140789694319835
2100 -16.989109468567232
2200 -15.308239464385656
2300 -14.17751136928471
2400 -15.045390534266387
2500 -15.15427976700684
2600 -15.129458879459586
2700 -15.234968859004454
2800 -15.243879889489133
2900 -13.841058242564529
3000 -15.628701041219044
3100 -15.269564773184063
3200 -15.307594267936791
3300 -14.071619831882263
3400 -13.134559872083369
3500 -14.013688622880519
3600 -14.147319365442096
3700 -14.002061515819959
3800 -14.20333014425627
3900 -15.478016813504858
4000 -14.570433655010048
4100 -15.972790028682242
4200 -15.46987405295756
4300 -14.672600132809391
4400 -14.655626296636491
4500 -15.189867755618684
4600 -15.64798834886674
4700 -16.011292706085687
4800 -15.843374974530036
4900 -14.83303326279072
5000 -14.146361147222194
5100 -15.193916217543563
5200 -14.333556433014863
5300 -14.152620935245112
5400 -14.272308151144896
5500 -14.589149807606105
5600 -13.25758757371957
5700 -12.373073187756814
5800 -12.66740312662691
5900 -15.243732907863876
6000 -13.891193430924137
6100 -12.97070284604275
6200 -14.637553219137825
6300 -15.365760662285068
6400 -15.737189817482847
6500 -16.786985670656644
6600 -15.071596509434611
6700 -16.83275253944281
6800 -14.40719558406217
6900 -15.018970154066695
7000 -13.84958542746059
7100 -16.09102825938908
7200 -14.854423502617658
7300 -14.424393812478312
7400 -15.536817054002634
7500 -14.21943018849199
7600 -13.44384875568674
7700 -14.041632118194832
7800 -13.738167222113294
7900 -15.026457694736647
8000 -14.707899334505822
8100 -13.817888251995496
8200 -14.507829225125883
8300 -12.234934351718378
8400 -12.345842334020277
8500 -14.057354188191228
8600 -13.754665586070029
8700 -13.25788668432776
8800 -13.728932527421902
8900 -13.381330684766763
9000 -15.315882488346915
9100 -13.471914476184402
9200 -12.644449361309677
9300 -12.126317782249082
9400 -11.99062859679723
9500 -13.271152690844723
9600 -11.066836283365822
9700 -13.14506535165946
9800 -12.598869571621822
9900 -11.616324275207417
10000 -12.665239607327115
10100 -11.590652122347043
10200 -13.74253481014009
10300 -12.052901763949057
10400 -11.449267486002578
10500 -12.44809020015129
10600 -13.445549738260427
10700 -12.424051436559557
10800 -10.868241177219712
10900 -10.66762502551977
11000 -11.911822256164404
11100 -11.926325658913017
11200 -13.71126608878024
11300 -14.09074996043139
11400 -13.26267007769432
11500 -10.78194271237644
11600 -9.76675038642399
11700 -12.385886805126098
11800 -11.26853346428231
11900 -11.052322497257755
12000 -12.08019806711324
12100 -14.736279506762152
12200 -13.24757537338213
12300 -12.40727083817839
12400 -12.624294518735862
12500 -13.43921902160154
12600 -11.982038597037134
12700 -12.176978800279228
12800 -12.442205826029111
12900 -14.300793956910033
13000 -12.106046495735185
13100 -11.228776901116756
13200 -11.27241952350374
13300 -14.074277216060795
13400 -10.971078472242505
13500 -10.674917955118632
13600 -10.476982019394908
13700 -11.589849422758435
13800 -10.463468958061846
13900 -11.718846563579769
14000 -11.02921441466647
14100 -9.935327509164544
14200 -11.911534197712696
14300 -10.91825469210803
14400 -11.34496872561394
14500 -10.500766279529723
14600 -9.550026715019829
14700 -11.203151485303614
14800 -11.898159839070269
14900 -11.6520265436182
15000 -10.186819139300955
15100 -10.961350331160007
15200 -11.535043360820698
15300 -11.635963770987802
15400 -9.73671699971026
15500 -11.705909233208638
15600 -10.154726752881322
15700 -10.228458137304901
15800 -10.203191827231723
15900 -10.231297240888411
16000 -8.717817345399046
16100 -8.269804766240119
16200 -7.9440082710758135
16300 -8.62729260391126
16400 -9.561101028399586
16500 -9.742336096354787
16600 -8.778921375509306
16700 -10.447106652720128
16800 -12.277403709050603
16900 -10.739556703383773
17000 -11.969957456095253
17100 -13.080823525261525
17200 -11.469886064107396
17300 -11.694847272797661
17400 -9.026946169553305
17500 -8.295628782174761
17600 -9.1229418919929
17700 -8.530401057639464
17800 -7.565132611733774
17900 -8.198292339206331
18000 -7.159716190008525
18100 -6.9576379546184866
18200 -8.061556566977618
18300 -7.328536500316287
18400 -7.323760140674672
18500 -8.19104513100314
18600 -10.276510585517594
18700 -7.636342310090686
18800 -10.490667494140718
18900 -8.971675429588405
19000 -7.646336972316685
19100 -7.97009169103628
19200 -9.782502334975812
19300 -10.11072810583315
19400 -8.565062425800342
19500 -7.864539269557276
19600 -8.358221028481209
19700 -9.560113514947124
19800 -10.95564048303949
19900 -9.338525605530899
20000 -7.795825328063055
20100 -9.261041331972468
20200 -8.80541116072527
20300 -9.142753485391262
20400 -7.118044509640772
20500 -9.194091736889437
20600 -9.815748279399715
20700 -9.865341893933058
20800 -7.932942759578345
20900 -9.320542961993866
21000 -5.770521050666128
21100 -6.139700155499083
21200 -9.019892793112511
21300 -8.733929273732109
21400 -9.816099768177208
21500 -9.347222714473709
21600 -10.622806045708288
21700 -6.7733868132851285
21800 -8.646448816661627
21900 -5.082495451428409
22000 -5.6913413637309205
22100 -7.603785412775289
22200 -11.452530736644112
22300 -8.881364407631745
22400 -6.917397305279928
22500 -8.54432198828351
22600 -9.57891031626432
22700 -8.340119422227245
22800 -8.00122661929835
22900 -8.928276102338058
23000 -10.284888533586756
23100 -11.680750720126339
23200 -9.778458668924424
23300 -9.412032767765753
23400 -10.133822164896742
23500 -9.919224176315936
23600 -9.733758705935188
23700 -8.396293873968318
23800 -7.202295264948886
23900 -10.53107535208502
24000 -10.759354404495248
24100 -10.313186520753934
24200 -6.903326479298302
24300 -7.8372050208643325
24400 -6.006807059921209
24500 -6.830908279784107
24600 -8.368228566954935
24700 -8.101742833997637
24800 -10.293138942554876
24900 -7.778224981793255
25000 -6.84189128943863
25100 -7.731944639537837
25200 -6.163154757834203
25300 -8.184381861272492
25400 -8.72491952127855
25500 -9.460875291613085
25600 -10.514581160855169
25700 -11.760565979148605
25800 -9.11062675678159
25900 -9.348995844009483
26000 -7.398120147973823
26100 -9.051354145159287
26200 -8.630345230235775
26300 -7.735095458365004
26400 -8.688297759234167
26500 -8.120753803870427
26600 -7.314847822541104
26700 -8.319926519683543
26800 -6.961491005044205
26900 -7.808409064398099
27000 -8.164409951097456
27100 -10.296513570975538
27200 -9.540863294071857
27300 -8.496385304339771
27400 -10.827553485136532
27500 -9.859782553196116
27600 -9.828446111555788
27700 -10.851944462806255
27800 -10.223836311965023
27900 -8.480319124579976
28000 -11.820266199504278
28100 -11.56017999516313
28200 -10.304402453934188
28300 -9.257585186353428
28400 -8.100692094349938
28500 -9.889349504337725
28600 -10.526423828243514
28700 -11.519828689774648
28800 -10.612030521823598
28900 -11.21515024806373
29000 -11.079156224757414
29100 -9.048558325982127
29200 -7.05091497293065
29300 -8.343235325817213
29400 -10.047012600809316
29500 -7.45354192174804
29600 -6.874013959726461
29700 -9.790335834679274
29800 -11.902283514535327
29900 -9.617169973363053
30000 -10.668218021172855
30100 -9.439181169220616
30200 -10.53968277839384
30300 -8.494518753468267
30400 -10.491498551980863
30500 -10.036761430442121
30600 -10.035817777884557
30700 -10.126607267098562
30800 -11.319030908176938
30900 -8.535292057851688
31000 -10.85349447355603
31100 -9.97658345084108
31200 -10.349895557788004
31300 -10.498609435512323
31400 -11.474661997915941
31500 -8.472452069345069
31600 -9.17676935385277
31700 -8.554253122347406
31800 -11.181467601197543
31900 -10.6217775367015
32000 -10.537351648822625
32100 -7.226922050005291
32200 -8.92824794669887
32300 -10.27167636356393
32400 -9.197098594536683
32500 -7.600285123177468
32600 -8.515916490878036
32700 -11.561926682035597
32800 -10.35835659733784
32900 -9.422867738263815
33000 -8.629648155585697
33100 -9.15260334031726
33200 -8.736322241973927
33300 -9.08402621049062
33400 -9.264901744651375
33500 -8.81823283995112
33600 -10.132516498992485
33700 -9.039570357303615
33800 -7.498039082328122
33900 -10.71300439593057
34000 -10.539683917235346
34100 -7.5503204565619155
34200 -7.992601093843555
34300 -8.680928559460177
34400 -7.873028692096427
34500 -10.08677790362708
34600 -10.28827649798129
34700 -7.752856081943022
34800 -8.09089472545006
34900 -6.576191834217593
35000 -7.831543555520477
35100 -8.566230145401969
35200 -7.819146714393622
35300 -6.712896951475931
35400 -4.772370611004035
35500 -6.630782281456373
35600 -10.645382334100116
35700 -8.729844377563321
35800 -8.921140181897423
35900 -8.907950441334528
36000 -9.53985439874414
36100 -6.907485855738496
36200 -6.707533387844714
36300 -1.8967613540741883
36400 -4.194971441958866
36500 -5.642320175034723
36600 -6.776848072879672
36700 -7.441143048832416
36800 -8.2094537727136
36900 -7.375635006115059
37000 -10.904924405050135
37100 -6.709250000504944
37200 -7.959486798136262
37300 -9.086422684338647
37400 -8.706057847555725
37500 -8.40280374317044
37600 -9.284640556045527
37700 -9.26742448869726
37800 -7.574124743494663
37900 -8.066200244304959
38000 -6.439467483141305
38100 -7.077070043430456
38200 -7.81078870016774
38300 -7.612262963845339
38400 -7.96073188116536
38500 -7.305256798381309
38600 -6.656475370801514
38700 -5.847553174934357
38800 -7.755704842604075
38900 -8.77203818592709
39000 -10.006452715689809
39100 -8.19054922540485
39200 -7.4445456968629244
39300 -5.722749453552597
39400 -4.0557692641888625
39500 -5.601916055997025
39600 -9.865429272014573
39700 -10.455547122088214
39800 -10.582864856126553
39900 -7.947489788046439
40000 -10.269100885720736
40100 -9.724317004754381
40200 -9.812652441084545
40300 -9.612078412710593
40400 -10.544924884764736
40500 -9.81522967220207
40600 -9.953749765175628
40700 -11.367730962404014
40800 -11.314071779044356
40900 -9.476932592235293
41000 -12.870483676377841
41100 -12.882889216371186
41200 -12.595858362813365
41300 -11.942802845899218
41400 -9.965573574574343
41500 -9.270528309463655
41600 -8.431140690299438
41700 -8.896019484353712
41800 -8.678557524099775
41900 -10.373948419679204
42000 -13.242325899075105
42100 -11.468352531779399
42200 -12.606143305521373
42300 -10.898217440387112
42400 -11.346737525942132
42500 -12.406863358113597
42600 -13.555331492448405
42700 -15.083686819630064
42800 -13.284878777640357
42900 -14.151333909071761
43000 -14.627058093647333
43100 -15.325739007464595
43200 -15.22046500886875
43300 -15.122975334277173
43400 -13.276112401709709
43500 -13.0446094654835
43600 -13.339685308079561
43700 -12.683159923725693
43800 -14.469855118340359
43900 -14.671193868470963
44000 -15.266892502797392
44100 -14.172967569191444
44200 -14.325821074270214
44300 -14.936855731841957
44400 -12.461186763993044
44500 -11.349899713401161
44600 -12.544765905602127
44700 -11.665474194990352
44800 -11.413683539244722
44900 -13.098605734717346
45000 -14.365575224716643
45100 -14.7957043758801
45200 -15.28017752141131
45300 -14.726877789281735
45400 -13.542852104602106
45500 -12.206785906781153
45600 -13.321996181356017
45700 -15.560942009382575
45800 -16.01424179077488
45900 -15.154898465278716
46000 -13.091584436735475
46100 -14.64126478970953
46200 -14.735129213082486
46300 -12.726745847988562
46400 -13.302848152219996
46500 -15.452210973175928
46600 -15.730507058514146
46700 -14.418697585392756
46800 -13.142352577552128
46900 -13.043219337543542
47000 -7.174203975783441
47100 -0.8746973108807403
47200 -0.3344599795012305
47300 -6.434235705106593
47400 -10.71184866163339
47500 -10.30085808309303
47600 -9.525934284883203
47700 -6.199176983591724
47800 -5.996019533023082
47900 -5.72063300449925
48000 -8.290473588767783
48100 -7.310326488009262
48200 -6.377160729677925
48300 -2.396972920001236
48400 1.0530185487114354
48500 -2.7299091470490624
48600 -1.396334813761535
48700 -5.020208180591127
48800 -4.6668389005158195
48900 -2.9555561944357653
49000 -6.753921060841932
49100 -7.84738000830875
49200 -8.800897089098319
49300 -6.5032903698387
49400 -7.9909326339422195
49500 -8.196111475240649
49600 -6.08171659181685
49700 -5.616973800757493
49800 -6.7585605121250545
49900 -5.701043036953135
50000 -8.660153964161395
50100 -11.127717942231229
50200 -9.747918558072774
50300 -9.17991980420163
50400 -6.163624367931779
50500 -7.346211188233973
50600 -7.768240306203607
50700 -5.390329927027854
50800 -9.542528813287028
50900 -8.655286424307993
51000 -7.719462648059339
51100 -6.477192783953555
51200 -6.670266822481473
51300 -7.554569223443414
51400 -8.950780959303112
51500 -7.66765791155039
51600 -7.81870200536512
51700 -9.150396618107896
51800 -10.126395777464284
51900 -9.154678486926528
52000 -9.420899720293342
52100 -8.284540090614025
52200 -7.126867085270994
52300 -6.505206434978836
52400 -8.636635003062432
52500 -10.204540352859132
52600 -13.003822842108839
52700 -8.442733218078018
52800 -7.382545094678591
52900 -8.93887252006186
53000 -4.9810243733021435
53100 -8.153435626642915
53200 -8.086876457284278
53300 -7.11799710663863
53400 -8.612003573516189
53500 -7.293114984062089
53600 -7.650364868537753
53700 -6.571105230373276
53800 -5.849714429257842
53900 -6.548434051713084
54000 -7.258977724669185
54100 -3.7421460754663736
54200 -3.667295800355379
54300 -7.141816271418385
54400 -6.0693626735237425
54500 -4.773396561927183
54600 -5.966429940949597
54700 -6.5672353522838405
54800 -5.076135526553165
54900 -7.135525459137436
55000 -6.026805113523539
55100 -4.807166211625575
55200 -3.3421625059100157
55300 -6.177207887876121
55400 -4.8125664429609785
55500 -6.635484158372091
55600 -6.0879456427346
55700 -4.580305826832785
55800 -5.030818898836491
55900 -3.6238301874272527
56000 -2.2243957328719874
56100 -2.769271356480446
56200 -5.076870573613657
56300 -8.264714780130966
56400 -8.078429100133999
56500 -8.255677627093345
56600 -7.782853518965685
56700 -9.093904742961424
56800 -7.415068085889204
56900 -7.691332578781889
57000 -5.225053105424165
57100 -9.954096673765243
57200 -7.601070837040794
57300 -7.2417381647570584
57400 -9.663193161719448
57500 -8.201088581921782
57600 -5.959699102760362
57700 -5.3889669668744995
57800 -6.798323688600151
57900 -4.739815863588146
58000 -4.992705445021042
58100 -2.4050695317225124
58200 0.045952010647196784
58300 -2.993840774791492
58400 -2.9902303604620926
58500 0.9108580458980859
58600 -1.9640987191804458
58700 0.023039323346219442
58800 1.8052079406192785
58900 -3.6760359234851174
59000 1.5477120163918925
59100 1.9170105468790302
59200 1.5638034113396275
59300 -1.0512200091134345
59400 -0.05697861121050213
59500 -0.857707507888622
59600 -0.7379339607677471
59700 -0.30084352999912406
59800 1.607112287906132
59900 2.734104579099592
60000 -0.5824751453521648
60100 1.3815907206173381
60200 -1.2589974141164948
60300 -4.717743576256503
60400 -4.569308113272209
60500 -2.385179872128411
60600 0.8772029654969455
60700 0.8224639542453764
60800 -0.2542798686642179
60900 -6.641443085216083
61000 -11.080432313779893
61100 -12.44992028663082
61200 -5.7283617162675196
61300 -1.5933888266770966
61400 -5.798632022937935
61500 -4.795451261692394
61600 -5.741451287357481
61700 -7.766306464348199
61800 -7.769218564658332
61900 -7.497836438301978
62000 -7.840062818000322
62100 -8.847191729065242
62200 -8.8501649335623
62300 -9.177146254978977
62400 -8.259134941568695
62500 -8.997398684142372
62600 -6.86913063097469
62700 1.371066817092682
62800 -3.822173384238189
62900 -7.073923838845363
63000 -6.167572580747701
63100 -4.060987062043345
63200 -1.9914420444526475
63300 0.2032899774284418
63400 -1.6357244427196325
63500 -5.476050456309127
63600 -7.330543333899761
63700 -7.0509158883545915
63800 -9.375743371746918
63900 -9.766055618914919
64000 -8.695907018744663
64100 -6.854393359889961
64200 -6.612784515627743
64300 -7.003964522878176
64400 -8.721072296061052
64500 -9.018464701292881
64600 -9.792495253233282
64700 -8.254243937711347
64800 -8.69458836295374
64900 -9.39894940410299
65000 -8.677563245215476
65100 -6.7769305808267735
65200 1.446377367979804
65300 5.191728058748606
65400 3.7378378239003736
65500 0.5316789134957922
65600 -4.499381411863611
65700 -4.942866115865421
65800 -7.463807545010993
65900 -6.221582271858532
66000 -8.185305844594895
66100 -8.718683767159765
66200 -8.272192217630844
66300 -5.436665693991194
66400 -6.1464671177900465
66500 -5.9905027663631865
66600 0.2376534415739332
66700 2.490607751789496
66800 3.2087766333492547
66900 3.536820438963419
67000 -2.0233694245124716
67100 -7.803289625459745
67200 -8.222464088686204
67300 -9.423786254523884
67400 -9.279031457106607
67500 -6.550175355389964
67600 0.20315015619980165
67700 -1.5863787013079629
67800 -4.881907587475195
67900 -7.8612238032842
68000 -10.203137680021607
68100 -11.593231872922527
68200 -10.775109863864524
68300 -7.881982765460758
68400 -6.493398394216708
68500 -9.713008641709463
68600 -5.756329800276265
68700 -6.262290339494896
68800 -8.574237166935871
68900 -11.38135744600943
69000 -9.70183150188998
69100 -11.204457940584534
69200 -9.219227888579832
69300 -9.717895462097491
69400 -9.391473201013651
69500 -8.937654974419516
69600 -9.573032718043235
69700 -9.043925442653244
69800 -8.180213163568144
69900 -7.383013043969132
70000 -6.733906000775804
70100 -8.88355895429326
70200 -7.897484346553664
70300 -7.478517583931715
70400 -7.4603705385413495
70500 -7.971969259747692
70600 -4.612040590056078
70700 -6.232211126026118
70800 -6.8641505941419725
70900 -6.429229178159677
71000 -6.641265112819585
71100 -6.005179537170159
71200 -7.661706880429933
71300 -8.457469607559013
71400 -7.43225222751006
71500 -0.8162476611207312
71600 1.6150200975061102
71700 1.2471903218794649
71800 -5.800045798944797
71900 -7.298844525102775
72000 -8.071299768596846
72100 -8.880351163148742
72200 -8.270569607047452
72300 -6.606524783909721
72400 -6.853824353220352
72500 -7.220962487089442
72600 -8.04593396954613
72700 -5.936245498225796
72800 -9.807617706913243
72900 -7.304981814111144
73000 -6.497601814967001
73100 -7.809013337041393
73200 -6.915584217947967
73300 -6.060097418477777
73400 -5.74090542857379
73500 -7.071736521161587
73600 -5.965070554158411
73700 -6.790264420873541
73800 -6.551248633711385
73900 -7.861349761448563
74000 -8.332965059271652
74100 -5.3716625294135545
74200 -6.329731944858033
74300 -5.3176474340573545
74400 -7.744865460397743
74500 -9.293268907867436
74600 -8.313999652625784
74700 -7.154455621726845
74800 -8.177217501074006
74900 -8.205368265922536
75000 -11.031356588861236
75100 -8.330465551256793
75200 -6.715165646505231
75300 -7.143613372575155
75400 -7.499801303355165
75500 -9.708245765522598
75600 -8.718041149944241
75700 -10.02791638928467
75800 -6.762561493372595
75900 -8.99321260926969
76000 -8.677519405979137
76100 -6.453357758808443
76200 -8.041597575260033
76300 -7.61868637913745
76400 -4.490400920794592
76500 -6.702788271054321
76600 -6.370088447990099
76700 -6.381961162836008
76800 -6.0103581871432965
76900 -7.157211059033679
77000 -6.849171454716761
77100 -5.496777920660169
77200 -8.847453282690015
77300 -7.0912237684504476
77400 -8.438925970565526
77500 -8.156616564082201
77600 -8.92823218837328
77700 -8.325916811418438
77800 -9.006451481711824
77900 -10.081731083408243
78000 -9.018119155233618
78100 -7.328467543724453
78200 -9.345152483103481
78300 -11.021137949926064
78400 -8.747634629713676
78500 -9.299566087601821
78600 -10.01625826003857
78700 -9.789693231174276
78800 -10.616858994486204
78900 -10.511435667727294
79000 -11.402206201235076
79100 -9.587942929576037
79200 -11.1242658446807
79300 -12.820464612586118
79400 -11.761873648480002
79500 -14.097874191994743
79600 -12.262620760584749
79700 -13.953533688892339
79800 -13.345959277681958
79900 -12.907959541291417
80000 -14.008109169947671
80100 -17.00755605099728
80200 -15.91889865435575
80300 -15.633369008930966
80400 -15.391122760390683
80500 -8.522099771978848
80600 -0.23990433901024222
80700 -2.1790076066534323
80800 -7.093186951680496
80900 -7.758244025087104
81000 -8.85065688167997
81100 -9.054867074590495
81200 -8.567619338060352
81300 -8.345315998900551
81400 -8.25946810718416
81500 -7.877165389470658
81600 -8.986834601256682
81700 -10.991798867908516
81800 -15.341439013658482
81900 -14.374596619320851
82000 -16.20694869922226
82100 -14.635056240592162
82200 -13.650506556310338
82300 -14.155120793651008
82400 -14.67295695935157
82500 -14.684151383951695
82600 -14.806499886378196
82700 -16.455757944851197
82800 -16.273874614707744
82900 -14.859462811576119
83000 -14.246663291599145
83100 -14.23232945988419
83200 -12.793594257269598
83300 -12.481460164578301
83400 -13.479814360084239
83500 -13.645340285613981
83600 -11.081650311479036
83700 0.640670869165658
83800 0.5327535524301574
83900 3.5144551426881714
84000 2.21107162677665
84100 -1.6864459629098454
84200 -7.150200799992852
84300 -6.606269540905808
84400 -6.630377937217977
84500 -6.438912241461778
84600 -7.886039787867343
84700 -8.48158463039583
84800 -8.298298272926697
84900 -6.9278246181584375
85000 -8.222983457979858
85100 -11.115350027911987
85200 -14.183745483069947
85300 -14.929579454881324
85400 -14.094205562969737
85500 -9.345602747671892
85600 -6.002725730806107
85700 -8.436549835922097
85800 -7.785378260263122
85900 -7.8459174143747905
86000 -7.68478707861872
86100 -7.613781250623816
86200 -6.996743232089255
86300 -8.348712849454701
86400 -6.677632988985031
86500 -6.913088561765589
86600 -8.160337901422485
86700 -7.367336227287933
86800 -8.286626701918335
86900 -5.388039251169854
87000 -6.806709097695515
87100 -6.189309757637799
87200 -6.139504076960864
87300 -8.796023109654923
87400 -7.080614958606097
87500 -9.359361401015935
87600 -8.269698661840692
87700 -6.959640928417286
87800 -8.287715435600735
87900 -8.855687165665636
88000 -6.761069594273844
88100 -7.456353104080656
88200 -8.989587942830644
88300 -8.237978510816417
88400 -7.877291159772725
88500 -8.948402785764243
88600 -9.052142703146808
88700 -8.250615728763224
88800 -8.02389413822967
88900 -8.242863153187244
89000 -8.594366951924364
89100 -7.411206142329261
89200 -7.0774185922692805
89300 -10.341905883299516
89400 -9.813669179228883
89500 -7.853183201608428
89600 -6.4794598332901625
89700 -7.257726083797065
89800 -6.6105930218154105
89900 -7.085028239762043
90000 -7.751669265678638
90100 -13.229880835610476
90200 -9.292734775788865
90300 -9.715471869159384
90400 -4.936449575021728
90500 -1.4065013623625198
90600 2.2507260471858053
90700 1.5558345043683512
90800 4.599542197186121
90900 5.218843282784146
91000 2.0241804305026077
91100 0.3928018548609031
91200 -1.6379029655906614
91300 1.644057053621689
91400 1.4120868540779647
91500 -3.057747081993499
91600 -9.393409451039824
91700 -11.981678029036617
91800 -13.766967786001896
91900 -12.250597398565723
92000 -14.705877922068746
92100 -12.448609338424005
92200 -14.838995195139878
92300 -11.644088247729353
92400 -11.74211271807877
92500 -12.65981577265609
92600 -12.756437726497978
92700 -13.157426495705867
92800 -10.902905244002973
92900 -8.512706612526797
93000 -12.023823814109427
93100 -13.194619777541542
93200 -14.813235852374088
93300 -14.780111578357085
93400 -13.027650163662772
93500 -13.16310015977492
93600 -13.522699376464553
93700 -13.692943564243313
93800 -11.44746595287441
93900 -10.63657829250126
94000 -11.703316477138516
94100 -12.789449352308994
94200 -12.15009336865711
94300 -12.611966819196505
94400 -12.042796229063496
94500 -11.906218225012612
94600 -12.251750491544552
94700 -11.541338399306529
94800 -8.090634302622927
94900 -8.908682228957183
95000 -9.071769769569551
95100 -8.714702623184353
95200 -7.300136371116994
95300 -2.453823068802564
95400 -5.475388692077878
95500 -3.8195317160386866
95600 -9.66283620181312
95700 -9.547153627575005
95800 -6.786947254707291
95900 -6.393017737011204
96000 -8.544040427603703
96100 -9.16164440696202
96200 -8.076485783394926
96300 -8.677997963660127
96400 -6.227356206078638
96500 -7.0729030784572995
96600 -5.017941498712204
96700 -6.130106457570428
96800 -7.062249308283905
96900 -5.78965633630597
97000 -6.462744914972232
97100 -8.024565258744286
97200 -7.82761707121237
97300 -7.724968623563959
97400 -7.086475271596731
97500 -6.2989190005032665
97600 -5.598009786807243
97700 -4.817316398202863
97800 -8.768470097568356
97900 -10.557423397241704
98000 -9.032687640164827
98100 -5.677957577586015
98200 -0.6574994393020676
98300 -5.504201809490434
98400 -5.7149486261156
98500 -4.7088706933150055
98600 -5.730530502105257
98700 -6.893942879219474
98800 -8.203099133421826
98900 -8.538934576860447
99000 -8.023448037161616
99100 -7.5880947956104094
99200 -6.963262833893735
99300 -8.847746367051087
99400 -9.452536054622257
99500 -1.0994645254961541
99600 0.17063052428056663
99700 1.957464075526709
99800 3.1846822728919317
99900 1.5871388687617514
100000 1.2499413393771064
100100 2.2856827010995917
100200 3.6955513680623886
100300 3.6494160147814503
100400 3.4109887735610114
100500 5.748629497106322
100600 5.330875178773406
100700 4.303261605671559
100800 2.41218184753286
100900 -0.17843102844807607
101000 -0.5681498099280875
101100 -5.139040600013613
101200 -0.2954890736713654
101300 -0.5722774244636497
101400 -2.717715571544759
101500 -10.508466352438312
101600 -10.924464134270128
101700 -10.870504692296254
101800 -9.461750980171354
101900 -10.233089121403724
102000 -4.387057801315889
102100 -5.505541170906578
102200 -8.130068527805642
102300 -8.03911352852406
102400 -6.794966894763746
102500 -6.437842050978567
102600 -6.5762557605937415
102700 -7.542245732719231
102800 -8.395071944781062
102900 -10.111116294862054
103000 -10.022341560650787
103100 -9.771967451636007
103200 -9.123696605210641
103300 -7.634511206156872
103400 -7.257050811576969
103500 -6.832656639134872
103600 -6.756424869730385
103700 -8.396611058084707
103800 -6.5476314509126174
103900 -8.339111832860317
104000 -10.057767404657463
104100 -8.709055420972836
104200 -8.026495844447298
104300 -8.55609578295136
104400 -8.183383039384486
104500 -6.559407205273986
104600 -6.8774204288897485
104700 -8.757094580307067
104800 -8.123349190325053
104900 -9.224453167654751
105000 -10.619315198585266
105100 -8.298548654039989
105200 -10.225858092019628
105300 -11.569757586582348
105400 -11.407269536598408
105500 -8.251395685514563
105600 -9.265977658082312
105700 -10.810312144703337
105800 -13.420321570378952
105900 -10.449437669159952
106000 -10.294465628804657
106100 -11.374558002395762
106200 -10.751830075112226
106300 -12.754024501407883
106400 -11.469276911122577
106500 -8.950827531314498
106600 -8.36695814576241
106700 -8.50367328998266
106800 -8.468886993355536
106900 -8.773643708843977
107000 -6.988366880667158
107100 -2.5336175623806434
107200 -2.5373401194339653
107300 -5.427701168105359
107400 -7.46347582369135
107500 -8.608289751824072
107600 -8.098293130803453
107700 -6.267256649329312
107800 -4.037398474910369
107900 -1.2188314352151564
108000 -0.8325830079313508
108100 -0.9499116584135567
108200 0.9325225537472708
108300 -1.5740140087696364
108400 -0.20968836647233713
108500 -3.182065746759629
108600 -7.352585639650768
108700 -11.347254111106048
108800 -10.616039017799181
108900 -8.885307984416746
109000 -8.903900184248991
109100 -9.148979218222046
109200 -9.767823440077567
109300 -9.75380368617734
109400 -6.0091203504731325
109500 -7.03895650794332
109600 -7.137562448557678
109700 -6.576476796556039
109800 -9.164281501010205
109900 -7.99810291162038
110000 -8.701212808152375
110100 -6.905137321163584
110200 -8.532438945638276
110300 -6.147257258070148
110400 1.1608574781768144
110500 2.665464664333444
110600 -1.2836356009557917
110700 -2.5998468498572724
110800 -5.51916790901663
110900 -7.8138657342879405
111000 -3.026010663360591
111100 -5.08740682219129
111200 -3.121946941238326
111300 -5.855779372739855
111400 -8.827951250148468
111500 -8.723579379938185
111600 -10.214442554373509
111700 -6.831599829602001
111800 -9.548885432214542
111900 -8.884355265511072
112000 -8.567190167225373
112100 -8.085489569507585
112200 -3.969729908017137
112300 -5.34813501329389
112400 -5.101352486148843
112500 -6.272544080469292
112600 -4.2553693810128825
112700 -5.916824819848943
112800 -4.473269386848272
112900 -3.151165768754133
113000 -4.4512075544255145
113100 -5.792530279317289
113200 -4.891757921619199
113300 -2.2455163775560645
113400 -3.3481950709969
113500 -2.5681629789126896
113600 -1.0771636259835875
113700 0.696520439008443
113800 -0.42167588556386554
113900 -0.59874602532404
114000 -0.5399916245702816
114100 -1.6580274576228782
114200 1.673667264602645
114300 -1.036324946455793
114400 -0.6064909573608857
114500 1.1462774397440907
114600 -1.1706977653556803
114700 2.8223952865443676
114800 -0.3420283796123471
114900 0.9336476924795145
115000 0.3888591585529634
115100 5.152539684803405
115200 5.270330014645922
115300 3.4592907061068545
115400 2.232077738762864
115500 0.577611377080014
115600 3.4736278071396733
115700 1.488442713790952
115800 -1.3763117963219156
115900 -3.2817233892887323
116000 -4.134155199170303
116100 -1.2956078847659864
116200 -2.245871746701063
116300 -1.5378146981586365
116400 -2.547771417278817
116500 -2.696016237443394
116600 -3.107986178549208
116700 -3.9978598696641345
116800 -5.765801785523261
116900 -6.2498072825351425
117000 -4.496664945726801
117100 -0.9447967537352209
117200 -4.243447565842956
117300 -1.4506996948352011
117400 -1.8289085150100828
117500 -2.1844285320757617
117600 -3.0347486354875617
117700 -2.4040089239606144
117800 -3.0017298237956602
117900 -3.495094946970502
118000 -4.10231049576111
118100 -2.6226762410694895
118200 -2.0933442682300094
118300 -3.0362365081024425
118400 -5.906936528438205
118500 -4.309356214023242
118600 -3.395042024152549
118700 -3.2614440376642593
118800 -3.5897338759675677
118900 -3.2594905532154583
119000 -1.753046361462985
119100 -1.189799698040399
119200 -1.131945792575477
119300 -2.014321723688124
119400 -0.469051390370182
119500 0.6597299656325024
119600 2.2967640028842196
119700 3.5930266433766302
119800 2.88914764143974
119900 2.270798627904906
120000 0.2716476173106645
120100 2.298427713556112
120200 2.797606610587355
120300 3.777003765218301
120400 2.313042015629638
120500 3.061827217167671
120600 4.616294419822211
120700 4.038366836976177
120800 2.955115726021843
120900 -0.6691714948504968
121000 -2.8935277790439686
121100 -4.50120959075857
121200 0.8675206506678266
121300 2.2016651857703753
121400 2.1387663433880024
121500 3.0354940585085615
121600 4.413344071650755
121700 5.204919227983477
121800 2.7832832345361327
121900 2.413265936018246
122000 3.418288368215473
122100 2.1129750857876073
122200 5.532184963261846
122300 6.450767371767673
122400 4.654469641143961
122500 5.104072752306511
122600 2.6038434412088387
122700 3.7131635302238024
122800 1.866256350884299
122900 3.104978462117247
123000 4.272235374611861
123100 3.21038391334245
123200 -3.2513477551345975
123300 -2.2090656052203426
123400 -0.6352536712628676
123500 -1.2752113527392104
123600 -1.7246802679908744
123700 -1.8322452018894735
123800 -0.9247863510896654
123900 -0.04650415844622016
124000 -2.7075529259499214
124100 -3.1986893786607897
124200 -2.08913360158206
124300 -2.3100195794723555
124400 -3.043340745112004
124500 0.3106056105144795
124600 -0.9478224869916505
124700 -1.396082937905594
124800 -0.0693460877810948
124900 -0.5266688268591024
125000 1.5123783606162169
125100 1.7488020214315243
125200 3.721617578401928
125300 6.050369853424044
125400 4.63284027232199
125500 5.8571097537202
125600 3.2492217000965677
125700 -0.3951674560285166
125800 0.38044154882358167
125900 -11.815940082097868
126000 -15.164206268683008
126100 -12.922718575830773
126200 -9.663797178950087
126300 -7.587082058953882
126400 -7.058140464661466
126500 0.74148531573821
126600 -2.9398926747316576
126700 -8.802934227966722
126800 -9.710405770973335
126900 -5.636399618057896
127000 0.42470066323091304
127100 -8.102685605496587
127200 -10.803228330891908
127300 -4.9732296436945616
127400 -1.2151826156661902
127500 0.28100568876389065
127600 -8.478477410949395
127700 -7.266103037052178
127800 -8.096518705305266
127900 -9.121257121328245
128000 -6.882698144925203
128100 -6.7653822893862605
128200 -6.442906900204913
128300 -5.014127096792196
128400 -5.304567093740352
128500 -8.070663180738249
128600 -8.174197998656858
128700 -8.406209276631811
128800 -9.225325055294743
128900 -10.174290714364714
129000 -7.8392098802288634
129100 -5.43274462811768
129200 -6.368484173433298
129300 1.2142582811202662
129400 3.431334089233449
129500 1.185238446382375
129600 -4.98903750562364
129700 -7.5826951379282965
129800 -7.361796778603077
129900 -9.1686395647341
130000 -10.73042040075764
130100 -8.268913375140018
130200 -5.929681316045726
130300 -6.561775299544643
130400 -6.775059431774694
130500 -10.90344953498387
130600 -8.62108983353429
130700 -9.978547097684912
130800 -8.536027049008128
130900 -9.557303423621804
131000 -9.21273371832786
131100 -9.899997775113595
131200 -7.854848122882655
131300 -7.654426575192583
131400 -7.5702452329253385
131500 -4.6100849773542
131600 -8.408823467997975
131700 -10.322599449918851
131800 -10.98035488075961
131900 -11.155809110517392
132000 -11.35264972059828
132100 -9.96186757446045
132200 -11.89247866668693
132300 -11.517784028238808
132400 -8.69376820010895
132500 -8.757371708028172
132600 -6.20659083928802
132700 -5.956972738206783
132800 -6.472641810090544
132900 -7.263760992146615
133000 -4.696728632410432
133100 -5.970501448701541
133200 -8.542783366610387
133300 -10.964108458386576
133400 -11.24723937472462
133500 -7.020580378836674
133600 -5.786873167603115
133700 -5.562675928612547
133800 -5.386970548854052
133900 -6.841457697719566
134000 -6.82710722100608
134100 -4.444835725791596
134200 -8.295875496969277
134300 -9.880679993844534
134400 -9.397990963640792
134500 -8.461371803355512
134600 -7.79632817459194
134700 -10.729757295081457
134800 -9.615606542844894
134900 -9.613619976984767
135000 -6.576785288405785
135100 -6.320892552798784
135200 -8.159480170830667
135300 -7.710675813518588
135400 -9.385971882310926
135500 -10.932888038464442
135600 -12.80688858413254
135700 -11.414965281369023
135800 -8.073257868615828
135900 -11.864780937119647
136000 -12.752760625868243
136100 -12.527231572810676
136200 -11.468407962247408
136300 -9.240731351152608
136400 -10.017415714222643
136500 -11.106680792811513
136600 -11.679697494403527
136700 -12.247931199668441
136800 -13.480780755156845
136900 -13.13109732625937
137000 -12.27413836621565
137100 -13.267180345214177
137200 -15.136842047003332
137300 -12.322908477360718
137400 -13.095218934342745
137500 -11.124497985010052
137600 -12.981358605306895
137700 -12.321965250647729
137800 -13.485685097198301
137900 -14.327142998739326
138000 -13.316067935469928
138100 -14.9342292268303
138200 -13.751022403394149
138300 -14.095518007447732
138400 -15.278512033254138
138500 -15.126631574269208
138600 -13.286738448973322
138700 -14.47408235223245
138800 -15.017885533929721
138900 -15.371273104965516
139000 -13.805614507465945
139100 -13.352062551597712
139200 -14.939037338850097
139300 -13.535916755087065
139400 -13.272874573279465
139500 -13.269176908081755
139600 -12.756387611838422
139700 -15.72832597392828
139800 -15.037505208455952
139900 -15.602190582192321
140000 -12.169551457807056
140100 -11.665966211884026
140200 -12.507837404462684
140300 -13.033486597468437
140400 -14.151997310073662
140500 -13.455871427390875
140600 -14.165441806517267
140700 -14.134739598860127
140800 -13.79375665822393
140900 -9.221655861786042
141000 -8.032853645497013
141100 -6.422353529655993
141200 -4.594298837744284
141300 -12.72013994139889
141400 -12.578934855543508
141500 -10.054814772095208
141600 -10.716727180822389
141700 -11.198289087175223
141800 -11.176149239723774
141900 -13.15674902149726
142000 -13.622883768261309
142100 -13.597689263849675
142200 -12.739897002757125
142300 -14.022603258021794
142400 -15.485236808913331
142500 -13.100611515578358
142600 -12.083452253995569
142700 -11.009516724333423
142800 -14.189173609719404
142900 -12.989053446503592
143000 -11.418564424624222
143100 -10.976347400093356
143200 -9.28302260855841
143300 -7.0834106980615985
143400 -7.823646315345793
143500 -10.161063595357954
143600 -8.17473965106641
143700 -12.939344733384992
143800 -11.205105391188036
143900 -11.063259963731737
144000 -11.571146169195604
144100 -11.119077195149764
144200 -10.349438486812051
144300 -12.850901510190376
144400 -12.041966027767927
144500 -11.982077604458286
144600 -13.09188077437608
144700 -13.645884673791212
144800 -11.568428176701328
144900 -13.488739312470303
145000 -11.756419148944003
145100 -10.27295175814526
145200 -11.668136080551138
145300 -12.846889604811727
145400 -11.86787512805009
145500 -13.714701494172408
145600 -12.236070857712019
145700 -9.055152757415037
145800 -11.037623304282457
145900 -9.804248639815079
146000 -11.57189183227137
146100 -12.426168630541257
146200 -11.334500708577973
146300 -9.445735156148588
146400 -10.093150573511993
146500 -7.94569079177591
146600 -8.269224126728504
146700 -10.175750403010039
146800 -8.710251715392902
146900 -8.737745969163756
147000 -9.21744480580412
147100 -9.191973190268905
147200 -7.488748684857199
147300 -7.640807080859183
147400 -10.921124662434273
147500 -9.878585555328327
147600 -8.734122156902366
147700 -7.1992702784339055
147800 -6.065940704304384
147900 -5.6031686444928335
148000 -0.3014915461437276
148100 -3.1192060919105433
148200 -3.544746957286932
148300 -6.824588175318667
148400 -6.540137857571869
148500 -8.983560572659485
148600 -5.2227829931981615
148700 -6.584880022921254
148800 -6.95043288918438
148900 -7.592515819405276
149000 -10.176791558896578
149100 -4.629614303056032
149200 -4.0383517435564595
149300 -5.368165612098335
149400 -9.784060694873057
149500 -8.598892397450756
149600 -11.536324029768231
149700 -10.483056116568799
149800 -12.204879076877269
149900 -12.120388941828827
150000 -9.238791590626514
150100 -7.9522118125156895
150200 -6.072177229294145
150300 -9.707303683133889
150400 -10.727289110622346
150500 -12.478087591173576
150600 -13.272872776100414
150700 -14.040061683277344
150800 -14.321796232502445
150900 -13.41167480255027
151000 -12.886441464291707
151100 -13.368478539509322
151200 -12.12533185415125
151300 -10.309645671779718
151400 -10.495826357874813
151500 -9.805380895551158
151600 -11.665281181758735
151700 -8.894821685355778
151800 -12.112730900872668
151900 -10.3948622576546
152000 -11.148467246225655
152100 -10.544320919509142
152200 -9.29129945680035
152300 -7.52658660536471
152400 -3.868761908882891
152500 -2.6518763167976
152600 -1.8724554352031577
152700 -1.2775237736641865
152800 -1.5453554821266928
152900 -6.588563489888665
153000 -7.866299556084934
153100 -10.172073490963433
153200 -9.692941417985898
153300 -10.61340640724342
153400 -11.928223824228084
153500 -12.087335214811022
153600 -11.284460933110271
153700 -9.098034234231665
153800 -7.445419473580336
153900 -5.368527689987842
154000 -4.486906033185763
154100 -6.408040877153389
154200 -5.623925426523448
154300 -10.049050772077532
154400 -11.96106241123387
154500 -10.066978121605937
154600 -8.08516298887832
154700 -8.252042217482742
154800 -9.606692907357889
154900 -9.071083925994463
155000 -11.150552759136636
155100 -9.886450256182364
155200 -9.569349214309444
155300 -7.689587174506893
155400 -9.34010993600349
155500 -10.087390714819254
155600 -10.027876615925743
155700 -8.51087780791422
155800 -9.372847167024931
155900 -10.113474019211099
156000 -7.65705952701217
156100 -9.431002622500513
156200 -10.810668368328349
156300 -11.252696017340261
156400 -11.543741165175563
156500 -11.728094396455608
156600 -10.67437229835699
156700 -11.79972102258239
156800 -6.392345072670994
156900 -8.512421720638642
157000 -11.031380319295293
157100 -10.10136660975157
157200 -9.98328427437377
157300 -10.329420433388536
157400 -10.706951470544759
157500 -9.497770188207227
157600 -11.473526565240649
157700 -11.305805452429839
157800 -11.18171324855837
157900 -12.091737482837901
158000 -11.845177929455406
158100 -12.313596874744533
158200 -11.298008587915179
158300 -7.81313984335196
158400 -8.814906464412976
158500 -7.723809591509122
158600 -7.955057763466239
158700 -8.795325624716735
158800 -8.944321071464318
158900 -9.681770768580428
159000 -12.464417861266117
159100 -10.764826836653107
159200 -10.044146740072712
159300 -8.508659079822486
159400 -8.341682854991383
159500 -8.811320052214127
159600 -9.186196432477377
159700 -7.370539336708677
159800 -6.5161395245200735
159900 -8.876288233408648
160000 -6.8665439096727745
160100 -3.9805737763876325
160200 -4.378186045641794
160300 -7.6694655594680015
160400 -6.794396669838072
160500 -5.297162039640813
160600 -6.229448314350279
160700 -3.815611817747734
160800 -2.8294377861394056
160900 -4.188357519200859
161000 -5.315316913362735
161100 -7.390779380703659
161200 -7.664590850176953
161300 -5.274068658222438
161400 -0.8962699152664384
161500 -4.13653223141896
161600 -7.239226608935449
161700 -7.72672267618608
161800 -1.6709464052167549
161900 -0.7148753849431606
162000 -6.798844912944635
162100 -7.560469115238844
162200 -3.225972261564526
162300 -2.515555346434741
162400 -5.092485037390229
162500 -5.802139063168672
162600 -5.215076872507565
162700 -1.5619813281962913
162800 -5.28598772534001
162900 -7.3740498498536295
163000 -5.970200498977897
163100 -6.067753808847318
163200 -5.747776941454741
163300 -6.8214747464209164
163400 -8.50529055456772
163500 -8.415001412705251
163600 -6.8423930694077
163700 -8.394902291378028
163800 -9.238011410740802
163900 -6.090857516674718
164000 -3.4682020350355294
164100 -6.9973895733162355
164200 -7.2689647548266345
164300 -8.651810272741852
164400 -5.243176287987424
164500 -4.220657911165156
164600 -5.250798215965553
164700 -4.974678783399982
164800 -7.191914635533567
164900 -8.62667020619486
165000 -4.95464429067178
165100 -7.6007274387624335
165200 -5.416086755160918
165300 -5.028897675680533
165400 -4.812463932906957
165500 -3.008156655427913
165600 -3.1289332604062023
165700 -2.8657946688670255
165800 -10.236151470795852
165900 -12.920668610490361
166000 -13.199710567269127
166100 -12.069449393956543
166200 -10.330857105903824
166300 -9.44856399418542
166400 -8.629357100126487
166500 -9.217324127070116
166600 -9.322802063558866
166700 -9.157543415125966
166800 -8.046104734295275
166900 -7.36762318692858
167000 -6.347299699793253
167100 -7.936864169746407
167200 -7.908305864005309
167300 -5.428580259660944
167400 -9.862148360632695
167500 -8.420020754749917
167600 -9.450172545146476
167700 -8.739916328838357
167800 -7.968957524168232
167900 -5.587461923322446
168000 -8.049734007000504
168100 -9.233116136334111
168200 -9.343455045498787
168300 -9.81638051198853
168400 -7.728801714693094
168500 -7.412969345819163
168600 -6.770711763945157
168700 -7.455263852743939
168800 -10.443544510724925
168900 -9.922621487795979
169000 -10.093617609822994
169100 -10.165263005115369
169200 -7.627308377668628
169300 -9.54758227066314
169400 -7.689125097191746
169500 -7.745896714825803
169600 -11.181838899562033
169700 -8.140946986938678
169800 -6.332459010453933
169900 -7.609448412188587
170000 -7.832624291062949
170100 -8.278181413128797
170200 -7.7886677197013645
170300 -7.471491897972823
170400 -8.504065777595159
170500 -8.317357832263465
170600 -4.335097181589213
170700 -6.9393208167854485
170800 -8.492982321756024
170900 -8.66687696348357
171000 -7.922578568839218
171100 -8.787175343003833
171200 -7.187704464753785
171300 -9.235845407957804
171400 -6.5713474581137055
171500 -7.281835867049807
171600 -7.495842095139531
171700 -6.292350570022196
171800 -6.505857972692958
171900 -6.281459999755285
172000 -6.081416187658651
172100 -9.68724989199767
172200 -10.267887541532629
172300 -8.125292651130318
172400 -6.560750123657705
172500 -7.414464135549431
172600 -3.8455358723263418
172700 -7.27998129919518
172800 -7.050038553604314
172900 -7.844805015349207
173000 -8.984333404128892
173100 -9.727597518227155
173200 -7.762375488259899
173300 -6.959757412406869
173400 -8.920651735975557
173500 -6.345557182802753
173600 -5.0040743666637155
173700 -7.350916375134109
173800 -9.485857749043296
173900 -9.043178958935565
174000 -7.486254071196982
174100 -10.119569555086926
174200 -7.369390013446661
174300 -9.660872080755503
174400 -9.854574560674589
174500 -7.183980415543343
174600 -5.555843842627195
174700 -4.647437699779871
174800 -5.948024761340702
174900 -3.920703723800651
175000 -3.6014296088208035
175100 -4.727045045815637
175200 -0.35893969652405894
175300 -2.2343641295741925
175400 -4.584683600395453
175500 -7.656933588800904
175600 -8.392637245689214
175700 -8.305170534180434
175800 -8.467291616078418
175900 -9.925690223185097
176000 -6.769035714157129
176100 -5.9534715980623085
176200 -3.9920903130836702
176300 -5.286785440387832
176400 -8.77594765035931
176500 -9.564222807629283
176600 -7.984260164613976
176700 -6.2379568569758455
176800 -5.9242753796088925
176900 -5.659243488449551
177000 -7.023009510927355
177100 -8.92593960294553
177200 -9.512378316502152
177300 -7.543564776870558
177400 -7.215127231931607
177500 -7.615743831663277
177600 -6.503957712517012
177700 -4.390657375104354
177800 -4.7359977588831645
177900 -7.990321082323297
178000 -8.607032602591506
178100 -7.3429913646022476
178200 -8.54009771533345
178300 -6.309846286265648
178400 -9.296692393648081
178500 -7.831271835236746
178600 -7.974979237264104
178700 -8.915088582154803
178800 -8.422535351005935
178900 -7.115268688452833
179000 -7.141671527133276
179100 -7.01220949003345
179200 -7.302978980847214
179300 -9.34235113100336
179400 -6.682287256749164
179500 -7.60797764904312
179600 -7.903510510743385
179700 -8.173477804329275
179800 -9.092467416143347
179900 -7.0342160772084545
180000 -5.3045765571985175
180100 -6.618183674303372
180200 -3.7856037377914107
180300 -5.414391496029771
180400 -5.266769020686766
180500 -6.800965172836984
180600 -7.3825862483303855
180700 -4.954866361465391
180800 -6.956834809243393
180900 -6.808163255011195
181000 -4.399866428251064
181100 -5.984322973814262
181200 -4.832969688596235
181300 -7.390081120895851
181400 -6.014436197842154
181500 -6.34862778061603
181600 -6.698435827400159
181700 -6.587290819897704
181800 -7.1099311313040845
181900 -6.887206768974509
182000 -6.9245781751142745
182100 -11.21774509605332
182200 -13.243588342004802
182300 -10.858938798775476
182400 -10.532654037838961
182500 -8.650328526264436
182600 -8.02729421740392
182700 -8.402566523117423
182800 -4.675351903191498
182900 -2.857663230512756
183000 -7.523540727238939
183100 -7.570358358043633
183200 -4.841840521610164
183300 -4.711433942050925
183400 -7.428512433897838
183500 -8.487072762796993
183600 -8.11523328512312
183700 -9.242465074684231
183800 -8.421247051708583
183900 -9.677387620576349
184000 -11.834705243279098
184100 -8.244360431776807
184200 -8.837964458949804
184300 -9.023977135836587
184400 -6.659617355505801
184500 -6.230554502146462
184600 -4.513488010256918
184700 -3.234471344016436
184800 -6.753021496904936
184900 -5.141394592855291
185000 -4.204762325574077
185100 -2.3516178602203817
185200 -3.1290887780810195
185300 -2.492007831951498
185400 -0.41905644106053247
185500 -5.334694127535957
185600 -2.497966206650025
185700 -3.083035402166358
185800 -5.185524834911046
185900 -2.368175781964676
186000 -0.361426610113096
186100 1.352674606088265
186200 3.942817849145905
186300 3.980192987869235
186400 5.919956530653061
186500 -3.587223470514402
186600 -7.757542650607161
186700 -7.692638141015837
186800 -9.314680274034126
186900 -4.266015757042296
187000 -3.9337718332041236
187100 -5.212448651101613
187200 -8.111189124654988
187300 -8.285205903268144
187400 -7.291445970363064
187500 -6.9944789334974296
187600 -6.515700635852101
187700 -6.825983880751558
187800 -7.398225008547315
187900 -7.979615576773176
188000 -7.358533081179638
188100 -5.488524230358273
188200 -6.012945650041397
188300 -7.080338916257941
188400 -4.119875069213431
188500 -7.8489146169222686
188600 -2.176036711794214
188700 -2.1712501907150967
188800 -6.721842972616817
188900 -8.885424275033781
189000 -8.490237962562906
189100 -9.31977552029395
189200 -6.06875868293846
189300 -5.023806630194286
189400 -5.9329721692902035
189500 -6.073965409584111
189600 -4.944170199075522
189700 -4.666959632640138
189800 -5.527424727956654
189900 -6.879706657130741
190000 -6.773585372798871
190100 -5.995835333918512
190200 -5.6782993938069675
190300 -5.793673063879906
190400 -6.99590661662032
190500 -7.925800575987476
190600 -8.121019530935765
190700 -4.839593123331774
190800 -7.018756768126584
190900 -10.742377346363098
191000 -9.795211409751426
191100 -10.624111628975179
191200 -7.255246236773266
191300 -5.262873043300988
191400 -7.70463504165679
191500 -6.895960282077243
191600 -6.83264744791972
191700 -5.914890276011386
191800 -6.097259235968882
191900 -7.097231819983987
192000 -7.350105965672243
192100 -6.790674490524619
192200 -8.492347583030927
192300 -9.270415907494485
192400 -7.4435033802750565
192500 -6.911510993014967
192600 -9.488596059746754
192700 -8.216052927855916
192800 -7.951465170442866
192900 -8.573411539546639
193000 -5.850506385707248
193100 -5.749855663401655
193200 -6.736420912861898
193300 -5.505750603989927
193400 -8.130291455056055
193500 -9.396213556619838
193600 -7.14311382103451
193700 -5.7298723182122355
193800 -6.921626913193871
193900 -8.834201740332288
194000 -6.046865096884827
194100 -6.260533627906274
194200 -6.460166555965295
194300 -7.305586548752865
194400 -6.643945674041465
194500 -6.730150032552691
194600 -9.847130779323233
194700 -8.92366396549854
194800 -8.776665626350809
194900 -6.926276055075095
195000 -4.8952309356507415
195100 -7.4464010739776985
195200 3.5785157782713894
195300 -1.3996074200338025
195400 0.8664010898036678
195500 -0.7293148038539916
195600 -4.217600154378389
195700 -3.4652419550594677
195800 -3.149445077060997
195900 -2.8737904297691435
196000 -1.3934303418123315
196100 -2.860566051386453
196200 -0.05382608727907967
196300 -4.71705697944619
196400 -3.7103481829141503
196500 -4.7591055596068035
196600 -6.257094126586906
196700 -7.395366744648284
196800 -9.121028670234752
196900 -7.070128397554705
197000 -7.335010319761028
197100 -7.326545973479123
197200 -7.90399099610051
197300 -9.60382848036561
197400 -9.052248531965041
197500 -10.331180097984753
197600 -10.247632346429949
197700 -9.196255704350152
197800 -8.871169654813537
197900 -7.976304305298444
198000 -6.097290332819828
198100 -7.83258971266863
198200 -8.482400889717713
198300 -6.163179756411083
198400 -8.701474695789589
198500 -7.464843947720932
198600 -9.097209536065371
198700 -8.23920206954955
198800 -7.983779071085999
198900 -10.752051374400322
199000 -9.850289949156387
199100 -9.591448527693434
199200 -9.671039368344704
199300 -9.981784893849664
199400 -7.41125143893902
199500 -7.259474992371908
199600 -7.642906411599427
199700 -7.525596126420213
199800 -5.922069090231323
199900 -6.637888617491275
200000 -5.66422798185593
