100 12.065444453667553
200 11.997944753593243
300 12.340828153330637
400 13.782362437597468
500 12.404564442422165
600 11.140928328232638
700 10.453016267501326
800 11.96565959272358
900 13.285591567107865
1000 12.352049731723088
1100 12.230889607231846
1200 14.970679400298799
1300 13.720342103563844
1400 13.499173034039403
1500 13.218495819788076
1600 12.76101304176202
1700 12.001858571662334
1800 13.316864051877182
1900 11.342732606783263
2000 12.398177526621144
2100 14.279645926065289
2200 13.938595098078784
2300 13.598016856251613
2400 10.990581559380947
2500 12.515156203119748
2600 13.034052426626038
2700 13.102303020321266
2800 15.211983886052751
2900 12.406526217325153
3000 13.73109664083798
3100 13.799252731684403
3200 12.711252635350567
3300 12.476355531452954
3400 12.14210843712064
3500 12.912633574590076
3600 14.054830989157173
3700 14.176529767256955
3800 13.957895206089976
3900 13.182480068422604
4000 13.501544337144344
4100 13.001063457828504
4200 15.009068237798836
4300 13.745225346687192
4400 13.272184320326005
4500 13.654845896975072
4600 13.19923756479465
4700 12.967988820132682
4800 14.131958565144958
4900 13.11610354311809
5000 14.42322124376504
5100 14.837798919465456
5200 13.340131613018372
5300 14.038700167495346
5400 12.664788199982054
5500 14.037469816551459
5600 14.35113501112064
5700 13.484859386610092
5800 12.699981630372115
5900 14.004715296386145
6000 13.338699497661649
6100 13.757722937150277
6200 13.303706856968136
6300 15.240856729389215
6400 13.005582388574716
6500 12.136488060270153
6600 11.789481723180765
6700 12.61175414124709
6800 12.738501678879345
6900 12.631534425541785
7000 13.467823332912609
7100 13.631948865001945
7200 11.338329067757304
7300 12.444749070763024
7400 13.055543849328133
7500 13.082421830372143
7600 11.870891766153642
7700 14.564498734515773
7800 13.795978818176243
7900 12.965410381225732
8000 14.411666741951182
8100 11.9150597573362
8200 12.571980286176055
8300 13.924466271456469
8400 12.6166341898408
8500 13.150537515972117
8600 14.52274820956836
8700 15.154665917162093
8800 14.276140001128278
8900 12.397504547204733
9000 14.252328770898767
9100 14.014564728144135
9200 11.80434975546865
9300 13.308142142691288
9400 14.052429112444633
9500 13.785756747957617
9600 11.180770526522481
9700 11.270547614057156
9800 12.634599602027523
9900 14.580512480903957
10000 13.338185381406124
10100 13.009889281570647
10200 13.165502048807621
10300 13.92344938122795
10400 15.04747890183106
10500 14.333121907677553
10600 14.55631197080645
10700 14.713795570589713
10800 12.11503418043875
10900 13.110614733391003
11000 13.878759802311306
11100 11.781768961552222
11200 13.20447486093788
11300 13.817819343271733
11400 11.342284575696349
11500 13.131386023173851
11600 13.636289377543221
11700 12.847065938046608
11800 13.569666567248783
11900 13.102210526147918
12000 15.188745363714796
12100 13.284963580047778
12200 12.48651772005407
12300 12.800202361083421
12400 11.23796561352618
12500 12.350525410744725
12600 12.29701136131428
12700 10.965665148666321
12800 12.03350673987182
12900 13.749858659887918
13000 11.84900292702753
13100 12.136145016952383
13200 12.86794931153217
13300 11.827286843452525
13400 13.700186670589927
13500 13.146430979108459
13600 11.617772521154299
13700 13.394998118115875
13800 10.647271898438676
13900 11.351667094418362
14000 12.742331785524975
14100 12.687364217244632
14200 13.049801791194644
14300 12.429168650298674
14400 12.042730456584474
14500 13.24243129423507
14600 12.985428899762987
14700 12.763853971995665
14800 14.054302032133341
14900 13.178502944426164
15000 12.528058307311309
15100 12.79284722868376
15200 13.702492056436103
15300 12.23357249189704
15400 13.682990817422299
15500 13.78680092734699
15600 12.479689902388339
15700 12.962063233048138
15800 11.887315269197112
15900 12.635156716202985
16000 11.570346267710434
16100 12.516477975297828
16200 12.868452841813045
16300 13.396908667317893
16400 13.01521640445345
16500 13.824342701075535
16600 11.719143693156099
16700 13.430064887635506
16800 13.028467830932259
16900 12.17865815433077
17000 13.403946476936625
17100 13.828105948313313
17200 13.140889937710034
17300 12.440322789898286
17400 12.952006632792088
17500 12.987356301998215
17600 13.282693235789724
17700 13.874622181829737
17800 12.927272205929206
17900 13.174227336705185
18000 14.31323770014632
18100 13.412326161583534
18200 12.374162722957264
18300 13.258656982559355
18400 12.508381223888968
18500 12.960132100901827
18600 12.686707534440428
18700 13.561093153513719
18800 11.244589266255119
18900 13.157535290186667
19000 12.143810347637466
19100 12.828053475252075
19200 13.582001808832437
19300 14.242846941940654
19400 11.180496846978825
19500 13.576161649835488
19600 12.91382576838772
19700 10.179594229605932
19800 13.041410390368963
19900 13.256114247092786
20000 13.053516700748116
20100 12.737966598532584
20200 13.613433882490162
20300 13.199842886192702
20400 13.885315055161996
20500 13.331498125353907
20600 11.340624135279443
20700 13.903612892800917
20800 14.317435626212161
20900 11.840057233162147
21000 13.545318915947794
21100 13.34537248504316
21200 14.249741031528774
21300 12.338873116234405
21400 10.257158337818124
21500 11.925883169995686
21600 11.946338944595734
21700 12.473715050199583
21800 12.480592803543413
21900 12.023089931577083
22000 12.897716751594931
22100 12.844053509107223
22200 12.206081872499531
22300 10.843864357534917
22400 11.347432167008876
22500 13.271785179524638
22600 13.268977876195564
22700 13.390339422687022
22800 13.218359881793516
22900 12.328868413859308
23000 12.22259800985206
23100 13.020591181888467
23200 14.705880201172768
23300 15.788669023818512
23400 13.67348069671331
23500 13.584613995538396
23600 13.137550362069355
23700 14.748950287855482
23800 14.093210207682784
23900 11.108062642620908
24000 11.39083966131282
24100 13.69540274171819
24200 13.08967999751638
24300 12.847739224116246
24400 12.350456543117573
24500 13.449443192975387
24600 13.00961189689035
24700 12.384258558322975
24800 13.510456432462846
24900 13.831273429741325
25000 14.550893176669158
25100 12.789296697091817
25200 14.34873910803464
25300 14.21557713249116
25400 13.166105384722083
25500 13.786192909624056
25600 10.708724629488689
25700 11.923985085827269
25800 11.86363491354108
25900 12.23062270743353
26000 13.62624018575423
26100 12.753589296885282
26200 11.285227986916976
26300 13.124969650586005
26400 12.389643041378221
26500 12.068840052179295
26600 12.520944600149287
26700 12.934328837408179
26800 13.472942325084352
26900 12.758095456307537
27000 12.568649413766707
27100 14.450334758804734
27200 12.14051514180892
27300 12.632501294749716
27400 12.631484425168962
27500 13.875983018846133
27600 13.97615573454966
27700 14.395534027713783
27800 14.329745884761822
27900 13.56255531308082
28000 12.68821403806485
28100 13.471610921142188
28200 14.418991943203727
28300 13.94301280820939
28400 13.229770421084718
28500 13.849480980880148
28600 14.577633032831647
28700 12.06317067979726
28800 11.885107008758633
28900 13.6593711700828
29000 13.002364597301604
29100 14.215179847423338
29200 15.40195911803157
29300 14.293259319305662
29400 13.56954273838845
29500 12.676346026816583
29600 12.6853459772658
29700 12.6870970177495
29800 13.40745841668119
29900 13.810323606168357
30000 13.534712176863952
30100 14.039925004940391
30200 11.4912580947112
30300 12.475978238201295
30400 12.112866694258209
30500 14.25844316062911
30600 12.789343335381098
30700 13.692181006967123
30800 14.688213375241164
30900 12.592521938973395
31000 12.970422422185806
31100 12.475846866254676
31200 12.24930703763994
31300 13.13677436932351
31400 13.408601273371074
31500 12.740431533181441
31600 13.318287116264191
31700 12.157599125807382
31800 14.205973824169904
31900 13.299473725665203
32000 14.483079639085032
32100 11.685478280419263
32200 12.921926614214037
32300 13.128516952089953
32400 12.28036804021039
32500 14.082275013807765
32600 15.143367671875952
32700 13.547394377699677
32800 12.336754805471767
32900 13.768779010911464
33000 14.400889605337925
33100 14.486792035204134
33200 13.444795250047802
33300 13.155164136056037
33400 13.636609553959156
33500 12.023813523769684
33600 13.428670662605125
33700 12.3759096303915
33800 12.440674259796051
33900 12.797044755930134
34000 13.567782679030053
34100 15.14949529301824
34200 14.194207983409123
34300 14.12214327614789
34400 12.888393327334658
34500 13.146917819282402
34600 13.531728526805363
34700 12.928991914742976
34800 14.15602000840385
34900 14.207805966448618
35000 12.586907658492217
35100 11.093011698097055
35200 13.001068465913896
35300 11.798871478078125
35400 12.187891906521523
35500 12.071524667742588
35600 12.62896800826939
35700 12.846720153924394
35800 13.883977614250899
35900 13.09092042540765
36000 14.874302786703089
36100 13.929953507860613
36200 12.977245213113388
36300 13.503847464643668
36400 12.826292446958934
36500 11.677569873674274
36600 13.967550735011194
36700 13.526488049357285
36800 14.004941259026287
36900 13.609679923120286
37000 11.855473427591473
37100 12.90049035860166
37200 12.630648551999826
37300 13.127479589594847
37400 14.942642167455295
37500 12.843357789607477
37600 13.395996883516611
37700 12.67254344290508
37800 11.03924084673638
37900 12.729871350104618
38000 13.781596600150875
38100 12.468640636316445
38200 12.980292873831583
38300 12.82492290518511
38400 12.736797129110458
38500 11.888866558322057
38600 12.07259601655374
38700 14.244249584643024
38800 13.513101407742809
38900 13.245594151871451
39000 13.844269896863555
39100 13.210638749537024
39200 13.698167138513712
39300 10.867100676508793
39400 12.81026498439615
39500 13.682205823340045
39600 13.538002514424615
39700 14.522415341570897
39800 14.335880913467042
39900 14.62722828728324
40000 12.721903167922617
40100 13.807497363590679
40200 12.353104899336357
40300 14.326718735566551
40400 14.387646895660847
40500 12.590301381719028
40600 14.680655318901511
40700 13.887253454844066
40800 13.813493998813314
40900 13.799416876058217
41000 14.08669406282831
41100 12.963669126178198
41200 12.827414562718804
41300 12.688780161747188
41400 11.681365585122638
41500 11.805042978065234
41600 13.3695292959955
41700 11.867901980512226
41800 13.64663035282612
41900 13.161685740265053
42000 11.001568300099436
42100 11.327265140026126
42200 12.663375791283269
42300 11.00740495305834
42400 12.542019346153275
42500 13.610141206362155
42600 14.20395427652812
42700 12.272556087153497
42800 12.132002211739927
42900 12.3507272068507
43000 12.900273655022556
43100 12.609639306132152
43200 13.760265877439952
43300 14.02950137943005
43400 14.188331722668217
43500 13.60702083678459
43600 13.903115280050741
43700 14.876588924116612
43800 12.167241876121603
43900 12.783206023501892
44000 11.706268950673383
44100 11.877490675995702
44200 13.066792475317616
44300 11.906872702794084
44400 10.479505699830938
44500 11.005730701947988
44600 11.885838672940915
44700 12.16981735332787
44800 12.542429813510195
44900 12.954349564525678
45000 12.516776293592436
45100 11.63787149723189
45200 13.059825884285445
45300 13.514963104795426
45400 14.482662960945836
45500 12.669396394557616
45600 13.515763005784862
45700 12.945100594502888
45800 12.626244866492053
45900 13.109681323222157
46000 13.352875377588383
46100 14.228639616103042
46200 12.959838601338948
46300 11.37467914157526
46400 12.727790922096254
46500 12.869548468852807
46600 13.555408258888503
46700 11.508972873207743
46800 11.184262046239105
46900 12.035927724885811
47000 12.868780147759125
47100 13.072228240899028
47200 13.13790103869493
47300 13.602049257687533
47400 11.963731841478825
47500 14.56772827584221
47600 14.206280540487906
47700 14.2278940397689
47800 14.08702682734241
47900 13.191888691190892
48000 12.114981937963247
48100 9.60974252949933
48200 11.404933513294573
48300 10.79710161852347
48400 12.44185313173136
48500 12.511913521060288
48600 11.454852019237604
48700 11.315999926787878
48800 12.006622027563257
48900 12.832643439752449
49000 11.366151275224667
49100 13.413799928631672
49200 13.787710870676161
49300 11.870700078633018
49400 13.07825591644603
49500 13.253410364507843
49600 12.984854083371935
49700 12.119123594355734
49800 13.73518708873668
49900 13.99673002071921
50000 13.575554430016584
50100 13.011404323945978
50200 13.18296993482176
50300 13.418191373187458
50400 13.489534410895152
50500 13.757369464177053
50600 14.439612804495003
50700 12.294796779670584
50800 13.951716023288768
50900 13.023103830479398
51000 13.404452979927473
51100 13.20371155943502
51200 12.65269592657427
51300 12.663962733222641
51400 13.554493924736773
51500 12.385485924560994
51600 11.423003934244514
51700 12.296677011079074
51800 13.487310105057636
51900 12.635087972977535
52000 10.970449576206482
52100 12.786349131497202
52200 11.133793285761861
52300 11.985843536535235
52400 13.935693086750604
52500 13.297903541481475
52600 13.982492676513635
52700 13.463889204557292
52800 13.92327133005728
52900 12.639588977667776
53000 14.153324374398538
53100 12.66198085458659
53200 12.202270717690716
53300 14.383620312098609
53400 14.560477651144826
53500 12.885202530012924
53600 12.230381704141577
53700 12.70892294397634
53800 12.50780714773661
53900 12.801507329366512
54000 13.343496254270361
54100 13.663726603649618
54200 13.15182626197918
54300 13.711063660838727
54400 12.22202452018105
54500 13.586965049403453
54600 13.060267311051001
54700 12.89547935023503
54800 10.809082080529707
54900 11.437971762514978
55000 13.813546650969947
55100 14.027602659317708
55200 13.994155402836235
55300 12.771294424373288
55400 11.35563389963084
55500 12.36968340252917
55600 13.850043047994463
55700 13.09922112294981
55800 12.260865677035502
55900 13.429984456893584
56000 14.656428221824564
56100 15.237324693979371
56200 14.677701209353927
56300 14.74220557770984
56400 13.407777525436112
56500 14.110826308332264
56600 13.471780007640037
56700 12.293535484226098
56800 15.63787855270216
56900 15.502202085096211
57000 12.084004107826727
57100 12.733558035402654
57200 13.544278640194628
57300 13.391797270268288
57400 12.858867843620065
57500 13.605642654806466
57600 12.624385613413569
57700 13.554238372336163
57800 13.998966128005634
57900 14.691674500957722
58000 14.147119314345266
58100 12.65421838557941
58200 12.771623373450478
58300 14.177849539505829
58400 12.18676413484914
58500 12.576321742167169
58600 12.90777932305852
58700 14.685737181930007
58800 14.38177027466155
58900 13.661811905199135
59000 14.176711230090751
59100 13.391039937530802
59200 13.542010693266851
59300 14.436743073697782
59400 13.855825478819183
59500 13.502238495793858
59600 13.938700919288994
59700 13.087988545149564
59800 13.911136819512967
59900 14.461270131695667
60000 13.546108510283117
60100 12.645624045342364
60200 12.973070098741138
60300 13.409355837570834
60400 13.29334884520637
60500 12.562702618241335
60600 12.5276891284706
60700 13.53854877004437
60800 13.788632552008753
60900 13.160011795362436
61000 14.39025843365531
61100 14.196152773924275
61200 13.751679812521756
61300 14.481894008541666
61400 13.074299780759853
61500 13.137523084137662
61600 13.609167888990518
61700 13.752621375786589
61800 11.948296413118129
61900 12.747228935131394
62000 12.632554060120809
62100 14.470245713065394
62200 12.268467770338267
62300 10.216346395525846
62400 12.408758457903316
62500 12.766484539258455
62600 12.924344636258168
62700 14.626633140212622
62800 12.907776148336959
62900 12.290240219462207
63000 13.871886183291023
63100 12.742058809338234
63200 11.743717736284129
63300 11.798631577411273
63400 11.58884266417383
63500 12.27130721384578
63600 12.379375050027443
63700 13.664176452050274
63800 13.82881137346908
63900 14.293520232586403
64000 14.829678179048791
64100 14.227798677701422
64200 13.64669416250626
64300 12.571285803774163
64400 11.895707293320166
64500 12.902554044506186
64600 13.920318101159024
64700 13.299374520106067
64800 13.195044665573803
64900 13.8324318211597
65000 12.810674128178023
65100 12.135192926151174
65200 11.84615869155609
65300 13.474862961205476
65400 13.801266961668444
65500 13.480663607471243
65600 13.154138507764502
65700 12.871757599779876
65800 11.526395301594453
65900 13.348943614257943
66000 13.959459848348574
66100 9.848124215303947
66200 11.953073132986736
66300 13.043789764568297
66400 13.092194643230748
66500 13.018160096253347
66600 12.956721874050192
66700 13.27937238461727
66800 14.787489431500521
66900 11.33159831852583
67000 13.388165705496139
67100 13.990654531717071
67200 15.307697184898208
67300 14.229451556179463
67400 12.526492802446137
67500 13.37983362578449
67600 14.54631886770778
67700 15.140197020956958
67800 11.97254841213044
67900 13.694088329203028
68000 12.836816432752107
68100 13.136957165624086
68200 13.952314277253178
68300 13.791825468004639
68400 14.032842407753778
68500 12.531620858499204
68600 12.989214040057053
68700 12.363179397973886
68800 13.548361028784713
68900 13.70939907391624
69000 12.232610094097769
69100 11.22311608969479
69200 12.73158092441386
69300 14.337667039691508
69400 13.622262580550716
69500 11.751642395712063
69600 12.831840706904945
69700 13.00598545820826
69800 13.777747580803313
69900 14.131036781226177
70000 12.853990250193823
70100 11.326012503188759
70200 12.032869538752177
70300 13.881310365939369
70400 13.03601892032813
70500 13.87142330881675
70600 12.825930681307053
70700 13.150149126876872
70800 12.852499837326645
70900 13.525181968376359
71000 12.314601901445151
71100 12.45159633693563
71200 13.099236599626964
71300 13.272198887438677
71400 13.030555908965619
71500 13.55626015659385
71600 12.211837879061978
71700 11.795982230643098
71800 10.955150084056916
71900 12.89869406102669
72000 11.97108453083168
72100 11.258850115575752
72200 11.929757448323715
72300 11.893632112212305
72400 12.163215903191354
72500 12.386864848818785
72600 13.691304174401369
72700 11.466885468782321
72800 13.44849005321236
72900 13.42891071792679
73000 13.479803725177767
73100 12.13944423348685
73200 11.974470718428513
73300 13.995831988020022
73400 12.749586462241316
73500 14.083490352380093
73600 13.910203690023605
73700 14.026591179465258
73800 13.310830858769638
73900 12.1154147565309
74000 12.971357981022814
74100 14.186845437159604
74200 12.576633719146313
74300 11.195695799105653
74400 12.698029751143903
74500 12.666262933389648
74600 13.574687657408202
74700 12.611672764122282
74800 13.506036224834377
74900 14.72738640673425
75000 13.216357421944588
75100 13.675201185874961
75200 14.740002556922665
75300 14.182610426319805
75400 12.573563313555825
75500 12.776258099611933
75600 12.277503563479431
75700 12.761718327519702
75800 14.768768222755085
75900 13.147651359347934
76000 11.872482485754352
76100 13.48516975249486
76200 12.927792384280297
76300 14.047909761036603
76400 13.86358104044498
76500 12.72408508365969
76600 13.311232202769432
76700 11.340180973915041
76800 14.00110156532681
76900 13.673062907322894
77000 12.61080930685981
77100 13.557775141390348
77200 12.68083927810655
77300 14.085470544960213
77400 13.841106541183448
77500 14.727129901175028
77600 12.828094289170458
77700 12.760144629902776
77800 12.931204872502306
77900 12.745165007860287
78000 15.163339143882908
78100 14.349005286426381
78200 14.00691669757594
78300 13.609392591995867
78400 15.420933970128539
78500 13.519723681276021
78600 12.524484034575003
78700 12.531772543725147
78800 12.410812493209255
78900 11.745018821146793
79000 13.934880319596251
79100 12.847516224779781
79200 14.206809440842711
79300 14.49324822280323
79400 13.610885293114878
79500 14.313389238846181
79600 13.214740239837035
79700 13.187755375757199
79800 12.001183307998302
79900 13.541326829530513
80000 12.557856449092716
80100 11.666009201678843
80200 10.777673300560405
80300 12.081522680578889
80400 12.742149459986072
80500 13.253769336750869
80600 13.20688062958121
80700 14.940263142372716
80800 13.330331572577007
80900 13.314485141723239
81000 14.410648112357427
81100 14.457033346235889
81200 13.058573943822477
81300 12.471028916480153
81400 12.271184760881964
81500 13.547141334738939
81600 13.861916996577563
81700 12.909558523462474
81800 14.351111052590356
81900 13.11693344747824
82000 13.75827170961736
82100 13.290467426910311
82200 11.546395937268356
82300 11.874733961585468
82400 13.21395957802413
82500 13.420799667103758
82600 15.088132554700662
82700 13.073828850974584
82800 12.434624328454456
82900 14.931981182395129
83000 11.832576083111219
83100 13.778723277159912
83200 12.988204771427705
83300 14.94587070562651
83400 12.919170951644347
83500 12.770492601343074
83600 13.641431121169463
83700 13.996417351617188
83800 13.899851089887106
83900 14.09532585406786
84000 14.127026310763553
84100 13.644134705342593
84200 12.596148343964618
84300 12.992065352055894
84400 14.346596865796952
84500 14.57512076709933
84600 14.822380083105655
84700 13.640710230866535
84800 11.316108119986545
84900 11.464712309656164
85000 12.484760541516742
85100 13.552184583680354
85200 12.594170215207365
85300 12.867528812546462
85400 15.026265204122346
85500 13.430944865086948
85600 14.471254954053983
85700 13.55456081091349
85800 13.313902639146834
85900 13.450410831246087
86000 14.418045026993653
86100 13.68330370030346
86200 12.819938398650239
86300 11.968676551112763
86400 13.670651399363237
86500 11.277094973907047
86600 13.052054285004314
86700 12.292678680631395
86800 13.657976103894486
86900 10.906811101011236
87000 13.22374895651149
87100 14.219682548928816
87200 13.854213616251567
87300 13.987267836872537
87400 15.187223367489946
87500 15.841181401819432
87600 14.798689884073914
87700 12.596371325201913
87800 12.545160172974025
87900 13.768841582612815
88000 13.920963844451801
88100 13.456604627172974
88200 14.119261689457561
88300 11.865491598155844
88400 13.150912709679604
88500 13.758416568877037
88600 14.21451882629976
88700 14.014534031742276
88800 13.000426137169706
88900 12.94233823124681
89000 13.199342152934365
89100 12.591058463451597
89200 12.266113465062638
89300 11.873966835429313
89400 12.547172191744842
89500 12.817853425331908
89600 14.778807253593568
89700 13.56018433306862
89800 12.367917747389418
89900 13.230724068883655
90000 12.648995942737958
90100 12.054077768979946
90200 14.176729627565713
90300 14.299254914975096
90400 13.175925758508765
90500 13.068994552777097
90600 13.707970697775439
90700 11.891369069472493
90800 12.501056637801662
90900 14.240808790707726
91000 13.066544976286577
91100 13.549667909681311
91200 14.74995159652118
91300 13.912665418609317
91400 13.73024594422586
91500 12.942656804908024
91600 14.464954303455286
91700 14.619942389757584
91800 13.473250179624236
91900 13.414006091864357
92000 11.364568198405303
92100 11.194900423270045
92200 12.36824647476804
92300 13.305351653206735
92400 12.622879695092097
92500 14.186069460761658
92600 14.256345142430902
92700 12.568667194637737
92800 13.266231305804414
92900 13.742918927677785
93000 13.713760471633082
93100 13.944303347973182
93200 14.090087244308835
93300 13.998318625088832
93400 12.549349157636593
93500 12.256637181560228
93600 13.64761183259362
93700 12.350804302624045
93800 13.688014869653445
93900 14.678870097439885
94000 12.92208106232894
94100 14.23662549643074
94200 13.341298682145727
94300 12.568032531296431
94400 14.57447997812083
94500 13.298017195237325
94600 12.692476996545336
94700 12.263358671553675
94800 13.00557114027019
94900 13.268786837140913
95000 13.147621134015507
95100 13.162219319378186
95200 11.901925376857502
95300 13.530965909989783
95400 13.442481729111
95500 14.495717000094665
95600 12.868765862889814
95700 13.797895656270054
95800 13.813731413083799
95900 13.662454472495233
96000 13.776420558618463
96100 14.865126682488187
96200 14.304682970066544
96300 12.702571977727494
96400 13.515455133338266
96500 13.00415494955504
96600 11.780356230599988
96700 12.56536663556766
96800 13.28481822310505
96900 13.199158943732808
97000 12.973036824526783
97100 13.083945962221952
97200 12.500038028901548
97300 13.981149560586626
97400 14.718641991849438
97500 13.342954258126214
97600 13.209461257667025
97700 13.319412636395283
97800 15.165871436268041
97900 12.023504401584008
98000 12.85998109435618
98100 12.96445865274572
98200 12.235105831950843
98300 14.090773475134384
98400 14.175602535568034
98500 13.937974980791868
98600 13.02476397841744
98700 14.350332154338782
98800 12.86639580592715
98900 11.928466969573563
99000 11.88971604272781
99100 11.061850007661826
99200 12.459346874074496
99300 12.674438858478513
99400 13.231110973508102
99500 13.772763697830625
99600 12.010551643025254
99700 12.028712219806538
99800 13.49442750661792
99900 12.720584748646582
100000 11.848381971817151
100100 13.501075030216596
100200 13.998274400978323
100300 12.411392245171225
100400 13.249834466674436
100500 14.285578391491176
100600 13.973418992520497
100700 13.533188035965342
100800 13.455990589414842
100900 15.520939227518323
101000 14.02433529327602
101100 11.915246270542376
101200 12.708528543110708
101300 13.413444144006363
101400 13.480556798571005
101500 13.38426022434146
101600 12.459081823306722
101700 13.962925059098579
101800 12.27400644153886
101900 12.278037403584577
102000 11.75458473019848
102100 11.464013258838298
102200 14.171197421967301
102300 12.622799218529407
102400 13.248909917313597
102500 14.452596890021798
102600 13.16994597519453
102700 13.776555014436907
102800 12.593248761372989
102900 12.494421695086594
103000 13.228017900798212
103100 15.660665336957278
103200 15.020075967960945
103300 13.516087666706072
103400 13.878551692778181
103500 13.633913469971896
103600 14.67315324810449
103700 13.900855074856143
103800 14.032753368134172
103900 13.333301822886781
104000 14.620704250121896
104100 13.81069622939153
104200 13.040842628601084
104300 14.113921918620768
104400 14.28016325212523
104500 12.201633955559846
104600 12.901932861866761
104700 12.946887829101259
104800 12.314752108919098
104900 13.144803481225715
105000 13.035026768640892
105100 11.870821433008208
105200 11.835050170624783
105300 13.327064319389173
105400 13.477862323153882
105500 12.69640941881368
105600 11.821299060533123
105700 13.13086558836572
105800 12.554263565332537
105900 11.920709880986637
106000 12.552935692713787
106100 12.536084991629712
106200 11.971865116129674
106300 12.736297289628189
106400 10.643747361901385
106500 11.73449604801284
106600 12.906950584958125
106700 11.549847942546252
106800 11.909002812790598
106900 12.917776210870136
107000 11.36498133707383
107100 12.587233571263285
107200 13.118603026114682
107300 13.466571108366324
107400 14.356096631664402
107500 14.987784848172359
107600 12.973248958810327
107700 13.013012956025444
107800 13.323172954151843
107900 12.950449966364996
108000 13.611417688591699
108100 13.659132152415456
108200 11.877670687075721
108300 12.138098702516364
108400 12.495166918531407
108500 14.13852421508341
108600 13.5121535907511
108700 13.232234014075024
108800 13.968159160893181
108900 12.783689241912443
109000 12.507940368134527
109100 11.579145475176961
109200 13.939330679687966
109300 11.570607517745323
109400 11.644992171251927
109500 13.274620982744661
109600 12.578475391964139
109700 11.639760488816849
109800 11.897959390731472
109900 13.546390509052895
110000 14.340464743281538
110100 13.734539133556435
110200 12.477014948980697
110300 14.059362921205242
110400 14.287325175973594
110500 12.535158830116883
110600 11.055052944453447
110700 13.378708560454275
110800 11.924218511364744
110900 13.591646092793297
111000 13.875834099717318
111100 14.019222665194079
111200 11.52556077811784
111300 12.57990160200633
111400 13.871786970931147
111500 13.119643269676915
111600 13.392249233750784
111700 12.717706713542196
111800 12.044977691739083
111900 12.564137658413992
112000 12.705644670700181
112100 13.398365084903002
112200 13.875295592278
112300 13.528873494011837
112400 14.635468032679753
112500 11.832377645502865
112600 10.888222919117835
112700 13.151155860881653
112800 13.08042838139943
112900 13.806920349890802
113000 13.93929396502258
113100 12.601759901622705
113200 14.488848160260877
113300 12.998125726113354
113400 12.576598818492936
113500 13.46999627240494
113600 13.20191631303945
113700 12.79841648838063
113800 13.80825656997542
113900 13.36668108247015
114000 14.121050248069775
114100 11.513645342115574
114200 13.200460194890926
114300 12.683636494093836
114400 11.427935351039352
114500 12.515758192090539
114600 13.321808400384695
114700 13.195651724461742
114800 14.636594634066357
114900 13.298882528780968
115000 12.395536860405537
115100 13.364810227180582
115200 12.441049119896991
115300 12.950887882280659
115400 12.788562753983424
115500 14.075857082523951
115600 14.804224617178582
115700 13.661262815681095
115800 12.92815114380578
115900 13.438377965242859
116000 13.578611437757209
116100 11.541729976366662
116200 13.07511083551162
116300 12.493164713107838
116400 10.147864227671372
116500 13.156479009469091
116600 12.188159574081146
116700 11.128914155448385
116800 12.388546203772448
116900 11.784318326105986
117000 13.76879401786045
117100 14.022545995578271
117200 14.333863973671344
117300 11.676527074179448
117400 12.99334463037004
117500 13.241051284699754
117600 14.233526280682451
117700 13.97058632513985
117800 13.305079053828786
117900 14.267248989599901
118000 9.778271628593808
118100 10.99440119200848
118200 13.931701120994273
118300 14.532126656912846
118400 13.479856905991854
118500 12.654565880186654
118600 12.349722190516893
118700 13.12615580408034
118800 11.942364120227328
118900 12.270575276147664
119000 12.173887269072852
119100 12.256591659164128
119200 12.582144012078805
119300 14.064069047633796
119400 12.856595150356128
119500 14.762169987022297
119600 14.117694147872946
119700 14.114579796234626
119800 12.839574232680299
119900 13.18508258774163
120000 12.291604287968998
120100 10.979022062804678
120200 12.901826556380957
120300 12.955550233394055
120400 14.0592476065523
120500 13.851748499110467
120600 14.030013109276137
120700 14.931207867295186
120800 14.317509661783225
120900 13.210442599557835
121000 13.508309527177314
121100 13.953796682056502
121200 12.318208804591306
121300 11.458555577734149
121400 12.500419525379815
121500 14.45695648561556
121600 13.07180640849576
121700 14.704193901777376
121800 12.593760801850344
121900 13.496257813511484
122000 13.99580001147273
122100 13.499090656676401
122200 12.618399619249262
122300 13.131332656118675
122400 14.863986238655409
122500 14.59867243199273
122600 13.003881125211207
122700 12.299040639946567
122800 11.317446450081555
122900 12.72963309577915
123000 12.667793971166724
123100 14.607308198029166
123200 14.718872433151642
123300 13.73972803288452
123400 14.19417744697711
123500 14.126287621436207
123600 12.234304860747926
123700 13.268381242862798
123800 12.875934445921594
123900 13.765078650286215
124000 13.51445817730129
124100 14.133639034142186
124200 13.88137908310463
124300 14.34592615600546
124400 14.672574740249221
124500 13.999085408121832
124600 14.16956017467856
124700 12.715974728074329
124800 12.505936987227297
124900 13.273859662804819
125000 11.619854513340085
125100 12.609657781700957
125200 12.701855787027908
125300 13.409699878140088
125400 14.2744615827719
125500 14.050032010652227
125600 14.226855070183628
125700 13.549075422354123
125800 12.735186189217222
125900 12.09808862701999
126000 11.77505520697429
126100 13.714993401158688
126200 14.24980403509323
126300 14.499633999937133
126400 14.705632255336447
126500 13.826148492260426
126600 13.225155537033016
126700 11.202511259044842
126800 11.96193168617247
126900 11.783696047753567
127000 13.99582257326911
127100 11.295357099410879
127200 11.651243441000558
127300 13.003165938300345
127400 13.660943943194813
127500 14.616340023074061
127600 13.541954362151184
127700 11.443696783695316
127800 13.82627725569848
127900 13.198506712521372
128000 11.801047449893721
128100 13.593327833836634
128200 13.279109885287118
128300 12.43951669040449
128400 10.89884057238988
128500 11.612789538515496
128600 12.398117842702877
128700 11.395090343193743
128800 12.168897125625195
128900 11.180652152979553
129000 12.986116740040307
129100 12.864304224871246
129200 12.348555129823618
129300 11.979877640763007
129400 11.030064457924542
129500 12.34174345328233
129600 12.950738906588589
129700 14.116687362933556
129800 12.356565470113084
129900 12.540276274139812
130000 11.708270680803132
130100 15.0458283912179
130200 13.366204623600668
130300 13.361608232492706
130400 14.269004780296196
130500 13.94754044110927
130600 14.503636342788699
130700 13.871014056133644
130800 13.556820036060433
130900 14.348019971905764
131000 14.375894216363546
131100 14.14027778716103
131200 13.874810227385042
131300 13.081050928284093
131400 12.915753317497833
131500 13.706714937290476
131600 14.351106613447733
131700 14.346719354559779
131800 12.092996181095549
131900 13.612347077892046
132000 12.524923421161139
132100 12.163866952490292
132200 11.339135444432895
132300 11.158939118639609
132400 12.210051500578446
132500 12.99564483360184
132600 12.674479961568885
132700 12.659552214405672
132800 10.975830504988462
132900 12.337045521893533
133000 12.334486726254262
133100 12.970622685585298
133200 12.518251467021095
133300 14.040219079738527
133400 14.447964922183168
133500 14.200633876138339
133600 14.574991647858507
133700 11.685578689349095
133800 12.40464789851571
133900 12.99561978186806
134000 14.470730965030416
134100 13.526885207546622
134200 13.185214980045522
134300 14.08510413373198
134400 13.188184918643278
134500 14.089712321110015
134600 13.609140726065942
134700 11.888458639431526
134800 11.980089927231532
134900 14.40969475499686
135000 13.274765381085638
135100 11.691270168664248
135200 13.97520616984205
135300 14.976366670170885
135400 14.776890990711125
135500 12.178293282761858
135600 12.175729125341235
135700 12.4909506585126
135800 13.125795986774177
135900 14.311692515457086
136000 12.722734057986305
136100 12.714685481715575
136200 12.399164163382721
136300 12.569713689278414
136400 11.901458237201956
136500 13.363976476473427
136600 13.388409401770904
136700 14.685314099153159
136800 12.38178898914231
136900 13.758658189113445
137000 13.452158369636733
137100 13.328876807716833
137200 13.458874090630644
137300 13.728490112188343
137400 13.719738331149257
137500 14.453899346832548
137600 14.526172621685825
137700 12.677079040126978
137800 12.643416449920554
137900 12.197287884691944
138000 12.67528634041866
138100 12.631399036428663
138200 13.322991127840478
138300 13.51217447985259
138400 12.316365806061844
138500 12.479048322964973
138600 12.632292530068142
138700 13.442093014454896
138800 13.721717368280737
138900 13.038409967478264
139000 13.041397588925397
139100 13.636068028790127
139200 12.537738289676042
139300 12.51816743339012
139400 13.34322097935403
139500 13.735095154332239
139600 10.388262771655967
139700 11.738567037404495
139800 14.815442764315238
139900 14.26107086769716
140000 13.62319059176228
140100 13.322031582654406
140200 12.970748456854665
140300 13.683799112039907
140400 12.42159539839434
140500 13.608508590517548
140600 13.50306118939064
140700 13.167958573352971
140800 13.32157995402358
140900 12.512234759272713
141000 12.257020814288492
141100 13.186177179920197
141200 11.420438697982679
141300 13.101438578593873
141400 13.871298364374425
141500 14.16701943216893
141600 14.133876785082313
141700 13.281578164722559
141800 13.152707525897313
141900 12.983563135559864
142000 12.361618369497226
142100 13.175862317230791
142200 11.524634917348576
142300 11.910585357661503
142400 12.598351664638331
142500 14.415298981473345
142600 12.398571578757943
142700 14.41759809772005
142800 13.527065039384306
142900 12.423505214235021
143000 11.590479051898582
143100 11.36215439248728
143200 12.719377080659894
143300 13.887138096074928
143400 12.33693409412237
143500 12.712562709685114
143600 13.839811132366865
143700 12.203450150562006
143800 13.50110920417431
143900 12.945640472054935
144000 14.290479553381756
144100 12.973239984046792
144200 12.56871281275274
144300 13.18495805483888
144400 15.002184300357147
144500 14.67023994557269
144600 13.916156085472718
144700 12.870769125218201
144800 14.382754572938776
144900 12.496757328888053
145000 13.023305359626997
145100 12.110671885554465
145200 13.839406503385273
145300 13.80949661437268
145400 13.382910478633361
145500 13.953281279567504
145600 15.537356510216183
145700 11.632669262855297
145800 13.05082423576815
145900 13.77928194895491
146000 14.40674674455698
146100 12.736733893639883
146200 12.296991239987735
146300 13.812089679179968
146400 14.584117586978431
146500 11.993219813575806
146600 11.795131908373897
146700 13.230130047974582
146800 15.31248469759425
146900 13.59825643488217
147000 13.438750235472847
147100 13.31609495381154
147200 13.439715391091964
147300 13.068086495241149
147400 13.615451559527141
147500 14.056333883019283
147600 13.550972319258882
147700 12.272255896560083
147800 15.400573115086644
147900 13.04723703817811
148000 14.043125723093336
148100 15.001822340710593
148200 15.390137239454807
148300 14.620005372109533
148400 13.799211524073268
148500 13.01287486366142
148600 14.533819787577352
148700 13.003726178523529
148800 14.323270190117857
148900 13.275482811695111
149000 13.558511970437273
149100 13.760875585948444
149200 12.86953634081772
149300 14.312187632679983
149400 12.799848507219941
149500 12.931602728572837
149600 12.633226900956405
149700 12.399167976970519
149800 14.441771487364408
149900 12.923112504441733
150000 13.509948752085316
150100 13.544653181024843
150200 14.935332835153792
150300 14.349445542431797
150400 14.348655805360561
150500 14.735611173198368
150600 11.736099110289944
150700 12.354266520461033
150800 12.98667931092488
150900 11.987610721298678
151000 12.426805099914635
151100 12.742039037713619
151200 13.003958101546933
151300 13.417005608007633
151400 14.386274630509767
151500 12.963531343543607
151600 11.60967100375837
151700 11.748366001195835
151800 10.824364105779129
151900 10.52872751933145
152000 10.625311999356168
152100 12.038445998162992
152200 12.36076963087031
152300 11.153825514109869
152400 13.139485023178361
152500 12.085859765183582
152600 13.794258371178175
152700 12.084806066843461
152800 12.744617101342552
152900 12.776365230791102
153000 12.271570686041832
153100 10.920116713967598
153200 12.810028185205088
153300 15.00577393985314
153400 13.939432659918824
153500 12.899665306256285
153600 13.175729120814603
153700 12.525516611757608
153800 14.094045885102519
153900 15.097407096538406
154000 14.674324769521306
154100 13.967290406049395
154200 13.983788279782496
154300 14.322041769231689
154400 12.521118914202383
154500 12.818430398903013
154600 13.346125893252708
154700 14.278185528473987
154800 12.196841001738925
154900 12.554229385497543
155000 12.551350741988058
155100 14.467298162764166
155200 13.391522523474
155300 13.74893380083546
155400 13.91517053834529
155500 15.17825629162121
155600 12.805325061104025
155700 13.519363867145849
155800 13.116231574695846
155900 14.269583981353797
156000 12.613144093223795
156100 13.78039092239823
156200 14.039251991553467
156300 14.805399691064107
156400 13.776767840041607
156500 13.71305236557616
156600 12.656079615523405
156700 13.41601826970816
156800 14.614348430358305
156900 14.522715473004672
157000 13.754887231332058
157100 13.332327868444052
157200 11.995701250692035
157300 12.830133439845259
157400 14.071293659064057
157500 12.327858632342457
157600 12.429062819035469
157700 13.032884299328066
157800 12.793133110315805
157900 14.599795335528668
158000 14.362311471143412
158100 13.065193870690658
158200 11.450263479853358
158300 13.024766277322527
158400 13.198832124521461
158500 13.992490468879865
158600 13.495167977115686
158700 12.836584012042618
158800 14.669857517369328
158900 14.347659497627754
159000 12.681534754587249
159100 13.018737378884191
159200 13.447591237993715
159300 12.690920810933505
159400 13.403177539626887
159500 11.65015561714788
159600 13.869944163547132
159700 13.892789704619645
159800 13.520991107257338
159900 13.092646163109357
160000 14.489704110513003
160100 12.681005584740774
160200 14.007022140628973
160300 12.122939524933154
160400 10.498842442955766
160500 12.366604429943699
160600 12.16166812028321
160700 12.825216572656291
160800 11.589024327947541
160900 11.343841805428758
161000 14.188317575230675
161100 12.952074659487034
161200 14.095067668170179
161300 13.173691684694763
161400 13.491423045374049
161500 13.806783492928238
161600 13.005708718455782
161700 13.078307743148006
161800 13.956714969283265
161900 13.1003507060015
162000 12.257538641451182
162100 13.489067337695516
162200 14.675495594597109
162300 12.628708571798214
162400 11.918902799186576
162500 12.111463535842846
162600 11.478976094444496
162700 12.601500126057124
162800 11.228285820243439
162900 12.804800882536242
163000 11.857480405404752
163100 12.740734539071662
163200 13.98951830904822
163300 13.460067437116319
163400 14.001447323151936
163500 14.414427585259808
163600 13.957103667673591
163700 14.069340377744773
163800 12.502900856752692
163900 12.204701352814132
164000 14.10050055941933
164100 12.974087008209406
164200 12.669261406063981
164300 11.60922928868984
164400 13.132996418581127
164500 13.76732867749504
164600 13.914378772577974
164700 13.978320865223804
164800 12.081318913133355
164900 12.842589360057644
165000 11.5760125904542
165100 10.045219653742096
165200 14.148667329104914
165300 13.311770204418806
165400 12.152502940948825
165500 12.57301583457753
165600 12.603215129191822
165700 11.978488065568703
165800 12.662093123693147
165900 13.557043977771437
166000 14.140884939526188
166100 13.174853416773223
166200 12.680095542853516
166300 12.415956488204163
166400 14.590184649627727
166500 12.874007908829213
166600 11.655022570191676
166700 13.11967807790026
166800 11.63742635252334
166900 13.761327778738009
167000 14.303536418785827
167100 14.590729564506763
167200 13.599795189772426
167300 12.667950894473387
167400 12.063635000243282
167500 12.876664905265223
167600 11.862865007564723
167700 12.290714322801529
167800 13.352271355161772
167900 13.93674111881234
168000 13.259948886773655
168100 14.261745666043183
168200 12.60263345110551
168300 13.796115534913692
168400 14.951106395899744
168500 12.43176217258585
168600 12.111031959553403
168700 13.550199289068168
168800 11.864688731793036
168900 13.518897117610493
169000 13.003486797634407
169100 12.646345093954341
169200 13.513341795320539
169300 13.3558055761233
169400 13.946538238959851
169500 13.75977052165838
169600 12.450346961187332
169700 14.231718881192595
169800 10.68468710636968
169900 12.080361620506576
170000 10.71054169873107
170100 10.634361100052018
170200 14.894345286075708
170300 12.962596292959176
170400 11.494012004077703
170500 13.272415199898965
170600 14.090085710905825
170700 12.789254715869923
170800 14.786043908429043
170900 11.421971851879691
171000 12.030116137751602
171100 11.683471588313306
171200 11.22179357846124
171300 13.005648745121036
171400 12.782244256364505
171500 12.586363725690472
171600 12.503521186781539
171700 12.160919841944862
171800 13.398789948088202
171900 13.405215118952668
172000 12.941016909624048
172100 12.819743580572673
172200 13.699825993303701
172300 13.344868672564353
172400 13.15191608860984
172500 12.08344729895502
172600 13.920018233329436
172700 13.709422240344622
172800 12.15225788956519
172900 13.827865236980047
173000 13.977500592736495
173100 13.544305151235847
173200 12.724603847797818
173300 11.279955144716066
173400 11.103455115817104
173500 13.32559258768727
173600 14.567917852191535
173700 14.164076374575199
173800 11.312227856427855
173900 12.408449161029237
174000 13.320047266965476
174100 13.275028164357737
174200 13.265203249430579
174300 11.30453866436174
174400 12.449935634500955
174500 12.960369078952029
174600 13.630239965707087
174700 13.728432343657873
174800 12.756451339201561
174900 11.016266800141652
175000 12.901173659809185
175100 11.778274834232477
175200 12.926386259288904
175300 13.74536792791246
175400 14.066651453355025
175500 12.6933363536479
175600 11.723888093559118
175700 12.164332823806818
175800 14.023100264268916
175900 13.674078048697279
176000 14.217030581598484
176100 16.13916550739083
176200 13.051694635461223
176300 13.271003714212418
176400 13.48156233385153
176500 13.637552921590569
176600 13.933265530348876
176700 15.084308955690773
176800 13.744254860122899
176900 13.323111204105079
177000 13.471357386146535
177100 13.351725306165006
177200 12.626816557677316
177300 12.325836101332275
177400 14.426420938885403
177500 13.435618889991785
177600 12.8390911024728
177700 11.081760903870576
177800 12.447434783257359
177900 11.387708063908741
178000 12.24783464105391
178100 12.9650895046197
178200 13.470126848164766
178300 12.843089911191106
178400 12.779073660373724
178500 13.604828634879901
178600 13.423661278628623
178700 13.605965629029017
178800 14.204615443939186
178900 15.054097724187853
179000 13.35639078691395
179100 12.27301203668034
179200 13.799375319192977
179300 13.688016971879078
179400 14.405843202564737
179500 12.740469510474512
179600 13.49914647873565
179700 13.282608765400864
179800 12.34492991465879
179900 11.160225234109603
180000 10.9586165615939
180100 12.157023179180763
180200 10.928628145218026
180300 11.862165330717644
180400 12.069665853568088
180500 12.645993679358403
180600 12.457604578061945
180700 13.212741986701237
180800 14.332994898580463
180900 15.566426923663855
181000 14.300607184019633
181100 13.806201234020975
181200 14.669629178090728
181300 14.004765562243247
181400 14.229726721703607
181500 14.006473743979031
181600 14.301243490056466
181700 14.123133554679862
181800 12.822253147315264
181900 12.497814445957932
182000 10.63901635664772
182100 11.830265453232451
182200 14.412459996190439
182300 14.662088530532483
182400 14.711180340514932
182500 13.595996319148638
182600 13.26066158840723
182700 12.639468072127931
182800 13.258147713197467
182900 12.059425985821177
183000 12.303731122087889
183100 12.872124768587527
183200 12.335400510529633
183300 11.956182619025476
183400 13.021842067877383
183500 11.44720499029433
183600 12.709402933976516
183700 13.794353782364741
183800 14.338328989093478
183900 13.346157852567488
184000 14.222636991188716
184100 13.162951453926846
184200 14.009023415158948
184300 13.063957029049416
184400 13.841449173926735
184500 14.367013685868962
184600 12.818970449020014
184700 13.071533944000512
184800 13.709261524470353
184900 14.455779738264937
185000 12.642404158811452
185100 11.642019443414188
185200 12.896241161914617
185300 15.22736854601926
185400 13.043283554729085
185500 13.461963127374005
185600 13.984662396712418
185700 12.820020608592849
185800 12.031565740746855
185900 12.297960963346268
186000 11.666777306738771
186100 13.390134946912973
186200 14.539752741461944
186300 12.01123777221107
186400 12.03504699292353
186500 12.137898702565463
186600 13.703002763936448
186700 12.36671317691093
186800 13.875946432256518
186900 12.911430114247382
187000 12.852904684962716
187100 12.183488820437736
187200 12.48518635204504
187300 12.398968629612058
187400 12.609902428264126
187500 11.811743315221472
187600 12.249140496857098
187700 14.238618792672083
187800 12.4783269125556
187900 12.152681606109162
188000 13.347847432508274
188100 13.946674138766493
188200 12.695180852262892
188300 12.896487770418231
188400 13.703943385028566
188500 13.623640538212191
188600 12.375777420086713
188700 14.234912334230335
188800 14.00195065627955
188900 13.00473819177525
189000 12.137296661620281
189100 12.841608641098329
189200 13.36205695135145
189300 14.418206054084786
189400 13.958567651191524
189500 14.054924259260533
189600 13.470538385888378
189700 14.458730304630148
189800 13.203596595312296
189900 12.699786277562199
190000 13.366862513452999
190100 13.121843946264127
190200 15.272343883780794
190300 15.167320547182085
190400 14.820524998374466
190500 16.098385811965642
190600 14.799949589397368
190700 14.348857484529999
190800 15.036907098280352
190900 13.125573225268836
191000 13.193972326359502
191100 12.24054342018975
191200 12.49589573606456
191300 13.19321274279802
191400 13.240282583314356
191500 13.038450352022275
191600 13.769254797246226
191700 13.304327516427463
191800 14.739415192706835
191900 13.661752348802219
192000 14.279263315346851
192100 14.285331878933519
192200 12.560451379184897
192300 13.172510067383884
192400 13.491880103045181
192500 12.74647813176556
192600 12.361639739633596
192700 12.521874652844067
192800 13.327593708464603
192900 13.880773615017185
193000 13.901840030273947
193100 12.471853443287346
193200 13.513043990566116
193300 13.311407014877707
193400 13.260511919956695
193500 14.608301297671524
193600 14.506271363394786
193700 13.425983626834013
193800 14.04697429461634
193900 13.86223986186462
194000 13.226758200910217
194100 14.161818166403606
194200 13.816052347389087
194300 14.878443055133683
194400 13.037799521252035
194500 13.101853312422927
194600 14.381213565582733
194700 12.61737230713775
194800 14.600987114150778
194900 14.099409878839863
195000 13.111016776246293
195100 12.53655392664089
195200 13.53886912137104
195300 15.746895098079005
195400 14.16869495179495
195500 14.080439114892991
195600 13.131151928529407
195700 13.916571365111178
195800 15.234933806042937
195900 14.929689082433404
196000 13.853645691586067
196100 14.819057108123792
196200 14.287134584745182
196300 14.115502379129271
196400 15.233838932990771
196500 12.683996870313566
196600 13.150303367377242
196700 13.445826521571163
196800 12.869862425832894
196900 12.520648754572118
197000 14.800785458385796
197100 12.621487855113083
197200 13.094716663174339
197300 13.159971331175829
197400 12.676968048527923
197500 13.034868631705306
197600 10.620340243529665
197700 11.76981293776521
197800 12.255525157360221
197900 13.721808231133963
198000 14.111822013771162
198100 13.177611388494185
198200 12.730789762889076
198300 13.25083064081281
198400 13.661828333550757
198500 13.464920184696263
198600 14.203795149951267
198700 13.818434395404259
198800 12.92968550126455
198900 12.843461510825641
199000 12.668402516105001
199100 12.45061578317815
199200 13.138937786769885
199300 12.33182516106071
199400 13.558248727316123
199500 13.214690859056413
199600 12.200349850042485
199700 13.386859743579423
199800 12.69498916568553
199900 12.331321343140594
200000 12.93845394633695
