# Model = symNN.TensorFlow.(3)-8-9x9-12-(9)
# Num weights = 1080
# Learning rate = 0.001
# Env random seed = 7
# Start time: 29-08-2021(21:39)
100 7.2794374897202845
200 -0.5575106587235151
300 -0.47017391099180866
400 1.5982341234500663
500 -1.9983241636926592
600 -2.306294575575136
700 -0.5333545548833298
800 -1.0912459660222669
900 -0.8626270130460476
1000 3.2582048438488065
1100 6.662795495857246
1200 9.382147483998583
1300 7.550765445298867
1400 9.682232867754085
1500 9.27043744401713
1600 11.221139054988088
1700 10.496506591146353
1800 9.003251441407256
1900 10.575421178642326
2000 12.167052577529631
2100 13.52641233347524
2200 12.23714961908889
2300 12.051054859755578
2400 12.806244486215999
2500 12.770055871230321
2600 13.004541446268098
2700 11.62099481426964
2800 12.816313470739436
2900 11.046173604584311
3000 12.203613853505818
3100 10.465795718795492
3200 9.129302343205463
3300 9.203217785538225
3400 10.745148309907757
3500 10.433142012436894
3600 11.449154212905972
3700 7.9940894903808895
3800 2.2628021613528584
3900 0.31032578506761255
4000 -1.173489871992923
4100 1.4125953390585013
4200 3.6378013823209123
4300 4.664721346578753
4400 1.4787801493229906
4500 2.726556734811037
4600 4.372585428226439
4700 1.2154254473747845
4800 -4.869657590875373
4900 -8.18211681323165
5000 0.9204449009114837
5100 7.846153682869295
5200 6.258176517449692
5300 4.5085124565755335
5400 0.4084841058791281
5500 -3.3841403529640304
5600 -3.3661215390989017
5700 -2.7754493019598323
5800 -3.5501285594147522
5900 -1.9054424849987828
6000 -5.140766952413248
6100 -3.097903470132786
6200 -3.5480287030758877
6300 -4.773240044694313
6400 1.2825800593682466
6500 5.955076037500555
6600 3.24797258520945
6700 1.3010068726360406
6800 -1.2694894685815346
6900 -4.737258942651988
7000 -3.0451149386795464
7100 -4.525944749089244
7200 -2.943642408757262
7300 -2.6681061881098063
7400 -3.25832444740038
7500 -2.464118420652841
7600 -4.654338309615378
7700 -0.48647755918506436
7800 2.4134041310554553
7900 1.2224788872025123
8000 4.726082090814597
8100 10.524696208591065
8200 11.645937872339083
8300 3.896557093989837
8400 -1.6635821613025321
8500 -4.3800274737531115
8600 -3.829158168368317
8700 -3.339564626685649
8800 -1.0673481443791204
8900 -3.1487036685922183
9000 -3.4726462309518586
9100 -2.1353424516711104
9200 -2.5660453846790805
9300 -0.9058975751941611
9400 -3.3922902597776785
9500 -4.096119190140047
9600 -5.311916855871952
9700 -3.8864335634066496
9800 -2.0934081792306283
9900 -1.5635616225335585
10000 -0.5590311466271196
10100 1.2563769915153973
10200 4.547340068845624
10300 5.327957594182162
10400 4.1850127473176375
10500 -0.9063922493729908
10600 -1.487258630709127
10700 -1.6528195597121966
10800 0.08943313093854144
10900 0.018999847218165916
11000 -1.0536593446011233
11100 0.9019391086434567
11200 0.35845793722660363
11300 1.8612093534651284
11400 6.967967979497326
11500 5.646199416029354
11600 7.726697314996139
11700 9.517575328170096
11800 10.71923486473253
11900 9.546377895897832
12000 9.084534691945418
12100 7.245411203563278
12200 9.553364862984619
12300 5.713073803087097
12400 6.395136406035277
12500 8.143957421681804
12600 5.780647369585
12700 8.152304513028374
12800 6.395658842740167
12900 6.692724875418593
13000 9.478178000941739
13100 7.729628093561398
13200 10.167634167645907
13300 7.434862711044212
13400 7.649384473468555
13500 8.579617916488631
13600 9.034524753259895
13700 9.788462824168654
13800 9.550498104929313
13900 10.89875204697023
14000 11.665148378606252
14100 10.167083962082392
14200 9.609546163509194
14300 11.18484963674333
14400 12.53819568370709
14500 11.610372312441916
14600 12.483811058482905
14700 12.03809337806633
14800 12.305890471511272
14900 12.443625931207189
15000 13.666262622523675
15100 11.368001405013402
15200 12.51691301547845
15300 13.258077935023296
15400 12.917796430352293
15500 12.727488585480552
15600 13.981397981005685
15700 13.901254441238372
15800 12.587501418477585
15900 12.60599507500697
16000 11.524273542566677
16100 9.56566296918815
16200 7.897377731318168
16300 6.195205826766667
16400 9.700794622655435
16500 9.66201639439114
16600 9.480489065970234
16700 9.657323357058809
16800 8.891137137505872
16900 9.811385278743815
17000 12.237581078572818
17100 11.044615466048453
17200 11.170090957655798
17300 11.789512237822851
17400 12.119236936227113
17500 12.388362369069231
17600 11.153676117554593
17700 10.797570073983554
17800 10.757763171734862
17900 12.469258393369596
18000 12.97843584328275
18100 13.720435956059042
18200 13.731603726725844
18300 12.32834821126641
18400 10.793215579579114
18500 7.392107587239618
18600 5.062180912277019
18700 4.345156497614027
18800 5.190664151972727
18900 7.423378493148146
19000 5.621660307550531
19100 9.093531523211215
19200 11.444356755196111
19300 11.66125190301167
19400 14.160780135129858
19500 13.156150556070001
19600 14.582749578145728
19700 13.602731848644611
19800 14.469544588763487
19900 15.495233957844336
20000 0.8818889308919753
20100 4.020355100731807
20200 4.8676339459346805
20300 7.25829706090028
20400 8.322621412328918
20500 8.167005743102923
20600 12.725083384453349
20700 11.890189005792807
20800 13.504504053216321
20900 12.42156191523007
21000 12.309404355549907
21100 10.323360705483715
21200 12.416616750440935
21300 12.430553357944277
21400 11.811843565979888
21500 12.703548257791473
21600 10.792590403656174
21700 11.348332925386169
21800 9.883309091879394
21900 12.04119520172357
22000 13.220134649075149
22100 12.840947638211434
22200 14.101273249157561
22300 12.765168302812814
22400 13.64524740204469
22500 13.931044519751405
22600 11.691840684671416
22700 12.223142565238888
22800 11.206844572928013
22900 11.647973369368236
23000 9.423325739979775
23100 11.840156191141563
23200 11.599458254080087
23300 13.552269577719438
23400 10.83520526515057
23500 11.181549517213849
23600 9.549068281310623
23700 8.563607098273515
23800 9.021089546337187
23900 6.486127828638073
24000 6.371962741920843
24100 7.181347088413271
24200 7.736489491024809
24300 5.909990528721845
24400 8.619421663271263
24500 7.69107770431137
24600 8.078276091152732
24700 7.098736263783696
24800 8.389066718519908
24900 7.1788801148120704
25000 6.958720184562589
25100 8.08581292053523
25200 8.12293577503329
25300 8.89327415672843
25400 10.945709434404634
25500 8.134263781770914
25600 6.574372917935735
25700 10.500831035114329
25800 8.622943677811959
25900 10.358127993149738
26000 10.51408825529187
26100 6.627815660948201
26200 8.896422139690111
26300 12.092132249037414
26400 10.71305906589724
26500 10.124844189218852
26600 12.561510889135333
26700 12.392252999109298
26800 11.158985632009845
26900 10.576419486175794
27000 10.57913242924435
27100 9.480177092473463
27200 10.299353473680258
27300 8.99855735868991
27400 9.724434616577131
27500 11.362948614561837
27600 12.173100311186614
27700 12.338727787914973
27800 12.756802679813314
27900 10.183841909384311
28000 11.357767684185799
28100 11.198336870411962
28200 13.154510032474562
28300 11.659584479677436
28400 11.74533810544214
28500 11.87201224630904
28600 11.22176406523451
28700 11.10619723757556
28800 10.747779078946774
28900 11.594612534404492
29000 11.891244248643769
29100 11.53920679548764
29200 11.727012639504164
29300 11.570996525832172
29400 10.711757477633446
29500 12.16501874431251
29600 10.262094823374476
29700 11.129845306728738
29800 9.970755816812494
29900 11.410536672202783
30000 10.395214120984992
30100 10.53136575338403
30200 8.59214964891793
30300 11.62489697339817
30400 12.836651526430932
30500 12.697946683058658
30600 11.6584172888777
30700 12.309050893066523
30800 11.935948556273814
30900 10.896332428180003
31000 9.403264714328197
31100 9.912616293334594
31200 11.036568112951757
31300 12.036069245139057
31400 10.599706047333493
31500 11.509762214542159
31600 12.881650789452795
31700 11.57235547020123
31800 11.8918925399566
31900 12.675997364978665
32000 11.278334834509431
32100 14.273924340359612
32200 15.334099077028398
32300 14.8436173173152
32400 12.561164367799824
32500 13.365228439791876
32600 11.367854572146005
32700 13.032560505966433
32800 14.515328176588614
32900 13.7670515686209
33000 12.284793038167292
33100 14.024558376656268
33200 14.566260697595787
33300 14.71786249560516
33400 13.510596257412784
33500 13.206614095743639
33600 13.024909653436245
33700 14.775317259614994
33800 13.500887761631581
33900 14.300963356811978
34000 13.91417577709843
34100 13.6638692514811
34200 13.251820387203646
34300 12.489428659106704
34400 9.923321183232446
34500 6.697203588971438
34600 1.2008649290369073
34700 0.5486308959011601
34800 -1.276459501066381
34900 -0.5977766468375005
35000 1.0517496592413265
35100 3.090596609044303
35200 3.56195283131449
35300 4.2768604512827055
35400 2.9876455512286655
35500 5.923016913941754
35600 10.241047018807153
35700 11.49140868926302
35800 12.15537603797164
35900 13.372656008983311
36000 13.369354037168543
36100 12.518526352658622
36200 12.94713663385508
36300 9.66065073501067
36400 3.649578509445476
36500 1.2647249292880565
36600 4.026606189958962
36700 0.08078020012088011
36800 -0.5990394433759563
36900 -0.8265551197873278
37000 -6.513666950317566
37100 -4.516333579934842
37200 -4.441720286514009
37300 -3.4581946797519825
37400 -3.6901359378076166
37500 -4.363528745671521
37600 -4.163556405198244
37700 -4.193732804912297
37800 -4.893621840891178
37900 -3.342480117046514
38000 -1.5511333323635978
38100 3.7360976140500135
38200 -3.2281066760567105
38300 -4.585701107065182
38400 0.24836659163562957
38500 -5.91669347362914
38600 -7.508999955019466
38700 -3.4884135698258385
38800 -5.054797462438813
38900 -5.194393663481201
39000 -5.305971887282493
39100 -5.143668436367588
39200 -3.754831940901416
39300 -0.9035624469106198
39400 -5.588781511182154
39500 -4.833537836006393
39600 -5.893110004877513
39700 -5.445072312723105
39800 2.076111141771084
39900 -0.8369404095317983
40000 -1.8794455488281
40100 -1.3093773991097957
40200 -1.576859495719352
40300 -2.8408737674309523
40400 0.8625889055298648
40500 1.5145995224514481
40600 0.8312160336024419
40700 -0.8505908940645857
40800 -3.694641522664724
40900 -4.752588606097633
41000 -2.579769654728535
41100 -3.0806551239701077
41200 0.6460554955896112
41300 -0.4035502573885854
41400 1.4884230616705896
41500 5.446461773991299
41600 4.57912457155214
41700 2.583775853234799
41800 0.9931047704462006
41900 -1.9334397165727222
42000 0.4670648989162912
42100 2.16325773097893
42200 1.697068122497774
42300 1.3256675702545617
42400 2.1415598465407317
42500 3.6598622917184613
42600 5.679797328865812
42700 3.0464251487756626
42800 4.344720632140251
42900 7.7277622999192355
43000 4.151328265830855
43100 3.4113412227414437
43200 1.0028360203565874
43300 -2.7983597862052427
43400 -4.6563648572042275
43500 -3.5575478738262487
43600 -3.8815550111775314
43700 -3.095522104631469
43800 -3.221174004588803
43900 -4.448952037016971
44000 -4.359624790778536
44100 -2.815068934401576
44200 -3.7101706032412913
44300 2.136014409622424
44400 3.9186366492833793
44500 11.310687138756748
44600 0.6907090640468354
44700 -3.7543528548395564
44800 -2.3470067733677658
44900 -2.576296091240072
45000 -1.581713860692288
45100 -1.5632042842197336
45200 0.9958093611393213
45300 2.542499652964494
45400 5.515250737033052
45500 3.4453946964296316
45600 6.558217081233096
45700 4.792677518093065
45800 0.6826004143562983
45900 -0.8233467404958901
46000 -0.5986525586199816
46100 -0.48571199927182407
46200 -1.8443342715464768
46300 -2.596265077220442
46400 -0.7020073179966582
46500 -2.127021022950083
46600 -3.36696980936709
46700 -3.243829584918255
46800 -4.238146661055068
46900 -5.669855540277646
47000 -5.544658723145378
47100 -4.897376130264398
47200 -4.498399888875124
47300 -2.588524654393076
47400 -1.3705191753566486
47500 -1.2389961906082154
47600 -1.8445461965732908
47700 -2.4911508271359946
47800 -3.250886902343307
47900 -1.4851242003613403
48000 -2.906848597176391
48100 -4.565056211203475
48200 -1.0592359649630954
48300 -2.824081761686
48400 -4.910389272183
48500 -0.918892223929977
48600 6.435176126639342
48700 8.73507851302355
48800 10.123023682530992
48900 9.092868481313563
49000 8.681787066567182
49100 10.62715007508032
49200 9.0299769428618
49300 7.206168596654759
49400 4.099078136792112
49500 7.613948155326463
49600 9.356748128973164
49700 7.74000614525561
49800 9.091333781561131
49900 7.817721841876881
50000 7.431868839202043
50100 7.3311221757121645
50200 8.09003192309638
50300 8.500398916150518
50400 8.185780716329454
50500 9.53397825576447
50600 10.773900949708832
50700 9.937269667332789
50800 5.50676908916381
50900 2.164310917975823
51000 -0.951962634169673
51100 -2.198360350551884
51200 -0.7054882710961101
51300 -4.119903235708878
51400 -4.931405489261223
51500 -4.9757541738869095
51600 -1.248092767426237
51700 1.321006484732983
51800 2.274611812823728
51900 1.1127572134111365
52000 -1.5854423593301572
52100 -3.1324647132400067
52200 -7.6476210635719335
52300 -2.544093205776069
52400 -2.5561455001815765
52500 -4.450157785639565
52600 -4.222851070638704
52700 -6.456548102312832
52800 -3.7162345304749387
52900 -2.776246008822854
53000 -3.075244227149073
53100 -1.8379406517234227
53200 -1.747259438778056
53300 -3.081428202829227
53400 -1.71684183070871
53500 -6.036877741528609
53600 -6.873547819008513
53700 -6.498468192667901
53800 4.652842251122288
53900 5.14394441868856
54000 0.18583583415636817
54100 -1.280379185629594
54200 -1.083534888147957
54300 -1.5160729541335236
54400 0.5278676212567851
54500 3.26117019707377
54600 0.531570203013405
54700 -1.6098194846125404
54800 -2.5235701824457237
54900 2.222194071700724
55000 1.3924268466554173
55100 0.2753230830934278
55200 1.745911666546082
55300 4.034956679079305
55400 6.1041309727454305
55500 4.4652348594221465
55600 -0.6182865417944712
55700 -2.7572814301365827
55800 -4.107194855369149
55900 -7.794678904602243
56000 -5.84098187163554
56100 -5.192646036907435
56200 -3.061249003027984
56300 -2.3374159579470257
56400 -2.771289004470692
56500 -2.2868883950643255
56600 -5.564244082001317
56700 -6.12483047628541
56800 -5.137220499152187
56900 -3.677845898187126
57000 -3.2639872762794706
57100 -4.412352168315207
57200 -7.666473282797647
57300 -6.848570616042936
57400 -8.44742149938893
57500 -2.6306515509614146
57600 1.0219465600660824
57700 2.230896811768261
57800 4.812720644865814
57900 1.191260845725297
58000 1.0437454290822434
58100 -0.8625560183444676
58200 0.8277070112043845
58300 2.4914930587892576
58400 0.561280303374962
58500 -4.064836295894514
58600 -2.6924893870363626
58700 -1.1512688659620904
58800 -1.3355307185616099
58900 -3.5557169693305326
59000 -5.418983639722575
59100 -4.387614429120523
59200 -4.673496339323892
59300 -3.9952643605565017
59400 -4.791663008201423
59500 -6.559024357086486
59600 -6.071881489545139
59700 -4.174349016759344
59800 -5.717581685618789
59900 -3.0633943914474555
60000 -4.9522291358238535
60100 -4.814389240129278
60200 -5.556698672621185
60300 -5.364672214451646
60400 -5.925979387773888
60500 -5.839827665421802
60600 -5.895237006199734
60700 -3.915162029242007
60800 -4.47428550348818
60900 -4.5042250369733345
61000 -6.5159945777347215
61100 -4.706793922129774
61200 -6.895825011530272
61300 -5.259573449550897
61400 -2.265699538586967
61500 4.310557013150068
61600 7.157592980957918
61700 10.5952728683368
61800 11.560540530982756
61900 4.537110411114229
62000 1.8316679213196376
62100 4.681059721762229
62200 3.676997463804849
62300 1.3470878694955526
62400 1.6291627026870696
62500 2.2774389599543503
62600 3.7671178675227517
62700 0.8076255767161824
62800 -1.4776916922565986
62900 -0.33656261610535276
63000 -2.925107904453901
63100 -0.18939905420396508
63200 -0.9033978999280974
63300 0.07226154484449601
63400 3.8798759667417855
63500 7.06848178331397
63600 7.183004808656237
63700 -0.09571848214667161
63800 -2.9640397474533886
63900 -5.577862006262676
64000 -6.719057831495668
64100 -7.31015527932345
64200 -5.35415723864108
64300 -4.7069793400556525
64400 -2.2539274077970664
64500 -1.58697145762677
64600 -2.3651080669706293
64700 -2.5077123051743664
64800 -2.487357842586389
64900 -2.28258093232368
65000 -1.066405179502382
65100 -0.5600544919417857
65200 -1.5401407377121814
65300 0.27501224683838726
65400 0.4340227875654304
65500 0.07014673975586116
65600 0.03072643225053892
65700 -1.2855648831947875
65800 -1.7385438178206076
65900 -0.8840198954114697
66000 -0.12454875964142992
66100 0.45706274930728436
66200 -0.4638383129577785
66300 -0.07196147424434177
66400 -0.9637801227528038
66500 -2.096008010869486
66600 -0.5780379738389811
66700 1.146313751958598
66800 2.9567574099355562
66900 2.4675515708973417
67000 3.386750826841283
67100 5.022057738361182
67200 3.785142380784157
67300 3.476106352024864
67400 2.920627375892235
67500 4.624123629127989
67600 3.9552646384413848
67700 2.6285360687798542
67800 2.8341146767720096
67900 1.193223379793783
68000 -0.5448046233520947
68100 -2.399580541863995
68200 -3.6976768516211203
68300 -2.332034202204934
68400 -0.6832600205762178
68500 -1.1574170152040557
68600 -0.9671044461683429
68700 -0.39639980118210044
68800 2.8984418541373436
68900 3.7332322343864264
69000 6.4726693714579655
69100 7.402525913191306
69200 10.278528721512869
69300 2.6243312222550115
69400 -4.611732184189251
69500 -4.296091325200037
69600 -5.106186052852496
69700 -1.261866884209502
69800 4.7197392106305855
69900 5.765589441883878
70000 5.87448646599073
70100 8.90476543542871
70200 10.014099582846715
70300 10.459558607605935
70400 12.556645886645475
70500 10.24037447446296
70600 10.602034037537505
70700 12.72563783961389
70800 11.218673092440815
70900 11.73176132691526
71000 12.014245865769553
71100 12.797440796582478
71200 13.66477616604671
71300 12.485895262475424
71400 10.495207981197929
71500 2.539098259560867
71600 -1.1994245027579253
71700 -1.6976446049630856
71800 -0.15077015827653412
71900 -2.4147510285831957
72000 -1.9488050625325124
72100 3.4322249312255115
72200 2.797659551520566
72300 0.7592917327158224
72400 -2.3860542870245
72500 -1.5467533826422541
72600 -1.0361004863790209
72700 0.9054897459082423
72800 6.540509067492523
72900 9.286127638554847
73000 10.12129396052715
73100 11.502746817807523
73200 11.26047499492865
73300 10.583744846698773
73400 11.137292705257206
73500 9.546379107834875
73600 9.032812155787907
73700 9.423962654852726
73800 10.164315455821416
73900 9.04263152029159
74000 8.742844963617136
74100 11.156696549416216
74200 10.52927340602521
74300 12.774283951027225
74400 12.742894919661136
74500 11.501476630127806
74600 9.117970928650253
74700 11.96947155422208
74800 10.920484347418194
74900 10.616606033205834
75000 11.465042148829019
75100 12.211842505264741
75200 11.302011966104786
75300 10.371404872803918
75400 9.673748442159571
75500 11.161791879788922
75600 11.719907883782216
75700 10.097365465386613
75800 11.946778721259141
75900 9.566267851149915
76000 6.587143515143313
76100 7.110156775472489
76200 9.30853344426904
76300 11.14129162498854
76400 12.88704036558857
76500 12.077566861924252
76600 12.619305341736663
76700 12.246181877893457
76800 10.259013924684567
76900 10.654335836140211
77000 10.929773579456663
77100 3.18811160823648
77200 -1.0293922008820773
77300 0.8245346083230138
77400 4.075363255937162
77500 -2.78683222133037
77600 -4.828750092983751
77700 -4.1390148789045496
77800 -3.126326223958884
77900 -2.627467222249655
78000 -4.958043282383887
78100 -3.691666600641628
78200 3.703893579211375
78300 3.420472969971225
78400 1.2198426560375684
78500 -0.6955473262700733
78600 0.5495379906782305
78700 0.3532628773002558
78800 0.531806404084932
78900 -3.777309386593695
79000 -2.544549583017912
79100 -0.671340098160452
79200 -2.6830221039672724
79300 -0.9929400742485894
79400 -1.0192985336783746
79500 -2.3665079082105387
79600 -1.3186860800790938
79700 -0.26354504551834496
79800 -1.4495871058152163
79900 -2.610617857066869
80000 -0.6584549338505585
80100 -2.1919760805029824
80200 -0.4138885237955558
80300 -2.509476496900432
80400 -2.187621088390717
80500 -1.2397646353020333
80600 -1.2268423110352373
80700 0.36339148080883077
80800 2.7804272483358177
80900 1.6271416616820784
81000 1.109530230363835
81100 -0.7830703011729041
81200 0.06279017461816735
81300 -2.7324470022152982
81400 -2.1095584110428884
81500 -1.327326381325447
81600 -2.3095420797864756
81700 -1.7474923044690918
81800 -0.5672344281406823
81900 1.1357283273641772
82000 1.967748954447207
82100 1.9457135151761535
82200 -2.11962067533142
82300 -2.980063390756534
82400 -1.5606066633087017
82500 -2.987090230406611
82600 -0.17718501483153243
82700 1.3453752975187412
82800 -3.410414667596974
82900 -3.938743150074422
83000 -4.07445556877075
83100 -3.5706592800453345
83200 -5.5731670111331395
83300 -5.36071647491608
83400 -1.756271725867262
83500 -0.9797294304019002
83600 2.4258523189236465
83700 5.007639290748598
83800 3.1139715342458696
83900 2.821468813650241
84000 -0.6969041432282617
84100 -0.328929848977993
84200 -0.9630250218465011
84300 -1.925731042236685
84400 0.4255661522286811
84500 -1.0368330524081344
84600 -2.179076115122983
84700 0.2432788962942391
84800 6.2471105060522145
84900 11.90797097049856
85000 11.245055335248669
85100 10.96220874355787
85200 10.711219276581412
85300 12.240561261776818
85400 10.338025167746592
85500 11.965755827175295
85600 12.08192674995022
85700 11.324978157998334
85800 10.48236888077074
85900 11.162895110759912
86000 12.878499340623376
86100 13.64210797971632
86200 13.397662839492439
86300 15.09504581592923
86400 7.010866915256429
86500 1.4818035545709685
86600 0.7468128505994289
86700 1.1075155136043773
86800 4.611906224166484
86900 6.888343919858216
87000 8.098298603310326
87100 10.131219761196768
87200 8.227924214242844
87300 9.78158912398783
87400 10.788761229285724
87500 9.001594533875837
87600 7.395405478913343
87700 9.099216891179601
87800 11.366596363730796
87900 10.415635196011866
88000 10.807327254978334
88100 10.558209556968123
88200 8.18260256764873
88300 2.339258520931234
88400 1.7399170678101223
88500 -3.881535110617034
88600 -4.045225648060497
88700 -5.228123728462671
88800 -3.9404516415854087
88900 -1.0581682237249446
89000 -2.4829134949914105
89100 -2.9699984389136613
89200 -1.4594760492157433
89300 -2.193933468490352
89400 -1.2458620286279716
89500 -1.110820074119611
89600 -3.546421340291263
89700 -3.8481387210284455
89800 -2.901940659476016
89900 -3.2430509740807865
90000 -4.67779640315857
90100 -3.4405857991816537
90200 0.06859036587648837
90300 2.611344710584277
90400 7.248598303633097
90500 10.613008831549108
90600 11.417718723856092
90700 11.025902892137688
90800 13.628161988975863
90900 10.081386490817378
91000 5.821859154301371
91100 2.951745618644496
91200 0.3586331388494907
91300 -0.8112781104512901
91400 0.6161509948222199
91500 0.08874738171166353
91600 0.4742818873810349
91700 -3.1008871987949482
91800 0.2549310883797671
91900 0.028681522670499768
92000 2.3736643247551577
92100 2.8278158164750864
92200 -1.1216383693978698
92300 0.7843337972760531
92400 -1.5223552600786239
92500 -0.055042428275654365
92600 0.16290862464350359
92700 -0.9075853423412628
92800 0.8316904964661358
92900 -0.09252912035929124
93000 -0.5752732907526878
93100 -2.2957531756790934
93200 0.660079710759774
93300 2.21738406525733
93400 1.40918984138662
93500 -2.765844270054314
93600 -4.106975748178697
93700 -5.960805971858004
93800 -6.134103588421477
93900 -4.41900199889517
94000 -6.3503084569786274
94100 -4.817673601660884
94200 -4.137963277317474
94300 2.051348865765865
94400 3.5788146907541107
94500 8.918421692800711
94600 11.683980166811345
94700 10.43809242694492
94800 10.980659103738137
94900 13.064304472385585
95000 14.553730455190015
95100 15.418600657350133
95200 13.923252858736694
95300 13.131329819539458
95400 13.743276247798379
95500 14.495018539972973
95600 14.473029546027384
95700 13.875882566100408
95800 12.419488070133637
95900 11.365201553941006
96000 2.4146479842506494
96100 -1.707121148491474
96200 -2.272788899645288
96300 -0.41642443965498205
96400 -0.2765987676061111
96500 -3.060172852511839
96600 -4.60053131888264
96700 -0.7121824979146736
96800 -0.2986578280376544
96900 -0.01438704009647404
97000 0.3029699955579701
97100 3.007599442897774
97200 4.9105196600294265
97300 6.182285776760974
97400 9.467926301437808
97500 11.999861602082456
97600 3.5279871567236816
97700 3.815537028912475
97800 6.470207795668194
97900 7.569579206759324
98000 3.187169899704112
98100 -2.298290378055545
98200 -1.1000734670504986
98300 -0.2087360447231403
98400 -0.9018897507611556
98500 2.1311233278079613
98600 3.272317623047845
98700 6.164092619645962
98800 2.103693694467136
98900 -0.8564680862283323
99000 -1.2732561570735812
99100 -4.136154107445038
99200 -2.976775850210143
99300 -0.6434763923733349
99400 1.3166161362808035
99500 -0.5724511225094001
99600 -1.5819680536337617
99700 -1.3039231312844923
99800 -5.784756527396461
99900 -4.147750375642181
100000 -4.02670271154018
100100 -2.7255241171477502
100200 -3.122608498005783
100300 -2.7379609893756696
100400 -1.8662882732395365
100500 -2.5126799813807255
100600 -0.21205642513297412
100700 0.04212287605196249
100800 -3.2092231595855956
100900 -2.168845815335898
101000 0.12822768936174805
101100 0.32022104886603686
101200 -0.44737485898321416
101300 2.4069339242524013
101400 6.755130487411727
101500 7.50450815975826
101600 3.217378953465262
101700 0.6376902059216261
101800 4.074437717478048
101900 7.910125093604804
102000 4.908394390838899
102100 4.02199402414126
102200 5.109284746934823
102300 6.509025331648705
102400 4.2142613481101
102500 3.4597855630914625
102600 5.113302873492978
102700 2.953508144621948
102800 1.2497314796821208
102900 -0.6831052700689795
103000 1.0643503229412086
103100 0.5306748578974712
103200 1.2402380853838386
103300 1.18367712116702
103400 5.435192695070656
103500 4.859943009240782
103600 5.583505308237139
103700 5.446086600767363
103800 5.220033775652089
103900 6.17371655931842
104000 4.708826844544451
104100 6.621667715029702
104200 2.804681797713647
104300 -0.4961151433902977
104400 -5.406829430824848
104500 -4.326387059832335
104600 -4.675056636947759
104700 -5.5375548469877565
104800 -6.962726925774213
104900 -6.048062883740895
105000 -3.677968756777209
105100 -0.48533206432551185
105200 -1.4837126896570476
105300 -1.2240094866148257
105400 0.7523384053455848
105500 -3.5661271597690893
105600 -3.9628265069068234
105700 -0.6746556450116161
105800 -0.25753056034537125
105900 0.20359395037612088
106000 4.541333867346726
106100 5.865695831458126
106200 5.349915010655867
106300 3.1504610500079155
106400 -1.6376583942261909
106500 -1.232768367896372
106600 -1.5878211252814083
106700 -0.39237553564587563
106800 1.90867627377985
106900 1.1227778451137371
107000 -0.3796716896178561
107100 -0.2954873373534472
107200 1.4122503600821814
107300 -0.3574950498321772
107400 0.07565521190450447
107500 1.5062791584398092
107600 -0.812745148650756
107700 -0.13714701226216552
107800 -0.0748236338098063
107900 -0.5681725341556554
108000 -1.0456385292511414
108100 -0.8215119627771876
108200 -0.9594751150747345
108300 -1.2069073932438925
108400 -1.697539991601819
108500 -0.9331543617249622
108600 -0.4368655525624104
108700 0.09378039483805489
108800 0.1075276525715382
108900 -0.002335513455393873
109000 0.7779646718911768
109100 4.976587694266957
109200 1.6646961069818234
109300 -0.8416978140465141
109400 -2.71159217231511
109500 -0.4238050013888293
109600 4.1467973092869
109700 7.1942227762499416
109800 7.231665252804241
109900 6.265353094880808
110000 5.1133183939049305
110100 8.207811822613131
110200 6.3369062481705205
110300 3.1237103381804885
110400 8.601664179743546
110500 5.317560390984685
110600 5.106091913887532
110700 4.817113209138636
110800 -0.5703635297909875
110900 -2.944083679824987
111000 -5.672223184480824
111100 -1.1977234568296415
111200 -1.129097906461434
111300 -4.650258831167871
111400 -3.4360291741883846
111500 -1.582993031343796
111600 -0.6776529393167394
111700 -1.6144416978177047
111800 -5.3539834646982225
111900 -2.3749723041219677
112000 0.41250625421950776
112100 -4.574463796041418
112200 -3.915499783099243
112300 -6.708894508585237
112400 -6.192235529771871
112500 -5.371841125365983
112600 -6.7757691385891725
112700 -8.094469560726703
112800 -8.800225504872174
112900 -8.068145075316874
113000 -6.796007551816543
113100 -5.538938438002277
113200 -4.146172765770191
113300 -5.898680150643698
113400 -6.690298593888552
113500 -5.285290581988945
113600 -4.318380633040299
113700 5.365721463888883
113800 8.852325262588964
113900 10.139799658666627
114000 9.428612635797514
114100 10.804379800325819
114200 11.472967069707433
114300 9.70892067982376
114400 10.10986213452223
114500 10.912024612821115
114600 11.314501754933675
114700 9.86247594040396
114800 11.88997530797958
114900 10.144776278915769
115000 9.633600116551259
115100 10.489202268466155
115200 11.028452443267977
115300 12.059676604381922
115400 10.211944721868164
115500 5.379166151017839
115600 3.1031531953490545
115700 1.5336749713669326
115800 2.7467494187027284
115900 0.6932823152843892
116000 0.12824152651659226
116100 -1.8266564053681653
116200 -0.996570781797274
116300 1.4251717551456105
116400 0.17737130212444588
116500 0.8450589145082708
116600 2.2262252480087574
116700 -0.8265353630602406
116800 -5.313653433066264
116900 -5.098408949406494
117000 -5.353749329221515
117100 -2.7847029527381095
117200 -4.208824521943577
117300 -3.097938176817598
117400 -4.4288807775459915
117500 -4.986390800761892
117600 -3.2539329629120255
117700 -3.703700391892035
117800 -5.142349983292799
117900 -7.0788055308461715
118000 -0.402650146775328
118100 5.201212305503374
118200 9.996614510084564
118300 3.4143736912884237
118400 0.0835849308591959
118500 0.5722728247236699
118600 -0.8585286474875569
118700 -4.443336975932606
118800 -5.011028562973688
118900 -2.520406402731244
119000 -3.225306226272475
119100 -5.422101441213787
119200 -3.0131993381267566
119300 -3.572625118571965
119400 -3.0127094122980718
119500 -2.2943999053111237
119600 -1.6767372487961354
119700 3.4527274107777353
119800 6.922711434881675
119900 9.50770624404305
120000 11.353245677472264
120100 10.84136589020696
120200 8.14295833679793
120300 2.433892511587102
120400 -0.9426528947688841
120500 -2.4441616499772008
120600 -0.17473174120048734
120700 0.008299558591344458
120800 -2.7857939962183362
120900 -1.4213573471053265
121000 -1.3047569568258226
121100 -3.003920580900299
121200 0.42730263739004015
121300 6.913163172992072
121400 8.699838832287217
121500 9.211212687249706
121600 5.986750335953172
121700 3.1687228016171716
121800 -0.43856766231298383
121900 -3.4880298249625143
122000 -2.922454855607717
122100 -0.6799140043144425
122200 -0.6031277465015111
122300 0.11277313906466319
122400 -1.0803452595754925
122500 1.6448421813824003
122600 1.4038108774485947
122700 1.4049373394297382
122800 2.98366775579822
122900 -2.0964443309544567
123000 -0.1459757889227195
123100 1.3556538653303445
123200 1.1425361305805026
123300 0.05021368283990674
123400 -0.7666212156495846
123500 -3.4737819150379363
123600 -0.32843678493537964
123700 2.0124085493874726
123800 -0.9207568238868857
123900 -2.5319350197350383
124000 -1.2407839465351265
124100 1.2944101220468238
124200 -1.5050640086589944
124300 4.285487253373341
124400 3.7166594123827426
124500 1.707817472756103
124600 1.4581728348354088
124700 3.7411254972613204
124800 7.201430099840538
124900 9.044728526002585
125000 13.675736771933883
125100 14.740650225228594
125200 13.581808416214722
125300 12.614616372691128
125400 12.587256568085483
125500 8.569158761476373
125600 8.460681114943199
125700 5.954918135784489
125800 8.678420489788008
125900 6.444026034896021
126000 5.22359212671734
126100 5.3558609218065
126200 4.702631057359483
126300 5.787434373017897
126400 7.747469175223808
126500 7.047219498060272
126600 8.181182147981842
126700 9.170339921941748
126800 5.657984749642417
126900 0.3951467970770223
127000 -1.8599522064086806
127100 -0.764352099731775
127200 -0.6525638593827636
127300 -1.1680257987396714
127400 0.5725580780168559
127500 -1.0653425653391986
127600 -3.697461386756419
127700 -4.195199792609952
127800 -4.018939873981729
127900 -3.7691209776459673
128000 0.90439964728606
128100 -0.08862912131256417
128200 0.3328511372181205
128300 0.020529284352738847
128400 -2.0515044297187788
128500 0.6483355852815917
128600 -2.2911514853792023
128700 -2.323861474558112
128800 1.423719001246131
128900 3.397002887846152
129000 4.1570567086188825
129100 8.998561500703481
129200 11.99396657921156
129300 11.776155090091853
129400 7.184826235861091
129500 7.601526629037426
129600 9.46685822455968
129700 10.128488842360758
129800 10.693840334881983
129900 13.005578708116145
130000 14.02418453761488
130100 10.92448029496043
130200 10.266242285890439
130300 2.4017628653947765
130400 1.452197033157524
130500 -1.3838184564641507
130600 5.53612287479228
130700 3.4335441144722734
130800 2.7255768923778714
130900 3.566929892089233
131000 1.2262227301303807
131100 2.4016606919988757
131200 3.8761605999141127
131300 1.5670851376619697
131400 3.6771729761356027
131500 5.947169243544831
131600 6.916343518417926
131700 7.898090691434738
131800 9.524072721300666
131900 7.9621495648078024
132000 9.050039496455126
132100 5.8619478478839095
132200 6.593779730320845
132300 0.665848170495545
132400 -5.932044740152731
132500 -5.298285828332479
132600 -5.461317283257942
132700 -3.9963522954064246
132800 -6.983744496515265
132900 -4.339078896215491
133000 -3.7348514412238254
133100 -5.3814898162815465
133200 -4.4097974100087685
133300 -1.9512771644606783
133400 0.9884293432681688
133500 0.12671758953963075
133600 -2.8378752437329284
133700 -1.9795126701755341
133800 -2.862913836020292
133900 -3.1389369642475784
134000 -4.434036723460047
134100 -5.4294782327025235
134200 -4.039083567800172
134300 -5.159946089392275
134400 -3.3187903875035882
134500 -1.8646080549254442
134600 -1.6621795242830455
134700 -0.694134011279812
134800 -0.4883064027712735
134900 -0.8542486482072749
135000 1.1905050940509097
135100 -0.8099178177542392
135200 1.4009336233159828
135300 -0.7045301574130849
135400 -0.8542957190117735
135500 -0.8873463275593034
135600 -2.492487435475818
135700 -4.016231395801626
135800 -4.091696684011155
135900 -4.746825361484769
136000 -0.794538292487426
136100 0.19273379247003602
136200 -1.2690256526905912
136300 0.40499483453231483
136400 7.682474550061174
136500 10.457289798436161
136600 7.396434266441272
136700 2.9129342518961074
136800 -1.3515599113644328
136900 0.30337494530447534
137000 -1.098572487326117
137100 0.6010147679258209
137200 0.12703143466119932
137300 2.584571901395048
137400 0.2823560566422217
137500 -2.215496538566512
137600 -1.7225845337706498
137700 -1.4419686434910353
137800 -1.8468467130006692
137900 2.627475476134167
138000 0.9010046697349114
138100 -2.430526838524526
138200 -1.8564153520641835
138300 -4.8013578455683765
138400 -4.507733977137556
138500 -1.136735758858703
138600 1.7004336423765751
138700 0.6786912385477779
138800 0.7638124810438836
138900 0.8122141031192431
139000 1.7775653646224505
139100 1.3021469327751864
139200 1.5573362847228807
139300 -2.021634647299188
139400 3.1026954158840154
139500 7.1565570689998586
139600 5.6960087361555525
139700 6.434926743203865
139800 6.855444224527694
139900 9.211135309755477
140000 10.27431549013343
140100 9.085894323198698
140200 7.046956388704428
140300 8.071561715519996
140400 1.4306975668748274
140500 0.3262852618877441
140600 -0.90515984186769
140700 0.5842422308769597
140800 -2.2329302122587693
140900 -2.142910162476232
141000 -4.2502903040742
141100 -3.0087359979654242
141200 -1.7194262878674256
141300 -1.9751234334722385
141400 -3.5184468284554344
141500 -3.1437704488399234
141600 -0.9451055567152311
141700 -0.8408988990681026
141800 -5.0052110561671315
141900 -1.9581964294164385
142000 -0.11662775453249152
142100 -1.6939544694348838
142200 1.3115367787361405
142300 -2.3905898248029636
142400 -3.883112729985722
142500 -2.737335967290101
142600 -4.309990750587332
142700 -1.7109097731470952
142800 1.4579487246354497
142900 -1.9947220500668552
143000 -1.1491853484349879
143100 -1.868051218952046
143200 -2.2259608508217865
143300 3.5022855132916977
143400 10.109934233278477
143500 11.607108885789073
143600 10.148326970670311
143700 5.429216502270606
143800 4.990193128895957
143900 4.986503870064542
144000 3.9333910359117024
144100 0.40659326979180616
144200 -2.8805298831259076
144300 -1.6359836595858528
144400 4.346684879347192
144500 2.632643781811753
144600 4.343981174808327
144700 3.619762193996759
144800 4.647699062624935
144900 4.434303721222677
145000 1.928798722260425
145100 2.7687839643908636
145200 2.6716494065628287
145300 -4.157994992825245
145400 -6.372614013403156
145500 -5.668010427835231
145600 -6.642320413185089
145700 -2.3592435141665535
145800 -1.1665555078580048
145900 -0.7502013896098827
146000 -2.9636218245040364
146100 -2.201526419660749
146200 -0.24975838862977262
146300 -0.16244327485228888
146400 -0.6695283340265579
146500 0.3481231056660144
146600 -1.1126138393419827
146700 0.9566166358970702
146800 5.195118730521011
146900 9.040533548662296
147000 10.4391785273346
147100 6.393003503586501
147200 5.07239492348294
147300 7.384318979196944
147400 7.901202469509946
147500 8.600696483445223
147600 6.478044730823812
147700 6.102611382644007
147800 7.060050278149726
147900 8.73181033576679
148000 8.173386000416713
148100 8.727623098529815
148200 8.956562483897757
148300 9.41184973010874
148400 9.828007653273279
148500 5.035762243559035
148600 3.4176240710958923
148700 4.747871570615088
148800 4.6743756295349534
148900 6.734002104858205
149000 6.415636942594493
149100 5.126996187417657
149200 9.696874654669546
149300 12.257760016895684
149400 9.438158477722617
149500 11.922862252261462
149600 10.202058104742036
149700 12.812245461025995
149800 10.308386864941301
149900 8.924173459851243
150000 9.556505259992988
150100 9.046092121818475
150200 1.6675747607673024
150300 -1.744488988485262
150400 -2.2801723133819456
150500 -0.988951775667759
150600 -2.107153490182398
150700 1.6601255391005605
150800 1.753189756366907
150900 1.7123215259506723
151000 0.7749489548803474
151100 2.313636871220538
151200 0.9368096885893764
151300 -1.320907126400271
151400 1.1288901355842789
151500 2.6798400744929953
151600 3.2233159767192103
151700 6.378077871925705
151800 8.551197185110686
151900 2.5338993066779243
152000 4.657038485845119
152100 4.837133661926522
152200 3.468826620352828
152300 5.695780826960363
152400 7.615121980339813
152500 9.44272700531884
152600 12.21986191384621
152700 11.621977915882178
152800 12.059235334451389
152900 12.220968024580436
153000 14.380443251556924
153100 12.888144139149512
153200 12.08794246635601
153300 12.539451603381078
153400 14.179774064492996
153500 13.655498356707234
153600 14.85829917935519
153700 14.136804315337585
153800 13.762453486173571
153900 13.228881397649275
154000 12.885455804974093
154100 12.893944866422084
154200 13.200929871418897
154300 12.204877870461816
154400 11.582492820730154
154500 11.391790354654699
154600 13.427471487919538
154700 12.570674393663639
154800 14.221317526267605
154900 14.85421106243309
155000 14.520483642340222
155100 13.2453290098311
155200 9.963862785618204
155300 10.008060512606486
155400 9.470871469008639
155500 9.04372866138001
155600 10.013631799793103
155700 8.680809422170094
155800 8.34873885070905
155900 7.529683457975546
156000 5.889611718981927
156100 8.224966795458576
156200 8.138121576162634
156300 8.463094000355571
156400 8.439973660037039
156500 9.88401978597423
156600 6.584198185561349
156700 9.913033420137738
156800 7.316591448767951
156900 7.996102619628052
157000 7.7506023986205985
157100 7.618409546509436
157200 7.720082891845791
157300 3.707023237621459
157400 3.7132960218774165
157500 5.100525146535299
157600 3.5838508383950947
157700 6.678046735856428
157800 6.77310112318531
157900 4.826180417855402
158000 5.198633313933734
158100 6.64280842265441
158200 7.420840766784974
158300 7.084645343981597
158400 9.08982554101587
158500 8.639101898158165
158600 11.911713083611042
158700 10.308336524976967
158800 10.847660526699118
158900 10.63664237294963
159000 12.142988119267752
159100 12.135676561667129
159200 13.443709878320012
159300 11.999179389200208
159400 11.761766030780407
159500 12.012613740169476
159600 14.850170297069905
159700 13.475721128221089
159800 11.918016435909506
159900 7.927660709036389
160000 6.345435664436266
160100 7.722759435518072
160200 5.755456623545497
160300 3.6133867828261548
160400 6.582609257923877
160500 7.641624867499568
160600 6.6997537950446455
160700 7.221997486277296
160800 8.303383263317262
160900 7.950664386712013
161000 6.207633277383717
161100 6.679183985352559
161200 2.4008707255103348
161300 3.402377433863911
161400 7.764227509437569
161500 9.414031046163018
161600 5.126782156780872
161700 7.789199308562094
161800 8.548846178930102
161900 12.674443101182487
162000 14.442523761611902
162100 11.490324199171278
162200 11.160962548302155
162300 12.118738931323449
162400 12.471531527463885
162500 11.786798926728547
162600 13.177190043132168
162700 14.139689572230273
162800 14.460488100255898
162900 14.77496648261368
163000 12.27524573032125
163100 11.189042393125172
163200 14.559099141924618
163300 15.530798161365674
163400 14.324400992713562
163500 13.980801445509831
163600 13.67286254655736
163700 14.755059181739984
163800 12.46280430231669
163900 14.154468529173792
164000 13.4323408689477
164100 14.384761198511004
164200 16.090890436901947
164300 14.825621334928941
164400 15.342617582716729
164500 14.262104023849286
164600 13.439991347727059
164700 12.296124985952964
164800 13.317241486719853
164900 13.38925871598477
165000 13.264266520095193
165100 15.88950428594657
165200 13.209192766969789
165300 13.31929286007628
165400 12.547417462682063
165500 13.409395431871205
165600 12.307306249968436
165700 13.838292876420722
165800 13.09892494547752
165900 14.00832627139669
166000 14.261037644525318
166100 14.28678292202693
166200 12.651755450930235
166300 12.876270236630983
166400 12.73875145322371
166500 14.963097977892517
166600 14.044787888820318
166700 14.679448650912796
166800 12.65170905542398
166900 14.92992815744966
167000 13.588396484167767
167100 14.812422430902146
167200 14.420854152323237
167300 14.281363920191767
167400 14.931178141945262
167500 13.54574761861366
167600 13.62370209876746
167700 11.214711422837446
167800 14.648247287305601
167900 13.217108549910442
168000 14.688850614147183
168100 11.517749071083843
168200 14.106003156533529
168300 12.072155595837518
168400 14.042881713915905
168500 14.38431113314863
168600 13.890223107088053
168700 14.59562581449258
168800 14.311543494453659
168900 15.293338959892731
169000 13.577415314261538
169100 7.081931430813158
169200 7.198266511971718
169300 6.343371773430151
169400 6.499692976703144
169500 8.9067778715521
169600 10.520467356817303
169700 9.965947917152619
169800 10.441403481645137
169900 9.713456900023917
170000 9.681797401609444
170100 8.972968766723588
170200 13.26011168795827
170300 13.16240698706249
170400 12.839470575657169
170500 12.88254649743347
170600 13.374694190998866
170700 15.574410892631038
170800 14.37069039300358
170900 14.592767867993063
171000 12.416296713271414
171100 12.283175500429948
171200 10.787881876644017
171300 12.069670692337922
171400 12.781723902728643
171500 13.759618621308562
171600 12.687225822497126
171700 11.609145253457973
171800 12.309860014916834
171900 14.88716729298999
172000 13.844927286847263
172100 12.001652704585752
172200 12.39442596382436
172300 14.482015551923766
172400 13.43955477474041
172500 13.972287022893687
172600 13.025412716189194
172700 11.696164776165176
172800 10.235755829507136
172900 12.369099270722753
173000 13.632115687046156
173100 13.767474882231161
173200 11.96379081576798
173300 10.02574131180568
173400 9.076316951570249
173500 10.011255110743638
173600 10.419217035883682
173700 11.125178095559942
173800 14.545279905133844
173900 14.841104414642476
174000 14.432510545055205
174100 14.333184734179852
174200 15.81639634866906
174300 15.027774727014576
174400 14.471329228261242
174500 14.000500763814875
174600 13.993333321439575
174700 13.931406323013263
174800 12.689622581232156
174900 12.477070636042034
175000 12.079386162208282
175100 12.54377904414844
175200 13.085112500568982
175300 12.345206267023576
175400 12.099205155901092
175500 11.243612233698315
175600 12.701153829721685
175700 11.051711159183343
175800 12.31011100525555
175900 13.45529617386033
176000 13.58797773384568
176100 13.9289696141247
176200 11.467637361825957
176300 9.427334183950036
176400 10.347874634836629
176500 9.50087516735097
176600 11.946710904225869
176700 11.514892215307635
176800 12.725352619079088
176900 12.381433369403576
177000 14.709220149548859
177100 14.521772562117706
177200 13.15186300273786
177300 14.464732139527195
177400 14.450562891409783
177500 13.919267556071546
177600 12.503708651751321
177700 12.211373591735537
177800 11.560296205431317
177900 11.719598176978545
178000 7.3014395037805295
178100 8.273682981213952
178200 6.513834234997303
178300 9.037441172757083
178400 8.841434007638979
178500 9.61132510319305
178600 8.564649400550866
178700 8.328134265488217
178800 9.980856274063873
178900 10.009399683960906
179000 11.1132880388952
179100 11.938105908350577
179200 13.63038553755985
179300 11.571081504535575
179400 10.069543457818888
179500 10.138547974896134
179600 11.380755668984037
179700 12.674146449141654
179800 12.065829246948207
179900 12.231051293197831
180000 11.591250889662302
180100 11.366316164820677
180200 11.687255152155624
180300 9.203717918160017
180400 11.177856033862417
180500 8.493388776780279
180600 11.223735953975817
180700 11.472352499948418
180800 10.56170005420362
180900 14.13463769360028
181000 12.275532918167364
181100 11.800389581627464
181200 11.771211159305173
181300 12.600174745214998
181400 12.048557616736604
181500 10.92425069825239
181600 14.285267294359121
181700 13.76843174564943
181800 13.430512855001714
181900 13.331637135228025
182000 11.260313269475384
182100 13.199501815251368
182200 12.483195674184982
182300 10.57937929964267
182400 11.09263315577572
182500 10.49847177666078
182600 11.345663453399856
182700 11.789598722640177
182800 11.855246267996277
182900 11.40538025264182
183000 12.950619958801061
183100 12.068076362669387
183200 12.852443954839359
183300 13.759330130669415
183400 12.927181131398411
183500 12.16247727443485
183600 11.077413046910245
183700 12.020222974839275
183800 13.067135092685486
183900 12.578300844979893
184000 13.28410970320986
184100 15.070036453582318
184200 13.334843777802496
184300 12.161670134959616
184400 12.344399715434713
184500 12.387159708323829
184600 12.00883055378307
184700 10.985579581372614
184800 10.559941915470661
184900 10.4944366533447
185000 12.34432754776945
185100 10.78219734709101
185200 10.37959749780824
185300 12.04952579182096
185400 11.677557398031087
185500 9.513607620815607
185600 12.594373805086503
185700 11.207172622463494
185800 12.644932765593234
185900 12.13231172923357
186000 13.730478782249673
186100 14.239454815597686
186200 14.547737387456399
186300 12.273409191809552
186400 14.636385789732179
186500 14.060273107839189
186600 13.77177235639384
186700 12.827114619186391
186800 13.71424461013848
186900 11.845012526390182
187000 11.4805427113296
187100 13.51084271955847
187200 13.111921164926502
187300 13.881664510062436
187400 13.166821242240069
187500 12.52087452662979
187600 14.101644292878388
187700 10.360054641088338
187800 11.478037601186578
187900 9.938846456747498
188000 10.763223691980814
188100 7.487942965554712
188200 8.624442642896044
188300 12.546669597521468
188400 12.23184730953104
188500 12.655772130283374
188600 11.611851348977128
188700 14.730963971832075
188800 11.282766217091744
188900 12.505946210062568
189000 12.774896335015654
189100 14.48506030431293
189200 14.167681828191384
189300 13.146726406027565
189400 14.155455347347806
189500 15.802974064357468
189600 15.233509223040071
189700 14.300312860601096
189800 14.75316908607706
189900 13.33930335369456
190000 12.869548142827945
190100 13.77144878927711
190200 11.995380610141117
190300 11.330133238991282
190400 12.348668210109505
190500 11.50756251601472
190600 12.76998477085135
190700 10.360117537645808
190800 13.435954388065518
190900 13.041169978023131
191000 12.614372029879807
191100 13.155920187497374
191200 13.929287605184802
191300 14.340742591011642
191400 12.56803050584568
191500 13.74496988435576
191600 9.914028610650455
191700 11.637053027892911
191800 12.962112938168985
191900 11.289596477839861
192000 10.510155013228943
192100 10.227598757813709
192200 9.141986463306635
192300 10.112929896755569
192400 11.247698866784198
192500 13.144538606104625
192600 11.364444731247897
192700 12.444042629568933
192800 13.391335775181377
192900 13.072115334612432
193000 11.94615477598376
193100 12.831799382900789
193200 14.589695084427191
193300 14.397252636443245
193400 13.399289562925182
193500 15.702689514162516
193600 13.73666446866764
193700 13.657045099983991
193800 11.017409551129093
193900 7.731506192051298
194000 7.650333308672179
194100 8.610300923701184
194200 10.3384428218463
194300 10.645114053580205
194400 8.832840038294632
194500 8.840676996798683
194600 9.748726985135889
194700 9.045117961156999
194800 10.369020522352862
194900 11.77641666842401
195000 12.571432685526789
195100 12.243347721951771
195200 10.073918236256732
195300 9.7707589259315
195400 11.277077004047568
195500 8.187235245106265
195600 8.8917456014354
195700 10.407048255944787
195800 13.126438795002745
195900 10.998919540796814
196000 11.666484860692862
196100 10.605458279026093
196200 7.569094985517713
196300 6.103851660909916
196400 8.767114311956096
196500 10.642316499017506
196600 10.400107203651658
196700 9.280067757134677
196800 9.270409654806317
196900 11.648674441523427
197000 10.729444582004088
197100 8.893117519060306
197200 11.306381158973767
197300 10.00492873071509
197400 8.837494060930013
197500 9.986779743509588
197600 10.951928723386443
197700 10.220124911841172
197800 8.257830757348088
197900 5.083354275872885
198000 8.694926673635422
198100 9.896669505206622
198200 9.074317574851783
198300 9.665112578158716
198400 8.141269443672176
198500 7.476695843235104
198600 7.70920084427025
198700 9.138317127776244
198800 9.69276138721654
198900 8.31799040330493
199000 9.29696176668165
199100 11.415418094032852
199200 7.766412577777481
199300 8.079251019088762
199400 10.368352513079044
199500 11.136811247391472
199600 9.398506063784108
199700 8.54016998239521
199800 11.269159084973406
199900 11.117137666733523
200000 11.029993936743855
