100 13.012376339022822
200 14.234380245635812
300 12.456330497874312
400 12.20279546868077
500 12.0900676072932
600 13.832032952155062
700 13.881324666919534
800 14.28840880784559
900 14.238093004572079
1000 14.48423906463767
1100 11.747528613531708
1200 11.926340633852496
1300 12.887914341803864
1400 12.557488434994589
1500 12.430199096564648
1600 12.796021860169846
1700 12.642134085893431
1800 13.431878559321747
1900 13.205578980722024
2000 15.330599632362288
2100 15.68021608767516
2200 13.870394928648977
2300 12.837540258994087
2400 12.49057537678174
2500 12.496237587422911
2600 13.434972979731741
2700 12.52157645277801
2800 12.627757938905368
2900 13.46536667706457
3000 13.037642942531226
3100 12.499374477273207
3200 14.490418751041481
3300 12.118795800416596
3400 13.114987077360873
3500 15.361057627964433
3600 13.726461965009001
3700 12.925918777168587
3800 14.426472348465415
3900 13.958860492359722
4000 13.734980944575067
4100 11.851185845974317
4200 11.05554436414891
4300 13.366847256140177
4400 13.921310956269163
4500 13.742428205858745
4600 12.364586511692526
4700 12.95271125553716
4800 14.145757817809487
4900 14.004056787277518
5000 15.36104895628687
5100 14.81088938622487
5200 14.57083174802882
5300 14.475942594965868
5400 14.199361999358867
5500 12.3092563738622
5600 14.534190476449313
5700 12.361134595263524
5800 12.317825927924563
5900 13.676152090994105
6000 13.125217575865694
6100 12.515838774268571
6200 13.900198929942512
6300 12.813950793595092
6400 13.842286785230261
6500 13.52798483362964
6600 12.104227298530704
6700 13.909660313773886
6800 13.84469040225292
6900 13.360929463058493
7000 12.03825586797356
7100 13.598048834975984
7200 13.763973119729911
7300 14.563198853257372
7400 13.244827587162414
7500 12.075371412041493
7600 13.778695999049583
7700 12.807113623871576
7800 11.46112741068756
7900 13.704370435187018
8000 14.189995868329277
8100 12.89461538654959
8200 14.541236173605132
8300 14.903448433120108
8400 14.769800248159477
8500 12.728019379496965
8600 13.533794149487324
8700 13.549918877145586
8800 13.131458726469614
8900 11.317178934567572
9000 10.817074270975843
9100 13.177688045623189
9200 13.58043774247549
9300 13.247714477507277
9400 13.757036117691188
9500 14.695219174508825
9600 13.99568486240095
9700 14.12597244895877
9800 16.005961905320305
9900 13.017835287314602
10000 11.549655979346102
10100 14.150688488987909
10200 12.283195328372035
10300 12.708589188907096
10400 13.712508897530443
10500 13.108697714622817
10600 12.474359972190117
10700 11.531085491610147
10800 12.794740274876391
10900 13.53092322690455
11000 12.634732540060869
11100 12.062838146792304
11200 13.460389459221805
11300 14.970685312991588
11400 14.514734973061614
11500 13.141145061034159
11600 13.474846492687442
11700 13.158651177397495
11800 13.194289063116058
11900 12.773910584805462
12000 13.717607269465718
12100 12.670772847344292
12200 14.87050153866117
12300 12.66901396763088
12400 14.290175008537748
12500 15.029169925876964
12600 14.276394800150607
12700 12.88720462754584
12800 12.466976000092945
12900 14.314011368163625
13000 14.417751563707904
13100 12.903381232690245
13200 13.44108167404192
13300 14.081291397316592
13400 15.165972984267642
13500 14.622887491193236
13600 13.497340399425145
13700 14.804945241528522
13800 14.804692456876191
13900 12.477612721061433
14000 10.543696145255888
14100 11.541919699996036
14200 12.308831439614634
14300 13.591651928690034
14400 13.264142716250912
14500 13.99323303532564
14600 12.633000243977799
14700 11.507749592182298
14800 12.15115382650822
14900 14.370926792479976
15000 14.222465158381853
15100 13.284001387545342
15200 13.193310335411073
15300 11.396556780844131
15400 13.651368837087595
15500 12.945638353409763
15600 14.139296057461904
15700 11.401541026892316
15800 12.4471660035837
15900 13.609721808408393
16000 13.254081403783053
16100 14.321701132702207
16200 12.554154256258947
16300 13.856227898265884
16400 11.604663755678818
16500 13.793686201802844
16600 12.17550220708471
16700 13.646087584497943
16800 15.134777714995488
16900 13.271348174536913
17000 13.831816353472274
17100 13.895525765558583
17200 14.466673552067164
17300 13.997771387679018
17400 12.31147710634224
17500 13.528113256560387
17600 12.818690852789326
17700 11.979200404981624
17800 11.872262149888027
17900 14.428986636666343
18000 14.816683438714774
18100 13.505567704622239
18200 13.448206746640476
18300 13.53016437839351
18400 12.780385149539617
18500 11.072459426443197
18600 13.542448380612306
18700 11.901125740442604
18800 11.129102882685247
18900 13.521012797758537
19000 14.229680664949537
19100 13.4038721059861
19200 13.770923276155589
19300 14.300862057973752
19400 11.019449846474147
19500 12.336639529186721
19600 13.372481614755491
19700 13.783825543066795
19800 13.258491241314486
19900 13.46674094586571
20000 14.86413367601172
20100 13.376328502564352
20200 12.42568328619901
20300 14.141311692316258
20400 12.91524839677037
20500 14.719319130018704
20600 14.477992684621395
20700 13.3612459041649
20800 14.112095274128936
20900 13.676428581591455
21000 12.723136460366433
21100 12.55682053304918
21200 12.25643261602681
21300 13.235653166500155
21400 12.447285023546392
21500 12.448784936324993
21600 12.506153990740364
21700 12.205349022566221
21800 12.336047688876073
21900 12.555809960791173
22000 11.576049775239573
22100 12.453843760300112
22200 14.28895757254772
22300 14.060405320433569
22400 14.914460575230336
22500 14.485674546542628
22600 13.965912848778428
22700 14.30442233949422
22800 15.613397452453713
22900 13.46522942750179
23000 12.471554458477158
23100 12.66533940170233
23200 13.379889857161805
23300 13.706793283793584
23400 13.331092407036662
23500 11.036289687162443
23600 12.575104980369677
23700 13.33446076711521
23800 14.071266861595213
23900 13.83112006214584
24000 13.608546838666127
24100 13.25806540521993
24200 13.85606890578498
24300 14.461719102685143
24400 13.75644042940616
24500 13.325036408555546
24600 14.46225559034491
24700 12.557385363520066
24800 13.766377709303285
24900 13.447267116912572
25000 13.695786029587163
25100 15.744429875490129
25200 13.83640598993047
25300 15.232847253961621
25400 13.056059102480674
25500 14.468576294823128
25600 12.229172706017733
25700 12.281854448234498
25800 12.933273789285282
25900 14.41548327978559
26000 11.35063502378959
26100 13.365143252101438
26200 13.81616771996991
26300 14.066547700385428
26400 13.866646450098244
26500 13.874499826481001
26600 12.217590110101213
26700 13.25567046916685
26800 12.45279000954334
26900 12.464196748611897
27000 14.899769740647933
27100 13.878584458134483
27200 13.783393538433488
27300 12.846009942282329
27400 13.842784690269172
27500 13.189425906854607
27600 13.213569160813297
27700 14.357825111294204
27800 12.093634919162138
27900 12.27686664013059
28000 12.015820147184403
28100 12.24161176092467
28200 12.548502598024804
28300 12.396113006847234
28400 12.075661133526122
28500 14.100136080598306
28600 13.755836825927853
28700 14.576454079779984
28800 12.53505841388968
28900 13.799833903732416
29000 14.381128966937613
29100 13.870211091015292
29200 12.17030439505949
29300 12.621719295282423
29400 14.922158017511055
29500 14.226420276723232
29600 13.586629848665181
29700 14.178049872211338
29800 13.29124476769652
29900 14.159030483908156
30000 13.535063295312137
30100 14.342643084079855
30200 13.585083360786916
30300 14.022095675411295
30400 13.692300742472279
30500 13.799433561401472
30600 14.45546086002955
30700 13.87903643853285
30800 13.468978644337483
30900 13.570446510976586
31000 13.085592238067674
31100 13.295841995169656
31200 13.527775556838822
31300 13.915390524572985
31400 11.022540011829483
31500 11.612244690538482
31600 13.061879517517715
31700 13.4451574882143
31800 12.640653171883965
31900 11.889935030162377
32000 14.157198435840456
32100 13.233019505664538
32200 13.967148075908847
32300 12.939097841377318
32400 12.780581870055464
32500 11.522838849260914
32600 11.814003647360071
32700 13.237645805943203
32800 12.27616674884651
32900 13.724127619655986
33000 14.3708029728466
33100 15.014089745390834
33200 13.741231932850251
33300 13.819473524010197
33400 12.742630230627958
33500 12.17031301101447
33600 14.313779171163356
33700 13.940267490122418
33800 12.55601031867167
33900 13.643673378430998
34000 13.619750925783736
34100 12.499019477134707
34200 13.929003105273445
34300 13.19743794426539
34400 13.130663973818521
34500 13.22031759225499
34600 10.922619044172633
34700 11.597630832254723
34800 13.683057068337513
34900 13.503482999575963
35000 14.02930594527409
35100 12.940710140678668
35200 13.759782185829298
35300 13.992895036388333
35400 14.889997360630197
35500 13.69734817267385
35600 13.568739343403918
35700 14.640072293349883
35800 12.712446698685307
35900 12.752705814179059
36000 12.666831465244297
36100 12.045439772880362
36200 11.883745645912066
36300 14.21403147491632
36400 13.156627579812838
36500 13.248161801630202
36600 12.871982788487232
36700 15.530965369154503
36800 13.981295250036057
36900 13.388541682544231
37000 13.83533273351176
37100 13.590011706967548
37200 13.36678939896293
37300 13.552826442153181
37400 13.323523439073204
37500 14.429205803746832
37600 12.697976433612075
37700 12.193022607914076
37800 14.744277905654545
37900 13.388469178552263
38000 14.319673571730211
38100 14.900851181614431
38200 14.575156215183553
38300 13.335323285747348
38400 13.23921590141438
38500 15.44256605067018
38600 14.349953109018886
38700 13.872979301844465
38800 14.383278768728157
38900 12.503124671929935
39000 13.42607696069858
39100 11.182436753317
39200 13.698816145791856
39300 13.595337117964016
39400 11.837296870946455
39500 13.658495099458836
39600 13.15702861984129
39700 13.464895928204035
39800 14.066127901009054
39900 11.555161622128656
40000 13.067296941337618
40100 13.947686426871895
40200 12.683150049739913
40300 11.94950084148299
40400 11.361183884030027
40500 12.544654149649894
40600 11.624674381495511
40700 13.543288321920825
40800 12.119264710631578
40900 10.696161149943345
41000 13.330805125369848
41100 14.755697456474625
41200 14.660361200094936
41300 14.45137848469838
41400 13.523868817531458
41500 12.453010077648123
41600 12.96883396116135
41700 12.323907221611702
41800 13.272400356771648
41900 11.525662690737935
42000 13.04397964580776
42100 13.780717355204358
42200 13.665440398922795
42300 14.651517170007295
42400 14.825974137096237
42500 14.521571901551985
42600 13.097036516193818
42700 12.668711927457261
42800 12.510403633402005
42900 12.296626704172505
43000 13.28096635021868
43100 13.658347779437788
43200 12.722823209596367
43300 12.32746587612387
43400 14.556617085436448
43500 12.720496161545663
43600 12.796498175294824
43700 12.914527392725432
43800 14.130659733845784
43900 14.720856466159832
44000 14.2264806624651
44100 14.022955116049173
44200 12.378939331317465
44300 13.917058459019604
44400 11.761313173509054
44500 12.225583957510704
44600 12.29752782427322
44700 13.920770500038591
44800 13.33294818080412
44900 15.040638966758888
45000 13.160907103850553
45100 13.309135596724008
45200 14.102725480404539
45300 12.98279402314564
45400 14.39797678232076
45500 13.512778116025077
45600 13.725812288581313
45700 11.793895255989241
45800 12.712418407093587
45900 12.066297575566498
46000 13.310337748410777
46100 10.561860371605977
46200 13.32836060813334
46300 13.272936643294987
46400 12.690727252785146
46500 12.51956422392336
46600 13.463598455061888
46700 14.222056496923422
46800 14.136094230513523
46900 13.5941423656761
47000 11.582273711518331
47100 13.039668442279144
47200 12.974510389781761
47300 14.452550286498568
47400 13.593073865197297
47500 14.708584782524058
47600 12.330216881764823
47700 13.51281637668873
47800 12.71286561661773
47900 12.91022966564077
48000 14.101624680293673
48100 12.818910803758044
48200 13.255585937392606
48300 13.363334157917041
48400 11.765270885761913
48500 13.463803934759724
48600 13.487449725553043
48700 14.613249278527976
48800 13.906932793893837
48900 12.85154261042592
49000 12.73949659898796
49100 13.364183824131521
49200 13.110368243976954
49300 13.442701782246322
49400 11.631148583403325
49500 12.770039004861102
49600 13.933959212138726
49700 13.798247595963117
49800 15.19980825741405
49900 13.035352204282653
50000 12.511915458807154
50100 13.082572545537696
50200 12.309295978537167
50300 12.292257958977508
50400 12.494010849995677
50500 12.452859206495736
50600 13.659291029018362
50700 14.19149364007939
50800 12.326690712308942
50900 13.590161338713665
51000 12.788591618704528
51100 12.535441449034428
51200 14.064314848641864
51300 12.848586785373021
51400 13.062795898720113
51500 12.421336504036784
51600 13.896575179601193
51700 12.498479356890098
51800 14.356856500966225
51900 14.715855394846164
52000 14.14284334422276
52100 13.928043547227912
52200 15.678583420016501
52300 13.5862084548249
52400 10.947698110070071
52500 11.08301185122788
52600 11.994276691401918
52700 13.505850376901963
52800 14.116113813239249
52900 14.276685064357043
53000 12.461544615981074
53100 13.409566041490422
53200 13.672312088309734
53300 12.589801012046335
53400 13.48150171756944
53500 13.972372116814467
53600 14.56753793341645
53700 13.321606066378491
53800 11.93726273219224
53900 13.15774148298899
54000 13.750852101539149
54100 13.027793783093788
54200 12.230575471888606
54300 12.532793344682334
54400 14.178201030014344
54500 14.694034584326811
54600 14.807305542021325
54700 13.711699843148631
54800 13.153329815458545
54900 13.557252330147612
55000 14.523760519955639
55100 12.981391913315102
55200 14.208711673396886
55300 14.778463773490694
55400 12.464743607786449
55500 14.987841704524946
55600 14.379254973482295
55700 13.709580471663479
55800 13.000927417193822
55900 12.67776367366448
56000 12.757761089927193
56100 13.526535019365312
56200 15.819054239661021
56300 15.288415780943529
56400 13.95004224556359
56500 13.090844151533936
56600 12.856922468124605
56700 12.909050593064405
56800 13.913769504778644
56900 13.791773680729163
57000 14.00911055407174
57100 13.888808548139208
57200 13.643759118864304
57300 13.520944781947177
57400 13.766518917637644
57500 14.49557222930259
57600 13.82848077986364
57700 12.647247374333315
57800 13.10081895020249
57900 12.715653694237036
58000 13.749855230143522
58100 13.109867459103203
58200 12.7803633147773
58300 13.351346792998028
58400 11.560429202847795
58500 11.37291454423266
58600 12.384635981883559
58700 12.764366049349219
58800 14.530958237351133
58900 13.333343417747798
59000 12.518708083762542
59100 14.03987119999904
59200 14.099235712493783
59300 12.148639575586497
59400 12.67117818272099
59500 12.447249470013057
59600 13.23462547131358
59700 14.920106599524033
59800 13.557530704923392
59900 12.650864538089047
60000 14.687087252457362
60100 13.869168460408744
60200 14.541822230365414
60300 13.818662190247862
60400 14.481640914012777
60500 14.494454682543754
60600 14.694929622117057
60700 15.058311777192223
60800 15.502770272598722
60900 15.642113176790126
61000 14.472361330137327
61100 13.814222145950815
61200 14.073591668607445
61300 12.915585687082105
61400 11.772094821882089
61500 12.630446311098497
61600 12.077427931068732
61700 11.452863419518389
61800 12.845694470645084
61900 11.443962610753026
62000 12.818574464001028
62100 11.886072976673347
62200 12.866288022760527
62300 11.941340109539238
62400 13.869219218964217
62500 14.715088042473072
62600 16.042024601061016
62700 14.694157217303523
62800 13.67430175796476
62900 13.834605462611071
63000 13.587234227196157
63100 13.332113640826659
63200 13.836054042798773
63300 11.52566257270916
63400 12.593443713191283
63500 12.432270726530051
63600 12.974159847048618
63700 12.593965415062282
63800 12.862824458846214
63900 13.191837228449195
64000 13.50109950668733
64100 13.538570766547695
64200 13.623901708509603
64300 13.001903478806344
64400 13.169104328904401
64500 13.728142965638803
64600 11.384213135810176
64700 13.146621085647158
64800 12.940000713136758
64900 14.581168508573082
65000 13.682688126453673
65100 12.82471638172343
65200 13.33081582753489
65300 13.106919264852142
65400 12.75593416683466
65500 14.380397653607965
65600 14.158493157999288
65700 14.866600269305033
65800 14.652848901930383
65900 14.669368029205556
66000 14.160351408941851
66100 14.01585648312196
66200 14.461728762619803
66300 14.074322254255483
66400 13.736883699109423
66500 13.564592345482168
66600 14.173607551093824
66700 12.66328166797913
66800 14.220747074625747
66900 14.830755166846632
67000 13.404653405135234
67100 12.8118487711991
67200 12.706156120737994
67300 13.384925330645498
67400 12.213795250431165
67500 12.107591792822094
67600 13.28782095999205
67700 13.620729492387412
67800 13.566050420744617
67900 14.047184996360672
68000 13.117938475932922
68100 12.360336768491544
68200 13.379300325305625
68300 14.074232340789806
68400 14.839403918152636
68500 11.784229527583717
68600 12.916403790478672
68700 12.743900904890127
68800 11.673017649806178
68900 14.218586827948519
69000 14.088974144917856
69100 12.981997603011594
69200 14.142730414410495
69300 11.293419380251146
69400 12.726631185233582
69500 13.160536394550537
69600 14.22557327741626
69700 13.938893721686556
69800 13.264525407177238
69900 13.674407727006876
70000 12.450570752664115
70100 11.52178104977822
70200 12.843416844690745
70300 9.621453488268518
70400 11.709849240745841
70500 11.13280014863559
70600 12.040328476734398
70700 12.38478915542723
70800 12.00959791683887
70900 14.414853956320645
71000 13.590433817288883
71100 13.837741269065319
71200 13.727607298457446
71300 13.751855212764795
71400 13.739989266405068
71500 13.085813642938254
71600 13.324668036293025
71700 12.339557618401068
71800 12.846741335467833
71900 12.905025386031399
72000 13.324617901317774
72100 12.807370853685926
72200 12.505492911219823
72300 13.967197601704354
72400 13.152704844299256
72500 13.466455640886952
72600 13.483338840655621
72700 13.666442527687543
72800 14.533394658522353
72900 13.52612972907996
73000 12.643799387122652
73100 12.207790384430284
73200 14.112419893819384
73300 13.580224826809097
73400 11.704664263868773
73500 12.342806684433068
73600 12.714172652410209
73700 14.328984780579898
73800 11.213080432113722
73900 13.902031493325355
74000 11.582259894750514
74100 11.727305209987298
74200 12.909997564608164
74300 12.806313650011964
74400 12.601449048117976
74500 11.494967331493374
74600 12.27702498972858
74700 13.407851187728943
74800 13.748671288078224
74900 14.154848894087005
75000 12.929094594757338
75100 13.332645859768386
75200 12.096481092365513
75300 12.66284526228828
75400 12.53387635263807
75500 12.334155528574469
75600 12.458104870918506
75700 13.211972319396946
75800 13.489166705927548
75900 10.414512078523403
76000 11.914288617643493
76100 10.607750845724135
76200 11.891195214899048
76300 13.287696693334116
76400 13.306142178250767
76500 13.861331966264101
76600 13.795743551836756
76700 14.489096997217356
76800 13.332244151930926
76900 13.195784393920334
77000 12.404626072718512
77100 12.4691843906354
77200 14.470405216333335
77300 13.645567782425143
77400 13.44196657356946
77500 13.89745205657798
77600 14.03026267567722
77700 13.606252954762509
77800 12.822816494290715
77900 13.818603004054447
78000 13.965935066011218
78100 13.477912005660258
78200 14.4405895156092
78300 14.201569240083272
78400 12.950692567698493
78500 11.974384219539502
78600 11.356960623622342
78700 11.63728278858351
78800 12.664829787591657
78900 12.894683754716285
79000 13.599405338863754
79100 13.127154705175636
79200 15.34104037965419
79300 12.722278956921134
79400 10.251614801302225
79500 13.80625423365468
79600 11.265553227911575
79700 12.849689390841231
79800 11.375352572001168
79900 12.532118994186474
80000 13.479601247296657
80100 12.728326140305233
80200 13.710876923112316
80300 14.359641998693084
80400 11.617266937748163
80500 13.19621146777396
80600 13.374294046847435
80700 13.411847170811814
80800 11.67421210475257
80900 13.297143461031894
81000 13.466433001066848
81100 13.281839406418134
81200 13.32255460517216
81300 14.078637696180875
81400 13.359031941463531
81500 12.639650306615154
81600 10.857847014227934
81700 11.381716870804718
81800 10.95521281686568
81900 13.271627633070517
82000 13.222074257928664
82100 13.384155791042494
82200 13.956582298334483
82300 14.558591668648159
82400 13.668259545034484
82500 13.776263532930614
82600 11.975763295970465
82700 12.575778322692
82800 12.010933985550677
82900 13.008802422418839
83000 14.39554844240709
83100 13.352800293780732
83200 14.36633449671354
83300 12.847291137575372
83400 12.69463059944363
83500 13.041709101163883
83600 13.920741441571018
83700 13.35132128830689
83800 13.425400428145547
83900 14.336434907096551
84000 14.229190249623466
84100 14.082570839552236
84200 11.752056352186035
84300 13.68414911933772
84400 13.79185840327674
84500 14.288553967313124
84600 11.685726112568377
84700 12.123627139322794
84800 12.538430359217696
84900 13.465953916797256
85000 11.858430218433876
85100 12.201720169042108
85200 12.3350646523822
85300 11.794342413984907
85400 13.57675678874554
85500 13.502252822575093
85600 12.108611727755719
85700 13.803200487692616
85800 13.782263456475526
85900 13.767905618629237
86000 12.421712671794063
86100 11.500523530626037
86200 12.846354737760414
86300 14.512313525908366
86400 13.721214199271245
86500 14.932369023384595
86600 12.474228790908306
86700 14.321044170299603
86800 14.49329178226413
86900 10.903191869244152
87000 13.3227050087848
87100 14.568168026638022
87200 14.900106227824564
87300 14.430022915668488
87400 13.318862629867372
87500 12.9881354870407
87600 13.771338607687207
87700 13.101917403582659
87800 12.430373962428503
87900 12.629500451766795
88000 14.67589018473963
88100 13.86133539364846
88200 13.881045439808826
88300 12.956015697950008
88400 14.669326930354393
88500 13.93629462055603
88600 14.419158533121823
88700 12.712263639875957
88800 12.991588090833382
88900 14.475807770642703
89000 15.572659092701581
89100 11.892530783162758
89200 14.073700022651403
89300 13.720453758872125
89400 11.472235539028121
89500 12.826021820491315
89600 14.207934832375766
89700 13.78325528048818
89800 13.459756997467938
89900 14.373889207105423
90000 13.469320171475378
90100 12.34116378188312
90200 12.805712312123893
90300 14.304011907917856
90400 13.88634422966073
90500 11.555405047998372
90600 12.642152388396193
90700 14.272048488168487
90800 13.566718947011218
90900 12.590425496412943
91000 12.669666327125011
91100 12.933514074325835
91200 12.675505562998628
91300 14.558142873777351
91400 13.213624506224065
91500 12.939994661609193
91600 12.901549673899549
91700 10.621226591161147
91800 13.763420235684773
91900 12.331865382133586
92000 13.562917724401332
92100 13.695647684842719
92200 13.380810980740447
92300 14.6184291199939
92400 14.033629689853402
92500 12.465336044037443
92600 12.744554258864355
92700 15.154328266129452
92800 13.559408488075013
92900 12.705385065193665
93000 12.968478304398563
93100 13.596948312361159
93200 13.806341895736633
93300 11.330127634015437
93400 11.662779437707641
93500 10.933476919811469
93600 12.48908918319073
93700 11.262445994629317
93800 12.066556627269081
93900 12.775423637528881
94000 13.583680407354803
94100 12.84052761063673
94200 13.38338016183127
94300 12.111975247400228
94400 12.840153164065018
94500 12.798065171223678
94600 13.122078817712705
94700 11.434191972540065
94800 12.489948904625285
94900 11.488376215479947
95000 10.722971252590298
95100 12.913379765146667
95200 14.742635547396363
95300 12.352260870651563
95400 12.60197248040979
95500 13.127827599029123
95600 13.65362244063494
95700 11.900895475915169
95800 12.097022440535786
95900 12.101862904850886
96000 12.402620502311928
96100 12.310588497903115
96200 11.851489645979935
96300 13.675226925095247
96400 13.463993512195987
96500 12.793620509844692
96600 12.864880772913734
96700 14.019160555876578
96800 14.221446837709287
96900 12.364077652650542
97000 11.672534461046304
97100 12.748812928409434
97200 12.998735075076034
97300 11.25309964470007
97400 11.386916310452397
97500 13.369016516762313
97600 14.008029388911694
97700 14.8481128561395
97800 12.882297822510614
97900 12.026024178623125
98000 14.26925004346589
98100 13.838556989089493
98200 11.929526294214174
98300 12.291127372357842
98400 13.12067632275364
98500 14.100493921885526
98600 14.086114234948385
98700 13.33131234567148
98800 13.46470350124722
98900 13.881288737920661
99000 12.03911088495486
99100 11.357407647861594
99200 11.90399567055532
99300 11.156656555755484
99400 14.32250414653807
99500 12.832260509480133
99600 12.87977348458455
99700 13.034406974666947
99800 15.162790287151369
99900 12.8672309573509
100000 11.443359231462816
100100 13.011691800625565
100200 14.009554882574475
100300 12.948088199538864
100400 12.814109383681652
100500 12.273353634684169
100600 13.106115584055289
100700 14.890124347690119
100800 13.697686624414919
100900 12.215949790932848
101000 12.443837841791021
101100 11.66492097923434
101200 12.561766579422544
101300 13.763069633740397
101400 13.816944822665455
101500 12.985598738633172
101600 12.583741683960737
101700 13.546856550294581
101800 14.233342648561276
101900 13.59153697731544
102000 12.882716986903844
102100 13.381237343949453
102200 12.443249958353334
102300 12.305418735473316
102400 11.639569295853317
102500 13.139527808141866
102600 14.023765179975106
102700 13.587187230472914
102800 13.162094718622296
102900 11.833635646956317
103000 12.01657801009729
103100 13.000496236617463
103200 14.260214274471895
103300 13.061623847106523
103400 14.448818391558923
103500 14.051695924200065
103600 12.649626001908464
103700 13.061324209476886
103800 13.454711222886138
103900 14.200584955678677
104000 12.482707648038566
104100 14.081419534478256
104200 13.684097585617646
104300 15.08617100139173
104400 14.088542849296296
104500 13.368911823496052
104600 14.14437364698518
104700 13.080819514687924
104800 11.82109423789692
104900 12.475959312385212
105000 13.910751160626212
105100 12.458108781569509
105200 13.436597523863965
105300 12.496674745256739
105400 12.280995800014125
105500 11.192020274766161
105600 11.049988804330068
105700 10.917825177131292
105800 13.60634731661382
105900 14.54352261983347
106000 13.934654976009583
106100 13.419181460975624
106200 12.741080883551167
106300 13.295628736938731
106400 14.409927858198294
106500 13.52614037914397
106600 13.462846451865847
106700 15.023022021454581
106800 14.782805108853026
106900 16.033859605912188
107000 13.848307037559847
107100 11.402016686006702
107200 12.293797955350247
107300 12.470682036972413
107400 12.56513609153753
107500 12.812229709514767
107600 13.479019562891747
107700 15.139939318073614
107800 14.111109090541564
107900 16.2413777826738
108000 13.157753684362099
108100 13.229681589493895
108200 12.609335285181297
108300 12.929106514889085
108400 12.609269054714852
108500 12.659146010946616
108600 13.3490742359482
108700 13.566472079652215
108800 14.72337790986523
108900 14.799177454383134
109000 12.515286987666242
109100 13.869987932380965
109200 13.818940572070437
109300 13.287719709247511
109400 11.873380209493781
109500 11.675837944645094
109600 11.553167928866547
109700 12.177595649448577
109800 13.390007518354794
109900 13.423823322470783
110000 13.550603700895799
110100 12.944634940530959
110200 14.048643494379892
110300 11.943789687831204
110400 12.7763469385064
110500 13.0767014961826
110600 12.209211390470752
110700 12.196790466159387
110800 9.634390124706764
110900 12.926570875924286
111000 12.877094015383431
111100 13.19810803949893
111200 13.41183371968478
111300 13.408250224844046
111400 12.987635780540785
111500 13.551590952156229
111600 13.366309665803831
111700 13.295716622313462
111800 13.534428820084415
111900 13.635760596806511
112000 13.550020337752429
112100 12.09000657497203
112200 12.887699912214131
112300 11.919045653681142
112400 12.989411906124365
112500 13.598002002146387
112600 13.273231535551924
112700 13.9201459268481
112800 13.614487374888887
112900 12.613909657416707
113000 12.647351794690138
113100 12.89909752483918
113200 12.328216494998976
113300 13.466074181829631
113400 12.858078160031747
113500 14.530593545325901
113600 13.06146110413099
113700 13.352947583467897
113800 12.528045709382928
113900 12.085540833723002
114000 11.61829936981813
114100 11.93392292250246
114200 12.252612200625219
114300 12.29763285606959
114400 14.30111330249271
114500 13.266531168029562
114600 15.00490163029829
114700 12.770143380874506
114800 13.290237442033199
114900 11.077805147584936
115000 11.086559409706199
115100 12.397503398136514
115200 13.529045202533043
115300 14.185535250770362
115400 11.970963555296928
115500 14.234164811695683
115600 13.96112082091039
115700 12.694308411403854
115800 12.782275085020835
115900 12.27283256820431
116000 13.069578235269248
116100 14.319718512925071
116200 13.001089585781807
116300 14.263785294438888
116400 14.077091684904453
116500 13.046401544523347
116600 14.29676788935209
116700 11.608613167987626
116800 14.1452074586012
116900 14.957779926064395
117000 12.76563159203061
117100 13.75797312399442
117200 14.97866861308614
117300 14.210863457642
117400 12.04210369322139
117500 11.21380894703145
117600 11.523084603010473
117700 10.527141151222892
117800 12.147569293730653
117900 12.344203407494
118000 12.582379472003769
118100 13.109103950414696
118200 11.907906877292358
118300 11.36665851081687
118400 10.28957283860284
118500 13.145838868839709
118600 13.52760182857018
118700 10.274094261975701
118800 11.467259687109552
118900 11.870009497597984
119000 14.36940894871717
119100 13.385685580230719
119200 12.113806375266002
119300 12.68164624943962
119400 12.58295949903178
119500 12.434830162763967
119600 12.43762733093763
119700 15.437235729086495
119800 13.276790023245871
119900 12.663685073538716
120000 13.126790440420002
120100 13.824138132450576
120200 13.394401418958228
120300 12.499266336528363
120400 12.870231365753996
120500 13.608171594217113
120600 13.36210809868681
120700 11.634099180766018
120800 13.144344101852422
120900 12.002926213204375
121000 12.451289390305773
121100 12.696581042861592
121200 13.220285925272503
121300 13.19558030714246
121400 13.03428593815713
121500 12.267946363486486
121600 11.131900297749258
121700 12.861067543185213
121800 12.77985360930988
121900 13.634825418308104
122000 14.028103649020874
122100 14.183621200083179
122200 14.213493396679956
122300 14.194988402783197
122400 13.702307509787383
122500 14.219707470123579
122600 13.3023967918111
122700 14.685595527596577
122800 12.498457743340298
122900 13.356079563176108
123000 13.349314428979401
123100 13.193811687408987
123200 13.280663235969245
123300 12.53464769752503
123400 14.174927709961636
123500 13.92415571912068
123600 13.242736631025961
123700 15.267963172289335
123800 13.526007735436343
123900 12.671359574770387
124000 12.131541860371705
124100 14.07362291372592
124200 15.140435466132994
124300 13.953870615232
124400 13.65778661222634
124500 11.66851588794317
124600 12.648074256636656
124700 13.563477631643064
124800 12.696448867251378
124900 13.059588201342706
125000 12.351520763971195
125100 13.3593909845669
125200 13.382743216314946
125300 13.267780709521393
125400 12.942936012940375
125500 13.63959633003311
125600 14.304984934740443
125700 13.216301048108878
125800 11.297405402438992
125900 12.047781942478345
126000 12.171951562881882
126100 12.323398264950981
126200 13.607496653615714
126300 11.93684439944276
126400 12.001130664756875
126500 13.133673760683916
126600 12.206822060318988
126700 11.107808122823426
126800 13.430931726156986
126900 12.09279475205659
127000 10.912414790207086
127100 12.539570579022755
127200 12.17857090024923
127300 11.425662438170558
127400 12.0382359794743
127500 13.796721618568288
127600 13.218086946854482
127700 14.142468048726128
127800 13.518557751339792
127900 14.087060351804986
128000 14.720008917380305
128100 13.634408463103009
128200 15.563734195446315
128300 11.005984097726605
128400 10.424748490968156
128500 11.462124107396445
128600 12.615600404467346
128700 12.385767705433818
128800 13.425790861848029
128900 12.39823444577744
129000 14.345822931791616
129100 13.165376906583786
129200 12.350312308856015
129300 12.496354737382822
129400 11.783496742155416
129500 11.018747469436729
129600 11.101139438260654
129700 11.68214300310785
129800 12.349239410663913
129900 12.453515662535397
130000 14.430013626630092
130100 15.09442280451332
130200 13.303577390059877
130300 12.2952161970759
130400 12.995428228716616
130500 12.995020060646292
130600 12.687893306895587
130700 13.812755455825608
130800 12.209888213549144
130900 13.599555470743182
131000 11.648453246272764
131100 13.867716679955642
131200 11.901602497671956
131300 12.485173776160513
131400 12.67255343132954
131500 14.677035389421786
131600 14.091091976664012
131700 13.97014738254203
131800 13.522585761133751
131900 11.964994267948036
132000 14.590888383807531
132100 13.317105059675713
132200 13.194738342713928
132300 13.835873526365122
132400 12.530464886521216
132500 14.22119347498517
132600 12.716909726364626
132700 11.685339590500455
132800 12.528224077503703
132900 12.714822566266168
133000 13.527483547207206
133100 12.600016317775506
133200 12.637141164244335
133300 12.441510463755824
133400 13.879598765779871
133500 11.852384993981076
133600 13.197334702846359
133700 12.087528977654332
133800 13.494182917068478
133900 13.056245432882637
134000 12.260904938132047
134100 13.592106576469188
134200 13.101393613093844
134300 13.905662711448304
134400 13.975173924495445
134500 11.784323130529645
134600 14.577657888108222
134700 13.768078545039916
134800 13.090785381100968
134900 14.262643035888148
135000 14.564125005295109
135100 14.561124567873463
135200 13.61573672875439
135300 12.873043992997276
135400 15.308998165629843
135500 13.563281258428022
135600 12.972391392696677
135700 14.534205208963542
135800 12.939978933187435
135900 12.75304192216288
136000 14.049332502029607
136100 12.69367890145248
136200 13.943685846117924
136300 13.093615880215012
136400 12.123782257292511
136500 13.3830974543445
136600 14.107194702964978
136700 13.136516448153017
136800 13.112561223252449
136900 12.726665355122005
137000 12.68536089758077
137100 13.048810396383528
137200 13.893731744620055
137300 13.142997465177732
137400 12.497266159261123
137500 12.487608027872948
137600 14.287309616819389
137700 13.761814916726221
137800 12.061595299390952
137900 12.438028007488414
138000 12.620666040614909
138100 13.244313885836142
138200 12.475173692351985
138300 12.912419769627851
138400 12.888844269060955
138500 13.814181441781114
138600 15.137898508925252
138700 15.025260686824407
138800 13.334202145938816
138900 11.507894130404368
139000 11.639225140778587
139100 13.608871752306154
139200 13.117342625864868
139300 12.421320680639552
139400 13.245600522844336
139500 13.53626721248755
139600 14.632674682313212
139700 13.555013567113566
139800 13.920449144135185
139900 13.456383590905391
140000 13.274695868258348
140100 12.835576216285089
140200 13.048184547176696
140300 11.682378487936129
140400 12.626595182169895
140500 11.208536666523756
140600 12.164514958685313
140700 12.408229363285326
140800 14.818024506607948
140900 12.719590522566483
141000 12.218009348892492
141100 13.325157148551236
141200 12.652518573213541
141300 14.575504821081227
141400 13.580107449424636
141500 13.697473397917971
141600 14.041894584797927
141700 12.943629274478747
141800 13.382300920364198
141900 14.137344763896376
142000 15.610923514750498
142100 13.663273595378271
142200 13.85858723402734
142300 12.21400516195208
142400 13.637430817261256
142500 15.186199769215397
142600 15.215527878081735
142700 15.912000532350781
142800 14.125382817108378
142900 13.732673335429004
143000 13.47122685152689
143100 13.709899143622543
143200 13.343557700973872
143300 11.92834777779466
143400 13.070145768546844
143500 12.739631271948737
143600 14.168348216786027
143700 13.796444711961323
143800 13.62989383501129
143900 12.860668790045
144000 12.823321335925021
144100 14.179433186091403
144200 12.40169874851204
144300 14.460374277775202
144400 13.03812262945173
144500 14.075270987510791
144600 13.541647976944084
144700 13.539104419338685
144800 13.643829934272462
144900 13.79806912465893
145000 13.880940208136623
145100 14.498419587982822
145200 13.4436567713581
145300 13.245197412878927
145400 13.415496258239644
145500 14.19224994129117
145600 13.158582268086956
145700 14.730302890159285
145800 15.77127312411347
145900 14.421416104381278
146000 11.453762625577674
146100 11.513041075662086
146200 13.008400415123473
146300 13.299203613560806
146400 13.67769890465313
146500 13.054860432292061
146600 13.265704461761036
146700 13.88174644943165
146800 11.293927021400304
146900 12.034493912151595
147000 11.779288415551468
147100 13.880285952536855
147200 11.832579765154799
147300 12.195742982249646
147400 12.318929937778051
147500 12.239835208284196
147600 13.747760578530276
147700 13.046510438219887
147800 14.745985643331412
147900 13.293332941329728
148000 12.677184704484919
148100 12.694618468849134
148200 13.342197965424424
148300 13.713637286462811
148400 13.89646344821683
148500 14.144124852044394
148600 13.962753179822727
148700 14.101251369632482
148800 13.165207011564572
148900 11.905371141124894
149000 12.301692868376797
149100 12.02084531781517
149200 11.51191613829726
149300 13.027104298889457
149400 12.886334402264062
149500 14.650621005362515
149600 12.811722714448745
149700 12.231213010728137
149800 13.530996054923493
149900 12.988384847328255
150000 12.842840719762851
150100 12.635364326891127
150200 11.921437751222218
150300 13.653330069363765
150400 14.35718832655089
150500 14.49144558250288
150600 14.551476692931535
150700 13.8380130580681
150800 13.900303414549464
150900 12.828582860159147
151000 11.489692336647966
151100 14.796274314575848
151200 13.639853904474414
151300 13.29934940612832
151400 12.343760715321348
151500 11.754310525380872
151600 13.768212732070745
151700 14.327786817013717
151800 14.281079507100083
151900 12.13673375336558
152000 13.803906425388549
152100 13.55985619253497
152200 13.775281677552378
152300 13.453270530458935
152400 13.000809332262806
152500 13.888560666120577
152600 12.551316430559782
152700 12.909082671428918
152800 13.338992394798138
152900 12.704774685245525
153000 13.838518437065737
153100 12.414358151075866
153200 12.969398847922191
153300 13.20151491065886
153400 13.055658971944045
153500 14.457191065375362
153600 14.187755520457305
153700 14.574784709086058
153800 13.6767897080814
153900 12.582040685412364
154000 12.780651420094014
154100 14.01331846711005
154200 11.447141422873294
154300 13.122793546478022
154400 12.221103614599413
154500 12.019451183028352
154600 12.282757813103217
154700 13.29751138830678
154800 12.6494690807784
154900 14.34168111677164
155000 14.055830430118961
155100 12.561984068299074
155200 13.226678247942354
155300 12.618068499628945
155400 12.855488837187732
155500 12.474627704214988
155600 12.912423882256512
155700 14.589553187841272
155800 15.4909020030533
155900 15.015272178860126
156000 13.136924389577345
156100 10.84174867011737
156200 13.12731503888053
156300 13.854152964581411
156400 12.848796437748756
156500 13.012864836191342
156600 12.186639215694752
156700 12.066011450926558
156800 10.022957561633142
156900 11.370703390095484
157000 12.576479378525894
157100 13.265230690997319
157200 13.028296556422056
157300 13.210616518218377
157400 13.514414227413901
157500 13.873190084994286
157600 13.306282892598741
157700 12.937563359883857
157800 11.680297206656586
157900 14.358549605462432
158000 14.454705134805682
158100 15.772684030356492
158200 13.175998347112557
158300 13.247573690171608
158400 12.960714059897638
158500 13.952042703163729
158600 13.217971320924299
158700 11.638391901360663
158800 11.239898419625092
158900 12.302939517453876
159000 12.686072093274499
159100 13.464826946914268
159200 14.593474449073168
159300 15.392448535285293
159400 14.026064758904482
159500 11.413343115186139
159600 12.281593394288347
159700 12.33276690779152
159800 12.260273104833578
159900 11.012655016324507
160000 10.888100563959174
160100 12.497608547542313
160200 12.503594212278395
160300 14.238142390800906
160400 12.78505961401008
160500 11.882936682185314
160600 12.326472036783915
160700 12.70893370139718
160800 12.301742454733104
160900 13.19104135210183
161000 12.148608288924404
161100 13.62934590149104
161200 12.698258421218837
161300 12.786541734985846
161400 13.626724942695956
161500 11.252850143711068
161600 12.441377726392545
161700 13.466250094727728
161800 14.046041978710191
161900 12.452201834745829
162000 12.915999741489792
162100 12.775044372299915
162200 12.78688356469363
162300 12.280277809953883
162400 11.840747835008553
162500 14.271858631352503
162600 15.978934824810166
162700 13.25998687273392
162800 13.252309764819904
162900 13.687335867065451
163000 13.207172349013346
163100 12.811799862802053
163200 11.900526440482784
163300 13.17678084927445
163400 12.217349121709839
163500 13.129656826383094
163600 12.6637979228388
163700 14.366736605063114
163800 12.362298755088712
163900 14.160535780858954
164000 13.00665936702959
164100 11.834348295437529
164200 10.544275471623251
164300 13.236821376231982
164400 14.271771050436996
164500 13.667851008710867
164600 14.22503527269867
164700 12.323155496289562
164800 13.394582530224577
164900 14.385149279164187
165000 13.046014198319774
165100 12.091845505517151
165200 12.270301236749749
165300 14.652743311753467
165400 13.928119509133145
165500 14.554498224131938
165600 11.091431695142681
165700 11.560306325537724
165800 13.139894752004846
165900 11.979665763806153
166000 12.04723503625214
166100 14.06311322817105
166200 13.552135953808767
166300 13.561105838882165
166400 12.938329030448182
166500 14.11595080056055
166600 13.384030167406374
166700 12.85891150286202
166800 11.795108935988575
166900 12.821666040036055
167000 12.673337234180988
167100 12.077191298555093
167200 11.520888388454518
167300 12.274774736134349
167400 11.596988147590501
167500 11.454774129592895
167600 11.972069685488963
167700 12.019490787142988
167800 12.74632167175183
167900 12.169582714828525
168000 12.241775258875055
168100 10.613563996018952
168200 10.143587023784132
168300 13.328329052285778
168400 12.847992682194606
168500 13.511885175672628
168600 12.008427160777114
168700 14.572493473540476
168800 13.227225819817338
168900 13.904966313878592
169000 11.691091087530815
169100 13.851931331657683
169200 12.746837549273167
169300 12.31193430816071
169400 13.058384632406533
169500 13.1673535878038
169600 13.51805447186333
169700 12.491279546628906
169800 12.019361518367958
169900 11.647791680647963
170000 13.349442791726009
170100 13.488054869503015
170200 11.918652020780279
170300 13.027406359108758
170400 12.253302862939966
170500 11.876436032891332
170600 12.532646925630086
170700 11.80683938167857
170800 13.911308982775886
170900 12.072514117548437
171000 12.613911442917814
171100 12.571374268740833
171200 12.54559390018191
171300 13.72177351521563
171400 14.09105329634181
171500 15.373172774997302
171600 14.210725192317579
171700 14.168056858311616
171800 13.899532228658305
171900 13.671046392475258
172000 14.670552056695852
172100 13.039367506398415
172200 12.899038654293575
172300 12.971469682994693
172400 13.258305484798331
172500 13.124906271564678
172600 14.508971542794725
172700 13.65799554854608
172800 12.843349825335478
172900 12.809326463413926
173000 12.943438805144378
173100 13.463669261487727
173200 14.414291571572805
173300 13.524739753731094
173400 12.848412728035722
173500 13.045052797148312
173600 13.65701260713812
173700 12.838127328638654
173800 12.613209670473301
173900 14.201687979316217
174000 12.079591254558308
174100 12.645576407742153
174200 14.376113488120902
174300 14.642937934050828
174400 13.385692200925757
174500 15.182683889840334
174600 11.866458855202346
174700 12.02565978157768
174800 13.287010676089167
174900 11.837511243958199
175000 12.235254894700782
175100 12.551284545526409
175200 13.01159771917015
175300 14.121430286219887
175400 12.521053103142293
175500 14.185223695471857
175600 13.835349452835258
175700 13.644034981966984
175800 13.389927858142908
175900 12.269528196808258
176000 11.720901244093774
176100 12.141072976874543
176200 11.966423188078782
176300 10.96320928576956
176400 11.990986079517064
176500 12.84194820942866
176600 12.99601652443228
176700 13.0450485979603
176800 14.134847398350997
176900 12.74115812131636
177000 14.032026231207288
177100 11.098614841799595
177200 11.229849451439254
177300 12.496369893930943
177400 12.65259281574024
177500 12.74057830607947
177600 12.527078421261033
177700 14.813237079337348
177800 12.716342024433972
177900 11.497119517617518
178000 11.47379822586272
178100 13.177533449759732
178200 14.171756147716062
178300 13.945114394925506
178400 13.116359472521422
178500 13.58262447423568
178600 13.859844571608313
178700 14.6410071314819
178800 12.861579667465236
178900 13.303950527211585
179000 13.843093937244822
179100 11.380550858522989
179200 12.271899119102516
179300 11.991747780593592
179400 13.628307216022437
179500 14.004620670957213
179600 12.780377157498304
179700 12.246855873186206
179800 12.38699392009816
179900 13.568494190214187
180000 14.137919849827922
180100 15.070978938713397
180200 14.242725092763738
180300 13.670698781831268
180400 12.566622795548216
180500 12.858623448670283
180600 13.156666748309826
180700 13.990183826073475
180800 13.199500586999735
180900 11.743166076441238
181000 12.435558960563489
181100 13.288502286062245
181200 13.633711158415421
181300 13.129727958979725
181400 14.42860854880159
181500 14.103798797444087
181600 13.552512996615981
181700 12.68597205070884
181800 13.945362961805987
181900 13.22099520701165
182000 12.08404129435359
182100 12.537973926371452
182200 12.746378524383676
182300 12.640122796613134
182400 13.177496470157154
182500 12.567497902182923
182600 12.768957018049974
182700 13.510056367562107
182800 13.742487428276132
182900 13.215582707803497
183000 12.43676635526965
183100 12.179498525359403
183200 13.856345182583794
183300 14.484668002343783
183400 15.038907095211314
183500 13.173886358082015
183600 14.003534899075472
183700 13.019727702372075
183800 14.066121272385384
183900 13.370146356999982
184000 14.191502612602584
184100 14.974427641161485
184200 14.117084013987505
184300 12.255459221539756
184400 12.232430120157314
184500 13.596152672234467
184600 14.655545332466133
184700 13.226771631521977
184800 12.639865143613418
184900 11.666316747568745
185000 12.272611655416538
185100 13.017114790787652
185200 12.643010844644193
185300 12.936568876876212
185400 10.93532273810641
185500 12.38359675739129
185600 12.632080909324607
185700 12.64568989717507
185800 14.125291379111525
185900 12.14972782189314
186000 13.532046346992342
186100 13.541383109940668
186200 13.247072849005285
186300 12.760232723831647
186400 13.194044439408838
186500 11.549330335297334
186600 11.283271077344688
186700 13.903544259268934
186800 13.268492118464787
186900 13.981273308616526
187000 15.320587493286506
187100 13.625579854767999
187200 14.35826470791659
187300 11.834169653113985
187400 11.524722465141677
187500 13.111083747783848
187600 12.558802819194408
187700 13.608913687622003
187800 12.521493738622757
187900 11.180328030405912
188000 12.395282957565746
188100 13.780378597798462
188200 13.783739646518697
188300 11.018176621152016
188400 11.496675320431576
188500 11.989823161625319
188600 13.230648580938285
188700 12.306713160843172
188800 11.204774510935104
188900 14.279753007826613
189000 13.931547719446787
189100 13.9672361033796
189200 14.562368430539285
189300 13.084032423500286
189400 12.631409191195614
189500 14.772353697980925
189600 13.29712026324903
189700 14.765284091693804
189800 14.588014687896491
189900 12.881064716655002
190000 10.850033057757779
190100 13.76583151673837
190200 14.313917388301848
190300 12.630931450062265
190400 13.139227846785742
190500 11.135505652582738
190600 11.29093197846061
190700 11.562435912273653
190800 12.867289269404619
190900 13.423482225218063
191000 12.257555591429936
191100 12.902475133532677
191200 13.840504491769396
191300 13.51634110598783
191400 12.4157925486879
191500 12.186465274437477
191600 13.631782185716329
191700 12.851580443922968
191800 11.933604677070944
191900 11.954758721903431
192000 10.856887382255326
192100 12.48246901770799
192200 11.251540739539696
192300 13.168537664543916
192400 14.149967795849681
192500 10.868673657747047
192600 11.838041828788914
192700 11.345699216071775
192800 10.130179301684015
192900 11.282785136781985
193000 12.001018098837957
193100 14.021094808400452
193200 13.345710028574894
193300 13.91630842374414
193400 14.330964643706569
193500 13.956516915520131
193600 14.064617702546293
193700 11.864994747864483
193800 12.67962137494304
193900 12.301698571268554
194000 15.026730576325532
194100 13.282630522021785
194200 13.485974582816967
194300 14.279022826128616
194400 13.337493682781107
194500 13.863058491708241
194600 12.672564477755104
194700 13.605561603173909
194800 13.763433593584839
194900 12.116260365619636
195000 12.628003775904526
195100 12.788993276690919
195200 13.201061471341134
195300 13.672003088380091
195400 14.358265991111402
195500 12.757456737577769
195600 12.77021741766472
195700 11.694720774202462
195800 12.99458562371867
195900 12.583135168254424
196000 11.484634970039771
196100 12.672803937734237
196200 10.50978386801154
196300 12.816595430449366
196400 13.314605801231975
196500 13.281195553332799
196600 14.110645211389254
196700 13.497985179377482
196800 12.70636789370453
196900 12.155671874652022
197000 13.455127684027946
197100 14.522941777761984
197200 14.464524332570535
197300 13.691488467159465
197400 13.73934730195412
197500 12.322878753332356
197600 12.79737763416649
197700 13.806364873561611
197800 14.088091307422326
197900 14.733422388548153
198000 11.462006295222016
198100 12.707213840997914
198200 14.151878729351411
198300 12.830139698264002
198400 14.876065984301523
198500 14.469872800431254
198600 13.938175505696176
198700 12.51266821199868
198800 12.928936754664566
198900 14.052422557305727
199000 12.140230161092985
199100 12.41705617926045
199200 13.885500596778677
199300 12.64054554201425
199400 14.059196784464383
199500 13.704617410211851
199600 12.629870469013426
199700 14.344908308658225
199800 12.015300870025095
199900 11.050724155245334
200000 11.876558287379252
