100 13.450137834148347
200 13.089950274249897
300 12.6946632477432
400 12.394228526141175
500 12.635905463579896
600 13.733292505275866
700 13.89781730474547
800 13.43583334379264
900 14.3403346189103
1000 12.557128800359658
1100 12.150713672746654
1200 12.712132169646699
1300 12.41986096140468
1400 12.756380400846115
1500 13.36257437708309
1600 13.82152776985773
1700 12.816193635592667
1800 14.224458998836766
1900 14.086011109941577
2000 13.329034468042096
2100 12.66953417203959
2200 12.958078170284947
2300 12.5247402004171
2400 12.849034491100603
2500 12.49755084133674
2600 12.34211348733454
2700 13.533406988989244
2800 13.486260053499851
2900 12.08268260769715
3000 11.020217380011124
3100 12.146462421870579
3200 13.369095032021153
3300 11.33918031032482
3400 13.15892886224447
3500 10.61542318781778
3600 11.230097751895519
3700 11.061274029261302
3800 11.632660411614745
3900 9.470188553544661
4000 8.825249737429548
4100 12.683625437474683
4200 12.590083933408534
4300 12.627705675859136
4400 11.72062969993689
4500 13.286062441701228
4600 14.736881630236168
4700 15.186572623479876
4800 14.48372160429
4900 13.526986473814677
5000 12.995352519529819
5100 15.135920465128033
5200 14.474906644898315
5300 14.546462855388423
5400 13.602615049824687
5500 12.959187539015316
5600 13.923506133912142
5700 12.205094351157113
5800 13.74548210820393
5900 14.8977612986987
6000 14.32442033739467
6100 14.469827713529902
6200 13.611549326840063
6300 13.699332546424154
6400 13.80581062317199
6500 14.631120721736773
6600 13.280909031885425
6700 14.25252496238145
6800 12.871737785897048
6900 12.739867292912407
7000 12.7899214760025
7100 12.742776961163022
7200 11.871215524575057
7300 13.328116087893742
7400 13.605549161349755
7500 13.08959069310236
7600 13.512443004536403
7700 13.18583371592768
7800 12.896325980496684
7900 12.290753252071374
8000 14.14500269542916
8100 15.611466427881405
8200 15.075475594913037
8300 13.738372816188598
8400 11.861320864552209
8500 12.122732812696324
8600 11.963908559093728
8700 12.767527440332415
8800 11.883123241754719
8900 12.39101981170792
9000 12.669293124427979
9100 13.75999906821626
9200 13.12907842392599
9300 12.85133256220426
9400 14.060400456366501
9500 14.720644112475442
9600 12.71976925677058
9700 14.111004623584927
9800 14.103169677559169
9900 14.43208407306747
10000 12.887743359750553
10100 12.345424859481973
10200 13.208780850552273
10300 13.315666480228545
10400 13.278951194020488
10500 14.179883757204026
10600 13.394696567207111
10700 14.242939431048104
10800 13.20228593995028
10900 12.350749029985153
11000 12.670110786378432
11100 13.897821192509483
11200 14.755007106725463
11300 13.917404479488779
11400 14.77204434766545
11500 15.15587730412134
11600 12.408480144547191
11700 13.68013013034874
11800 12.574735253226835
11900 12.553027032933294
12000 13.762323866558093
12100 14.193148416275456
12200 13.300295256455357
12300 13.978288402437519
12400 15.474023559523955
12500 12.559073233538012
12600 12.116656931965439
12700 13.57356900612381
12800 12.824526713854507
12900 13.110331300608935
13000 13.890017675197702
13100 13.153205518121684
13200 12.230534975948038
13300 13.358745928152056
13400 14.058873816721402
13500 14.813194220333832
13600 13.804173390784317
13700 14.844971637100775
13800 13.128979892162091
13900 14.139355749045627
14000 13.30432237955116
14100 13.223950388593625
14200 12.36682466001454
14300 14.00800359491816
14400 13.328284345749704
14500 12.109650940008988
14600 13.926952001763196
14700 12.035136797472736
14800 12.488409262467181
14900 13.405905399527242
15000 12.883209336368783
15100 10.814869965785348
15200 11.807241375641485
15300 13.750618605528363
15400 13.818590344808856
15500 13.853510755520555
15600 14.389198366436
15700 14.783210621487914
15800 15.50924324495008
15900 14.47374625056266
16000 13.568580613709218
16100 13.471223066894275
16200 12.728442588177455
16300 14.60162378118485
16400 11.660923336573521
16500 11.932574100404683
16600 13.388229630019204
16700 13.92594101212299
16800 12.088856961670063
16900 13.060036306131739
17000 12.347615869334081
17100 12.880152169974128
17200 14.601521782647374
17300 14.694074991399841
17400 15.272500393598277
17500 14.651953011583393
17600 14.511767819528536
17700 11.845908142621582
17800 11.731889845393626
17900 14.00956023310872
18000 14.981364432358896
18100 15.867762875998945
18200 13.934643033494007
18300 11.400159817290353
18400 12.376636323340442
18500 13.993484924413403
18600 15.384077124708996
18700 12.804979563497097
18800 11.977696259786148
18900 13.049939019772413
19000 13.191496423140673
19100 14.370325717998417
19200 14.2485178320097
19300 14.191749947362108
19400 14.022566797116855
19500 13.094761250030903
19600 13.767433822560074
19700 14.215561382199256
19800 13.511504979736372
19900 11.457157837680336
20000 12.001932040216271
20100 12.229212813285885
20200 14.194892128194136
20300 14.521170513877271
20400 13.635321324834214
20500 11.633455867328081
20600 12.376162677408901
20700 12.725890593350666
20800 12.279237163885801
20900 10.081905951619355
21000 12.804909268226405
21100 13.857278555864978
21200 13.862684672962345
21300 12.161566152805817
21400 12.288542846639608
21500 12.226479293198043
21600 14.723499900530737
21700 13.909804140231449
21800 12.514615744971747
21900 12.070557454978527
22000 12.830873103060368
22100 13.003140434509271
22200 14.686489406340815
22300 13.201459170587675
22400 13.31078235028246
22500 14.843971271706689
22600 15.431674164607655
22700 14.793054940341463
22800 14.439304035879132
22900 13.594943203828434
23000 13.743145475119634
23100 13.861309750766049
23200 12.831668382348687
23300 12.714595533348133
23400 13.863145912956869
23500 12.461339170454526
23600 11.939869809269899
23700 13.294378889142543
23800 12.674953687308706
23900 12.82536470108407
24000 14.382882755772041
24100 13.529366955605937
24200 10.687374173603262
24300 12.219145310182018
24400 13.057457526366482
24500 12.338248195827953
24600 13.10184956945617
24700 11.488242969989455
24800 11.596227159286325
24900 14.01061982800113
25000 13.776018984618752
25100 13.468145323187978
25200 13.90227737809046
25300 12.238634507889586
25400 12.251795418216458
25500 13.333366319100575
25600 13.017390917207726
25700 10.847361841127443
25800 12.423300362782086
25900 11.785493462539495
26000 12.485082755031765
26100 12.880098211228505
26200 13.194182508903062
26300 13.155224336654033
26400 14.150143562387868
26500 15.311611195123014
26600 13.930342028848841
26700 13.46895029738012
26800 12.793254585589235
26900 14.65720457760348
27000 14.512548306303557
27100 14.631420516877466
27200 14.139361829447145
27300 11.685041786097788
27400 12.651771386203611
27500 14.727987681301679
27600 14.336284414610171
27700 12.130130004194752
27800 12.151999500683731
27900 13.45392298554365
28000 14.01177307164729
28100 12.462192643767565
28200 13.267231835806427
28300 13.66299524294703
28400 14.281318600563988
28500 12.683145919263508
28600 12.99079607143891
28700 13.861209498527145
28800 11.349426256250238
28900 13.226049999414922
29000 11.764263240183274
29100 12.730560833789768
29200 13.44154370054601
29300 12.244071208931011
29400 14.0253479449815
29500 14.132167805062297
29600 14.297299441336103
29700 14.184543633857945
29800 13.222350747957679
29900 13.521482574462214
30000 12.949806349762255
30100 12.715580064070908
30200 12.608088185516475
30300 12.425845148650147
30400 11.466252960220435
30500 12.648450381053182
30600 12.195641803019535
30700 12.78824107414658
30800 12.280543049563034
30900 13.543860250826025
31000 14.036083374604095
31100 11.971567937657987
31200 13.619007676480033
31300 13.63698544217955
31400 13.930144345055773
31500 12.649387229865217
31600 12.24146086232173
31700 12.769713451992661
31800 13.254387346630548
31900 13.473461702205926
32000 14.184317761276944
32100 14.108905776488617
32200 14.489344203961899
32300 14.75161744469123
32400 12.822160564209234
32500 13.643086683104176
32600 12.402175002396966
32700 14.402784503568947
32800 15.295578043138153
32900 12.365913446080707
33000 12.233323272929225
33100 11.828870544480196
33200 12.400992383438858
33300 14.331610166539738
33400 11.47875667685124
33500 12.166044043123454
33600 13.756743878539114
33700 11.8140192176988
33800 12.717569745753245
33900 13.18284453939551
34000 12.457515520229778
34100 12.83411967644819
34200 15.117892968765208
34300 15.062829053509638
34400 13.926570033955954
34500 14.4409204707103
34600 13.148439969935117
34700 13.133047600561206
34800 12.725071773266443
34900 13.485345100851635
35000 13.659807083579302
35100 13.192542552581418
35200 12.367388056814557
35300 13.555389152654817
35400 14.327082831950088
35500 12.755857490640015
35600 13.435466002792268
35700 13.5658488869146
35800 13.004362527505437
35900 12.877297462705746
36000 11.491181823060211
36100 12.714460299643713
36200 12.446497844061795
36300 13.052601536526925
36400 12.603701078755584
36500 13.896194560050397
36600 13.751937963091125
36700 12.368082251250684
36800 12.031154055557657
36900 14.282830093872409
37000 14.625837126240997
37100 13.887680093664732
37200 14.276429227681431
37300 13.874092051208287
37400 14.93238387515753
37500 14.512519249061354
37600 13.564164268020155
37700 13.875920260292906
37800 12.12504808357874
37900 13.247696525564036
38000 14.470397613597326
38100 12.918494786104924
38200 14.12527684065064
38300 14.32461703294193
38400 14.193174989815931
38500 12.942433520795156
38600 12.152715914407155
38700 12.93685300377003
38800 13.02569575750604
38900 12.83821315010595
39000 12.73152119865759
39100 13.758251428057633
39200 14.70643965064245
39300 12.282440006869983
39400 12.704340753689603
39500 11.861892699139192
39600 14.425330586492619
39700 14.25609977004312
39800 13.663403533849483
39900 12.600820392983593
40000 13.603396963821726
40100 12.325119996485274
40200 14.820964996633366
40300 12.520599322038285
40400 12.252912224042193
40500 11.782350056537398
40600 12.366071855823877
40700 11.730741215162366
40800 12.488255501991652
40900 15.158161892013341
41000 14.386583269559015
41100 13.230131483070279
41200 12.4930276234077
41300 12.360341166587999
41400 13.842119126996792
41500 13.650258317743997
41600 14.720788111281204
41700 15.353537258339044
41800 14.956194513614488
41900 15.223920725994763
42000 14.011858788558458
42100 13.147883890646472
42200 12.97054927807123
42300 11.431516896081622
42400 13.028969086496913
42500 13.840600393182278
42600 13.067848491182076
42700 13.674653428102621
42800 14.09259160941437
42900 12.021325248518862
43000 12.626898448067923
43100 13.177076438116229
43200 13.004111276739293
43300 12.979448401939369
43400 13.085140109737024
43500 11.839573070116659
43600 12.898739461294618
43700 12.527589901010813
43800 12.612995012741882
43900 14.215738334323337
44000 11.05314708980635
44100 11.798331833753455
44200 12.442487134493843
44300 12.712651741833444
44400 13.809455950376357
44500 14.928166211173599
44600 14.787501176857608
44700 14.597191521739209
44800 12.814522765562188
44900 13.929667406076065
45000 13.2603768570722
45100 14.059781948860927
45200 13.934498890236874
45300 12.558333113998122
45400 14.457617177963819
45500 12.35015338556627
45600 13.979947818849427
45700 12.472877458147977
45800 13.923950120866426
45900 13.000312237437788
46000 12.796625042412368
46100 12.351058867370506
46200 12.01923635797004
46300 13.676995428438884
46400 13.805948134766929
46500 13.150053403320387
46600 13.422129720238022
46700 14.822264368623854
46800 12.663485934712043
46900 12.990965868381299
47000 14.315859226698274
47100 12.525455267975612
47200 12.907770164162718
47300 13.544901587140119
47400 12.140474008860318
47500 13.07934384813603
47600 13.574434751701157
47700 13.225655029980201
47800 12.506532316787903
47900 14.25965396910797
48000 14.179990488974436
48100 13.826807353106338
48200 12.363569826567533
48300 12.517180084537658
48400 14.572990071734651
48500 14.492035458454005
48600 15.009635369735735
48700 13.063043630673697
48800 13.250245248639027
48900 13.79309130047555
49000 13.323808761964955
49100 13.366502234032929
49200 13.835395014117003
49300 13.267219902129442
49400 12.913868940993096
49500 11.025994864342566
49600 12.266164544466868
49700 11.275018037658675
49800 12.181051157814268
49900 14.045779697156872
50000 14.026645270201074
50100 13.22426071377255
50200 14.475704119027705
50300 13.699127999821739
50400 13.01361813787445
50500 13.3293292461071
50600 14.038531093777442
50700 15.362397827378485
50800 13.846798261386928
50900 13.506649486127232
51000 13.077560440269119
51100 13.313890646572082
51200 13.967909713960262
51300 13.390017838245623
51400 11.677857729361317
51500 13.315461653055126
51600 12.273746254677775
51700 12.449853344988933
51800 13.852506971745806
51900 12.169719198601086
52000 11.846230557618822
52100 12.977526894745361
52200 13.376739410962674
52300 15.164376487295677
52400 13.993754953961423
52500 13.705955520431525
52600 12.915353428127366
52700 13.375078223514402
52800 13.704681072018436
52900 14.359615183653109
53000 11.481852590679722
53100 11.83454459439358
53200 11.334022953890193
53300 12.592999919594906
53400 11.711526278029147
53500 13.476088274544544
53600 12.695485643655763
53700 12.606752279441384
53800 13.90627586557289
53900 14.518108318566263
54000 11.608944036897553
54100 12.056659186057416
54200 11.641257163236592
54300 12.370884034461268
54400 13.742720454542942
54500 12.426045011136846
54600 12.794785788456934
54700 13.408322489949379
54800 14.238209578312272
54900 12.486211003659879
55000 13.627442257958549
55100 11.034149525170951
55200 12.709008677085714
55300 14.16458763195914
55400 14.586265133781634
55500 13.252110477064956
55600 12.291006862589297
55700 12.466506183664682
55800 13.685396562908538
55900 14.419688175642674
56000 12.664300710908591
56100 14.68032736965227
56200 15.004441158563376
56300 15.277529642761749
56400 14.027727057770749
56500 12.835693868674255
56600 13.763553356641976
56700 12.638503928890312
56800 13.375005279475214
56900 14.119372672908119
57000 13.973705378013165
57100 13.310224161269996
57200 13.947170802460624
57300 11.85104154845755
57400 13.0642141397821
57500 13.588610906708796
57600 12.198489442097905
57700 13.026717941664058
57800 12.588286852846629
57900 13.544153179089392
58000 13.363669771944389
58100 15.430747181847906
58200 12.222840680446025
58300 11.512551490679035
58400 11.0408746578733
58500 11.342045032260566
58600 10.848410888118861
58700 13.012015480971854
58800 12.797768977226168
58900 13.109869722074686
59000 12.858321497543
59100 13.810516666003403
59200 14.077607680276149
59300 14.228501930994712
59400 11.980940376484043
59500 12.390688302156608
59600 14.303297565214065
59700 14.714713007989275
59800 13.66434350365442
59900 13.782599219479062
60000 11.980030261546732
60100 12.175521725555376
60200 11.834419795159562
60300 13.287523100168737
60400 13.382165835210634
60500 14.022264963724956
60600 13.198347780867486
60700 12.766052556942878
60800 13.622950109371974
60900 14.245344630944599
61000 15.506557008069944
61100 13.997750713343738
61200 14.498653128808867
61300 12.555605669424805
61400 12.76436667222915
61500 14.046567293865511
61600 13.883406731182559
61700 13.883998499052694
61800 14.101244085041987
61900 14.400922369794628
62000 13.10323211766184
62100 14.668138293481604
62200 16.055970432462445
62300 14.581511518068316
62400 12.046608628967846
62500 12.752451263327556
62600 11.657450711151762
62700 12.733932760595751
62800 12.666247295593793
62900 14.288697036275122
63000 13.673141919730503
63100 13.52166788539805
63200 14.62901861369128
63300 15.89288981449624
63400 14.125477054387119
63500 13.403504636208131
63600 13.58868676512332
63700 13.521557554731277
63800 14.771504176834485
63900 13.784580133210332
64000 14.670218482780006
64100 11.94849986959319
64200 10.949057165492164
64300 13.583300311329557
64400 13.024293534522727
64500 13.210937848562462
64600 12.578056337959108
64700 12.775965039410393
64800 13.10390153055404
64900 12.028599071830966
65000 14.48611121656543
65100 13.269131690207189
65200 12.647015105621584
65300 14.527978255494231
65400 13.70698242876031
65500 13.65773866132022
65600 14.914753433113813
65700 14.82872842331956
65800 13.54260335053699
65900 14.512773939348588
66000 14.557864788454316
66100 14.416320416723787
66200 14.057052045014442
66300 13.521628758172522
66400 13.509012709772325
66500 14.426672646406745
66600 13.462952045798273
66700 13.170728803333224
66800 14.293276931931812
66900 13.799843304205506
67000 11.41639690248866
67100 11.705166446915722
67200 12.739679470200187
67300 13.70439542061808
67400 12.609764593331551
67500 13.110956093380336
67600 14.005010178158782
67700 13.8038200943871
67800 14.697491595897196
67900 14.57222421119634
68000 15.13023722616843
68100 15.276860208366736
68200 14.074415678264314
68300 14.657099644358967
68400 12.667664202602204
68500 13.941536460617847
68600 14.146435107506612
68700 12.756156298328976
68800 13.209865551454794
68900 14.27619121110607
69000 13.194540273505343
69100 13.418632771721377
69200 13.918304762512138
69300 13.55219395983328
69400 11.584454371523712
69500 11.651666438118907
69600 12.30956432060951
69700 14.419919163632931
69800 13.298265294262098
69900 14.962603046332406
70000 15.207530448804826
70100 12.571098528854534
70200 14.099923963052776
70300 13.965867611554314
70400 14.126791026323934
70500 14.639869633528912
70600 13.888290762518896
70700 14.167711253092161
70800 13.448548736129982
70900 13.59894422339612
71000 13.518168913256936
71100 14.548579252052168
71200 13.066166445666061
71300 14.157497277809856
71400 13.295324874720388
71500 13.544927163273167
71600 14.344402932238227
71700 11.058224940008499
71800 13.565790152391974
71900 11.831894775808884
72000 12.194143125660915
72100 13.940634213565081
72200 12.640821282837885
72300 11.178161241286809
72400 13.310527752128253
72500 14.44729408112064
72600 14.435636678416053
72700 13.969850417268772
72800 13.775445084802211
72900 15.158258077333404
73000 14.21977708154959
73100 13.526135742099266
73200 13.611340655066812
73300 12.570618652115924
73400 12.796715429249687
73500 13.812605736928674
73600 13.52740889709349
73700 12.856248384325548
73800 15.051190067543693
73900 15.488231536152304
74000 15.539459569277412
74100 14.063799532171506
74200 14.049640090783658
74300 13.95661674787172
74400 14.126956119728058
74500 14.105807965216943
74600 14.661493833624224
74700 14.717592876671489
74800 12.510750342473045
74900 13.379979022833478
75000 10.502102621817745
75100 13.17752611283053
75200 13.54840167921229
75300 13.49514665588168
75400 13.328226125174737
75500 12.740600175794466
75600 12.074638173076504
75700 14.237719056039122
75800 13.652513240574557
75900 12.416777607525892
76000 13.021664051002483
76100 13.987446432112996
76200 12.600916466455233
76300 12.492102377359265
76400 11.35330495369105
76500 13.711346068405577
76600 12.744618653177074
76700 14.21826219203797
76800 12.47834330589765
76900 13.313222980929861
77000 13.3304860097012
77100 12.953973377642455
77200 11.356561239435303
77300 11.797095678782648
77400 13.314661070708267
77500 12.752316645765406
77600 13.05428133159906
77700 12.509973902624195
77800 11.72698249955546
77900 12.322701471557309
78000 14.161299163438095
78100 13.113818253024528
78200 12.516648350168126
78300 13.514437824000787
78400 11.363098405889772
78500 12.508135802469617
78600 12.56870121106342
78700 12.036949430218986
78800 12.658736833663637
78900 11.638832456406355
79000 12.341775336617236
79100 13.430054184220726
79200 13.483407494854909
79300 12.833715559231583
79400 12.791431297331687
79500 13.123520072908748
79600 11.314004386256443
79700 12.205580087509361
79800 13.217513776695151
79900 13.815536441777581
80000 14.311652474298088
80100 15.551375592179138
80200 13.835094827513712
80300 12.349039731706135
80400 13.265804596126983
80500 12.9860467886744
80600 13.334860835518802
80700 11.45862311605935
80800 13.427186068474875
80900 14.063633840201016
81000 12.559113827637042
81100 12.635466079509822
81200 12.596475991619664
81300 13.232998274844793
81400 13.15159901738995
81500 13.607764602637744
81600 12.567507957716371
81700 11.97143755988907
81800 14.20020168275349
81900 11.748680781924433
82000 12.998237201228747
82100 12.667337018750763
82200 13.665654133805438
82300 12.142333105846534
82400 13.390876660401927
82500 13.510622237049857
82600 12.913641874831987
82700 13.260934994843076
82800 14.484421566995731
82900 13.4385654619226
83000 14.299467943602346
83100 14.15463723860744
83200 12.620085123368828
83300 12.895161963262384
83400 13.787176448683883
83500 12.864460832218867
83600 12.499405657822447
83700 15.141182787280437
83800 14.586566131158294
83900 14.509813699816513
84000 13.615965258420292
84100 11.685925111607949
84200 13.265193342031191
84300 13.17587928930696
84400 12.131020581473216
84500 13.113734950116143
84600 13.48213761385158
84700 14.103118898201735
84800 11.839599166856333
84900 13.762660277063308
85000 13.318319171816706
85100 14.474291259128115
85200 15.0899178083609
85300 13.290646971434095
85400 14.24929883609469
85500 14.561071818497997
85600 13.491426455265783
85700 13.927025154718207
85800 12.82346369654774
85900 13.888619958968718
86000 13.808146839292629
86100 13.593783802982065
86200 11.224615400504218
86300 12.667154579501636
86400 10.711904397701007
86500 11.948450807327538
86600 12.996248450053088
86700 12.636004456531364
86800 12.627270788831698
86900 13.446615330796105
87000 12.77596611671132
87100 13.78263922270643
87200 13.318270419326122
87300 12.186392235452681
87400 12.394748970551076
87500 13.445032343520085
87600 11.873683427088867
87700 13.073063884317799
87800 12.233440084010912
87900 13.388218945959393
88000 13.437260885752115
88100 13.466407998447789
88200 13.497641414510213
88300 14.053434602987153
88400 12.356566264978945
88500 12.160524297845985
88600 11.75875629939437
88700 12.84181811857078
88800 13.6550584084894
88900 13.22006143576909
89000 13.765597182627706
89100 14.218447436370964
89200 14.437269904578388
89300 13.555477439970087
89400 13.155641441457812
89500 14.84711217607821
89600 14.48439031975754
89700 13.978981677719315
89800 12.932848447624693
89900 13.902347310989606
90000 13.326609952168335
90100 11.039696751929661
90200 11.932789445739058
90300 12.139282432760147
90400 13.690819714572621
90500 12.94882334573989
90600 14.08190428217158
90700 14.437418119030388
90800 11.173099867295578
90900 11.898440929190754
91000 13.830354803911696
91100 12.880529807496202
91200 13.648229474979004
91300 11.410828289354578
91400 12.12795589590147
91500 11.538643951938793
91600 12.319033764293867
91700 13.210254692537589
91800 14.233119780327728
91900 13.03150759700965
92000 12.004985252576866
92100 12.566472148569513
92200 13.802399302586858
92300 13.901958303487008
92400 13.395030731656357
92500 12.89898451541359
92600 11.870425861678287
92700 11.702589679281626
92800 13.371307521711978
92900 13.997717518506116
93000 14.540569717896611
93100 13.805412482909388
93200 11.803116241169175
93300 12.537401979278217
93400 12.860208337290826
93500 13.958052192713483
93600 14.495349244595578
93700 12.548765673085924
93800 12.102818890987896
93900 12.852724353227867
94000 10.751596493289457
94100 12.841406257321042
94200 13.615753020162847
94300 14.114504915077188
94400 13.204108819252387
94500 13.237065082197814
94600 13.24804338233088
94700 14.235289582582768
94800 12.242276846128846
94900 12.590518091699558
95000 13.704645848925088
95100 13.44970092719482
95200 14.227407752980058
95300 13.802159212123737
95400 13.860099761686197
95500 14.56915773746637
95600 13.347699372230782
95700 13.471471380358349
95800 13.093877430872679
95900 13.030938399032264
96000 11.273544578818443
96100 11.372526232726743
96200 13.401142001825125
96300 12.92226692418939
96400 12.533287752864958
96500 11.429808710660268
96600 12.28374841958373
96700 12.687556901428396
96800 14.064117777380106
96900 13.663900819196279
97000 12.532258501162222
97100 14.303487606462422
97200 14.400247699093937
97300 13.537331837991397
97400 12.818390136543988
97500 12.897190754506587
97600 13.297260746186554
97700 13.815829819949343
97800 15.056614305692932
97900 13.695689815272566
98000 13.958760142650222
98100 13.880455908711564
98200 14.182502701611696
98300 15.19632916669682
98400 13.44163628337002
98500 12.136481402740108
98600 12.743562343620674
98700 12.266732321424048
98800 13.69731543412912
98900 13.390784841384104
99000 12.139853427831415
99100 12.369703338308438
99200 14.027052826558604
99300 14.092061288647507
99400 13.36503935602095
99500 12.583461881437435
99600 12.72916134834842
99700 14.016087448201237
99800 16.03481461412684
99900 13.647085967482635
100000 15.138549832743513
100100 14.549710271949264
100200 12.760379945961882
100300 12.426714120390972
100400 12.474800680804043
100500 12.567889974739733
100600 13.187431198459421
100700 13.351322623293008
100800 13.714995329419772
100900 12.064157106099195
101000 13.894021298221451
101100 14.45597655773889
101200 13.793997271739853
101300 13.887270200938023
101400 14.415436170691892
101500 12.825272753637313
101600 12.896594475008811
101700 13.2383265646957
101800 14.046337625300538
101900 13.709179809690282
102000 12.512350562818359
102100 12.83779314290343
102200 12.80946134730735
102300 11.96365262480251
102400 14.591233119745123
102500 12.005688152250272
102600 12.49750955585557
102700 12.623506521824906
102800 12.478830810673811
102900 12.735223005940705
103000 12.93666155558725
103100 12.411804582934302
103200 11.77194678080003
103300 11.797779896067633
103400 13.052989002844406
103500 13.97387273290852
103600 13.47741265824852
103700 14.470698106244846
103800 13.838846134011408
103900 13.204711293403859
104000 13.516381362479827
104100 13.475324935349416
104200 14.493569025879303
104300 15.49949188927825
104400 15.76177982802532
104500 14.2275764371065
104600 12.640916069502978
104700 13.029221399821571
104800 13.505062019515389
104900 12.85194112059872
105000 12.739134569768689
105100 12.012824634457317
105200 11.427195211494292
105300 11.909956193143048
105400 12.871818562666094
105500 12.570887972366336
105600 12.402465950868178
105700 11.239602656154593
105800 12.304326071899498
105900 12.028927567495666
106000 12.839940256431172
106100 12.432227160781244
106200 12.591468927928581
106300 12.370689065491877
106400 12.61073601229569
106500 13.967422425415979
106600 13.111746617117571
106700 11.839391250992577
106800 11.957802037795409
106900 12.890040643305555
107000 13.430475992400938
107100 13.062496654832831
107200 10.673916636452697
107300 12.259111698064723
107400 14.181689079848853
107500 13.624533455714205
107600 12.28941547421015
107700 13.491417335883474
107800 12.932124986644391
107900 12.315798230752044
108000 13.473681295912332
108100 13.159697373751229
108200 13.832097026159138
108300 12.555321756210008
108400 11.269446972714965
108500 11.838043978819172
108600 12.892994129021883
108700 12.193981035782306
108800 13.984934534296306
108900 13.157336526175923
109000 11.511791531704901
109100 11.710657634688987
109200 13.217898082170684
109300 13.798777079713645
109400 13.201082946825855
109500 12.463156594047943
109600 11.613781994985729
109700 12.081051236988746
109800 13.525871127329818
109900 12.239108919446807
110000 11.899032218643823
110100 11.837752930158008
110200 12.411521825124312
110300 12.869531389283573
110400 13.647755504667815
110500 14.344611631186027
110600 13.889551857508877
110700 13.079386004042922
110800 13.140348248148493
110900 13.943796097676069
111000 13.20117056193936
111100 12.942978597122607
111200 13.165878134611141
111300 10.871548900778917
111400 12.25101845877115
111500 13.18143374287588
111600 11.556857136815456
111700 12.344313576283271
111800 12.263798396772515
111900 12.43488728408677
112000 13.55783444929255
112100 13.193291241129705
112200 12.316272205194629
112300 12.928907443451926
112400 12.41272178468472
112500 12.370159823389491
112600 14.275746856292454
112700 12.304290326616453
112800 13.043930556909585
112900 12.630665078182137
113000 13.638742659423395
113100 13.114932503151074
113200 13.463516431471934
113300 14.498301368325764
113400 11.676757687709237
113500 12.904454908717947
113600 13.676931185401854
113700 13.5739764595662
113800 14.551776746265372
113900 11.705471443464683
114000 12.935424921176255
114100 12.605992557702413
114200 13.669170024001883
114300 13.588049779181848
114400 14.623245780517252
114500 14.796181926416521
114600 13.008841414458702
114700 12.241952235237997
114800 11.922400110122247
114900 12.547936708553454
115000 13.899153550500879
115100 13.333196661455933
115200 13.3399791256996
115300 14.166801631155392
115400 13.695979541948915
115500 13.803862377345144
115600 14.84676816866214
115700 13.859173476233671
115800 12.681471486909635
115900 13.241610049337151
116000 12.635878937127053
116100 11.741831832297171
116200 12.42163469870295
116300 14.74614005342702
116400 14.364006206761413
116500 14.56042527930543
116600 16.207005187973355
116700 15.881446668663246
116800 14.69683171856767
116900 14.242004920346119
117000 14.203360530797765
117100 13.569574789351064
117200 14.237765867727555
117300 14.719689412137113
117400 14.946367712538846
117500 13.074436690239065
117600 14.003655553039737
117700 13.691275706126651
117800 13.428597955927932
117900 13.445774697273539
118000 10.982868654310746
118100 12.404337386143153
118200 13.891703618756177
118300 12.451784723505911
118400 12.89860200860009
118500 12.86070822364194
118600 14.052146251333912
118700 12.973882865516996
118800 13.588491714713895
118900 12.555143292280391
119000 13.600284058093612
119100 13.022539551528123
119200 12.99830021135345
119300 13.355535278652816
119400 12.000805460327316
119500 12.82596874449295
119600 13.102429827671623
119700 14.0575621810351
119800 11.378788423373376
119900 11.55541488733062
120000 14.624915406249587
120100 14.108341507664754
120200 12.801270321680558
120300 13.26075490547507
120400 12.846511677632893
120500 12.881978592486306
120600 13.930997950611937
120700 13.75277254881407
120800 12.412706075375805
120900 13.451298946489416
121000 13.055180570125513
121100 13.454819885382749
121200 11.92090546710868
121300 12.603072700908452
121400 14.406543161908946
121500 14.130143584083756
121600 12.271844096564692
121700 13.202656167422465
121800 12.484590358735261
121900 13.657813888061597
122000 14.26944629879303
122100 14.610796060497897
122200 14.228263111338762
122300 12.589335627830517
122400 14.113187252683232
122500 14.113528478949636
122600 13.218261700599292
122700 12.876328776342389
122800 13.636802808426932
122900 13.00473349962392
123000 13.417023022869289
123100 13.212619423080572
123200 13.100021822090515
123300 13.879365297266844
123400 13.258863099216429
123500 13.200003230550463
123600 13.263762347771294
123700 12.443900103730364
123800 13.626157344564746
123900 14.530966948077943
124000 14.106615000569546
124100 13.931375506120824
124200 14.27675288072535
124300 13.917634107442728
124400 13.64388410874592
124500 12.984928570561634
124600 13.63075852782431
124700 14.293691434753553
124800 12.665841012885203
124900 12.131577821878631
125000 13.53948080490471
125100 12.828780072619843
125200 13.165553717797355
125300 12.709982836303405
125400 13.505604448568645
125500 12.182395221372895
125600 14.143595920160413
125700 13.709646942555283
125800 13.54563624503883
125900 11.489712271413554
126000 12.74518809848093
126100 12.704016966451416
126200 13.767781848392078
126300 13.023781032520974
126400 12.175180704861274
126500 12.815447873932197
126600 13.331909594792627
126700 13.567555361911975
126800 13.4920480121199
126900 13.578712652477835
127000 13.228402118797463
127100 13.990170385431933
127200 12.135170957094537
127300 12.756305468991519
127400 11.181096482051338
127500 12.831556242463979
127600 12.644361342421222
127700 13.785581331674015
127800 14.241840770213926
127900 12.089774740433386
128000 12.607150143724708
128100 12.84801281025805
128200 13.510225936881316
128300 12.27881262222452
128400 13.00522988777653
128500 12.92012759110543
128600 13.782936146386577
128700 13.305623188538263
128800 12.293788712578058
128900 12.107869728171647
129000 11.705712789439803
129100 11.784270178630463
129200 14.435677925156284
129300 14.150548031887116
129400 11.967816964963705
129500 13.556244239965944
129600 13.039398368914245
129700 13.783695897766162
129800 13.90739718300909
129900 14.000653938105751
130000 12.94239095011005
130100 12.392817806256724
130200 13.100937922090163
130300 14.475073145254706
130400 14.1041839990123
130500 11.876423269424992
130600 10.766164672439224
130700 13.812930709335443
130800 13.938673026508877
130900 11.638701381356226
131000 13.069257913170134
131100 12.680142580055698
131200 13.526904145990956
131300 14.642626181656766
131400 13.254124487671096
131500 13.754003401412206
131600 13.82286537295704
131700 14.183348283446508
131800 12.646029918699092
131900 11.32839426926137
132000 14.035809048929588
132100 12.713228298216881
132200 12.090397511005513
132300 13.640911417185974
132400 13.933209707028285
132500 12.395380532970929
132600 11.718963297359423
132700 13.179246080531941
132800 13.909604228255564
132900 12.958442519049864
133000 12.681233183455882
133100 13.452382837108413
133200 15.021833582144899
133300 13.204776966810009
133400 13.01998536704941
133500 13.226813973603084
133600 13.467610406027402
133700 13.971957684733134
133800 11.590474619804679
133900 13.458126695417853
134000 14.225547493736935
134100 12.315763381281931
134200 13.766919286893325
134300 14.894686533548157
134400 14.789158268970759
134500 15.710319903102588
134600 13.466727081283544
134700 14.374673827245193
134800 14.998925336285595
134900 15.07329199006323
135000 13.222135775857428
135100 13.114243701888103
135200 12.725186976622824
135300 13.018947211816663
135400 12.528287223834178
135500 13.258108049402598
135600 13.099405300870696
135700 12.953799173184457
135800 12.352623488111245
135900 13.46871894226383
136000 12.693314407476668
136100 13.573396908598928
136200 14.444114529766392
136300 13.764101501969884
136400 11.728980982636031
136500 13.097486436512277
136600 12.364754436350074
136700 13.101894535593459
136800 13.373162824216692
136900 14.34759003298833
137000 12.480653870078237
137100 14.634432207699307
137200 13.74714723373108
137300 11.799989058584176
137400 12.449821608267458
137500 13.275014968917358
137600 12.659063592464475
137700 13.977444708211173
137800 11.754115438163982
137900 14.311623306719818
138000 13.457764958343837
138100 11.940164404383449
138200 13.443990279817507
138300 13.023128816999549
138400 12.877520404246857
138500 14.189999227455322
138600 12.419653597670042
138700 13.169127686508196
138800 14.212871068716206
138900 13.923005799431722
139000 12.660255896193021
139100 11.598744966694769
139200 11.622127213517453
139300 13.300315612759443
139400 13.311102712040386
139500 12.501758933372471
139600 12.742552592866653
139700 12.088557122050085
139800 12.409610774628902
139900 12.581524789370206
140000 12.458543741689454
140100 12.338487335835831
140200 12.743053705862092
140300 12.451436196687952
140400 14.343888173469214
140500 14.065211540350678
140600 14.360168469110839
140700 13.1200627511978
140800 13.24170393899397
140900 13.933560931800661
141000 14.06733500652549
141100 15.595059388983215
141200 15.054999962251907
141300 14.466173691407823
141400 13.895767139515376
141500 13.34986114054936
141600 13.004754588088053
141700 13.35052062723755
141800 14.097861180624845
141900 14.257855122217869
142000 13.159721662119656
142100 14.001370343247183
142200 11.42247720860437
142300 13.127609839494376
142400 12.940770951117191
142500 14.158952427568156
142600 13.568325783996453
142700 15.07917198470939
142800 15.620294400814771
142900 13.72906814959658
143000 11.265462823914048
143100 11.940233455256239
143200 13.406734295442691
143300 13.507314834439914
143400 13.095981494005422
143500 13.162954758173052
143600 14.546059794526798
143700 14.03348826805434
143800 13.947897233260472
143900 14.108091592244119
144000 12.701393535107098
144100 11.572522546269703
144200 12.223862493175195
144300 11.946512552695394
144400 12.747183360350913
144500 12.485965996182772
144600 13.636169857607513
144700 14.509612852523357
144800 13.508078545103219
144900 14.805616277003606
145000 14.585367922629482
145100 14.057513871263124
145200 12.987136125912293
145300 13.04142109779527
145400 11.680742055130116
145500 13.419207118349318
145600 11.842118656605727
145700 11.857044984948512
145800 11.568637940466836
145900 14.400536782485998
146000 14.808172040761029
146100 13.162053501177041
146200 14.399398061183918
146300 14.720993545521997
146400 14.545282529861655
146500 14.168342144109893
146600 12.800874038675488
146700 13.159432041161546
146800 14.350355623297947
146900 11.949466671360582
147000 12.375669206487897
147100 12.326183637876143
147200 13.32439439679558
147300 13.259868291702814
147400 13.330321560047327
147500 11.967719028552073
147600 13.614369742675194
147700 13.049484182250186
147800 13.314324248874323
147900 12.242387882726792
148000 13.174875689330923
148100 14.212843749751878
148200 13.816654826931426
148300 14.128776602431097
148400 12.825538972096192
148500 11.669684071060873
148600 12.45629988895414
148700 12.810015065669754
148800 11.27389415977618
148900 13.211121051637141
149000 13.748180716096371
149100 14.095678700428051
149200 13.79248362155589
149300 14.975612492758557
149400 14.479272105747038
149500 13.719459081113508
149600 11.973304502151773
149700 13.064058072850427
149800 12.766628189390811
149900 13.77571302951177
150000 12.900352168323524
150100 11.030476628714775
150200 11.645346805173235
150300 13.67667393575499
150400 14.290325561423503
150500 15.229989033401985
150600 12.887624680492387
150700 14.536687394322861
150800 11.774975483596954
150900 13.297494252970546
151000 14.431031867870484
151100 15.523622674618366
151200 13.954355084517113
151300 13.481502451291076
151400 13.303017090530211
151500 12.707560332406716
151600 13.557909429230266
151700 13.82447774555133
151800 12.99591224341439
151900 15.657931619171192
152000 14.672307937164797
152100 13.578225405091235
152200 12.335306363154595
152300 13.12948497998769
152400 14.279788071043098
152500 15.394743964605732
152600 15.11372597090612
152700 14.20402722220469
152800 13.637710954671705
152900 13.088624704382193
153000 11.18447199614661
153100 13.87679977787264
153200 13.98534329927494
153300 14.47000323740998
153400 13.934611104663228
153500 14.06523313601377
153600 13.46019221239965
153700 12.623609825442516
153800 12.27005786897792
153900 13.285751247536929
154000 13.834754315860975
154100 13.351085847589319
154200 13.84533483361703
154300 13.697736595206504
154400 13.139047836594036
154500 13.578782433553572
154600 14.240005460195468
154700 15.656671412224355
154800 13.8192841399865
154900 14.609521823620177
155000 13.54690627231406
155100 12.878364400536263
155200 10.474203331724468
155300 12.443464898128953
155400 12.007888957827038
155500 12.522433917654451
155600 13.029099624531195
155700 12.97342431655876
155800 13.944361861262774
155900 13.493494279278622
156000 13.119610689319574
156100 12.671279300386743
156200 13.735206234333738
156300 11.53879911306893
156400 13.643551655994491
156500 12.318884561617292
156600 12.234124200842633
156700 11.816590982830927
156800 13.488285907714634
156900 11.96395560852742
157000 13.875102657633704
157100 13.985939446262345
157200 12.946505913191956
157300 11.698796974341752
157400 11.661495564237171
157500 14.123229733919302
157600 13.62480046671029
157700 13.103104768042055
157800 12.107225193649798
157900 14.372145779384825
158000 15.336388201770275
158100 14.81816983230559
158200 12.686451965214516
158300 12.757853328249283
158400 12.923132510418409
158500 11.885135573898966
158600 13.771492727588345
158700 15.212909013073794
158800 13.57013589913399
158900 11.764246008194663
159000 12.535612571101312
159100 14.025703742810812
159200 11.79733299717654
159300 11.363865165653218
159400 14.06485353994029
159500 14.90984800283219
159600 13.2700013820562
159700 12.419578704739246
159800 13.928690219916176
159900 11.68615382145552
160000 12.188792049469036
160100 12.366492678837972
160200 11.392529830065657
160300 13.245580423018701
160400 13.147418186155855
160500 12.564804474250945
160600 11.75954611771793
160700 13.264266126613757
160800 13.762991032030282
160900 12.475199357144062
161000 14.238824589904187
161100 13.995303424588615
161200 12.162717551114003
161300 13.724593324521766
161400 12.455938688325473
161500 13.07661439587725
161600 13.748618555682006
161700 12.59999630935604
161800 11.27343281278544
161900 10.95194593496274
162000 11.71411833471795
162100 13.101334072154545
162200 12.443560294278816
162300 12.527132706365613
162400 13.360893113917601
162500 12.803758210712193
162600 13.376896969182175
162700 12.434493811497111
162800 12.09083016656773
162900 13.402287726687344
163000 12.715419282988027
163100 12.785332466108132
163200 14.712229823892324
163300 13.32836296956319
163400 14.289630355810626
163500 13.662292827971065
163600 13.523713201469226
163700 12.101680295562216
163800 11.940057582774179
163900 12.722680134244056
164000 15.013989928183685
164100 14.487913865915742
164200 13.331851714023122
164300 14.801890326889572
164400 14.540412708465967
164500 13.937244379674764
164600 12.960392083028925
164700 13.17820325199249
164800 13.961242956477472
164900 12.934253305358153
165000 13.25347975116646
165100 13.667514510084095
165200 12.269680120680361
165300 13.855586431979779
165400 13.747704575568838
165500 12.00665264349767
165600 13.604169098873207
165700 12.580112308118592
165800 15.039841840597768
165900 13.714877017906044
166000 12.640582240479505
166100 11.461199068432808
166200 14.15410987278515
166300 13.980145496584822
166400 12.707767334148288
166500 11.964206275886491
166600 11.778041382578563
166700 12.364685662537672
166800 12.920138670100503
166900 13.391681805379097
167000 12.299846236089754
167100 13.040173249510671
167200 13.850150580702385
167300 14.486912621595362
167400 12.770186001004799
167500 13.516287385870625
167600 10.755798785469006
167700 12.335189787855114
167800 13.831576558330724
167900 13.50845429162812
168000 11.386555674677485
168100 11.894152952403273
168200 13.028955534817946
168300 13.7589247872384
168400 13.359973940752793
168500 15.246632579359757
168600 15.037332562601456
168700 15.215016244153416
168800 13.595431259314301
168900 13.64913179981756
169000 13.120242096551191
169100 13.829088669275233
169200 14.462258898237208
169300 11.754086320515418
169400 11.268956579480271
169500 11.307936549890115
169600 12.964479598068108
169700 11.510690530002158
169800 12.004963448618525
169900 13.285246145648925
170000 12.842090076444498
170100 13.364787107378847
170200 13.108515574106962
170300 13.265147548760032
170400 13.71361636545241
170500 13.969823027742978
170600 11.71755660049467
170700 12.941533557696925
170800 11.204895046918859
170900 11.893099590230065
171000 13.039700100695866
171100 13.194858279079975
171200 11.483426402562904
171300 11.302162282522872
171400 13.301441121980226
171500 11.98817115242643
171600 13.08384391093909
171700 12.832577763395156
171800 12.62224859525335
171900 14.043362208646826
172000 13.589833724562077
172100 13.36790219252884
172200 14.267721951651584
172300 15.073249912767748
172400 14.605469273208051
172500 12.661644751170043
172600 12.804834301706224
172700 11.588096397833578
172800 12.147313366628415
172900 12.573824915902918
173000 13.284544417678317
173100 15.186750960912672
173200 10.752483911024452
173300 12.628608914669885
173400 13.83020789260272
173500 14.6696828606626
173600 13.900169432747692
173700 11.837447454428432
173800 11.237997257805095
173900 12.767458965256388
174000 15.132257142660228
174100 13.71400774682378
174200 13.23276197292516
174300 15.9766985773661
174400 15.076683190838928
174500 14.655726495109402
174600 13.182312056550622
174700 12.341327765746948
174800 13.659771817917854
174900 13.467289917288776
175000 13.098562775293434
175100 13.182892230239666
175200 13.480925841865142
175300 13.150486636438446
175400 13.228721786306524
175500 15.352944666285243
175600 14.681960874705243
175700 12.74419779366588
175800 12.497062452385604
175900 12.554812658033647
176000 13.16046721814992
176100 14.344210722563172
176200 14.38809065024807
176300 13.092099781502888
176400 13.442387775044757
176500 13.418483371314752
176600 12.727883658605958
176700 14.614208634548413
176800 15.90808890275631
176900 12.96404637645913
177000 13.778912361089576
177100 14.906690999620857
177200 14.739036900014247
177300 14.73399957496547
177400 13.788216518638531
177500 13.994719107480845
177600 14.606335811987247
177700 13.838652825406886
177800 12.532933443073139
177900 11.298699010570646
178000 10.873412680365758
178100 13.501028582317268
178200 13.102387416996972
178300 13.782979727054864
178400 15.257065846677365
178500 13.9083930635913
178600 13.912972838389612
178700 13.332218066053784
178800 15.568335717613405
178900 13.498044575313779
179000 13.451743791775158
179100 11.365895388931909
179200 12.616702321536625
179300 13.67586541635779
179400 13.618388355487015
179500 12.636414508775054
179600 11.640493000537358
179700 12.275137481615062
179800 15.312619247221122
179900 14.911812740354128
180000 13.401473340170499
180100 11.92089348554975
180200 12.635990901791592
180300 12.94985014781889
180400 12.241141193688518
180500 14.146584516217251
180600 12.565168551459644
180700 12.996497916266579
180800 13.532896929026293
180900 13.05741063834332
181000 12.041121180323676
181100 12.373281335693237
181200 14.244856605585566
181300 13.26638558403117
181400 11.096197997232043
181500 13.41647630142278
181600 13.858962231950182
181700 14.582143497808131
181800 14.092449724268771
181900 12.058823084406049
182000 12.664209103809956
182100 12.195737354422269
182200 10.726064066691503
182300 13.043227632173938
182400 11.581187822474593
182500 12.867703749260453
182600 12.722189700158973
182700 12.92218875117791
182800 13.000657008944646
182900 14.327760325353076
183000 13.173805240332394
183100 11.724660954089206
183200 11.293301310705239
183300 13.060514950724155
183400 12.893925599738914
183500 12.570689105210043
183600 14.52703949290445
183700 12.521262782541116
183800 12.248046956876165
183900 11.948869411607172
184000 11.775772896963753
184100 13.218620644826697
184200 12.312104969625175
184300 13.610150385179562
184400 13.734486076684204
184500 13.03884630643037
184600 12.113151876211987
184700 12.999742771369899
184800 13.595095818405117
184900 14.245857401608225
185000 13.29579506651337
185100 12.695423787527774
185200 13.120942995956735
185300 13.732231205677387
185400 13.029304055707383
185500 11.967936636904172
185600 12.97982268956128
185700 14.074916357003021
185800 14.738660279098577
185900 13.719804894646384
186000 13.001809283756517
186100 13.40384894196049
186200 13.701649849074514
186300 13.094126155952694
186400 13.010853108792846
186500 11.554628713460259
186600 12.768176693208899
186700 14.366544690925432
186800 12.863496709426329
186900 13.836678075653694
187000 13.753989059915986
187100 14.189058204513127
187200 13.271844744760267
187300 13.265385808183625
187400 13.800422913845333
187500 13.753757204900642
187600 14.010677730495859
187700 13.801006296108692
187800 13.345074901800709
187900 13.677805054907006
188000 14.349635365651192
188100 13.763343407534412
188200 13.024498049001005
188300 12.858558293639794
188400 13.758016158523889
188500 13.21005700515084
188600 12.543873042618783
188700 13.662976988757396
188800 13.14571219594805
188900 12.368396761564139
189000 13.926813327354123
189100 12.724253152563863
189200 13.17345556054656
189300 14.007995862989217
189400 13.794531573240205
189500 13.011139239850543
189600 12.13211169912206
189700 12.838635797135968
189800 12.881912145519737
189900 12.628816071178928
190000 14.397634848093082
190100 15.014840927978177
190200 11.440380906757046
190300 12.981056576489403
190400 10.995559419268552
190500 14.034794982116685
190600 14.066058549487396
190700 12.571596493344165
190800 14.045032361192078
190900 11.402383766498595
191000 11.698497494842288
191100 13.651010465984713
191200 13.25477972505409
191300 15.514356724765047
191400 12.339407553610346
191500 14.07043846431768
191600 12.309949091284874
191700 13.941042298180543
191800 12.984715522887734
191900 13.09770155151147
192000 12.377962165824854
192100 12.572222558572838
192200 13.219842637841253
192300 15.007627664421998
192400 14.409869284215148
192500 13.794694784736624
192600 14.350560541219023
192700 12.63390991721883
192800 12.859154556736126
192900 12.048874232115615
193000 12.221713725817525
193100 12.510294142241554
193200 12.892377854302481
193300 13.865822591763333
193400 13.984078701378563
193500 13.549163889312135
193600 14.274609373474494
193700 12.477913883967403
193800 12.451635162591575
193900 13.099510348028156
194000 14.048041861859742
194100 13.677066124506469
194200 12.393306720070237
194300 13.137481971399296
194400 13.205679457597183
194500 12.915346584962489
194600 13.567013885266034
194700 13.41312734430786
194800 12.983879070024892
194900 14.005964325663538
195000 14.091619450947109
195100 14.528404868107701
195200 12.8893682391047
195300 12.736720631022905
195400 14.37201976100131
195500 11.954968862901747
195600 12.131654166627005
195700 12.807064456390979
195800 13.74677406784065
195900 13.65478195271419
196000 14.507725985437816
196100 13.773704184930573
196200 15.215411381501479
196300 14.546518164220185
196400 13.068883375256977
196500 11.330191996766342
196600 14.06769910108572
196700 14.019963051149903
196800 15.284110015134386
196900 14.13975478879702
197000 12.919072936820367
197100 12.288204101643306
197200 13.543043201670695
197300 13.723985183696813
197400 13.274696176457505
197500 13.924810138860947
197600 13.36868723241089
197700 12.505893901132577
197800 13.220871860931146
197900 14.30495790632509
198000 14.840239547998339
198100 12.446804582189243
198200 12.684998237262086
198300 14.28016861176116
198400 13.842756000648718
198500 14.087462316991186
198600 13.183323690154769
198700 13.846319978205088
198800 14.83553738768779
198900 11.99889545110465
199000 13.01331899004507
199100 12.499155868285648
199200 12.7904210593116
199300 14.376650440321121
199400 13.08309800596355
199500 13.5301870740237
199600 14.05516786805205
199700 12.380237785625669
199800 12.808123158648847
199900 14.185196904466993
200000 12.85529182689845
