100 -10.94751
200 -9.88574
300 -8.69577
400 -9.49872
500 -9.46864
600 -9.8743
700 -9.46831
800 -9.52063
900 -9.57109
1000 -9.94312
1100 -9.99246
1200 -9.93665
1300 -9.81332
1400 -9.97524
1500 -9.99672
1600 -9.99956
1700 -9.99994
1800 -9.99999
1900 -10.0
2000 -10.0
2100 -10.0
2200 -10.0
2300 -10.0
2400 -10.0
2500 -10.0
2600 -10.0
2700 -10.0
2800 -10.0
2900 -9.50255
3000 -6.65237
3100 -9.5008
3200 -9.9338
3300 -9.99122
3400 -9.99884
3500 -9.99985
3600 -9.99998
3700 -10.0
3800 -10.0
3900 -10.0
4000 -10.0
4100 -10.0
4200 -10.0
4300 -10.0
4400 -10.0
4500 -10.0
4600 -10.0
4700 -10.0
4800 -10.0
4900 -10.0
5000 -10.0
5100 -10.0
5200 -10.0
5300 -10.0
5400 -10.0
5500 -10.0
5600 -10.0
5700 -10.0
5800 -10.0
5900 -10.0
6000 -10.0
6100 -10.0
6200 -10.0
6300 -10.0
6400 -10.0
6500 -10.0
6600 -10.0
6700 -10.0
6800 -10.0
6900 -10.0
7000 -10.0
7100 -10.0
7200 -10.0
7300 -10.0
7400 -10.0
7500 -10.0
7600 -10.0
7700 -10.0
7800 -10.0
7900 -10.0
8000 -10.0
8100 -10.0
8200 -10.0
8300 -10.0
8400 -10.0
8500 -10.0
8600 -10.0
8700 -10.0
8800 -10.0
8900 -10.0
9000 -10.0
9100 -10.0
9200 -10.0
9300 -10.0
9400 -10.0
9500 -10.0
9600 -10.0
9700 -10.0
9800 -10.0
9900 -10.0
10000 -10.0
10100 -10.0
10200 -10.0
10300 -10.0
10400 -10.0
10500 -10.0
10600 -10.0
10700 -10.0
10800 -10.0
10900 -10.0
11000 -10.0
11100 -10.0
11200 -10.0
11300 -10.0
11400 -10.0
11500 -10.0
11600 -10.0
11700 -10.0
11800 -10.0
11900 -10.0
12000 -10.0
12100 -10.0
12200 -10.0
12300 -10.0
12400 -10.0
12500 -10.0
12600 -10.0
12700 -10.0
12800 -10.0
12900 -10.0
13000 -10.0
13100 -10.0
13200 -10.0
13300 -10.0
13400 -10.0
13500 -10.0
13600 -10.0
13700 -10.0
13800 -10.0
13900 -10.0
14000 -10.0
14100 -10.0
14200 -10.0
14300 -10.0
14400 -10.0
14500 -10.0
14600 -10.0
14700 -10.0
14800 -10.0
14900 -10.0
15000 -10.0
15100 -10.0
15200 -10.0
15300 -10.0
15400 -10.0
15500 -10.0
15600 -10.0
15700 -10.0
15800 -10.0
15900 -10.0
16000 -10.0
16100 -10.0
16200 -10.0
16300 -10.0
16400 -10.0
16500 -10.0
16600 -10.0
16700 -10.0
16800 -10.0
16900 -10.0
17000 -10.0
17100 -10.0
17200 -10.0
17300 -10.0
17400 -10.0
17500 -10.0
17600 -10.0
17700 -10.0
17800 -10.0
17900 -10.0
18000 -10.0
18100 -10.0
18200 -10.0
18300 -10.0
18400 -10.0
18500 -10.0
18600 -10.0
18700 -10.0
18800 -10.0
18900 -10.0
19000 -10.0
19100 -10.0
19200 -10.0
19300 -10.0
19400 -10.0
19500 -10.0
19600 -10.0
19700 -10.0
19800 -10.0
19900 -10.0
20000 -10.0
20100 -10.0
20200 -10.0
20300 -10.0
20400 -10.0
20500 -10.0
20600 -10.0
20700 -10.0
20800 -10.0
20900 -10.0
21000 -10.0
21100 -10.0
21200 -10.0
21300 -10.0
21400 -10.0
21500 -10.0
21600 -10.0
21700 -10.0
21800 -10.0
21900 -10.0
22000 -10.0
22100 -10.0
22200 -10.0
22300 -10.0
22400 -10.0
22500 -10.0
22600 -10.0
22700 -10.0
22800 -10.0
22900 -10.0
23000 -10.0
23100 -10.0
23200 -10.0
23300 -10.0
23400 -10.0
23500 -10.0
23600 -10.0
23700 -10.0
23800 -10.0
23900 -10.0
24000 -10.0
24100 -10.0
24200 -10.0
24300 -10.0
24400 -10.0
24500 -10.0
24600 -10.0
24700 -10.0
24800 -10.0
24900 -10.0
25000 -10.0
25100 -10.0
25200 -10.0
25300 -10.0
25400 -10.0
25500 -10.0
25600 -10.0
25700 -10.0
25800 -10.0
25900 -10.0
26000 -10.0
26100 -10.0
26200 -10.0
26300 -10.0
26400 -10.0
26500 -10.0
26600 -10.0
26700 -10.0
26800 -10.0
26900 -10.0
27000 -10.0
27100 -10.0
27200 -10.0
27300 -10.0
27400 -10.0
27500 -10.0
27600 -10.0
27700 -10.0
27800 -10.0
27900 -10.0
28000 -10.0
28100 -10.0
28200 -10.0
28300 -10.0
28400 -10.0
28500 -10.0
28600 -10.0
28700 -10.0
28800 -10.0
28900 -10.0
29000 -10.0
29100 -10.0
29200 -10.0
29300 -10.0
29400 -10.0
29500 -10.0
29600 -10.0
29700 -10.0
29800 -10.0
29900 -10.0
30000 -10.0
30100 -10.0
30200 -10.0
30300 -10.0
30400 -10.0
30500 -10.0
30600 -10.0
30700 -10.0
30800 -10.0
30900 -10.0
31000 -10.0
31100 -10.0
31200 -10.0
31300 -10.0
31400 -10.0
31500 -10.0
31600 -10.0
31700 -10.0
31800 -10.0
31900 -10.0
32000 -10.0
32100 -10.0
32200 -10.0
32300 -10.0
32400 -10.0
32500 -10.0
32600 -10.0
32700 -10.0
32800 -10.0
32900 -10.0
33000 -10.0
33100 -10.0
33200 -10.0
33300 -10.0
33400 -10.0
33500 -10.0
33600 -10.0
33700 -10.0
33800 -10.0
33900 -10.0
34000 -10.0
34100 -10.0
34200 -10.0
34300 -10.0
34400 -10.0
34500 -10.0
34600 -10.0
34700 -10.0
34800 -10.0
34900 -10.0
35000 -10.0
35100 -10.0
35200 -10.0
35300 -10.0
35400 -10.0
35500 -10.0
35600 -10.0
35700 -10.0
35800 -10.0
35900 -10.0
36000 -10.0
36100 -10.0
36200 -10.0
36300 -10.0
36400 -10.0
36500 -10.0
36600 -10.0
36700 -10.0
36800 -10.0
36900 -10.0
37000 -10.0
37100 -10.0
37200 -10.0
37300 -10.0
37400 -10.0
37500 -10.0
37600 -10.0
37700 -10.0
37800 -10.0
37900 -10.0
38000 -10.0
38100 -10.0
38200 -10.0
38300 -10.0
38400 -10.0
38500 -10.0
38600 -10.0
