# Model = symNN.TensorFlow.(3)-8-9x9-12-(9)
# Num weights = 1080
# Learning rate = 0.001
# Env random seed = 111
# Start time: 30-08-2021(16:05)
100 0.2058698862842103
200 8.053582334818264
300 11.264880611719887
400 11.631317182207455
500 13.382926102648076
600 14.264739666207936
700 13.52830939151816
800 12.682503456393578
900 14.532419986499256
1000 15.193994149001366
1100 13.869251123675928
1200 15.237220818184305
1300 16.589438009369616
1400 14.542673012079488
1500 15.088412559851092
1600 13.746398980575309
1700 13.628765311918144
1800 13.408608670729006
1900 13.868283294671926
2000 14.354369288612013
2100 14.121749855823685
2200 13.437987207292025
2300 14.394195083499774
2400 13.948011559591931
2500 13.34161692870104
2600 11.83136924998111
2700 13.809725066290358
2800 13.867045234401322
2900 11.56594769334719
3000 12.018146082400182
3100 11.708896108816136
3200 11.16162205614649
3300 12.190881499073319
3400 11.721056239907957
3500 9.964001070696158
3600 12.591321949075313
3700 10.618721496091942
3800 11.540667634825624
3900 14.65557515790318
4000 14.148126972498662
4100 11.830358513071031
4200 12.828865527618479
4300 13.957652739646395
4400 12.089502462894206
4500 12.218485315873382
4600 14.070609172871167
4700 11.926346429765058
4800 12.391098459335405
4900 13.005876487393715
5000 12.638601043987126
5100 10.94771583276965
5200 11.48366784712923
5300 12.807409315235766
5400 12.447414215153634
5500 10.930384847114055
5600 10.864166477827396
5700 12.326543161167358
5800 14.760692914443716
5900 12.726688629753658
6000 11.515349533427868
6100 10.900965664993233
6200 13.295565008963887
6300 11.945130483819009
6400 12.365786127329743
6500 10.908713204128281
6600 11.547126042658112
6700 11.701132221881224
6800 11.129714569288572
6900 12.741654636571802
7000 12.316826078897009
7100 13.655799683301215
7200 10.83005161470643
7300 12.126011684692552
7400 12.675077645404905
7500 12.404320449576987
7600 13.235536974816114
7700 11.155781571438606
7800 13.343253232510476
7900 12.278768807615622
8000 11.704081062484956
8100 13.500186331692445
8200 13.003051990677639
8300 14.048026785540035
8400 12.707404569855031
8500 13.712039236245003
8600 11.62222734409227
8700 11.781055314832768
8800 12.385857797206162
8900 11.255443348401418
9000 12.155076817298259
9100 11.6490425347043
9200 10.772441238822614
9300 9.685359860229497
9400 10.299689593477268
9500 12.857952624543392
9600 12.126415452056605
9700 8.84979218917737
9800 9.876002241830207
9900 12.455967484604274
10000 13.67075876224341
10100 14.437650768576354
10200 13.141099790491802
10300 13.092061664929606
10400 12.8215105722799
10500 13.006919313845295
10600 12.83337335792632
10700 12.394837300154723
10800 12.810740414291102
10900 10.922237553942372
11000 10.61992194438856
11100 11.286565331029662
11200 11.406650448857729
11300 12.125556650617977
11400 11.421630755699013
11500 12.087160263736266
11600 12.814754306034887
11700 10.849793765642435
11800 11.439533871978892
11900 13.088147101734478
12000 13.246296179896609
12100 12.068696065449222
12200 14.004617270161575
12300 12.331337810179635
12400 13.272202621336785
12500 13.73425925931815
12600 13.56178221996685
12700 10.883534970459552
12800 14.1816165057323
12900 13.672894484770872
13000 12.533081122478276
13100 14.025464749842099
13200 12.884816810985065
13300 13.418264651883225
13400 14.034662594993067
13500 13.993845926251817
13600 11.91681863055548
13700 12.815017972619822
13800 14.5626149178297
13900 12.688115140150376
14000 11.97948840955783
14100 13.310268839303404
14200 10.968200972239073
14300 3.9849194436254955
14400 5.195036055222506
14500 4.450533920030594
14600 3.9626751271561256
14700 6.677220926373247
14800 9.456835768815731
14900 10.614343564159281
15000 12.86623983743649
15100 12.722581143958475
15200 11.239665228469084
15300 13.603209984341909
15400 12.99174992276093
15500 12.368542824240645
15600 12.248680371964813
15700 11.777497074245728
15800 11.360521152066264
15900 13.376900148679816
16000 13.875888494469088
16100 12.157716639390435
16200 12.467256212892224
16300 12.84257465222594
16400 14.232660379744093
16500 10.720989355573948
16600 10.481652807557339
16700 3.012257866662364
16800 0.8536279387843781
16900 3.245549780921001
17000 8.818761676521413
17100 11.53004913185919
17200 11.410460858946077
17300 12.179280614316587
17400 12.299036964703872
17500 11.195394548332168
17600 12.468350561935859
17700 13.56120399806721
17800 14.275873838101266
17900 13.941461099342492
18000 13.558804047722216
18100 14.345778217830096
18200 13.157779338825273
18300 11.467969940701796
18400 12.105656118468637
18500 12.70887542851251
18600 12.19293809607538
18700 13.64533663287633
18800 13.695665182969773
18900 12.64055452912418
19000 10.957065949253659
19100 10.770398554790972
19200 9.44692020659137
19300 11.810597883297667
19400 13.500010604800174
19500 14.467660223761976
19600 13.753098167219889
19700 12.668241180238478
19800 11.365590222218861
19900 14.040928107158004
20000 13.723633192401186
20100 11.809117943877357
20200 12.281398826415565
20300 11.813414297552773
20400 14.43389557883061
20500 12.691329074048824
20600 15.331518116365821
20700 13.98263242368856
20800 11.501831233433055
20900 11.410200830332107
21000 9.733233478887115
21100 12.177304541289043
21200 13.02895418342503
21300 12.241033846365479
21400 12.314328436790666
21500 13.633270797449486
21600 12.833809259912693
21700 10.7699866209572
21800 10.888055733131804
21900 11.692243164538645
22000 10.828115433104166
22100 10.806852762790713
22200 11.665043778815875
22300 13.11978527331792
22400 13.08186303927362
22500 13.558656563581186
22600 14.999273032309315
22700 12.963742361208078
22800 12.15294505468055
22900 12.824373139573998
23000 15.24987951603845
23100 15.378332698581406
23200 12.923969278795912
23300 14.56916952417912
23400 15.295771125375426
23500 13.9880937079134
23600 14.576245258290227
23700 13.160280925413904
23800 12.354331243284456
23900 11.660339077373752
24000 11.954176019903757
24100 11.520115807693513
24200 10.06032390337275
24300 9.050873097989363
24400 7.891472541141968
24500 8.658847456750054
24600 10.530552568610917
24700 12.673413427936014
24800 11.78094716944758
24900 10.674696509270014
25000 11.284222281457556
25100 9.024350678273445
25200 11.836776790436337
25300 11.996831798409763
25400 12.45065794195962
25500 13.629734013869228
25600 12.72637664122948
25700 12.00317786265812
25800 12.756733283213125
25900 12.022868560568647
26000 11.98109606769656
26100 12.205789287211022
26200 12.86849393983813
26300 13.680955277400958
26400 14.496888674954118
26500 13.404595515848392
26600 12.136411037639729
26700 14.493167322956388
26800 13.209691286326851
26900 13.186186059941308
27000 14.656913664802943
27100 15.473218963044676
27200 15.585372488924662
27300 16.73117372503748
27400 16.21997747903967
27500 15.86542950688685
27600 14.439723441630363
27700 13.989381845980315
27800 13.785988766392455
27900 14.867707882093145
28000 13.72546852512826
28100 13.540608510718991
28200 13.599385918031645
28300 12.129880411258702
28400 13.25571207933377
28500 14.97813714335027
28600 15.200006474415233
28700 12.094684247795879
28800 10.792782219222213
28900 13.236857378048672
29000 12.186212975325823
29100 10.348859719950594
29200 9.63623850299757
29300 11.306801033866371
29400 13.562367360211708
29500 13.037937205493437
29600 14.647970729594583
29700 15.203801814130685
29800 15.29517851932478
29900 13.606840544773135
30000 15.734754083098917
30100 11.099313257497151
30200 12.300112305284555
30300 11.815393761877214
30400 11.825787405209384
30500 12.327978185585618
30600 11.904764270963595
30700 13.377749741698093
30800 13.959537530598206
30900 12.89884468362406
31000 12.036528353884973
31100 11.70833172153912
31200 11.641222148967515
31300 12.062412594678147
31400 13.383106665272868
31500 13.792813069681742
31600 8.481178423627929
31700 9.921889464821522
31800 10.720671465126387
31900 12.487102002279734
32000 12.461306080488812
32100 12.14013880615554
32200 13.537889539850932
32300 13.198721995584103
32400 12.405700059072911
32500 13.618466772103694
32600 12.149284052976723
32700 13.078100186738517
32800 11.221725683003484
32900 12.486729000879379
33000 13.685934453710722
33100 14.162166209555838
33200 14.397920415265485
33300 15.483077518199352
33400 14.813539345342875
33500 14.832048801898694
33600 15.590902562429608
33700 15.391418446356532
33800 15.55213218513375
33900 14.919023603757944
34000 16.132413055242232
34100 13.392651730870622
34200 14.36774567308625
34300 14.416868696984357
34400 14.975561725484175
34500 15.807390042939776
34600 13.508904903740715
34700 13.926408940008809
34800 13.190017141675954
34900 11.766666348045488
35000 13.518173929809867
35100 12.296834655435383
35200 12.173231796317662
35300 11.92887697158345
35400 12.711001650436614
35500 14.135188184647927
35600 14.936576704659691
35700 14.032373009262923
35800 13.509091134617902
35900 14.466269028488481
36000 11.692208680973534
36100 12.19762845947771
36200 11.498994845354199
36300 10.834975400470595
36400 11.974070434671209
36500 10.337315219777581
36600 10.598942089339987
36700 10.63693671848808
36800 10.378814342963226
36900 11.816901840913204
37000 12.209491993235643
37100 13.828715964417139
37200 12.01876453696065
37300 12.970854610819151
37400 12.342374267869321
37500 12.143570343741544
37600 12.833152562072197
37700 5.706138098287205
37800 8.411101439664076
37900 10.026841718109663
38000 7.18932707422031
38100 5.448776595607186
38200 9.735426119259142
38300 10.853522530301445
38400 10.680605579048585
38500 10.891055247013163
38600 10.70796050255609
38700 9.132411748741994
38800 9.194669600896553
38900 10.243857070063822
39000 9.551737415310285
39100 11.608710563236988
39200 9.161417653163028
39300 9.461744614507632
39400 9.192477243733274
39500 10.877361620085566
39600 11.403112139904458
39700 12.784830810418674
39800 12.897913243328816
39900 14.09452498643006
40000 12.017417486584133
40100 13.448694998094163
40200 12.419690702711295
40300 12.0909965387366
40400 10.161754890483826
40500 12.345299868703176
40600 11.813058775856978
40700 12.120923306846494
40800 10.653664540169137
40900 11.241629048422672
41000 11.214468026317459
41100 11.700473947353796
41200 10.959597814191769
41300 11.081694065647461
41400 11.986439409087545
41500 12.031180634479561
41600 13.638214594451798
41700 11.941298213303067
41800 10.220824723445997
41900 10.402604547675455
42000 11.373100298659372
42100 9.386260336091471
42200 10.436139702787603
42300 11.777133733372965
42400 12.43646968530251
42500 6.535701344651635
42600 10.04966833081391
42700 9.055733926176524
42800 9.800842143538139
42900 1.9723877386530784
43000 -2.0564304767259167
43100 -1.969570303298022
43200 -2.8612892759551523
43300 -0.021847366258717693
43400 0.02024097722827789
43500 0.044371688454612174
43600 2.813870305836253
43700 2.8829662232676814
43800 4.47747799203812
43900 6.106208391220236
44000 4.841070999830045
44100 9.22910363905542
44200 10.714060720441704
44300 8.775954017115046
44400 9.378215677600664
44500 9.251711486796449
44600 9.942122905641646
44700 9.085353940853222
44800 10.308542921363706
44900 7.3721275012302305
45000 10.48584344396025
45100 10.818789278746788
45200 9.564778434958967
45300 9.530992639541887
45400 9.023335679256165
45500 9.531496889859424
45600 9.012216051769485
45700 7.550487560548974
45800 9.14358755203489
45900 11.882410767013909
46000 9.388094982511591
46100 7.735002267701392
46200 9.081067228018865
46300 10.36864276013188
46400 8.980786187708869
46500 9.435503676856612
46600 10.164640447346333
46700 12.661569202500392
46800 11.832030463972892
46900 11.10810478651546
47000 11.11861347715421
47100 11.781528401605346
47200 13.037781058831259
47300 10.899914870558646
47400 11.831022602543142
47500 10.5507735712901
47600 10.657884840982629
47700 10.419228357799662
47800 10.139538134065052
47900 9.688683891759363
48000 10.461897852873848
48100 9.726426675092632
48200 9.77197733557349
48300 10.438433457591593
48400 11.247606575647104
48500 13.317363716826858
48600 13.02776759006236
48700 12.509275512784129
48800 12.84745632557806
48900 12.115571449406989
49000 11.807384301233702
49100 11.251966421990717
49200 11.509823899490732
49300 9.933445391295848
49400 11.98083765573773
49500 10.854061134117089
49600 11.199746621925474
49700 10.652597922151248
49800 11.634762620167484
49900 11.512662659045477
50000 9.782518519664997
50100 11.35747506216164
50200 10.95939094071729
50300 11.312102387422758
50400 12.463335439126647
50500 12.17538158851884
50600 11.978921317654413
50700 12.477795708898489
50800 11.126300783832328
50900 11.21699381274672
51000 13.813590760728449
51100 13.502900373525073
51200 13.599593016616344
51300 13.159833981179599
51400 13.514183345923367
51500 12.594127776328273
51600 13.861485434778537
51700 12.532073037873245
51800 11.162709704467861
51900 13.886718505754363
52000 14.80865434362936
52100 13.660681960310894
52200 11.807016813812034
52300 12.02056409029974
52400 11.36261785055264
52500 11.501919113163233
52600 12.252844493954518
52700 14.39575232333104
52800 15.129100282774003
52900 6.805539409583741
53000 0.9794738846976252
53100 -2.131687245639219
53200 -4.5295510648112645
53300 1.2210678029200301
53400 0.9633048804497506
53500 2.5537954120584514
53600 4.3964387665662
53700 6.283479083155009
53800 8.559970964356758
53900 9.818005295446124
54000 7.660443399150608
54100 10.671317934974175
54200 9.233697874434325
54300 9.282606139319197
54400 9.346618025722213
54500 8.865269353039997
54600 9.259246203843006
54700 11.456028404075187
54800 9.439360081474343
54900 9.946812236119055
55000 12.58027151368006
55100 10.580257620935289
55200 10.437196604117855
55300 10.402516523260337
55400 11.089515443547105
55500 9.847400394313981
55600 9.494987001900322
55700 9.015748001784617
55800 11.59199280400258
55900 10.022352290275968
56000 12.549245908609047
56100 11.584757277040687
56200 14.591655657602749
56300 14.54356659714072
56400 12.867262088483916
56500 11.390690992601876
56600 10.605726407752925
56700 11.945625230434946
56800 12.75876943962152
56900 14.698339990862136
57000 13.805210080460942
57100 13.706321034344509
57200 14.537167636402605
57300 11.510383162081984
57400 12.773365664779709
57500 13.046488895077147
57600 13.965085526359267
57700 14.243031856419755
57800 13.684813827360184
57900 12.461824249806126
58000 9.252588017635825
58100 8.285997420901394
58200 8.586241287351475
58300 10.217412206734675
58400 7.7924063417305645
58500 1.768290054275361
58600 -0.5176486235038487
58700 -1.2286102844621782
58800 -0.2991295523907744
58900 0.8179704985300165
59000 -1.1802046754736504
59100 -2.5311027565119275
59200 -1.8927659849734573
59300 -2.5011239805141092
59400 0.17429279183905422
59500 7.085434008970027
59600 9.8653777844397
59700 8.143362075386015
59800 8.572258277244979
59900 9.667858779864419
60000 9.77873624604098
60100 11.66425190150895
60200 12.563539118504327
60300 12.796588572883115
60400 11.10848672532037
60500 12.451654540369784
60600 13.032002529715484
60700 14.408252899792164
60800 15.129119221995976
60900 13.561485425359976
61000 13.312494573366438
61100 11.383479013415363
61200 10.048054317593065
61300 8.9949386128423
61400 10.254491344876453
61500 9.60173289449396
61600 10.33936489861962
61700 12.314228931910886
61800 10.697665317208036
61900 11.29871973354918
62000 11.174778125510105
62100 9.667016330880907
62200 11.193667869823791
62300 9.674770507460236
62400 10.043414548647652
62500 12.870604011349391
62600 13.335492604022697
62700 13.057122845930987
62800 11.733833247737323
62900 11.499667673461536
63000 10.613820637399085
63100 10.496623044399152
63200 10.944820098863373
63300 10.897106911937362
63400 12.331321221898198
63500 12.128392836909144
63600 13.701657048524964
63700 13.193505168486977
63800 11.247624796144255
63900 9.943798630633916
64000 9.759764310699405
64100 11.719428373706519
64200 13.27466061464412
64300 10.811631830492411
64400 10.932641369899308
64500 10.38943022435786
64600 10.842999035570008
64700 11.825254185223846
64800 10.56178714128978
64900 11.972440634236394
65000 13.114703635088711
65100 12.00681256624805
65200 11.088695923613665
65300 11.751906005023415
65400 11.188459168693218
65500 12.038384025929336
65600 11.763358251638651
65700 12.082967738249414
65800 11.462213120193598
65900 11.222459232818029
66000 10.681294630962794
66100 12.85470625220371
66200 11.87382293978606
66300 12.031465126555192
66400 13.629280939688178
66500 12.83849376506728
66600 11.849042829673365
66700 11.781618522914602
66800 10.512472079667315
66900 10.736510016300555
67000 9.54022832969028
67100 7.068194166769916
67200 4.7834721422866595
67300 4.59577969236964
67400 8.007027000695032
67500 10.565567640627707
67600 10.279849920746631
67700 9.740114657649498
67800 10.445861244486931
67900 11.048852825315429
68000 11.50487578378438
68100 11.353821661032212
68200 11.847975469674793
68300 11.046250042053831
68400 10.573649033656379
68500 10.674064853519937
68600 11.583402451621824
68700 12.139175016454727
68800 14.630234817536602
68900 15.570329361174272
69000 16.843045882184555
69100 16.187726324302705
69200 16.522527881718865
69300 17.51845372070635
69400 16.42466836023591
69500 16.16786572297433
69600 17.036133922220603
69700 15.898916181427609
69800 16.27212456739367
69900 12.951473689236204
70000 13.579226135042093
70100 13.541778430234222
70200 11.750844359075282
70300 13.045437112057606
70400 13.224706844725644
70500 13.505104469332242
70600 12.081913695215473
70700 12.625795727545107
70800 12.359144414142424
70900 11.503121649315172
71000 11.561541983850432
71100 10.973367750389794
71200 12.696255890584634
71300 9.653979962024952
71400 8.050974372406815
71500 8.668437827339629
71600 10.493439040316487
71700 10.258144148007696
71800 10.690456978115307
71900 12.090661522541865
72000 12.00950337345641
72100 12.632601114276865
72200 8.000014014939564
72300 6.869443846883086
72400 6.108666821398527
72500 4.506355321835838
72600 3.4253736438909215
72700 4.331342896037456
72800 4.96222945452708
72900 7.355050481286751
73000 6.370567715052709
73100 8.34668531546566
73200 9.39556436132836
73300 10.651018778435125
73400 10.536155400358108
73500 10.633921894228344
73600 8.470120535523716
73700 8.060256717305926
73800 5.409730650727882
73900 6.56518385252235
74000 7.472509565860323
74100 6.301540316807538
74200 6.161723846101214
74300 6.8467367257056555
74400 6.632433897395933
74500 7.558965809867775
74600 9.692028184139764
74700 8.650372382690305
74800 8.838255666191433
74900 10.405959235843287
75000 11.541361521328009
75100 7.221097384811799
75200 8.524266676222995
75300 6.520122271054888
75400 4.7576072823189275
75500 4.056251429953029
75600 3.980349254652836
75700 4.95512616064756
75800 8.512204600008916
75900 8.101508238296542
76000 5.641252323827813
76100 3.1812585471876607
76200 4.947447283798252
76300 4.377922058953569
76400 4.589935931338949
76500 6.171678696262154
76600 6.898824376044519
76700 8.806509114514167
76800 10.047430508627958
76900 8.932226406649166
77000 8.215253215471565
77100 9.995460921006217
77200 10.31393504094752
77300 10.187586810893048
77400 11.811744796478566
77500 14.241968306486822
77600 12.227609018774059
77700 12.626128349112179
77800 14.453026221122155
77900 12.89734228893845
78000 12.302232201119871
78100 12.736012755252391
78200 14.292847959666629
78300 11.582070249217958
78400 11.575689217043797
78500 11.029499782878375
78600 10.951197626075059
78700 10.653520176555912
78800 12.151373909967706
78900 12.35510162396203
79000 11.850668603929241
79100 12.09166539092722
79200 11.659473367750103
79300 10.22269222599185
79400 10.938330388174634
79500 11.021702690301115
79600 11.691204034837769
79700 8.853291526162996
79800 8.466001141818834
79900 7.929449946112235
80000 8.680544208132256
80100 8.88993960996354
80200 10.896956518258856
80300 9.621260755745405
80400 8.317729498862235
80500 8.387883548969889
80600 6.193134901119298
80700 4.91848465301859
80800 5.682814223837188
80900 4.549447028231243
81000 4.948155744652933
81100 4.602379226864487
81200 6.731057862390261
81300 9.610233059533925
81400 8.322498143262216
81500 8.318020656928859
81600 8.296264647407762
81700 9.93934533725135
81800 8.764660081581708
81900 8.191415280608515
82000 9.224434815998892
82100 9.95926871374936
82200 9.509325398854518
82300 9.465521426889046
82400 9.358642722620116
82500 9.771913779644716
82600 11.939398771121636
82700 11.190594165562725
82800 11.854326776322107
82900 13.040994358466428
83000 6.492071978229658
83100 0.754175727956576
83200 0.492706511802798
83300 0.7146741963164982
83400 -2.387246653644199
83500 -2.1916627997786917
83600 -0.5042209069491876
83700 -0.0564575786487867
83800 4.284146020684441
83900 8.642845121462873
84000 8.754991428991332
84100 6.16694611104473
84200 2.991340557537864
84300 0.35622274101790286
84400 2.1203848618540215
84500 2.3186006137981243
84600 2.4836637278449394
84700 1.5627811475579774
84800 1.016322818451594
84900 3.3202389606998257
85000 4.3422240394098335
85100 2.7541234301405546
85200 2.391774156508717
85300 3.302448462711484
85400 3.0971061540750253
85500 1.07591590353241
85600 2.064544534830977
85700 2.7579618129969368
85800 2.499365505475985
85900 4.006650824312152
86000 4.288542930312798
86100 3.72661348759233
86200 3.652451539311995
86300 6.8268418327852585
86400 4.928682255548458
86500 4.574354539511634
86600 5.389385191878832
86700 6.415181425060012
86800 7.40090925548131
86900 6.071081514309428
87000 8.176687049004894
87100 5.736712618022844
87200 3.210441871862084
87300 4.734688071487516
87400 3.478373353945529
87500 6.205645378261223
87600 7.628435257819994
87700 6.734347308428199
87800 8.636519504837121
87900 8.155345935647192
88000 8.672549130076296
88100 8.29987500486387
88200 7.760862623755752
88300 5.5679485099074935
88400 5.872316741804442
88500 6.136226573949896
88600 5.1467920115707795
88700 3.919963089275252
88800 2.831898687572354
88900 5.853130011107698
89000 4.2955244241689705
89100 4.9941180614346194
89200 7.131826575547562
89300 4.084831361423089
89400 2.184646117000668
89500 3.1319081242726865
89600 1.379529211506161
89700 3.286778331840634
89800 3.858360999922197
89900 3.911073180096558
90000 5.281203713690439
90100 6.723299354071786
90200 2.659866416719065
90300 4.370203424640697
90400 1.0578186928377027
90500 3.0523465673875374
90600 8.25608223957697
90700 10.55863096301736
90800 11.146920948758298
90900 13.125767731488859
91000 12.07926475102567
91100 12.931762296876787
91200 10.338508103808135
91300 2.678428376737121
91400 4.069054706284898
91500 7.268925444273566
91600 6.238543024083507
91700 4.823686990069381
91800 5.710899744620129
91900 4.604634284419422
92000 3.6505699002308316
92100 5.171547453166354
92200 6.48040099077995
92300 6.831958847458481
92400 7.007988863414683
92500 9.082515428373426
92600 9.798229136707326
92700 6.784620657739231
92800 8.481109171677613
92900 6.772355455893893
93000 5.176590572992946
93100 7.65034072374823
93200 7.381352873036021
93300 6.88623539378247
93400 7.842663757262797
93500 9.795549238557198
93600 9.673619934106803
93700 9.30347859647526
93800 10.464774488745991
93900 10.963505552556082
94000 10.423644265811179
94100 11.347251719498118
94200 12.019949534043752
94300 10.98942736413481
94400 12.285196532332487
94500 12.024745308667221
94600 11.464390430347345
94700 10.791486638568863
94800 9.812820989644644
94900 9.972189671803623
95000 12.085525776308748
95100 12.724174618931292
95200 13.069335765818094
95300 12.973470927952071
95400 11.639309521677685
95500 12.146077873622906
95600 11.644971274684746
95700 15.343415883942951
95800 16.345499329308076
95900 13.821053452251181
96000 16.161536687207438
96100 15.46797804377224
96200 14.172338295353581
96300 13.164294782175482
96400 13.322198528053386
96500 13.682786037451326
96600 14.110260526860634
96700 13.356801579251702
96800 13.740587711152468
96900 14.23191695512568
97000 13.438546372872366
97100 11.509914276827681
97200 11.98739268350939
97300 9.909945042516739
97400 11.011879836006777
97500 15.042871344583986
97600 15.18607134095058
97700 14.720807788210907
97800 15.0410150243802
97900 16.502074470144404
98000 16.57181580720076
98100 16.477534940981553
98200 16.465600170201217
98300 16.147647294228758
98400 16.617404995113905
98500 16.311812563333284
98600 17.21554903439532
98700 15.882500118725636
98800 17.158168123045744
98900 17.58945554465612
99000 17.790410469498216
99100 17.822877662598184
99200 16.27972062032391
99300 15.459570817332057
99400 15.165690114255924
99500 15.529877854347667
99600 15.867952511968959
99700 16.818529544343974
99800 17.651374670212903
99900 16.78807182402623
100000 16.0870801329312
100100 16.69265371016486
100200 16.611610715069858
100300 16.132556324980467
100400 13.555808238640827
100500 13.130252295886903
100600 12.94566847602765
100700 10.614791170151102
100800 12.074403481460742
100900 13.20738731340297
101000 12.271072312582538
101100 13.468823100211678
101200 12.264933044448666
101300 7.609519505018573
101400 8.027439219354731
101500 10.43378393624563
101600 11.552678567994617
101700 8.671482305697038
101800 8.570835299513481
101900 9.092680678990005
102000 9.223689786450871
102100 6.820552307792453
102200 8.38358984194654
102300 9.455010160651735
102400 10.387426049750943
102500 11.165127489797865
102600 8.01275146667829
102700 11.774199687690789
102800 10.660046858814368
102900 9.107102525232522
103000 11.69144715778164
103100 9.80605899427047
103200 7.04980887914234
103300 8.763643807721857
103400 11.788298117852403
103500 11.31068783769568
103600 11.735802559073514
103700 11.070038132109032
103800 10.494714149811552
103900 10.864826341122571
104000 11.186140965147894
104100 11.166797576774941
104200 11.465701869310719
104300 11.592734920087224
104400 10.897701633465124
104500 13.201245158073341
104600 11.253642907015955
104700 10.551263591848244
104800 10.702513091081034
104900 11.905329485324827
105000 12.975930206026668
105100 14.343382287811842
105200 14.90928218279594
105300 13.580348923368133
105400 13.326926703762664
105500 12.953674806699093
105600 14.146878686748163
105700 14.792044605990363
105800 14.907610343947693
105900 16.09564760731062
106000 15.325275995033655
106100 14.90445993592648
106200 16.52275230718034
106300 16.028828865966116
106400 13.887278964438378
106500 12.876133146702944
106600 13.837299458696114
106700 15.021103391204836
106800 15.048183683494452
106900 14.49120022290652
107000 15.60310285010478
107100 14.45464327306979
107200 14.317183485335285
107300 11.457129582371325
107400 13.365205955903903
107500 5.299966156285143
107600 -0.26307342218738694
107700 -3.417941735384455
107800 -2.644898178889339
107900 -0.808150422092283
108000 2.1108221374974216
108100 -0.8522198768360105
108200 0.04706282373434914
108300 -1.108426805557094
108400 6.7310289976140565
108500 6.57827530803861
108600 9.345358008477996
108700 11.026259057460386
108800 11.595712229467864
108900 11.906258993096019
109000 11.551096040936443
109100 9.312693375365079
109200 4.05420791966235
109300 2.737874349693781
109400 3.259787731365633
109500 4.9755142312326575
109600 3.9110023539251078
109700 6.1329853344090886
109800 6.067611826235991
109900 5.490906660603366
110000 5.145964135462387
110100 4.735505094200814
110200 4.608800052625898
110300 0.8098765882184424
110400 0.28023532523179606
110500 -1.296738700550737
110600 1.4826127198810368
110700 1.6594612210720407
110800 3.484348006007869
110900 1.565357515934729
111000 3.411560224768344
111100 2.0976297034030833
111200 2.879585678267864
111300 1.2685285252468508
111400 4.134261897315834
111500 3.2470858048186835
111600 5.980659017408776
111700 5.675284470969312
111800 5.467352431276536
111900 3.395932021444279
112000 4.9216606207843325
112100 4.151718382212874
112200 3.412305651826564
112300 0.8892527124562013
112400 2.7176261750204267
112500 5.4253878027072595
112600 4.223417659917063
112700 2.5368582053177207
112800 3.3067415706648893
112900 4.4768828881492535
113000 3.9234324952029613
113100 6.200336515467712
113200 4.989860377214686
113300 7.2785749576128955
113400 7.3406604271239
113500 6.887908304377304
113600 4.752851411490839
113700 6.319293193079338
113800 8.772196121807493
113900 4.998849074714827
114000 2.918277102182673
114100 3.8874707835632485
114200 4.417024145613245
114300 2.7672717302100027
114400 5.703329465550788
114500 4.953814413770113
114600 1.9048808348485344
114700 6.342626803555668
114800 7.511716660145524
114900 7.6560836978723845
115000 10.092067940705236
115100 12.700889163122998
115200 10.854496799350514
115300 10.327678728409458
115400 8.089506071150979
115500 9.22281491818074
115600 6.8574280749354335
115700 5.177133749928614
115800 2.035722523445386
115900 1.4004660423407154
116000 0.973013298263474
116100 2.629444514205502
116200 4.601273696730512
116300 4.37453328386337
116400 5.0401017203126175
116500 9.69121336370559
116600 12.450572177318332
116700 11.247077941927387
116800 11.58111989393157
116900 13.355478574356468
117000 10.309231432959571
117100 12.660704854179922
117200 13.264626150564615
117300 12.275665737394354
117400 8.060883668076587
117500 9.626723423762826
117600 9.93920460117318
117700 10.18097569686007
117800 11.383054797020792
117900 11.45815216050149
118000 9.393848318780881
118100 11.206877766412521
118200 11.232117303891723
118300 11.060279500275453
118400 13.118863594399444
118500 10.473787346970074
118600 10.647397241094145
118700 12.538980050008176
118800 11.263858135368135
118900 13.302060405063507
119000 10.818117284675527
119100 13.214772407465137
119200 10.82087679563002
119300 10.588368030467384
119400 13.532533379510687
119500 14.940301738219683
119600 9.415464870246916
119700 6.717331934926802
119800 8.611352830417266
119900 12.843252464400285
120000 14.10011374876348
120100 11.791857592313018
120200 13.302819353455044
120300 14.405223739053438
120400 12.964466019927254
120500 12.116357980067587
120600 14.310673315421045
120700 13.064936718209076
120800 11.93092624993514
120900 12.79726018975556
121000 12.445441230216398
121100 10.864376006466372
121200 10.508416066727968
121300 13.239952366337626
121400 13.867531623029068
121500 14.616183040349066
121600 13.688032266996203
121700 13.74063809639984
121800 14.050599001357522
121900 13.905123821706676
122000 12.947232296519475
122100 12.361142142802503
122200 12.837335162618176
122300 11.461704300627746
122400 11.464026778461683
122500 12.101335859480605
122600 11.314266530993494
122700 11.6067812570644
122800 12.182950186217175
122900 12.50325820984206
123000 12.296924689503724
123100 11.283874919702637
123200 11.03281856648609
123300 12.352029947592177
123400 10.038129308533462
123500 9.598993947553126
123600 9.614235646715152
123700 10.713689957209528
123800 10.560492768159206
123900 5.019254239792159
124000 10.104779438328809
124100 10.438774273240963
124200 11.804892566166055
124300 11.762262346070875
124400 10.78912724265026
124500 11.236843312275152
124600 12.709669930134536
124700 12.697506431451579
124800 11.445633356938197
124900 12.61906285450521
125000 12.246890827116713
125100 13.403591898249422
125200 13.313929991803056
125300 14.007662878957452
125400 13.729588179447461
125500 14.289069378683138
125600 15.610494255103072
125700 15.430416318063875
125800 13.747262392919463
125900 12.32104928699279
126000 13.486314036065144
126100 13.640286873042463
126200 14.798882889719474
126300 14.090866007971961
126400 14.591472656153403
126500 15.01488578974388
126600 13.737927291050521
126700 13.508088663169913
126800 14.401683704189939
126900 15.199049843361278
127000 14.937531186922085
127100 15.592459563160938
127200 14.833923375745988
127300 11.715375054914176
127400 13.837999209788205
127500 11.640857129510149
127600 9.148969324976266
127700 11.442944678064991
127800 9.74374923908147
127900 6.785302391612316
128000 2.5637472417670764
128100 3.3778593192328144
128200 3.2440799081980476
128300 1.9654496164583184
128400 5.50265788064177
128500 3.936275015113141
128600 3.6329035155256957
128700 7.0185597813033995
128800 4.998795570947527
128900 7.394792579557161
129000 5.534335064030382
129100 4.501643881052561
129200 4.90652510312104
129300 4.32422578827097
129400 6.602427681970702
129500 5.587635753715497
129600 8.481757215781847
129700 9.679794607717847
129800 6.89609754913786
129900 7.046229187346422
130000 10.109020051392456
130100 8.01404385465885
130200 7.3779522768398405
130300 7.0428599057726835
130400 9.484215355352621
130500 10.785732682116045
130600 10.675988412049946
130700 9.585707531876515
130800 10.263090064150282
130900 9.734760452761053
131000 10.311864979941863
131100 11.189824802579812
131200 8.917258159525495
131300 11.349436551165324
131400 11.53611399126764
131500 8.90949654546617
131600 9.599545746449518
131700 10.65414105567361
131800 8.188969604321379
131900 8.924762315122512
132000 9.564731895309531
132100 9.850871504251849
132200 11.079679344891314
132300 8.681622587277266
132400 10.97117341022079
132500 13.858948610896503
132600 14.40224160203818
132700 13.695912389225738
132800 12.683568689677173
132900 11.973262330648845
133000 6.093388348088378
133100 1.299383178397721
133200 0.48256442953851514
133300 4.056200148324657
133400 2.479054777977705
133500 4.096555416699872
133600 2.5878652953576986
133700 2.08625432093574
133800 3.9420944604613903
133900 6.295442662690026
134000 4.139438557499738
134100 4.424427305530248
134200 6.081766824478712
134300 6.40230683159573
134400 5.621828531152024
134500 5.88821855129194
134600 5.358435383898133
134700 6.388903689378674
134800 6.063092194261771
134900 3.405178347239772
135000 2.883416594908175
135100 4.571958520419787
135200 4.862517326526261
135300 5.195360675232003
135400 7.014670102396932
135500 8.526756177313676
135600 4.387711448643896
135700 6.106738952752371
135800 5.516139903575567
135900 6.036774780795601
136000 4.86908941468786
136100 6.7024401941017695
136200 8.40417732541049
136300 6.942469119988948
136400 8.772494251732677
136500 8.258610855975332
136600 7.8269426405505085
136700 11.016218675062916
136800 7.402327616726521
136900 9.032836979865749
137000 9.761409471421864
137100 8.999929934963522
137200 9.029378159717798
137300 9.522067765519257
137400 11.897506426477033
137500 12.989876557776684
137600 13.003624435590288
137700 11.030419024443326
137800 10.734354393273154
137900 9.772465396183144
138000 8.853298454654288
138100 12.106289456238953
138200 13.513895285059629
138300 12.031623120545671
138400 11.410779966622933
138500 10.257749529474081
138600 10.813170243022837
138700 11.411915120633084
138800 11.301718673188898
138900 12.384719937081107
139000 12.427869256266842
139100 12.112907069188873
139200 12.23883256362652
139300 13.271520829790425
139400 14.820436197654697
139500 12.898917292514307
139600 14.067505024519004
139700 12.969583006516284
139800 10.332820954336478
139900 8.783902477855394
140000 6.552354467428906
140100 4.158932137823859
140200 3.6824249741617088
140300 1.956143358599218
140400 2.784345964089905
140500 0.027375251022575903
140600 -2.501907518997293
140700 -1.7400976004016124
140800 2.8034027189609603
140900 5.2807065368616675
141000 6.369780942830001
141100 4.76356267205497
141200 1.9116649365308134
141300 2.7084129316902685
141400 3.8500858988229933
141500 5.925446982646776
141600 5.545421576977456
141700 7.232155820133225
141800 8.478353623953012
141900 9.134330337027642
142000 12.17755109441532
142100 10.669329474334212
142200 9.117816138555671
142300 10.099458455585417
142400 10.897481973664185
142500 11.453493119430767
142600 10.995289239990326
142700 12.551968201409604
142800 12.56831403276557
142900 13.905513388377527
143000 13.167431264277788
143100 13.268211925750336
143200 13.176443037074824
143300 11.274119721569228
143400 12.362171359539305
143500 11.32867487234362
143600 9.266215992039994
143700 6.0905832688355215
143800 9.677799209571537
143900 10.392820320862517
144000 10.743367344848641
144100 11.235482298454496
144200 9.92391989500431
144300 9.08791269133615
144400 6.56203941220781
144500 8.939995151530463
144600 11.957230091322991
144700 9.572968736475632
144800 9.143004295421749
144900 9.402003755290316
145000 11.927562510059264
145100 10.966379482776556
145200 10.162107980420036
145300 11.345751992732266
145400 14.209229422727509
145500 12.948524931176324
145600 12.219681030174067
145700 11.11915709470504
145800 11.488472917282847
145900 11.128945076967991
146000 11.554669523336308
146100 11.59905653602204
146200 12.364640669582634
146300 12.154027971887402
146400 12.961047933526904
146500 12.942248143328602
146600 13.204010765188995
146700 13.666859073243144
146800 13.970906700611808
146900 13.111255658632425
147000 12.884177506512817
147100 10.715852232798264
147200 10.3196010266435
147300 10.049754995155169
147400 9.577387183959024
147500 10.050378251120959
147600 9.366579495025555
147700 8.809291295076823
147800 11.803347297863281
147900 12.81954480828905
148000 13.399772522618564
148100 13.429627141245298
148200 12.131707932663044
148300 9.41189667067408
148400 9.58721503178712
148500 10.41679784450617
148600 10.637647768123003
148700 3.6336282274618856
148800 0.9508582535191163
148900 -1.6838559817392242
149000 -3.6274512156813348
149100 -4.6145430620701156
149200 -1.9859957276903455
149300 0.5701965285075732
149400 3.8127347135362966
149500 1.9293585000673035
149600 3.1586749426440757
149700 3.6698262616543254
149800 3.537723935114723
149900 4.510498949731185
150000 3.7208919484001854
150100 5.744545801178548
150200 3.8290954335673133
150300 4.797593858836216
150400 6.5183682019755835
150500 8.825685701977214
150600 8.466080849909517
150700 10.506809656406125
150800 10.000833127615548
150900 10.653022680277475
151000 10.755615657028429
151100 9.542182177391684
151200 8.00707030889588
151300 6.901188130515753
151400 6.643119371481715
151500 7.045107182566442
151600 8.197843682729319
151700 7.578486150509371
151800 12.803413372725409
151900 12.09237409943828
152000 13.303959241213597
152100 11.591719128649023
152200 13.452584660505774
152300 14.78318627149979
152400 13.24325037298802
152500 11.56083078492296
152600 12.785877278597882
152700 13.435977433480174
152800 13.18529738774519
152900 12.967722733110865
153000 13.77740404895881
153100 11.172405367300213
153200 10.794864417987695
153300 11.442859143780876
153400 10.268707414046071
153500 9.927518681699908
153600 9.494702845263973
153700 9.71526946051901
153800 9.898788982526392
153900 11.35681501944788
154000 9.806338022909644
154100 11.584168964976094
154200 12.34706103213028
154300 13.262546708148832
154400 13.174584531164978
154500 12.206545336997467
154600 12.573243558301964
154700 8.025884760145495
154800 3.5825499533599507
154900 4.898467405850987
155000 3.4382766426778377
155100 5.3809061282552415
155200 6.0764774873022755
155300 3.533063127223674
155400 4.48246306802109
155500 5.537169943014861
155600 6.484741030926947
155700 7.207734722496706
155800 6.3829195107290575
155900 12.725538162488034
156000 12.94004291551346
156100 15.052670386831071
156200 14.355009276394922
156300 14.678183744094994
156400 15.009049248815195
156500 14.329692648532065
156600 15.537695057282122
156700 15.356101786941094
156800 13.515135756707906
156900 14.519332050091117
157000 14.43456108943944
157100 13.189803522297215
157200 14.083209092981264
157300 15.88543333980697
157400 15.095108390040982
157500 14.087714877901078
157600 15.368367332362029
157700 16.140498898285905
157800 15.586497935510536
157900 14.925525705205828
158000 16.07175524173947
158100 15.80527820435197
158200 16.174243057995287
158300 15.390924046141109
158400 15.071795096537784
158500 14.639806691357862
158600 15.734597217918981
158700 16.081393901056927
158800 16.181570737956836
158900 17.927654021163434
159000 16.96830188249919
159100 13.957044442481193
159200 14.863010683870911
159300 14.920982387866404
159400 15.191389056924395
159500 15.542727539339761
159600 15.594989228744149
159700 16.196091269409383
159800 14.649233348398736
159900 14.986878733862458
160000 14.659577266273887
160100 13.669880483102528
160200 13.692820240235296
160300 13.387867629357805
160400 13.075519959070274
160500 12.438557858403847
160600 10.498309012470145
160700 12.202700635327991
160800 11.813824617206803
160900 10.630242921523529
161000 10.482353735122178
161100 10.312186631844682
161200 7.34640160380668
161300 3.453746769855009
161400 1.0857441186763004
161500 2.8349506146534273
161600 0.45191097618811543
161700 1.4675593792373902
161800 -0.6377642563834132
161900 -1.3487897173751038
162000 -0.8543819072122297
162100 -0.7951410420062581
162200 2.3890167549712364
162300 7.482713160621521
162400 6.748530700393361
162500 6.64010052097543
162600 6.989363265258469
162700 9.849981783120038
162800 9.59498193282489
162900 10.989404409782653
163000 9.795108915535575
163100 9.263180772523055
163200 10.914983772503824
163300 11.545874935247758
163400 9.252462292667468
163500 10.036682422672758
163600 10.456075502926671
163700 10.675272843907962
163800 10.095780288143546
163900 9.683791844119373
164000 9.838674241747292
164100 10.761030492222192
164200 11.824830761785272
164300 11.429167189807627
164400 12.342446204473058
164500 13.369398892248464
164600 11.659535895638141
164700 13.098346815971876
164800 12.754722037127118
164900 12.552017539607926
165000 13.288736826100052
165100 13.977590603511748
165200 12.600987308484292
165300 9.974193198650632
165400 11.423889160028073
165500 11.249066820033601
165600 13.699664026200976
165700 16.084557932555214
165800 14.127035203369603
165900 13.404784430453516
166000 12.378591989617217
166100 12.835010207619105
166200 12.473263906310443
166300 12.336952302724129
166400 13.36006383935977
166500 14.522640878001262
166600 14.594514545444015
166700 15.928853728778067
166800 11.597990181675621
166900 11.536949017500076
167000 13.377675331172414
167100 14.057564212339221
167200 13.271264589011412
167300 12.22210951926391
167400 12.201518137025941
167500 11.015165578850215
167600 10.391531889969956
167700 13.056323674331699
167800 11.38651135830512
167900 12.524155600987502
168000 11.193474651227474
168100 12.105964132127733
168200 12.572649178179063
168300 11.969921821822508
168400 13.43682373902877
168500 13.255698194978132
168600 13.058298639531568
168700 13.616985766849567
168800 11.98805845521499
168900 14.319563368197786
169000 14.17091641612179
169100 14.402672577957341
169200 13.214933905300239
169300 12.960562535006156
169400 14.346165960780848
169500 14.276739322399669
169600 13.4280957162814
169700 10.819316159601001
169800 12.255067995141111
169900 11.334949047995336
170000 13.353674441113192
170100 13.055598226312618
170200 13.721677985192803
170300 14.938935620982706
170400 12.682730420671108
170500 12.924986662962066
170600 11.748589860299957
170700 11.93898436583694
170800 11.093861500265367
170900 12.881354430558963
171000 13.366099677102905
171100 12.986997059994215
171200 10.398768301064887
171300 10.419365274517967
171400 8.7799913147716
171500 12.15946508321184
171600 13.642119158518891
171700 10.033032238785657
171800 13.754040750972257
171900 12.223812445490939
172000 12.47207894714104
172100 12.471904057580684
172200 11.34310971037846
172300 12.959181861832455
172400 6.968312594548895
172500 3.110527680210937
172600 4.3494963928675725
172700 6.041083833838487
172800 6.957978044051767
172900 7.9027945866331795
173000 6.74397339038627
173100 6.720901197700559
173200 7.206087004505317
173300 7.00769257548457
173400 9.162967620797243
173500 8.713803457285477
173600 5.891320539713684
173700 8.107163363261757
173800 5.5432880617884965
173900 4.3129244953937
174000 0.24665930796855828
174100 2.686234646252137
174200 7.6382065144814995
174300 11.348193100823396
174400 13.646647423972947
174500 4.7296602176579965
174600 5.227147991706268
174700 7.280658478119284
174800 7.549548133343754
174900 8.04664841183267
175000 8.237372451657624
175100 7.71826132275014
175200 9.973328708367273
175300 9.591619999931737
175400 8.299544716353198
175500 7.406441799645204
175600 8.885329523459557
175700 11.451732502277093
175800 13.614523344269067
175900 15.833700420210626
176000 16.525016079397577
176100 17.357246852927275
176200 17.796592982228248
176300 18.18206600642846
176400 17.404303313296737
176500 16.874659168078555
176600 18.641516887932035
176700 16.591365204877672
176800 17.129869007920842
176900 17.42291592056475
177000 18.80978782436938
177100 18.282280887605744
177200 17.018717916695984
177300 17.04137189218058
177400 16.92916794015967
177500 17.53315967197971
177600 17.62700108871723
177700 17.981724358061715
177800 17.854064086022095
177900 16.942688097111535
178000 16.353754113513897
178100 15.753060842245208
178200 17.02138254461429
178300 17.426765790377022
178400 17.257775230185366
178500 16.710135946624344
178600 16.924535218536043
178700 16.93640106123519
178800 16.933022616361868
178900 17.47291519640636
179000 17.631986305320563
179100 18.068471841152043
179200 17.947876173931697
179300 17.365586563257562
179400 16.683777448291572
179500 16.712105810840722
179600 16.36551626556944
179700 18.108091376628742
179800 17.86934486354877
179900 17.782882056120236
180000 16.61892395007939
180100 17.54552196131861
180200 16.29518535248043
180300 17.19020670913174
180400 17.053986861157327
180500 16.56348106042603
180600 16.721021410919054
180700 16.215615108545947
180800 15.046993508609798
180900 15.668716109768509
181000 16.510921925398563
181100 15.746432872096406
181200 15.001368151065606
181300 13.361707099869765
181400 11.586067041287992
181500 12.673526063074974
181600 12.109121905721832
181700 11.911133822369486
181800 11.255911728389481
181900 13.51223398383426
182000 12.45561770393812
182100 13.339097651770826
182200 12.530174807825409
182300 13.382181811246179
182400 12.657578692193002
182500 14.117619873763106
182600 14.134594636728204
182700 14.414227054283195
182800 12.692272211381725
182900 13.450958239682603
183000 14.860472389782089
183100 12.932258796989496
183200 13.504042513842348
183300 12.683018178214445
183400 13.506814882391998
183500 12.837676920887453
183600 13.537379302469997
183700 14.898053081845083
183800 12.231261406201726
183900 13.386772765137788
184000 12.575226752737153
184100 13.511706362999526
184200 13.610070769315541
184300 13.019509559097854
184400 13.10448780280823
184500 13.066389441665214
184600 13.051074269828323
184700 13.755884626187603
184800 12.72369126768944
184900 13.318266889174707
185000 13.20091327046656
185100 12.58031271781234
185200 12.272243393439437
185300 12.410793410821286
185400 14.529954142261328
185500 13.488313751649127
185600 14.146558281507785
185700 15.22581141156217
185800 13.697950684215625
185900 14.047795611852422
186000 12.730320150627035
186100 13.697596316689848
186200 14.812016592991544
186300 14.171153194157878
186400 13.666738539015373
186500 13.551564174705614
186600 13.038759913570138
186700 14.287279369823946
186800 12.717415421358693
186900 14.092348479238401
187000 12.57972167912418
187100 12.513947364195916
187200 13.527463652208292
187300 12.886888572979563
187400 14.005209410263099
187500 12.91468940682901
187600 13.065213117769884
187700 11.16346363850784
187800 12.892180222475881
187900 13.98542158865891
188000 12.999636963791021
188100 12.549912003814626
188200 14.435244221433079
188300 13.77071196070796
188400 13.648256141301816
188500 14.020517791670482
188600 13.114568094838093
188700 13.83200059423574
188800 15.950247879498253
188900 15.423325046013456
189000 15.813681866722064
189100 14.953389069496152
189200 14.550552344510571
189300 13.849175841174512
189400 14.628382702892694
189500 14.555554600572629
189600 14.84283661829266
189700 14.519396399884629
189800 15.221195970094975
189900 14.478442872375552
190000 14.08541377468062
190100 13.216006212689093
190200 13.57251615588738
190300 15.095115837181124
190400 13.104124903837238
190500 13.449455871512617
190600 14.21772059612401
190700 13.818011307066682
190800 14.942344562702406
190900 15.930200527567179
191000 14.581189499886362
191100 15.92102918363599
191200 15.2797605694744
191300 14.56723802646659
191400 13.572176304601552
191500 15.498263469701874
191600 14.37887338935283
191700 15.506126530395536
191800 14.769798090447814
191900 14.824704883602847
192000 14.53136112321827
192100 15.26010287980314
192200 15.408357057508955
192300 16.529993672921233
192400 17.416638640831515
192500 17.143981549002454
192600 16.507054616275198
192700 15.321372910428785
192800 17.159304092764543
192900 17.04327068074535
193000 17.435610802632926
193100 17.374326218102425
193200 16.24242758709755
193300 17.482289512028082
193400 17.195556371215602
193500 12.588118001131186
193600 9.220115678965447
193700 11.736440730646361
193800 13.729603206797622
193900 13.854525642459445
194000 9.033879211860974
194100 13.011854867134224
194200 14.921490612736362
194300 10.146623485353157
194400 12.085840985404973
194500 13.124181045266925
194600 12.084647524131663
194700 12.962558907371557
194800 12.291751471973317
194900 12.889607062029912
195000 12.570453227831582
195100 12.576397188824256
195200 12.120382898497242
195300 10.005544005094816
195400 6.358875374041336
195500 7.720367977257868
195600 7.7516454916934805
195700 8.836407717979428
195800 9.099054623756897
195900 9.464922677028225
196000 10.967736838014904
196100 10.615156187714998
196200 9.985790215155369
196300 10.603541130442864
196400 9.46063845665131
196500 8.389075972093037
196600 8.754466848732237
196700 10.790214354217635
196800 14.320782980778112
196900 15.86781380661735
197000 12.87531685604328
197100 11.613995463050092
197200 11.355499032830473
197300 12.229864326652335
197400 9.046582498053596
197500 10.606830157217914
197600 9.637505282538715
197700 11.382393377221957
197800 11.618520082205926
197900 13.150369797249256
198000 14.237661578289272
198100 14.545937909268371
198200 14.489125106997012
198300 13.726616018880152
198400 11.7982412314452
198500 10.677363431176023
198600 12.155467718236071
198700 12.813209191367879
198800 13.307131654569954
198900 11.289949658658069
199000 11.910140826735205
199100 11.626976326784005
199200 13.175312275706943
199300 14.33728784283974
199400 12.888740941508855
199500 15.785910546182718
199600 13.363677892309989
199700 13.207798950875631
199800 12.818011228135589
199900 14.641391152167317
200000 15.49642022047561
