100 -1.489327269755258
200 -1.4727792514029505
300 1.5707022649825753
400 1.392804945131572
500 -0.8409191226945885
600 -0.01395097104897608
700 0.7529950703556956
800 0.8776692763575511
900 -1.0396787149956752
1000 0.6666786456670699
1100 0.9930196845396351
1200 1.3634853807460068
1300 0.9622382594360144
1400 2.3127380047389954
1500 1.4010649235368662
1600 3.455720222349211
1700 1.9407757481305945
1800 2.6217664991939134
1900 2.350585353358923
2000 1.9670946491979513
2100 0.31477712230960364
2200 0.12966156878186524
2300 0.9993221170288267
2400 -2.3964995323842695
2500 -2.848125425171295
2600 -1.115809740063212
2700 -1.2239893000311266
2800 -0.2669027507094313
2900 -0.7820478551559791
3000 0.7764365665030013
3100 0.3986981225535459
3200 0.3094499206654986
3300 -1.5277508363151335
3400 -0.49684933355098965
3500 1.9524482605603404
3600 -1.2692000463163151
3700 -0.5166708314864443
3800 -1.248847143327595
3900 -0.9597220718470465
4000 -0.8901117637075058
4100 0.41186848974469337
4200 -1.025427750662466
4300 2.1842836521216515
4400 3.3006684041689547
4500 2.490934198544105
4600 -0.5179061062130721
4700 1.6021126994426425
4800 1.1939439486702679
4900 -0.5670705237056954
5000 -0.5189867735668705
5100 0.4247060551843084
5200 -1.4947915114301098
5300 -1.1029167369425446
5400 -0.4878710611760709
5500 -4.177349369414725
5600 1.1888243513192391
5700 0.49428050752325553
5800 0.2126265677971061
5900 -0.7695749692350407
6000 1.2491392456532682
6100 0.29073391163974677
6200 -1.1178065120678058
6300 -2.922230937009108
6400 -2.4895390268849247
6500 -1.1872059477561832
6600 -1.881387038017394
6700 -1.5381421848737589
6800 0.36689248645239575
6900 0.702464416241771
7000 0.05450709795364961
7100 -1.0413537106734132
7200 -0.6814396408203061
7300 -0.6039906117171285
7400 -0.24375055604595258
7500 0.5509059288075311
7600 -0.9071050261619049
7700 -1.8096032129488242
7800 0.5834860532028483
7900 0.5671601012111389
8000 1.1951674295758192
8100 -0.1195815455408323
8200 1.2762832391110097
8300 0.5265936735126611
8400 2.6734139592355053
8500 0.3199769134507527
8600 1.2272237694184538
8700 -0.31264993810614555
8800 0.04288384896406122
8900 1.2186319948907236
9000 -0.5312046061498736
9100 -1.2226125505270131
9200 2.240200557218989
9300 -0.4248209574994854
9400 0.851449036581682
9500 -1.620288801632396
9600 0.9599103862631648
9700 1.4991725059756755
9800 0.31253113234955765
9900 0.031401951851364934
10000 0.5205366339140334
10100 0.6765231279480897
10200 -0.7382212126835772
10300 -2.6529207839533617
10400 -2.591104961192764
10500 -1.2469702725172962
10600 -1.3467733891212197
10700 -0.8958945861044676
10800 -1.1879690762540278
10900 -1.9083712281006673
11000 2.3910834629133633
11100 0.15875584000609916
11200 -0.4039588938923626
11300 0.10517250802906425
11400 0.9190465190259225
11500 -0.8065254410931433
11600 -1.8306548091384212
11700 -2.24345787896865
11800 1.6992456463864636
11900 1.030787157144164
12000 -0.9648851130148595
12100 0.7677612219081174
12200 -1.3371916631805565
12300 1.2503859098424643
12400 0.643443595195442
12500 -0.38947976723791256
12600 1.3769134020920963
12700 0.32506629527840886
12800 -0.860590335615224
12900 0.000318519369206377
13000 -0.2290729889703459
13100 1.403534396028752
13200 -0.45485693707844627
13300 -1.4904585396388763
13400 -0.5990032670033056
13500 -0.06314427709648868
13600 -3.8133623045692944
13700 -0.2853481764310366
13800 -0.9484493777096386
13900 -1.7214045163946785
14000 -1.9510231836454388
14100 -0.9804318553886919
14200 -0.9118681469496985
14300 -0.4633948602545848
14400 0.0800062303561235
14500 0.2927625409267717
14600 -0.5189047228299402
14700 -0.2848952091644246
14800 -0.7229464453155534
14900 -1.257754534333164
15000 -1.7283124219023545
15100 0.2340297913774586
15200 -0.7147645395275364
15300 -2.1696793011202664
15400 -3.4773681877438625
15500 -1.115585085336956
15600 1.4810360984075142
15700 0.333891018009382
15800 -0.6536448301861733
15900 0.4434557901708484
16000 -0.22693476285932368
16100 -1.9176099039200838
16200 -2.0253687759209447
16300 1.2116492360255269
16400 -0.7553360540053657
16500 -1.3356929839655107
16600 0.853164633807034
16700 1.1929419287791707
16800 -1.3874997657430268
16900 -0.1420305155027029
17000 1.7036737896496323
17100 1.7670864972662923
17200 -1.3892720807861858
17300 0.18204345426188628
17400 0.2843671624730794
17500 -0.7978179886117085
17600 -0.4215685436945693
17700 -2.1525075874642448
17800 -0.12461339535532226
17900 1.272983687675939
18000 2.7366887108994824
18100 0.7397570242211033
18200 2.1018954106695933
18300 0.19502840320557846
18400 -0.1422068805762543
18500 -1.6045262389935582
18600 -1.5122740668659593
18700 0.5127589236179502
18800 -0.5859165630006595
18900 0.14305367416595094
19000 -0.5023730891594516
19100 1.0659653746344735
19200 -1.1775400208850824
19300 -2.0977578522268976
19400 -0.5443342297683086
19500 0.5807503604231542
19600 1.6594627871914016
19700 0.292467831695359
19800 1.6364510330327326
19900 0.5646103868333878
20000 -0.03830058505311543
20100 -0.06429371500102221
20200 1.7505694774583735
20300 0.5624983767749749
20400 -0.10073337331089509
20500 -0.7066775190142962
20600 -0.86123681890107
20700 2.3571154815112205
20800 1.6167050462387276
20900 1.6483763642151115
21000 0.6884064199949018
21100 -1.0784294090892015
21200 -0.6481095374205907
21300 1.020748147967997
21400 -1.56496001334495
21500 -1.131377975406924
21600 -1.7025852676482325
21700 -0.08678441104345572
21800 2.0154075282404365
21900 -1.535320627628626
22000 -0.2677566420913168
22100 0.07871477098245139
22200 0.39574035796966905
22300 -2.6566593263567544
22400 -2.0962148616243526
22500 1.111754199751405
22600 -0.4252082519521807
22700 0.01108312621148419
22800 -0.4876848812864653
22900 -0.32318711385056953
23000 -0.899290590839072
23100 0.1283846639005527
23200 -1.0397016871092783
23300 -1.0330492947812633
23400 -0.7604128925199867
23500 -2.1363157532959987
23600 0.6349210974759254
23700 -0.9193700159157125
23800 0.03754613721946917
23900 3.169933301674462
24000 -0.13450374736914408
24100 2.0234801321144174
24200 1.6536598765719213
24300 0.6015627861861286
24400 1.9389034142493176
24500 2.029931627141363
24600 1.6297266625175015
24700 -0.5620519117117664
24800 -1.29967053036039
24900 0.483725519734643
25000 -0.08820403052434306
25100 -1.5810230591055379
25200 -0.8327551068660268
25300 -0.6962765841855341
25400 1.629894413704813
25500 1.0446255399941216
25600 -2.6316427116207946
25700 -1.1064235768354176
25800 -3.3022864968196233
25900 -0.26751745078769573
26000 -0.8803826078024517
26100 -0.08142435440941231
26200 0.8237089843713423
26300 1.1560791198763247
26400 0.2237022985714995
26500 -2.0476965002113663
26600 -0.9723062815967087
26700 0.10957597871235275
26800 0.7109624278934665
26900 0.6883695221892099
27000 -0.32039526748633046
27100 -0.7718321228073
27200 1.560102182401406
27300 1.6341002228062242
27400 1.4492298866189512
27500 0.9903042875921257
27600 1.9496565746915906
27700 3.4507536522368807
27800 2.002744010291866
27900 3.5995953391988436
28000 2.152589693888681
28100 2.652292117513902
28200 3.2836756654531234
28300 4.156898762211833
28400 3.595025389126822
28500 3.0114599202450245
28600 1.4979833645545173
28700 1.0512358173800844
28800 2.0957986755622198
28900 3.791784120185982
29000 2.7211689209672363
29100 3.1676840022036727
29200 2.991859501430442
29300 3.4422478245678025
29400 5.822283764051288
29500 4.993419937213002
29600 2.533389891225863
29700 2.1122610681761467
29800 2.7858207650706435
29900 1.7349118495946336
30000 3.633629929908118
30100 2.372482667864955
30200 0.4397221526788386
30300 3.5561756764047665
30400 5.111052022291196
30500 4.573585663743753
30600 5.921123300880498
30700 2.7090229022324803
30800 2.2647625279844696
30900 4.20786220296009
31000 2.3774584274941946
31100 2.1036658598088422
31200 0.8005716243198693
31300 1.248390629362797
31400 3.075209599868376
31500 4.109788318809182
31600 3.7881329211124517
31700 4.471031996808553
31800 2.7153424914139137
31900 2.512910008163412
32000 3.023344364348359
32100 3.6226075970353584
32200 4.439700249714682
32300 2.0072603960216564
32400 3.3726098120463517
32500 3.088977141898331
32600 3.5875541759096623
32700 3.547713672471912
32800 3.6151313952835316
32900 2.1163735178060072
33000 1.336248717580266
33100 4.071824239516261
33200 5.294329774713766
33300 2.5088976122253177
33400 3.2043863281825957
33500 1.730013397981271
33600 4.13509640918765
33700 5.4042148427976775
33800 5.010775424812481
33900 5.407121178174144
34000 4.550655567237417
34100 3.6634963902168596
34200 4.3388026244687685
34300 3.7807884236059053
34400 2.9024532793346034
34500 4.0241283538822845
34600 2.874770700639886
34700 2.703442110093784
34800 2.820099676299143
34900 1.428983369810659
35000 1.7628987901320974
35100 2.4334284250441653
35200 2.974855210544109
35300 4.211307711999936
35400 0.8873818206392334
35500 1.5360417590796693
35600 1.8285867308442818
35700 4.10088567251534
35800 4.52418233797201
35900 4.408859903502426
36000 0.4588481041701998
36100 2.66357473692725
36200 6.39316358405721
36300 4.633109146975213
36400 2.386881891563455
36500 3.474416047052554
36600 3.8893448101941406
36700 4.5193340413858945
36800 3.607647307936205
36900 2.323855435814271
37000 3.477804697593608
37100 4.14129772309859
37200 4.381468617661889
37300 4.43811862533405
37400 5.513351378069988
37500 3.2514729604438712
37600 2.371272542573747
37700 2.1655463492935456
37800 2.359243498932553
37900 2.9259929013831463
38000 3.6903575532059416
38100 5.813214453434858
38200 4.557712142479203
38300 2.4000056604424653
38400 2.1237379913246666
38500 3.6315072488852236
38600 3.4890669710805624
38700 2.8515718186406196
38800 4.892403777785406
38900 3.4061200219073067
39000 4.241588772572297
39100 1.8982598926875982
39200 1.927278946651556
39300 4.870312109056083
39400 4.932768804095662
39500 2.94749411760348
39600 6.246620120129652
39700 2.5348769301334855
39800 3.9407125993499763
39900 4.971474299237637
40000 3.577593011454727
40100 4.373367496636512
40200 3.3152004783289466
40300 4.344601907692383
40400 1.779597562203113
40500 4.706474153392793
40600 4.528297723186462
40700 5.465073356503255
40800 3.858409837944762
40900 2.0654446372712942
41000 2.7763077811046526
41100 5.457336674571309
41200 5.105516029093274
41300 3.576733879691421
41400 2.5796024332064382
41500 3.6063420244161524
41600 1.2276145741161932
41700 5.098818586930309
41800 4.887217926920027
41900 3.75690004101927
42000 4.309222740245853
42100 5.194930870398554
42200 5.83392513875156
42300 3.4284260820919443
42400 6.590595232386768
42500 4.833231116039447
42600 5.771879305806582
42700 3.0129909913906467
42800 4.2699168798898715
42900 2.5229751677344416
43000 3.0822917401488112
43100 2.211185877339584
43200 3.1522886295884702
43300 5.061444144879221
43400 4.924764101959553
43500 3.309165160302057
43600 2.584284422113044
43700 3.8288050900486796
43800 3.3504499662832368
43900 1.857655694890015
44000 3.362915205094699
44100 1.3127337140711142
44200 2.7673174177802466
44300 2.20964719873047
44400 1.8228345857366064
44500 3.4100238837070687
44600 3.976515683184849
44700 3.828939676131211
44800 4.293053508861706
44900 4.915045154321223
45000 4.468911356137256
45100 4.310051630145737
45200 5.786145908392222
45300 4.660877150922847
45400 4.254625915548528
45500 5.161082615524427
45600 3.8287168188063534
45700 3.6631231467135557
45800 4.090124893345555
45900 1.132664892521661
46000 2.4116536410587464
46100 4.578289061837304
46200 3.479418649976643
46300 4.801357182367605
46400 2.503854454747659
46500 2.566209198595155
46600 2.738521874266149
46700 2.085454341388557
46800 2.7766240922380074
46900 3.336395386644139
47000 2.407535224305088
47100 4.8079534031008455
47200 5.61995167535268
47300 4.2080868486814484
47400 4.047323858361393
47500 3.407159590890194
47600 4.101954717199615
47700 3.5510534075134084
47800 3.466988357757486
47900 3.6863347353400657
48000 3.6661717200585415
48100 4.626850928784918
48200 5.789108928978945
48300 6.369172670681071
48400 4.100762438781126
48500 5.948929930064101
48600 3.0621506247488077
48700 3.9049100152133986
48800 1.6600275899253165
48900 4.234078077594471
49000 3.809330453633821
49100 5.273972890895108
49200 4.0482981663081725
49300 3.0796221837602533
49400 2.0330355096060506
49500 4.576417030852252
49600 4.835953970815224
49700 5.38903226772131
49800 5.430381531604013
49900 6.055555733734062
50000 4.671869293288997
50100 2.4870143064985006
50200 3.5120950066063705
50300 4.426666912104773
50400 4.85406507012744
50500 5.893816855608604
50600 6.566879264792477
50700 4.717552619836389
50800 1.6136581597936084
50900 2.0156501700722784
51000 3.174426798540369
51100 4.600691086519689
51200 2.8154775397054594
51300 -0.010383693578848663
51400 2.90111278253511
51500 0.7342290453283722
51600 1.5494144004902246
51700 3.4288108110003863
51800 4.040808154308276
51900 2.4692411010086217
52000 2.7299362260200803
52100 3.518630791469838
52200 4.082995445656792
52300 3.8679459633281317
52400 4.525621803330455
52500 3.1782305847586425
52600 1.1125767466026717
52700 5.22874110298625
52800 3.6310337900183116
52900 3.4449464921803252
53000 3.7589547969686983
53100 1.6868107692286736
53200 4.449311508113469
53300 4.757578190948161
53400 2.199591865013639
53500 2.8584512738266508
53600 4.744862805076964
53700 4.21428579631693
53800 1.913298930588298
53900 1.5392778441414865
54000 1.8831539952643157
54100 2.543004482007088
54200 3.075109689143916
54300 3.4805729960663228
54400 4.054781674973267
54500 4.385637224922726
54600 4.635998120505362
54700 3.8562963270397055
54800 3.0705012263398466
54900 6.267746639124025
55000 5.53472415560741
55100 3.973598597548577
55200 3.5414060603564694
55300 4.054018531747706
55400 4.552231512973052
55500 2.5346733654887914
55600 1.9375525244696983
55700 0.9952025666242224
55800 0.6472320921968704
55900 3.837558217600372
56000 4.599569243501204
56100 3.0888625394902567
56200 2.52462104623838
56300 3.9487622570922634
56400 4.525879265805773
56500 4.323220307814828
56600 3.1178255112244027
56700 4.638096497298229
56800 3.1164394910038986
56900 5.326643309138031
57000 3.5155591832120625
57100 2.406196247155379
57200 2.531523705603904
57300 1.9510317046807664
57400 2.114067233569296
57500 4.604881429726283
57600 2.9773324735845894
57700 3.92892039914039
57800 2.9072937650267945
57900 3.3902865109650793
58000 2.538267744231098
58100 3.748988843257661
58200 5.363664469959577
58300 3.54739668604966
58400 2.0743054999440145
58500 1.556902764298134
58600 1.4214863921560836
58700 1.8587511286794103
58800 0.8605663161553938
58900 3.563094871448765
59000 4.435476861907162
59100 3.579371051623018
59200 1.9073624048411404
59300 2.201471054965138
59400 2.024961093734676
59500 2.856900166498736
59600 3.681543925153114
59700 4.234684146867056
59800 3.250843108016049
59900 4.489879186860159
60000 3.311710460079545
60100 4.778066678397867
60200 6.261072712881152
60300 3.900495548965101
60400 4.700084791737947
60500 4.8196031524944765
60600 4.6835563667589675
60700 4.6496660013501065
60800 5.005738159320512
60900 5.215448209533324
61000 1.9495160432000602
61100 2.1545332251126146
61200 3.0172025091796364
61300 2.774859874147986
61400 4.604729455442699
61500 3.8218895273457987
61600 1.4807733850245355
61700 1.6102477487788802
61800 0.7724186993065612
61900 1.5170011340505165
62000 3.2455618368026067
62100 3.507358826113778
62200 1.7097811031055081
62300 1.727558422039014
62400 1.4530123734851037
62500 0.4149834241319301
62600 0.8020246303745773
62700 1.3434028588678242
62800 0.1066325717654058
62900 -1.1296308827702928
63000 -0.12026148660186321
63100 -0.1823856526674892
63200 -2.7742361703585354
63300 -0.4294528773110638
63400 2.690471803232544
63500 2.964767296753662
63600 0.9316708608166233
63700 1.0447553292487883
63800 -0.48033637046368516
63900 -2.0056968155129193
64000 -0.8462535948670429
64100 -0.3262206573266184
64200 -1.0505657157235506
64300 1.936270538234703
64400 -2.791662501553795
64500 -2.4880687661364544
64600 0.5509454798639795
64700 1.254713974519341
64800 -0.8457343992071169
64900 -0.48613396062901
65000 -0.2358510400163909
65100 0.3548361880478145
65200 0.9203786689791311
65300 1.1864891572539258
65400 -0.47496349486739065
65500 -0.671165260379833
65600 2.9453552324331254
65700 3.100029021483465
65800 0.5876938170921643
65900 1.1306864730932145
66000 -0.023770614738472556
66100 -0.4263136459504056
66200 1.3678529336370346
66300 0.16833735024383079
66400 0.6785299182040001
66500 -2.2333817584317495
66600 -1.06752220606776
66700 0.15568352341591563
66800 -0.2645246064848995
66900 0.9678748131356416
67000 -1.4511834783998359
67100 0.41434682740928547
67200 -0.8314491468003127
67300 -0.5921636764694209
67400 -0.48653321463419713
67500 0.9183043354409195
67600 0.3610184467074888
67700 1.0869935996100726
67800 -0.3304252563434711
67900 -0.8083676240717126
68000 -1.6331812580611489
68100 -0.7302779228009444
68200 0.3225529555647845
68300 -0.568900291003338
68400 -0.3226968861540496
68500 -1.895068085024196
68600 0.2777450414612536
68700 1.8393609027714721
68800 2.2078559884180167
68900 1.278225735331031
69000 -0.03184096146886772
69100 0.7524741240907293
69200 0.9382698524626767
69300 -0.11290588968830689
69400 -1.562007942990073
69500 1.834427716017114
69600 0.2454766108352341
69700 0.1669513561427206
69800 1.7149479055887198
69900 1.005629795023281
70000 -1.8056642314000422
70100 0.40184532486595664
70200 -0.5675578139592565
70300 0.40697340502727963
70400 0.2359651514521784
70500 -0.9101400275255065
70600 -1.8430090501774934
70700 -0.6665445732351931
70800 2.447258420176662
70900 1.1473214599638921
71000 1.341013462891168
71100 0.7891526034486924
71200 2.4128118946338724
71300 -0.6765417142906127
71400 1.822807978395235
71500 2.9392581653154175
71600 -0.36056434377585367
71700 -0.2376531648835627
71800 -2.1408409210985124
71900 -2.42816227876547
72000 -0.7538242299613569
72100 0.8087270738413603
72200 1.650427261671124
72300 0.27372882247476416
72400 -4.168483561101357
72500 -0.3693313984973445
72600 -1.272653041837744
72700 -1.3416218587807163
72800 2.0029413734909656
72900 0.15633129063292106
73000 2.828292100280011
73100 2.726889357014923
73200 2.893946112721287
73300 2.834665641460637
73400 0.07507600947458691
73500 0.2643565818995008
73600 -0.7100786687116922
73700 0.4380765967969679
73800 0.0835163151899316
73900 2.4280731139149405
74000 0.7081532388939848
74100 -3.189456982251088
74200 -2.097039052191579
74300 0.5531336004684376
74400 1.121456631671962
74500 0.17947386083861855
74600 -0.9929174096061613
74700 -2.512168014088031
74800 -0.6174156755989468
74900 -1.2238928591976543
75000 1.7397789161110637
75100 0.16412457264487135
75200 -0.006803136530982606
75300 -1.1853965133743005
75400 -1.8886532938734721
75500 -1.2836577675908083
75600 -0.5099175619872915
75700 -1.849907654757925
75800 -0.5822186699714733
75900 -0.9433048693359183
76000 0.9323244675755364
76100 0.8467865845809903
76200 2.098891792469878
76300 3.2674202645734303
76400 2.050216079549216
76500 3.0430574012366676
76600 2.4699140132109503
76700 2.176628037219028
76800 2.0171160487011277
76900 2.5356752955210164
77000 3.168828920119625
77100 2.0984522041890825
77200 2.279068776913424
77300 4.51497465398836
77400 2.430336078722945
77500 -0.22331761273419287
77600 1.9805673733903624
77700 2.8762131667155106
77800 3.2939402248854814
77900 4.020567432661605
78000 3.3021821490166663
78100 0.8046984177479514
78200 2.6087498147655683
78300 3.2830557733603247
78400 1.6564223427797435
78500 3.249203816119699
78600 1.503014111507995
78700 2.7577618918086184
78800 4.8618391681489985
78900 5.374044181872662
79000 2.1048342820855654
79100 4.523571546864267
79200 3.66986449504429
79300 5.770470159843055
79400 5.010843007353953
79500 5.316976349127948
79600 4.197881257481958
79700 3.1603888914423774
79800 1.8447072583237483
79900 2.8255439378126623
80000 2.912426300194729
80100 5.152560139750515
80200 4.990948386106638
80300 5.119178267524031
80400 6.224201320142744
80500 3.75397235664654
80600 1.9785632319269808
80700 1.2923276427378867
80800 0.4146326135445263
80900 1.9781177127692642
81000 4.192683786532632
81100 2.6074984319594154
81200 4.08446228996564
81300 4.729452485539342
81400 3.8105720356163553
81500 3.4657985750791998
81600 3.955637303919553
81700 4.749013560803558
81800 1.962421421437505
81900 4.218116878295119
82000 2.369486150539324
82100 3.1516357287390617
82200 3.394008028723489
82300 0.9386232179096208
82400 0.4677709651450325
82500 2.3995134065050365
82600 3.2976194621446746
82700 4.2559764961173805
82800 3.3750927007373708
82900 4.575984031438094
83000 4.553382539488671
83100 5.646020843966825
83200 2.970124056603312
83300 2.103172655401651
83400 1.177250880334572
83500 2.593274222040603
83600 1.2740672452713067
83700 3.7289794686899347
83800 4.438069014639298
83900 4.741501220320426
84000 2.8394360276424493
84100 1.988474378863218
84200 2.9220916568387403
84300 4.621334452906797
84400 5.423672616326007
84500 7.573830039463253
84600 5.078299944900668
84700 5.52930692545052
84800 5.080273437111785
84900 4.464630858592662
85000 2.001255100641351
85100 3.868730964725798
85200 3.548988307928373
85300 1.058361722660015
85400 2.8783688906474993
85500 3.0411961645480114
85600 1.9644020309700456
85700 3.8773533493681
85800 3.295369706797509
85900 3.5397463516692773
86000 3.000811557107575
86100 4.563577793279617
86200 5.264894217921904
86300 5.807971965964674
86400 5.855964786475704
86500 5.2682717586413
86600 3.285234655441827
86700 2.412013356877225
86800 2.536400012332845
86900 4.305122254496018
87000 4.391417090924764
87100 2.392518071903714
87200 3.2093335453037843
87300 3.4526179991362516
87400 4.007184813899737
87500 3.9038305289767177
87600 3.0682546903367363
87700 3.849685805800951
87800 3.320677863459562
87900 6.124112382537677
88000 3.794680854114456
88100 4.647518699467939
88200 3.269444298856103
88300 1.9937510361060273
88400 2.3574019569747677
88500 4.406173219455764
88600 5.882028524001812
88700 3.9229432926780587
88800 5.070064404682887
88900 4.898718956410739
89000 4.547558256170936
89100 3.0639268203605754
89200 4.066750937999016
89300 3.848341033821755
89400 4.880665478532949
89500 4.5430954389359135
89600 5.141170839743848
89700 4.003169253152952
89800 3.7286021263992892
89900 2.9137967238144156
90000 3.7355679857368846
90100 4.52138042410684
90200 3.284943028547489
90300 5.154649975419464
90400 3.091812609468796
90500 4.944031114022094
90600 4.579874721560713
90700 2.6739502744747057
90800 2.962092260564715
90900 3.005150412528539
91000 5.235297294280475
91100 5.34713881363464
91200 7.249882654671438
91300 4.126768908006286
91400 4.184485190074341
91500 1.9151027592969165
91600 4.266334551055435
91700 4.506286923825056
91800 2.512936397738238
91900 6.471151247233346
92000 3.2282136181189363
92100 4.512023831813268
92200 3.841388856725338
92300 4.260469007772049
92400 2.5273879497233884
92500 4.0320959508247425
92600 1.575568726457858
92700 3.996833395707164
92800 5.999292294700218
92900 2.9708217633300587
93000 2.2514044023739883
93100 3.0707311487088575
93200 3.4968924436110145
93300 3.866860133937842
93400 2.272847509759072
93500 4.012571558561083
93600 2.594942975618505
93700 3.711404651806241
93800 4.454112042124612
93900 6.733444085398401
94000 7.572542940038613
94100 4.738865652369438
94200 4.5720062818627945
94300 5.100504222321376
94400 3.7828747558793334
94500 5.6151990951075215
94600 5.451418813604513
94700 2.801796524756576
94800 5.18034700974275
94900 3.533915766894043
95000 5.05438932370219
95100 2.9923884615474825
95200 6.290085754222639
95300 5.7798277099105615
95400 4.636028774475912
95500 3.737328574852694
95600 2.1172978974682235
95700 3.696745119017492
95800 2.779045605137465
95900 2.8985282590360057
96000 2.8238086200770742
96100 3.9992757877775498
96200 2.878329318921391
96300 4.006921911322146
96400 6.577211012457184
96500 4.896990607323752
96600 4.832574143551054
96700 5.57501363364093
96800 5.780411991030426
96900 5.725787169620032
97000 4.8604637556629
97100 3.892995633869938
97200 2.843083020475157
97300 3.1972767943550005
97400 4.983949261425154
97500 4.066366987815436
97600 3.437374103255457
97700 4.387710934543006
97800 2.5562516111108704
97900 1.1248171108993126
98000 2.0151885473664506
98100 2.0491438318961412
98200 5.134285153119432
98300 3.307995527350671
98400 2.0926560208524374
98500 5.887934943589006
98600 4.511436551159525
98700 4.168629987545103
98800 4.6062745982506375
98900 4.20967193272235
99000 3.550668810153414
99100 3.3546118583892546
99200 4.844387316816289
99300 6.1843539644488095
99400 6.077128970246937
99500 3.9790995072516546
99600 3.6974608420839443
99700 4.495341467905808
99800 4.343891903512207
99900 2.2771766987925455
100000 1.5857129988951806
100100 3.019607640661659
100200 5.813296569376272
100300 4.373701140092686
100400 5.066415973598979
100500 6.451712987222797
100600 3.3588819726826893
100700 3.1019919084705463
100800 5.117254348902319
100900 4.233939990841261
101000 4.185708446295385
101100 3.0756059780301754
101200 2.8618092642693256
101300 1.8455271737521886
101400 4.5398876474364025
101500 3.114656472939589
101600 3.6101106595203127
101700 1.913135600874629
101800 3.8060418916900183
101900 3.041055549039705
102000 2.3020943007805434
102100 4.867161578238599
102200 4.215143415781146
102300 5.150416719454977
102400 4.099308101778494
102500 5.03024260617573
102600 2.628345970031558
102700 2.3477310231060735
102800 3.1960670590634903
102900 4.400481569684946
103000 2.002362950702701
103100 4.050033981107412
103200 3.6247512094190766
103300 4.85029740115076
103400 3.9881083061949503
103500 4.474741979639858
103600 3.7730871527443637
103700 2.4808178214472583
103800 2.826905249999514
103900 3.0074608483138596
104000 3.8976287374906953
104100 3.8090111030353864
104200 4.937745936140147
104300 4.065346754619228
104400 2.2447923256408675
104500 1.8727660784439462
104600 3.977746789072502
104700 4.685511102899626
104800 0.8625310166623903
104900 1.4327200860441698
105000 2.5933334729594604
105100 0.46229806566163884
105200 0.6984186302167087
105300 3.229624858454991
105400 1.4879219343613115
105500 4.715654848526601
105600 3.832688150273631
105700 4.6260239978882955
105800 4.51056734582412
105900 4.439836880121417
106000 2.9467668210857063
106100 2.7088814500052734
106200 3.7059753290607103
106300 3.7604424368833307
106400 6.241387536349268
106500 5.976022924444509
106600 3.526926602618572
106700 4.574784031996716
106800 2.402452480488127
106900 1.9098389460907186
107000 2.735051671554721
107100 2.496881957264869
107200 3.545921733173463
107300 4.9749748305886525
107400 3.418848925069841
107500 3.3336997367677026
107600 4.527135294753941
107700 5.652915934412617
107800 4.92916075169385
107900 2.7281646456936315
108000 3.2595296861124208
108100 4.506377868964549
108200 4.486246299041648
108300 3.233956020285451
108400 2.870524152243251
108500 2.607531773707651
108600 3.741122954477492
108700 3.5039027176698494
108800 2.0266810329332636
108900 2.675270052813747
109000 5.175019222453639
109100 4.324386237263679
109200 1.9188481241189008
109300 4.201771607029437
109400 4.224131879379441
109500 4.5582639344592595
109600 3.9771622826292985
109700 1.2046500802683733
109800 2.019651037515945
109900 4.239741756103106
110000 4.694394750537305
110100 3.8144413587078527
110200 2.686106721722717
110300 4.12481681743448
110400 5.383952701800917
110500 5.120829586132438
110600 3.1243183884967083
110700 0.7745563256107804
110800 4.379394586106708
110900 3.0748862150506944
111000 2.194142953322668
111100 3.285305581532932
111200 4.33548924648495
111300 5.858512355767166
111400 3.866514839509443
111500 4.257566745106146
111600 4.343872936473251
111700 3.101910819134018
111800 4.7251209324167105
111900 3.1563648883136706
112000 3.5890302619167254
112100 3.849273434758155
112200 3.0421315928894996
112300 4.980827026130155
112400 3.026042083344229
112500 1.941523928135689
112600 2.7785805034587576
112700 4.533594543998609
112800 4.31531055154678
112900 2.8223025481791115
113000 1.368179057138528
113100 2.1424958014362123
113200 3.250523401115392
113300 3.8301631900417537
113400 5.402980541980721
113500 5.9645070439251135
113600 4.904661659201208
113700 1.9743886731681033
113800 1.658591930117757
113900 2.917385648050385
114000 3.5008911993615186
114100 1.919832741578696
114200 3.306054247717973
114300 2.460752094318693
114400 2.4112877838662357
114500 3.39645692844351
114600 4.037842440605122
114700 4.180567293574013
114800 5.2962914909272385
114900 4.260711835068558
115000 4.734221154397191
115100 4.411814132567631
115200 4.337897742069759
115300 3.4350979684026517
115400 5.736358365542131
115500 2.8613463331749296
115600 4.468395503084109
115700 5.457129927462717
115800 4.5420898028525984
115900 3.30879150325568
116000 5.747662846917213
116100 4.95835820705557
116200 2.4879090049921073
116300 5.55543913909374
116400 4.4232470778967015
116500 0.9153445717176243
116600 2.166751696578779
116700 2.1191150095711
116800 1.7648127184152242
116900 2.080066554558383
117000 2.3179280230938715
117100 2.7107955358326143
117200 4.819884803098946
117300 4.774211681836071
117400 3.567481869797083
117500 5.7349719150117
117600 4.175473129089031
117700 2.1390295426943133
117800 4.208585534738525
117900 4.717686241872428
118000 5.095210828482581
118100 3.2382339688073465
118200 2.39976774285526
118300 1.8447539210649968
118400 1.865071406414564
118500 5.643606367315907
118600 4.652196302956427
118700 2.9504986930580364
118800 2.7799372595547918
118900 2.506977194411415
119000 3.744513208504016
119100 2.931130020125538
119200 1.8684916847218618
119300 3.4371640855307106
119400 4.255606126664737
119500 4.2192089126077805
119600 1.4378616049333237
119700 1.8490834278493535
119800 1.6539932834432685
119900 3.882424382026588
120000 2.2889207286505684
120100 3.4961177850428604
120200 4.827159737646989
120300 2.3565384447955036
120400 2.629307160402009
120500 4.956618722496521
120600 5.22868352703093
120700 3.373258669887594
120800 3.8632740646526758
120900 3.047740640311354
121000 4.790506208895723
121100 4.427170738419078
121200 5.922879312668249
121300 3.8801359960554245
121400 2.267950491222446
121500 5.254993779192886
121600 3.7821617109400645
121700 3.8197734148782327
121800 4.27619807751662
121900 4.454478996556786
122000 3.096927023139922
122100 4.300514722095356
122200 4.675571420551779
122300 2.793994907653631
122400 2.8365569659182555
122500 2.4009986226825326
122600 3.6074863413496283
122700 4.068284558625238
122800 4.177543875493829
122900 2.735844121223945
123000 4.274189993980848
123100 3.0829072495090077
123200 5.202098569402816
123300 5.248241016311204
123400 5.54605459428208
123500 5.280001993431309
123600 6.2900296022598186
123700 4.842525840046581
123800 3.378482005472923
123900 4.42313584404433
124000 2.8437129924568496
124100 6.602028698888915
124200 4.578858550014444
124300 3.2952797602713972
124400 4.749192250240916
124500 4.280724258156792
124600 5.038859978060698
124700 5.0934951477071335
124800 5.270313017938282
124900 5.101078039359041
125000 2.362487375308359
125100 2.742219360390707
125200 1.070476687554456
125300 1.9101771056642243
125400 5.386519844883194
125500 2.6896055780756654
125600 3.777655356012435
125700 3.2677172335878977
125800 2.400811788514693
125900 3.174497034096948
126000 3.5467454724618754
126100 3.3877850082017917
126200 4.901637711484559
126300 5.037171243027772
126400 2.7212720627555105
126500 4.608025015143581
126600 2.4949969826463523
126700 2.96985353325608
126800 3.362966424781344
126900 1.884705292615229
127000 4.292955757206439
127100 4.065271039942549
127200 3.831054637797312
127300 5.327281377036378
127400 7.0476610550317815
127500 2.8372194427101847
127600 2.9797485944096693
127700 2.5780213582188756
127800 2.7351936308737157
127900 3.7003539812346555
128000 0.5703275190714066
128100 2.26727095341925
128200 3.5141861271530273
128300 3.463507905276941
128400 3.883558951895578
128500 3.6692555397451816
128600 3.424945614875841
128700 3.4328186604966455
128800 4.484789848410718
128900 4.350911108012922
129000 5.317214310346491
129100 4.775013613774789
129200 3.9626448951874074
129300 3.1777480979347263
129400 5.733299606626999
129500 3.7969634739562035
129600 1.744624591992492
129700 2.694787362899476
129800 2.7007298121373204
129900 3.958041675687799
130000 5.251842086535577
130100 4.41040748401244
130200 2.057714316663274
130300 0.7605269843507467
130400 2.435525308250882
130500 3.8939621944193386
130600 3.0066928535640733
130700 2.6316424671827807
130800 3.8479358910402333
130900 3.3248698081985957
131000 3.540183858402479
131100 4.953713918560765
131200 4.592916360333791
131300 2.7268368682848587
131400 1.879547604136244
131500 0.8917086995153591
131600 5.046729653067356
131700 1.7966682983417155
131800 5.2171884305926834
131900 2.6125491045400038
132000 1.7261909052151172
132100 0.6106333281794167
132200 2.4696739048452794
132300 2.181464453546082
132400 3.0156207246835662
132500 1.8027330423357493
132600 1.973055812408962
132700 4.172003066166825
132800 6.174914144498623
132900 3.131891009976562
133000 4.965310864698049
133100 5.38033063148255
133200 3.5996690332595285
133300 3.646754874273906
133400 4.435366941831975
133500 6.332472074590821
133600 3.452926877974414
133700 3.966144125731829
133800 4.398971942305152
133900 2.203887991067654
134000 4.520109445339042
134100 1.8960076583729875
134200 5.500439211613534
134300 4.347905576211048
134400 4.550071638239742
134500 2.3498285804556884
134600 6.054667735236982
134700 5.832787460886145
134800 5.305932898106007
134900 3.8571471117582288
135000 2.4618453635833775
135100 5.002972419717035
135200 6.274969071444958
135300 1.6464758862521227
135400 4.091345226802168
135500 5.763233113307365
135600 3.1268815816741937
135700 1.487398093484737
135800 4.010192532636342
135900 3.7244045759178244
136000 3.818633486293091
136100 3.321680306392498
136200 0.6731693145061957
136300 3.265200754118619
136400 3.2659785817493496
136500 2.928944049231371
136600 1.686376290089781
136700 2.9963365291900312
136800 4.182580956843101
136900 3.450603445840475
137000 1.5038902091062578
137100 4.780199355903353
137200 2.1768866485233014
137300 2.156523414766137
137400 3.1525243335378486
137500 3.0365927139402498
137600 2.7153891476744927
137700 2.3475638987890157
137800 2.7343489188244927
137900 2.2401807366415456
138000 4.267327445154087
138100 4.859131823697657
138200 3.776861137454374
138300 4.506011718929188
138400 5.0579275108211
138500 4.626896626066311
138600 4.602854641627812
138700 3.4703655350076112
138800 2.5695576796056616
138900 4.871154095823563
139000 3.0173906029552198
139100 4.492265235407358
139200 3.4479243873972494
139300 2.154068777206017
139400 1.1982359436177707
139500 4.4209951265651055
139600 5.504339526812191
139700 3.4479487860454032
139800 2.3995848036385783
139900 3.393763647871443
140000 3.0110757893762656
140100 1.7992436435783843
140200 2.179265465360109
140300 3.72453554527674
140400 2.1805688300174864
140500 3.3254151263813116
140600 6.3068594317913
140700 4.702749011543075
140800 3.5099265467735927
140900 2.3159243070617745
141000 4.8280447204160595
141100 2.6218384289907726
141200 3.7656368755840814
141300 1.3756334842905418
141400 2.5975889547555076
141500 1.921347153609345
141600 1.2432437737164106
141700 4.183378149912125
141800 5.703082855228041
141900 6.066975837979231
142000 3.2367076857310555
142100 4.133267311339843
142200 3.8788040086882143
142300 2.9647970997044055
142400 0.2537779030474318
142500 3.03442016813334
142600 5.650068428291343
142700 4.432998523832956
142800 3.5766515461765493
142900 2.7550482776555207
143000 5.658454714742614
143100 -0.5616207889870755
143200 1.4851992863457386
143300 2.602063860055285
143400 1.7610451170745764
143500 2.80759499110516
143600 4.580087650523259
143700 3.859837419325568
143800 2.979760146787326
143900 3.805947539906482
144000 5.171746516065147
144100 4.347026685758952
144200 0.05334996315735366
144300 1.6538002395018214
144400 1.5032277322967644
144500 2.7310304224994097
144600 2.683048562214945
144700 3.3542555962559595
144800 4.4275883036950905
144900 4.420166033490721
145000 3.6931336410417175
145100 3.74597216859345
145200 3.5633779436253326
145300 2.6200068255097517
145400 1.7453643478250467
145500 0.3484936691644919
145600 0.6251480141261467
145700 1.949752028580472
145800 0.6966632034916773
145900 3.236139463598238
146000 4.1582416293585815
146100 4.903432459186694
146200 3.068668220170505
146300 4.230526668152589
146400 3.8244282576214226
146500 2.6119780962397114
146600 5.294294904866718
146700 4.539438779429162
146800 3.347117774803608
146900 3.9716997522374475
147000 4.710834884041936
147100 3.440212217908759
147200 3.8847895147393396
147300 2.7850990456875078
147400 2.5846777185672933
147500 3.427874951909952
147600 3.473080424455286
147700 5.373560595522877
147800 4.222452323482019
147900 3.5274770376156956
148000 1.9706922017852386
148100 4.128643996926258
148200 1.6412709129811034
148300 3.655352297416459
148400 5.690915160239863
148500 2.2593341947105587
148600 3.9285262774688157
148700 5.737458215435879
148800 4.284874060678251
148900 4.2511757071106135
149000 3.087125001510893
149100 3.203499988242127
149200 2.6674413214058066
149300 4.98950239748837
149400 4.9180748390045865
149500 3.930883348922743
149600 3.4016412921901074
149700 2.620317067099043
149800 2.7130137260601597
149900 4.2759994432243325
150000 0.7209984079310396
150100 2.5535315116600716
150200 5.674245076097908
150300 6.210449545652524
150400 3.646824556739057
150500 1.0871826681423622
150600 3.200010019927714
150700 3.8873161204680846
150800 2.121770704838577
150900 3.1381569143724533
151000 4.186585765557573
151100 2.4828719075440233
151200 3.687081595952405
151300 3.361733248259631
151400 4.556078855467012
151500 4.916221458108619
151600 5.125268785294104
151700 4.970820855443659
151800 4.78988826123277
151900 4.4275871981348915
152000 4.961440104956106
152100 5.362621116617799
152200 1.7277969846260046
152300 2.760518848984261
152400 3.998108194830354
152500 3.8530463363871394
152600 2.049471839783596
152700 2.7336259532896694
152800 3.1850899319712416
152900 2.8535067866090955
153000 3.4229988209647053
153100 4.368351418946727
153200 4.797428493403918
153300 3.4273077940788887
153400 3.7055751927841225
153500 4.891860268762843
153600 4.040576542899601
153700 3.0351682075984816
153800 2.555767801930017
153900 3.92380389836375
154000 1.4961881985726004
154100 1.9521194767123486
154200 2.2105983953912043
154300 3.6035031360719922
154400 4.974659529861935
154500 4.837810415290133
154600 4.555477612483767
154700 4.751036476187776
154800 4.519213231586252
154900 3.239248934318228
155000 2.8696776435122064
155100 3.072412332648145
155200 3.703006784652397
155300 3.697598652486576
155400 3.6039237585136044
155500 4.4289877243828535
155600 2.54913745651212
155700 0.15428697360330293
155800 3.7387499369524795
155900 2.6691184040691067
156000 1.7110862721585391
156100 4.043624132981791
156200 3.7609914192583576
156300 2.924302609996696
156400 4.260149651822085
156500 3.9448948246406124
156600 2.6705569143606507
156700 3.7654876903745076
156800 4.662473964210221
156900 4.376867081352299
157000 2.9747003132370557
157100 2.572369617572648
157200 3.1346030047454922
157300 0.6099808196457
157400 2.6975724829993437
157500 3.4708517088010393
157600 2.877640178096038
157700 2.667572059440021
157800 2.8498508573630312
157900 5.4252455397116455
158000 6.248368277583615
158100 5.294301673970897
158200 2.9198519320045078
158300 4.317762252718177
158400 4.358080374112732
158500 5.856577852035002
158600 4.3044577306756615
158700 5.1867076707494535
158800 3.219980097692864
158900 5.407019595258036
159000 5.239078575579056
159100 3.445546964951145
159200 2.842901757821313
159300 4.293107520777251
159400 3.899855305764092
159500 3.6449365603627326
159600 1.9649782897530061
159700 4.815240331803714
159800 5.3643580370625585
159900 5.772888710742928
160000 5.078906983521274
160100 2.265922432421508
160200 2.246480837552848
160300 5.413352930225444
160400 4.158674757373944
160500 4.330876078447204
160600 5.91824623935925
160700 2.9747365112399904
160800 4.192594398767559
160900 3.0484473598589568
161000 0.8992720273663735
161100 5.088124253596067
161200 6.235223925379078
161300 6.372629546082365
161400 4.538483437869585
161500 2.3667861335769063
161600 2.2700632189778207
161700 4.255050801181505
161800 4.513093074964971
161900 2.900018251908914
162000 2.920697026888486
162100 4.146447935889995
162200 4.03223909693298
162300 6.018245993994916
162400 4.547431011262709
162500 3.693310267797643
162600 2.6764953741885407
162700 3.1939529508861146
162800 1.7399026261515826
162900 4.160329485185378
163000 3.4566327945711763
163100 4.649016680120911
163200 4.834095638791393
163300 4.1487322946033975
163400 5.06819016441628
163500 5.226270973343412
163600 3.169004008977242
163700 2.9572645505700192
163800 5.3890858325797515
163900 2.903944378026804
164000 3.0781188438728413
164100 2.9721956565622345
164200 3.8398656408384735
164300 4.303724033716608
164400 5.237418738139565
164500 3.7643917153034563
164600 2.8627704655529986
164700 2.6353274665617246
164800 2.5431402786792074
164900 2.265516767646495
165000 3.0146887258858377
165100 3.9479692293556665
165200 1.35782328966665
165300 2.565684101536887
165400 2.1644182785858224
165500 4.399433927389125
165600 1.8619170514158054
165700 2.959138267076822
165800 3.3161912115262298
165900 3.797234006635244
166000 5.992762111444481
166100 4.178039657523745
166200 4.126300751036465
166300 5.874007516043809
166400 4.198733307120534
166500 3.034169573514601
166600 3.5478357384748875
166700 3.0362423477472156
166800 2.2712718649269017
166900 0.23201216268372019
167000 2.174595434029432
167100 2.2506922419858064
167200 0.6882128220650472
167300 3.9557232448795587
167400 5.605161858107184
167500 3.946019822241922
167600 3.300510664359902
167700 4.237482630177647
167800 3.7349956522060195
167900 3.8774325808825125
168000 4.366979465447732
168100 1.7627458334941397
168200 3.82734126033606
168300 3.7857888143366867
168400 6.105538345856058
168500 5.072098897026005
168600 4.252195396345683
168700 5.268632997451119
168800 2.1303213429394128
168900 4.292142304915155
169000 3.2519110087592247
169100 2.110593254968358
169200 2.773899641113275
169300 3.514956563557929
169400 4.3065334684835195
169500 3.723605411340503
169600 2.727322948554903
169700 2.3152293856117696
169800 3.964542278559274
169900 2.574583620679711
170000 3.4574652601087013
170100 1.7229627776160632
170200 2.3158126112862316
170300 2.8310461450413946
170400 3.859401339277019
170500 3.266259511924897
170600 4.0594805842955815
170700 5.001370613078922
170800 1.8501838179132417
170900 4.145726694760658
171000 4.519610377214111
171100 3.707447145285437
171200 4.521643831475373
171300 3.3266332725426535
171400 1.2215145772923228
171500 0.571477782684267
171600 0.8957802579349268
171700 1.8652060642594839
171800 2.462598710234007
171900 4.083385056987801
172000 4.031324955101529
172100 5.940975772231357
172200 1.7659132094592047
172300 3.724884948594649
172400 4.772218057957331
172500 4.010103849732219
172600 3.337398642983305
172700 5.05963713620228
172800 4.82087450635514
172900 2.367341399614535
173000 5.003136207086371
173100 4.926700676821606
173200 3.429617289913615
173300 4.066202441330179
173400 5.4033933734903385
173500 3.076043289073882
173600 3.2915243637753027
173700 5.052860697888285
173800 3.3929085422492817
173900 2.8312802254121285
174000 2.969169940738096
174100 4.040464892138221
174200 1.7564294669404832
174300 4.420067650765293
174400 3.7653170864412173
174500 3.8726427448001393
174600 2.4174335098054693
174700 2.704556036834349
174800 3.4252832031608307
174900 3.79582980235035
175000 2.459341438471504
175100 2.500286120440594
175200 3.0928722907804276
175300 4.465447831163698
175400 3.72460532596259
175500 3.135129249222057
175600 5.59756059109303
175700 4.163300781021237
175800 3.590150014658467
175900 3.420216301549692
176000 3.3199403645153738
176100 3.1578261793896374
176200 5.009804524799849
176300 5.104180800934854
176400 7.019679709043429
176500 2.312226390317472
176600 4.333567036472916
176700 4.9378229292762335
176800 5.342870616643725
176900 4.366799228944537
177000 3.0159880670610364
177100 3.9381877607680353
177200 2.2251931698284113
177300 3.51466838676
177400 4.139525090987448
177500 4.160844947861003
177600 4.173595012902775
177700 1.5897585559600378
177800 1.5508121190175923
177900 2.406683833581416
178000 2.0182213899927506
178100 5.4996923544079666
178200 3.197121430165413
178300 2.2103642798661234
178400 2.4348877520401446
178500 3.788410389591139
178600 1.6504958750753476
178700 3.7767372940054957
178800 3.987506661519128
178900 2.8682885279789105
179000 3.4997950845705446
179100 2.030038286439535
179200 4.004388514120254
179300 2.7259705293851964
179400 3.105447911988015
179500 3.342671576994586
179600 5.629625271817082
179700 5.620260276549117
179800 4.460669041911399
179900 3.6111191397098565
180000 5.617458039455905
180100 6.4387522546430995
180200 5.840650710902569
180300 4.105173393499191
180400 5.265407351146089
180500 2.4637386973843873
180600 3.277477884860164
180700 2.345792629296914
180800 3.1317139745866203
180900 2.937352396954032
181000 3.1905506885183854
181100 3.5079194938209706
181200 5.369127794176866
181300 3.053643978220422
181400 3.2384799100210886
181500 3.175860492416829
181600 3.87699560740887
181700 3.889326864770494
181800 3.3792905274879588
181900 3.167983302137034
182000 3.6665810979320637
182100 4.7728771163580825
182200 5.042223060391638
182300 4.111952193756033
182400 4.852985294472948
182500 3.7324189401316135
182600 3.1436455250418867
182700 0.5849074001527319
182800 1.7228095945801538
182900 2.1754225394262448
183000 3.010680602093493
183100 1.9959429585930482
183200 3.6228032333328453
183300 5.177491550003134
183400 3.7276018124781705
183500 2.456331381634031
183600 1.6230470405451103
183700 3.075184352271616
183800 2.4105859043516684
183900 3.8555524013519777
184000 2.793208668289897
184100 4.8219569992878855
184200 4.286721198442755
184300 3.1835372079341124
184400 4.054737453424063
184500 4.716380686519199
184600 2.9055156414667422
184700 1.8820472898388316
184800 4.653875715758269
184900 4.943813804747382
185000 4.745888158847502
185100 5.060645450921947
185200 6.631273554642672
185300 3.850503899099835
185400 2.850773529131164
185500 3.9612525242536094
185600 4.551628267823328
185700 4.965619432699397
185800 6.087785069886774
185900 4.837558665386319
186000 3.305446571143548
186100 3.6297009332101084
186200 4.2300416035956845
186300 2.015019515301276
186400 3.5144986953841633
186500 3.7961289506730154
186600 4.447670180264001
186700 6.615798427608851
186800 4.5990877513033785
186900 4.054871191882756
187000 2.8877936977946153
187100 3.4866766766681367
187200 3.7512443419242087
187300 1.4507123265616566
187400 2.6144142788333915
187500 0.10426701927271842
187600 2.283089994532993
187700 2.329725993410992
187800 3.822417989415648
187900 4.609499985966583
188000 3.2730109473172653
188100 3.312790247304512
188200 2.214376325391261
188300 2.8144008536925513
188400 2.7636782032851825
188500 2.8114643681744456
188600 2.332316586389177
188700 2.5418227808075073
188800 2.2570668054567182
188900 1.6563890598904323
189000 3.4816177472557923
189100 2.1566879555880765
189200 4.425016552553668
189300 1.7237651270720782
189400 4.279917551858453
189500 3.5923768902694584
189600 2.4056275682225223
189700 2.9263514753491324
189800 2.6556396678401546
189900 2.51030604318119
190000 0.8004644191579953
190100 1.9903043530185878
190200 3.7984477272704327
190300 1.974770166029812
190400 1.6455601981594563
190500 1.1823480467063763
190600 2.569406826876867
190700 3.447504034183805
190800 5.675811362261823
190900 4.142786378406124
191000 3.9653441209603097
191100 3.2807056482079666
191200 1.0812092303975018
191300 2.0448289884579585
191400 1.2842029455675343
191500 2.392543542932551
191600 3.7467423486404456
191700 4.74254754538097
191800 5.267614465125844
191900 2.9035084051094904
192000 1.7149938093110801
192100 2.214783948499546
192200 4.468860438167928
192300 3.8158799096226783
192400 0.702445083976796
192500 3.7817535036138783
192600 2.2470933982358052
192700 3.253988285243195
192800 4.694392205831805
192900 3.3227702850931977
193000 4.456503861675012
193100 3.610810652807393
193200 1.5956377922387461
193300 2.7709230761279
193400 2.689890937117239
193500 3.5237406793155723
193600 6.1080781377111535
193700 4.548002272434062
193800 5.574663622332192
193900 3.4019580033947756
194000 3.880111332954698
194100 3.589767129073296
194200 6.528414930138905
194300 4.112903650701359
194400 4.6558513587635515
194500 2.45584545841982
194600 4.036933149522272
194700 5.365088648992718
194800 4.152277357111124
194900 3.150088849314666
195000 4.824468286217755
195100 2.9659285881288486
195200 5.566592497168658
195300 4.882584360535698
195400 3.7391862442347104
195500 2.750257458660452
195600 4.599480668705104
195700 5.010640280143414
195800 5.911309234077954
195900 7.427965692464851
196000 7.273040993145403
196100 3.8021960093439087
196200 3.3120027352995125
196300 2.697772749724022
196400 3.398086503401368
196500 2.3342759989359125
196600 2.7362213333620606
196700 3.465012077002002
196800 2.3346899928644023
196900 4.022086405522846
197000 2.8399392524510474
197100 5.114499970695509
197200 5.192636796240354
197300 4.507841076179316
197400 3.521608302597798
197500 2.305348551358767
197600 2.650875252216764
197700 4.676527852983739
197800 5.0048569803851395
197900 4.292347880144832
198000 2.6779121538619837
198100 3.448965651486687
198200 4.819804182518603
198300 3.129709892220734
198400 5.171624520485495
198500 3.5429745367582273
198600 3.3650124047710483
198700 4.216029900462087
198800 2.4988439087604193
198900 4.254215761409828
199000 4.599537907324116
199100 3.2068066291769246
199200 2.6465086750639397
199300 3.050597610935641
199400 4.580364488420757
199500 3.859479002639138
199600 1.603794956929182
199700 2.5196079730639944
199800 3.6332526621076906
199900 4.926595728821879
200000 2.2060828512225403
