# Model = full.TensorFlow.(9)-16-16-16-16-(9)
# Num weights = 1056
# Learning rate = 0.001
# Env random seed = 111
# Start time: 30-08-2021(04:05)
100 -17.955831273638676
200 -17.761747805775947
300 -16.845905393937525
400 -17.291408723336044
500 -17.058855235864133
600 -17.504515047424686
700 -16.886866941338095
800 -17.433667395118597
900 -17.45673359980935
1000 -15.872816331710844
1100 -16.712815507485466
1200 -16.938636731392553
1300 -15.991426141971244
1400 -16.367832862306276
1500 -15.615628769259446
1600 -16.204101212617356
1700 -15.359203647894695
1800 -17.309026991833107
1900 -16.575759760706084
2000 -16.163375775153018
2100 -17.21384731127285
2200 -17.96306242678496
2300 -18.502889424740808
2400 -17.33862097030418
2500 -16.974104904879407
2600 -16.43485557941333
2700 -16.27595728861222
2800 -17.14706884174487
2900 -18.174718243028053
3000 -17.286293680215007
3100 -16.01775551753416
3200 -15.657125046787277
3300 -15.734588348592581
3400 -14.83952323146621
3500 -16.536993172977734
3600 -16.147997459390858
3700 -15.998638086362623
3800 -15.829984679473979
3900 -15.868670663665212
4000 -16.320275677737758
4100 -15.949283237890883
4200 -16.4309669955106
4300 -17.43391956433058
4400 -17.338046301361267
4500 -17.464755552679975
4600 -16.533908027939788
4700 -16.74630853540139
4800 -16.4887287773397
4900 -16.090463077796834
5000 -16.33095711297327
5100 -15.23318769171534
5200 -16.30276920195812
5300 -16.712460357208354
5400 -17.043500836841403
5500 -18.917825689336667
5600 -17.83583443240441
5700 -17.594147631669777
5800 -17.365586412358965
5900 -16.778029027453098
6000 -17.65963611247703
6100 -17.027253708295095
6200 -16.923432935461285
6300 -16.844542274761626
6400 -16.714314391555185
6500 -17.3588875635514
6600 -17.558629680837118
6700 -16.686040236748074
6800 -17.188698771411495
6900 -18.036683807208334
7000 -17.136971475825362
7100 -16.043175327809404
7200 -14.965745186941309
7300 -16.19727074772308
7400 -15.24119137738177
7500 -16.06422192113457
7600 -15.961616244239552
7700 -15.20839215145071
7800 -14.69897271561676
7900 -16.62513046164839
8000 -15.903933599429166
8100 -15.073768030810216
8200 -13.829933527097511
8300 -14.620811270965492
8400 -15.753015849876903
8500 -15.2968613718189
8600 -15.985448378975274
8700 -11.677204571546863
8800 -13.574437069853454
8900 -13.219307023331842
9000 -12.718446617516829
9100 -15.045074345419161
9200 -13.109811814282176
9300 -10.383739919316772
9400 -13.308021575959678
9500 -11.591275280367412
9600 -12.221666451071105
9700 -14.250308475738638
9800 -15.72267251486711
9900 -13.959471928003174
10000 -14.556597529481918
10100 -13.11471737244293
10200 -10.72802397877082
10300 -10.891198006143497
10400 -12.518468774687411
10500 -14.290784530101378
10600 -13.394893174937877
10700 -11.97364496792664
10800 -13.014452443299234
10900 -11.253448192077395
11000 -11.733604882458701
11100 -10.328909208721297
11200 -9.300624191529296
11300 -9.902441621902568
11400 -13.197861044269223
11500 -14.213388818402462
11600 -14.287087200068731
11700 -12.646363820045611
11800 -15.012893691631922
11900 -13.877540626734854
12000 -15.246676004794002
12100 -15.742180239336365
12200 -16.649763023534973
12300 -16.084288934699337
12400 -15.826972233480909
12500 -13.341904524513586
12600 -14.476135816107423
12700 -16.37883567608404
12800 -15.098517053681997
12900 -15.342004025766132
13000 -16.164920321565738
13100 -16.109274062934784
13200 -15.5032404082614
13300 -15.079678845282924
13400 -13.838507214970978
13500 -13.6694419275215
13600 -14.185363878110463
13700 -13.592306633600726
13800 -15.417902188949979
13900 -17.086372466529674
14000 -13.907321453943648
14100 -12.993517106755755
14200 -11.154392546633055
14300 -13.741733456695698
14400 -13.47484248829193
14500 -13.715771842333636
14600 -13.896051103174235
14700 -13.729168988440165
14800 -14.495479060626225
14900 -15.929436668485375
15000 -16.076337156793517
15100 -15.598550425125756
15200 -14.434374258427308
15300 -14.8206481084451
15400 -14.374381830000287
15500 -16.09347896268582
15600 -15.683043434912747
15700 -15.264063642426096
15800 -15.016365882663736
15900 -16.14750763714426
16000 -16.184070441959413
16100 -16.070703322225306
16200 -17.771067683460302
16300 -17.894454372925942
16400 -17.60272820498596
16500 -15.893815967519298
16600 -16.272751721793874
16700 -15.571073303286772
16800 -15.640471760904422
16900 -16.732974164256948
17000 -16.38572012080722
17100 -15.93578627003415
17200 -15.82381146360997
17300 -16.06512019118911
17400 -17.52768805376811
17500 -16.603765521856097
17600 -16.853374034933697
17700 -17.094189633423408
17800 -16.464672359690585
17900 -16.196456316470172
18000 -15.877883320262566
18100 -15.86870629238613
18200 -15.172494165363835
18300 -14.55579983287396
18400 -13.626191161914283
18500 -15.362381472715704
18600 -16.835242842806156
18700 -17.366255054731877
18800 -17.022951464135495
18900 -16.737375019855286
19000 -15.155352000695846
19100 -12.106334101174422
19200 -11.66544722354804
19300 -14.229153497143184
19400 -16.050119502797237
19500 -14.32812533484785
19600 -15.879466499671857
19700 -14.560416201845586
19800 -15.635003221192234
19900 -14.647877629127239
20000 -15.57255239401829
20100 -15.498858633268974
20200 -15.688611567053938
20300 -17.37414576222643
20400 -15.713049705566632
20500 -15.702589364688277
20600 -16.93008280323084
20700 -16.28054637509469
20800 -16.159261593477325
20900 -15.780026729766606
21000 -14.984054503620554
21100 -15.528070395002805
21200 -16.052347908714747
21300 -15.333083929766788
21400 -12.828028798999252
21500 -8.922163733499671
21600 -9.39744528890307
21700 -9.788327039293955
21800 -11.46854418620366
21900 -7.890864106600424
22000 -9.459329627885015
22100 -8.797066944911897
22200 -11.242377620169176
22300 -12.05829482141886
22400 -12.346154463930285
22500 -10.941128977353655
22600 -8.004105964277333
22700 -11.980840402337378
22800 -11.112812175863917
22900 -12.101136182786203
23000 -11.628640301009119
23100 -11.820005468933832
23200 -10.225559070017471
23300 -9.884376685395347
23400 -9.210875798128443
23500 -8.609697069649235
23600 -7.963308314797691
23700 -7.65288988073128
23800 -8.365661226803539
23900 -8.732686348287888
24000 -6.803446831185845
24100 -5.724799123214638
24200 -6.76762705668408
24300 -7.360208093379817
24400 -3.916388498027923
24500 1.44842090875435
24600 -3.442198876930485
24700 -0.21584806047456956
24800 1.108850601728902
24900 0.3153101088399068
25000 1.0363984618787456
25100 -1.7898627667285494
25200 0.41893654470242914
25300 4.531286652810868
25400 4.683672067098884
25500 5.339294033509745
25600 4.634863847226267
25700 2.717613165459414
25800 2.3553853031109746
25900 2.1978596868831386
26000 4.56749690331561
26100 4.48726508624537
26200 6.415253715092497
26300 8.147932514084786
26400 9.301854618994879
26500 7.68379610475504
26600 7.102111910142412
26700 6.204802357057192
26800 5.912398476266204
26900 5.478168544787346
27000 5.928972446696979
27100 7.814848289261162
27200 6.927538269045035
27300 8.34345137122608
27400 8.877549348800665
27500 7.161442849168559
27600 0.14900440456276498
27700 -4.023074715427054
27800 -5.47400966195094
27900 -5.02427466159696
28000 -4.976389474924892
28100 -9.579752625519836
28200 -15.852046952292708
28300 -16.97364654345657
28400 -16.559564842480057
28500 -16.82876394864606
28600 -16.270157964007435
28700 -12.72904184070771
28800 -16.113798655400053
28900 -16.342464000862364
29000 -16.744024830546977
29100 -16.872638684802112
29200 -17.557592377901877
29300 -18.58040255984627
29400 -18.039816905270406
29500 -17.773392918137688
29600 -18.22251384077975
29700 -19.007632274971233
29800 -19.382287123778138
29900 -19.39053588526519
30000 -18.29609176368565
30100 -18.15205543080014
30200 -18.493312939420385
30300 -16.95493575676778
30400 -13.712915596240423
30500 -11.848528420864696
30600 -12.664958418292759
30700 -9.598964239236507
30800 -10.351003038093268
30900 -12.669200011423074
31000 -12.976795784888091
31100 -13.849622724675031
31200 -9.790880322373544
31300 -5.493940755071073
31400 -4.158556766167092
31500 -4.412963564583452
31600 -3.6190923597372042
31700 -7.276161539127998
31800 -5.562833886218654
31900 -2.2639582956300086
32000 -2.8625357899318784
32100 0.01285421497732836
32200 -3.2519845677456485
32300 -1.798176561940698
32400 -1.620202666458954
32500 0.7356406948395366
32600 2.0766887656119013
32700 0.9203274725730539
32800 2.878740580805618
32900 6.16970562524507
33000 5.820162139782036
33100 3.561805623269545
33200 2.351081011648804
33300 3.833824280435363
33400 2.30330722725171
33500 0.6428947555650799
33600 1.2952126961577242
33700 -0.0609098588485773
33800 1.5191043299052374
33900 2.0859217229261233
34000 2.1620121263205143
34100 5.39958470135009
34200 2.7024507884168396
34300 1.6543860216071051
34400 2.522767257333099
34500 5.724793341242751
34600 2.8601908336704667
34700 6.588174803560698
34800 4.02931561422304
34900 1.931817267851849
35000 1.5005179021709973
35100 3.98978232324678
35200 6.693060313745805
35300 3.8651751945573825
35400 0.83119891660441
35500 -0.3551508237773538
35600 3.609338542760561
35700 3.6708622621090203
35800 5.694432071881426
35900 5.733372834135656
36000 5.2098478488160636
36100 4.099129937529022
36200 3.8628831433116453
36300 5.761364632996754
36400 5.076891372604918
36500 6.9683819627081816
36600 5.384808955090651
36700 5.151752328034033
36800 4.1244937963379
36900 5.839923487865946
37000 7.359496931775741
37100 6.97607762351549
37200 6.2734416792762255
37300 7.931222747863614
37400 8.152593665022694
37500 9.053891630209753
37600 9.065748286069434
37700 3.793003941592327
37800 4.745843618251281
37900 5.441633996777788
38000 4.299044320315599
38100 6.083198584422755
38200 5.047800879352611
38300 3.6710867622349657
38400 3.6137166610922704
38500 3.613793065896458
38600 4.737995770752327
38700 2.7197576922529736
38800 1.917437443490247
38900 1.2839542773795745
39000 4.215584414103589
39100 5.355762567201959
39200 6.813852946207422
39300 9.393256228806793
39400 10.819400393562054
39500 7.548283388934006
39600 7.12986404027
39700 5.535281695099871
39800 7.727444004927659
39900 6.997904283987363
40000 6.484327334381465
40100 2.0170895629800203
40200 4.973103116905312
40300 6.603830916571211
40400 2.715101010296282
40500 3.9693911092685985
40600 6.361757422395215
40700 4.0203610490127994
40800 2.7046437781778474
40900 5.246269879905659
41000 6.743457336959143
41100 4.479304702878494
41200 3.7678216367345962
41300 5.79168953048683
41400 4.553684416230086
41500 5.098951383327262
41600 3.741602623559414
41700 4.1425858767395995
41800 5.775702294645487
41900 4.160766084369111
42000 1.6561764905291483
42100 5.4120184688921364
42200 7.170085766409124
42300 5.675216871579597
42400 7.158931044926668
42500 4.536701514435183
42600 3.6159638831897722
42700 3.1178502318534913
42800 1.6357435312895312
42900 1.2360986904435123
43000 3.598491940095709
43100 6.14155553890484
43200 8.018078329220844
43300 6.723491510510403
43400 7.5645322926173035
43500 8.216906038196075
43600 8.59874390290777
43700 6.65562508213645
43800 7.85636860649923
43900 9.023277834027478
44000 7.973427909746255
44100 8.417708417136474
44200 6.526514676894363
44300 7.9559894921130105
44400 6.942075645474479
44500 7.958930023753571
44600 5.94179997768017
44700 6.210654798309472
44800 7.7856249302585
44900 5.0755975666544115
45000 4.827174134655866
45100 6.5284719840175
45200 5.442682923600199
45300 1.1871369787061148
45400 -6.964025815694952
45500 -6.27985624966173
45600 -3.423558424155658
45700 -3.967239678560071
45800 -2.797632976822023
45900 -2.200126564226277
46000 -2.3836925970820726
46100 -2.3988315107597398
46200 -4.06405062315796
46300 -5.063541926541921
46400 -3.840688002501704
46500 -2.0399510133385315
46600 -1.8542184474113776
46700 -5.333291292591329
46800 -4.832966594824087
46900 -3.582376774779748
47000 -2.515157241912593
47100 -3.689145036142969
47200 -7.309262299007044
47300 -5.353565851461464
47400 -2.6736606790833513
47500 -2.8182053837137104
47600 -2.9765680067844613
47700 -2.956424227733718
47800 -3.1834012101077795
47900 -0.5853533416038832
48000 -3.3167580965336807
48100 -0.20515529343377548
48200 -3.0707216196466898
48300 -1.054041451287901
48400 -0.2818229906580297
48500 -0.7226574416960312
48600 -0.43377590745419825
48700 1.0276893364343944
48800 -4.218106486256123
48900 -2.566926042408557
49000 -1.9992352804225504
49100 -0.25989138836598386
49200 1.365765798840692
49300 0.8088137983464039
49400 5.038485053469428
49500 5.89492689186956
49600 5.427926285613221
49700 5.175781904326236
49800 3.9573450873813947
49900 4.192694751784047
50000 0.5609716291110762
50100 2.2581882255583996
50200 0.20979638619469876
50300 0.9023620320342898
50400 2.9770436244507126
50500 3.3023303090149727
50600 0.20775962639385226
50700 -1.2407795593712303
50800 -0.8690276838687969
50900 0.3200746697266928
51000 1.6787332608548868
51100 1.2131650970986094
51200 1.9635581084971212
51300 2.717519858411062
51400 0.8362746791092521
51500 2.479229466811005
51600 0.5646443536689238
51700 -0.9829070892879921
51800 -0.9396546099922412
51900 -0.033835875695204576
52000 2.6857185530287384
52100 0.5076265571075838
52200 -2.2614683001148657
52300 -0.7045418233783582
52400 0.1739891135670884
52500 0.8595744740623432
52600 -0.11576260092243951
52700 0.42660865310005697
52800 2.7079707777341717
52900 0.8708494874859476
53000 0.09723712770882272
53100 -0.20561223579307178
53200 -1.3355822493642509
53300 -2.3492332997763508
53400 -3.2911214799572024
53500 -1.6745943750266206
53600 -3.6244676418178363
53700 -0.5985141894939674
53800 -1.757522292940646
53900 -1.96927515540051
54000 -0.12036220105431034
54100 -0.9923521159104047
54200 -0.14661388990095908
54300 -0.5656441215604981
54400 -2.577442034279453
54500 -2.4969691231596527
54600 -2.9894242343617985
54700 -1.029591023865271
54800 0.27396977954799007
54900 1.6346854111038396
55000 1.9352716840695587
55100 1.4615705217699226
55200 1.4812463662611008
55300 -1.6782681108449429
55400 -0.2903450425626626
55500 -0.1970135711580332
55600 0.9609185381918339
55700 -0.7688469331647918
55800 0.14539268251944393
55900 -1.4286010271538983
56000 -2.4661021735946274
56100 -2.637881597702689
56200 -2.615277765686876
56300 -0.8558125698846839
56400 -1.6181175160589993
56500 -0.8151817345019026
56600 -2.5324342567583695
56700 -0.34750902858580146
56800 -0.9963405041799949
56900 2.7055030421159207
57000 0.02169735088443364
57100 -0.1377683772316884
57200 -0.5090771285837523
57300 3.732308737780622
57400 3.7889002554810776
57500 1.8022745509715563
57600 0.5442207817571527
57700 1.8262949264540438
57800 1.9210781132887367
57900 0.2890901695998439
58000 -0.4202368222004173
58100 0.2541471767156966
58200 -1.6132000942647027
58300 -1.920331848841862
58400 -2.6641759183727927
58500 -2.7890232271733892
58600 0.24889987167406277
58700 0.07604751250828322
58800 -1.145955258709831
58900 -2.5605419216013083
59000 -2.545124181435987
59100 -0.9631540761992126
59200 -0.2747243182992965
59300 2.950480104603011
59400 2.6995385093167803
59500 4.131003227324109
59600 1.7707170868807396
59700 0.1892981073043602
59800 2.8179847881601012
59900 3.86912895311716
60000 2.460598560301266
60100 3.3737130865401808
60200 5.335629603870132
60300 5.346738465254329
60400 5.818301337838535
60500 7.2408136972597905
60600 5.581769324688941
60700 5.84080873537719
60800 9.390489027911316
60900 8.145201296917113
61000 6.709483669067254
61100 5.608202754483288
61200 7.586579066779253
61300 6.783715894355384
61400 8.20518916099114
61500 6.272359587747569
61600 7.125497136039797
61700 6.326736642554445
61800 4.883777413968228
61900 6.400865551418335
62000 5.249503557435699
62100 4.31191165365962
62200 6.6221821515312085
62300 8.17234979382543
62400 6.8646063626153015
62500 6.385702974770601
62600 3.3650288793271126
62700 3.1571549598111734
62800 3.5187054640881743
62900 3.2069454764054166
63000 4.312025815272
63100 1.898552016696867
63200 0.9497829904794151
63300 -0.6864511665210982
63400 0.7506511398182847
63500 -0.6876842815880648
63600 1.2047599037907988
63700 4.07204789740034
63800 5.89800461440014
63900 1.3967172965406005
64000 0.3862745145867092
64100 3.2365080843354015
64200 2.7538698531797103
64300 5.4338721581156975
64400 4.445946435852946
64500 3.79733090163594
64600 3.335371548370172
64700 4.286256391321322
64800 6.095794686818108
64900 3.091342774758412
65000 2.8295901888610038
65100 -3.1824155463450845
65200 -0.732096730496425
65300 1.2845119104903482
65400 0.3199256888054685
65500 -0.2720518000038734
65600 -1.0973570985292838
65700 1.8668207243238053
65800 1.4758267132621126
65900 2.5627597146270196
66000 3.865855414713212
66100 6.245233565031058
66200 3.0609347623312555
66300 3.45892500049025
66400 2.9413378231905605
66500 1.7173836231589634
66600 3.7491630797226856
66700 3.4753684777071965
66800 1.9113533023613216
66900 4.517390913057815
67000 4.553367178738233
67100 3.31960248648874
67200 4.019725463131923
67300 1.4890856267707835
67400 4.976738692151077
67500 4.617674642239032
67600 6.448059480082918
67700 6.154048080122742
67800 6.984964765843243
67900 6.355306559586845
68000 5.636781722623072
68100 6.697877367539301
68200 6.602269472521417
68300 9.801424842948203
68400 9.463383925307225
68500 8.459831249535862
68600 6.879381026771378
68700 7.136399699168981
68800 9.294961055629082
68900 7.676443338452358
69000 7.27466511571348
69100 9.93550583340511
69200 8.285558731486951
69300 5.0201031506007014
69400 5.452560150616553
69500 4.064507987435497
69600 3.1563996898663227
69700 5.376096365838924
69800 2.735869254067107
69900 5.091703735136235
70000 5.258206560127877
70100 4.793985182167571
70200 4.961262086473689
70300 7.6439399267494545
70400 4.572813760767196
70500 5.647038991182244
70600 7.243102349763889
70700 5.295262878651536
70800 8.477495803516934
70900 2.668395129776571
71000 2.0713045136660115
71100 4.642716230838086
71200 5.6065893461370315
71300 7.298098161010769
71400 5.753356849386053
71500 5.113942424234085
71600 4.6696865352844
71700 7.646964770554884
71800 6.6513814010382974
71900 7.972443170523429
72000 6.763931284747199
72100 4.679790609682332
72200 5.084784346398218
72300 6.127437676726091
72400 5.424303566842256
72500 7.1974797045806005
72600 4.446266479400806
72700 5.52615141670288
72800 1.6802506154340893
72900 4.03948992138684
73000 6.905552041128351
73100 6.001872039476502
73200 6.370929615195351
73300 5.661317537822355
73400 4.4847062479523405
73500 4.196288873239518
73600 7.043471653085857
73700 8.286059647299926
73800 9.097893882987522
73900 8.899933515666586
74000 9.191144450134153
74100 5.823650315808982
74200 7.399705055343316
74300 6.733215836216188
74400 4.252697146857116
74500 6.8646431044330996
74600 6.0152608857206875
74700 5.547005779148963
74800 4.930563461885958
74900 6.163370250654466
75000 4.529157254793097
75100 8.22724563515061
75200 8.048603125126004
75300 8.514733198937558
75400 6.224017274462585
75500 6.570194571867637
75600 4.320618109069505
75700 7.036015690185044
75800 8.360685014861513
75900 5.518425406893547
76000 6.240554392003218
76100 9.532662785941659
76200 9.094675908336926
76300 8.71210317760643
76400 6.075296504290157
76500 4.1771381992174
76600 6.709593073798841
76700 0.8827326958130961
76800 1.7004106853268153
76900 2.9956031919816994
77000 5.072201192622894
77100 4.076366077546641
77200 6.589142868765596
77300 6.845617155295934
77400 5.362127213398698
77500 7.325866008258337
77600 4.58509995191038
77700 4.868775315460265
77800 4.341183576007007
77900 6.025286485016941
78000 7.516312336750883
78100 7.08568082792735
78200 7.404033581086903
78300 7.870117536222402
78400 6.1646468153849785
78500 7.33852769077243
78600 6.655391081699537
78700 7.817200520267265
78800 8.659682415253991
78900 5.225467075235506
79000 -1.7314975396524213
79100 -1.904179078282154
79200 1.118484809254626
79300 2.587346056763734
79400 1.8073756177946543
79500 1.6474798347725736
79600 2.0055686621031037
79700 0.24750605000420256
79800 0.469700719220348
79900 0.7629874962734469
80000 2.0512594586033885
80100 2.2182920324584283
80200 3.2546134812432865
80300 2.499024391236942
80400 1.7547119550404677
80500 5.71503073608517
80600 5.428137950504552
80700 5.0295277404303125
80800 4.823875561433419
80900 5.734877033516213
81000 5.078925878045313
81100 3.6468504330168967
81200 3.8770494199000876
81300 4.289608231344688
81400 8.618140036832255
81500 6.661963653856481
81600 5.855503094887638
81700 5.865624615472385
81800 4.127617471705966
81900 7.2929885903430725
82000 5.027864722468034
82100 7.1917461733600705
82200 4.5321272697661605
82300 4.439047533302444
82400 3.4108620284050115
82500 4.7838192070530035
82600 5.948732449634387
82700 6.627839840469076
82800 8.057071304909728
82900 5.030425734111244
83000 3.8599226239576705
83100 5.806260514821045
83200 4.163586850507049
83300 3.151167375504204
83400 2.3383708234545466
83500 1.4528117281830801
83600 5.772996219220987
83700 1.9544661639801275
83800 4.268932153674356
83900 5.147266071212466
84000 7.351635908159653
84100 6.007778321470088
84200 7.042375378782264
84300 -6.005983557506214
84400 -3.471420696948258
84500 0.3009612623147349
84600 2.6199799093393508
84700 4.043192453236852
84800 3.1031586286929826
84900 5.143867399999613
85000 6.038344750886876
85100 4.794764236840371
85200 5.254949193537252
85300 6.85793698148095
85400 6.619108394996987
85500 6.04163650403371
85600 6.790731523154239
85700 4.319553986909481
85800 4.847338501560537
85900 5.21377941288785
86000 7.095741005652749
86100 4.859824371309657
86200 4.28698017288151
86300 6.741534230736747
86400 3.851872886597092
86500 5.26086637373091
86600 6.412405011694
86700 5.739369912958474
86800 5.15434440718716
86900 4.081666889572656
87000 6.002647598178426
87100 5.932058325658292
87200 5.181076217078135
87300 5.215583413264852
87400 6.0082277378976086
87500 7.363142108042928
87600 7.112022450898571
87700 7.608994620928829
87800 6.612441049648511
87900 7.230240065975627
88000 8.26223868424921
88100 8.215408222685562
88200 6.994129802352129
88300 6.506884218289522
88400 11.098689394584746
88500 7.383786799716965
88600 10.324979255932384
88700 8.914005639541777
88800 9.802652222231691
88900 8.538524355888358
89000 11.891120473118452
89100 10.153634638478522
89200 11.222405012033377
89300 10.757319973027306
89400 10.043980076672208
89500 11.069716915864236
89600 10.116151207319508
89700 10.541040739358051
89800 9.587300865620797
89900 11.398114380178544
90000 9.516651272887907
90100 10.457142120729923
90200 9.810920995150902
90300 7.057554508815423
90400 5.722620127392032
90500 5.374478678836772
90600 9.211134175516202
90700 7.278227126815202
90800 2.7772783905155602
90900 1.0133150907161796
91000 3.472556014262796
91100 3.883025455022591
91200 4.064643002127818
91300 4.484310100634957
91400 4.579234374351657
91500 4.259555701851431
91600 5.083327040674926
91700 3.202401973184882
91800 4.62458525675571
91900 7.1041453302032815
92000 9.235740741363497
92100 11.402151438459457
92200 9.977130397542187
92300 8.748249172459824
92400 7.93119216805589
92500 7.8921223061142625
92600 8.838549833210694
92700 7.732925169022683
92800 10.007553033587026
92900 9.931079957879684
93000 10.060485362476491
93100 9.440229380510385
93200 8.108340784496416
93300 9.978078487039882
93400 10.016403761574647
93500 10.481589369998057
93600 9.485143508743429
93700 11.099220045977107
93800 9.146944335880438
93900 7.837843001659297
94000 9.390590002834882
94100 9.560854228826448
94200 8.704504674275338
94300 10.852949677213347
94400 10.231054752316913
94500 9.615614810650353
94600 8.93445311558683
94700 9.471103949903252
94800 8.446279599751161
94900 8.739883420172802
95000 8.94365428247494
95100 9.856281571641203
95200 10.700830137911725
95300 9.771362524766825
95400 9.301645061536991
95500 6.083346190235665
95600 9.379309631105645
95700 8.66665817550543
95800 10.488132411471941
95900 9.016775144223358
96000 5.57790859127127
96100 2.9462205857354333
96200 2.9260223499449634
96300 3.9947163906360044
96400 4.925901777601035
96500 5.280701073575798
96600 2.7476334437761305
96700 6.127204449641407
96800 2.9861680901075633
96900 3.390619727126958
97000 3.051689681590373
97100 4.355230371209876
97200 5.540213276704886
97300 6.292284184820016
97400 4.296523035048021
97500 4.657914405425387
97600 4.294358050748215
97700 3.8247950835458955
97800 3.0668387097649132
97900 1.6935146782185688
98000 1.3197855587257097
98100 -0.6205479704771317
98200 2.3334481034770387
98300 1.3805673476682359
98400 -2.598759048762049
98500 -3.451310483753923
98600 -1.8258912960281097
98700 4.233777129519381
98800 2.7217963094107516
98900 3.9491133419502886
99000 3.2285680256628893
99100 4.478420076957822
99200 5.836892608626695
99300 4.267266283043916
99400 3.195622696010566
99500 4.016557308526894
99600 3.1274757999388534
99700 5.862222479140746
99800 5.850069616017061
99900 6.784391383825297
100000 5.971110231792314
100100 6.776931605436983
100200 6.6665139042306
100300 7.7979078980705925
100400 9.63840888274055
100500 8.64042416466871
100600 5.198776747853141
100700 6.236817410926137
100800 6.792773891919642
100900 0.9296321987245524
101000 -0.9516044380112361
101100 -0.7912728372592546
101200 -1.4163533873487506
101300 0.08893804534755517
101400 1.1995748531162587
101500 3.2060691187883723
101600 1.761300112537869
101700 1.3696034439285352
101800 -0.7103994706089805
101900 -1.3167096446008757
102000 -0.0897455060129641
102100 0.7526907509625071
102200 1.9710695236018163
102300 6.181522238040901
102400 3.552309915349099
102500 2.592006903458876
102600 3.4462597154963386
102700 4.881137810599795
102800 2.7694366141525335
102900 -0.5347734340906272
103000 -0.005057449720505203
103100 2.0436380670054333
103200 5.2309866264717835
103300 6.38981329182147
103400 7.498038563371475
103500 10.755183624169845
103600 10.65950405514929
103700 10.360608357288712
103800 10.849758465131655
103900 11.447130383712413
104000 11.536074652702634
104100 9.608927298177935
104200 10.10767864663288
104300 10.66829202447361
104400 10.206817183012229
104500 12.45509937841027
104600 12.559602962991226
104700 11.573443400738263
104800 14.694215684175177
104900 13.732666746801304
105000 12.06178069998297
105100 10.764091092693986
105200 6.337175946441614
105300 5.54083609284576
105400 5.685486708513259
105500 4.676705498932969
105600 6.356694880272557
105700 8.532896146942361
105800 9.082040849337146
105900 10.555222715732778
106000 11.612070179190686
106100 10.35222796664406
106200 10.556609828884834
106300 9.762694464284516
106400 12.538450330290685
106500 13.567839635491746
106600 10.455891703661248
106700 8.676646210073102
106800 10.373072607289341
106900 9.825409280495645
107000 10.013666350050155
107100 10.119672876686405
107200 9.684798314044729
107300 7.89723534093222
107400 10.033957460310694
107500 12.03464604924862
107600 9.857883537497546
107700 9.518305353065127
107800 9.665166089087856
107900 12.38894974386232
108000 12.30268432233553
108100 10.334428938295845
108200 8.781652128813704
108300 6.056425740941498
108400 7.682895202696115
108500 8.540711606546978
108600 10.340568798172223
108700 10.562640873318669
108800 7.723437103024612
108900 6.4398208594414825
109000 6.92731266140258
109100 8.77027050065209
109200 9.981752032482618
109300 11.021840295279397
109400 9.963778163809183
109500 8.932405341215471
109600 9.445823433533002
109700 9.378628781377033
109800 8.907478389220364
109900 9.94379489876558
110000 7.840399093547404
110100 11.267694157380074
110200 10.4582050890123
110300 9.653037053978386
110400 10.116741266541041
110500 11.272280761502484
110600 10.654952274856154
110700 9.60439513495195
110800 11.464507033942354
110900 12.218183377193851
111000 12.88297082141101
111100 12.005501095348038
111200 10.884278171324858
111300 10.830595299122153
111400 10.942929994192943
111500 10.826034518281373
111600 11.107894385760929
111700 8.228695937322213
111800 7.437363707051932
111900 9.963249148991615
112000 11.44188433479212
112100 10.428862300505473
112200 9.631121788453894
112300 10.29011364940034
112400 12.204469623888958
112500 13.875781803241479
112600 13.387562531689845
112700 12.837248908171503
112800 13.649986142692033
112900 13.628067779894927
113000 13.361596371069002
113100 13.631436073064723
113200 14.592013111983304
113300 13.0663527022768
113400 12.836424222087668
113500 13.140611227211997
113600 13.30235228586735
113700 12.627717114445655
113800 12.935868157696717
113900 14.25343309076429
114000 12.803027590355926
114100 13.452579213025556
114200 11.904798375488742
114300 14.235587524698257
114400 15.275328557100776
114500 14.241885285555027
114600 13.870570106726621
114700 12.426331815785543
114800 13.224649589810905
114900 13.824713255139224
115000 13.41369794377653
115100 13.033590791655804
115200 14.13532473787314
115300 14.446053315592202
115400 13.918791709705367
115500 14.225029521173541
115600 12.655456559802559
115700 12.020893796186485
115800 10.1229178268909
115900 2.6029471961216584
116000 3.417803703118124
116100 5.829413277289669
116200 9.495028701213359
116300 9.637009125300356
116400 9.409123388776138
116500 11.77044255030161
116600 11.660886087251624
116700 11.17010771066868
116800 11.391174930525505
116900 13.72083406949173
117000 12.394647476502541
117100 13.192125718532271
117200 14.88393611229398
117300 15.333915227821155
117400 13.936995276477925
117500 12.646929278345294
117600 12.492997143417421
117700 12.10459026480558
117800 13.181601368577105
117900 11.046093545510578
118000 11.034185087925698
118100 12.44343075400674
118200 11.973179203759246
118300 11.903791255826249
118400 12.926449429989496
118500 13.675867011508595
118600 14.907363492360256
118700 13.467563075444689
118800 12.664883208103827
118900 13.168655351242638
119000 11.318441907164498
119100 12.03908554760828
119200 13.202531511658286
119300 12.791456940138067
119400 11.990862483647856
119500 12.609809502106177
119600 10.843508349845273
119700 11.907084183019908
119800 12.48496356975835
119900 14.38458501686365
120000 14.600796939184667
120100 14.190721284015526
120200 14.086142447718276
120300 13.739808373670868
120400 11.334841546129224
120500 13.06109295664009
120600 14.823356199898189
120700 14.799526330555477
120800 14.994454717834989
120900 15.624470564176882
121000 1.6092318195586246
121100 8.25986263805905
121200 10.023640356364883
121300 7.757320279938873
121400 8.917810159397208
121500 7.713895598161328
121600 7.656371869594215
121700 9.916234543058671
121800 7.99341343042018
121900 8.192573651209983
122000 8.20283968011671
122100 9.120539295478533
122200 8.077695049803065
122300 9.648932383444848
122400 11.102351121108496
122500 13.482216357679226
122600 13.77953527393184
122700 12.486751046227537
122800 11.641753016200905
122900 12.454119944638956
123000 12.258358421395544
123100 12.259856692262911
123200 11.027452763278951
123300 12.445196709083566
123400 13.341634291451735
123500 15.422701903510914
123600 15.130837908773954
123700 15.378720600434356
123800 15.708109427762803
123900 14.849266035453455
124000 13.804478373926926
124100 12.488498890108891
124200 13.890505150278477
124300 12.80669259030631
124400 14.744771157154775
124500 14.870780210952377
124600 13.15119570796261
124700 12.41966441403682
124800 12.999246832801415
124900 13.414561148515782
125000 13.252320238189844
125100 13.490014197080308
125200 13.805270778214652
125300 13.008585565345495
125400 11.367684874628862
125500 14.120464708872143
125600 12.335275404215635
125700 12.935157730782715
125800 12.901950865381714
125900 13.061073726327098
126000 13.167204349529662
126100 13.11365965521941
126200 12.307894771322486
126300 13.479370744701912
126400 16.019544684076592
126500 16.665881653545313
126600 16.056514553390237
126700 16.343163640065125
126800 17.60542548319554
126900 17.332984445379594
127000 17.03859690080533
127100 16.93724000565926
127200 17.944532351142044
127300 18.81807240860261
127400 18.002964741732686
127500 17.53862550491739
127600 16.921932754089905
127700 17.940981697512584
127800 17.55818257327416
127900 17.18811137876282
128000 16.931723404001534
128100 16.54474241019604
128200 16.691438739456693
128300 16.859634620128684
128400 16.87715540125729
128500 14.151306786592334
128600 15.731999118053436
128700 12.70568161068856
128800 12.466022579763845
128900 13.587582127293366
129000 11.570480029532675
129100 10.407430256881813
129200 11.33207229449008
129300 12.98385559887315
129400 7.804052280852653
129500 6.422934212306416
129600 11.36482549830665
129700 11.805738206693803
129800 12.205080795707618
129900 12.693912346988037
130000 13.034243449810177
130100 11.865957643687237
130200 9.71831425007211
130300 11.94094314852239
130400 12.707561941531903
130500 11.330986647310066
130600 11.585416687963617
130700 12.535945482106868
130800 12.412909987024733
130900 12.161828505642422
131000 12.646145810036822
131100 13.414204665813529
131200 14.075681033471467
131300 15.438314745715445
131400 14.672358568634298
131500 14.577450036812564
131600 12.614367896056047
131700 10.135804836914748
131800 12.35093198279141
131900 10.4670707083244
132000 9.334066853637571
132100 10.583326712189885
132200 11.619532795508439
132300 12.29229590343674
132400 11.529029989306574
132500 11.351163240758
132600 12.318196428615956
132700 11.152180405081346
132800 12.895953569505032
132900 14.586169476005297
133000 14.828513558431165
133100 12.762084792926949
133200 13.431202793464472
133300 12.080383893124012
133400 12.183206231125226
133500 12.869006452616508
133600 12.982463475310345
133700 12.660349269152919
133800 12.41915219973565
133900 12.534084470657548
134000 13.622935467168181
134100 12.458858106213766
134200 13.190510545702834
134300 13.164692587178594
134400 12.947029543298662
134500 13.269413132064642
134600 11.716051003280937
134700 12.52470318802182
134800 13.143867540367301
134900 12.818383520320316
135000 13.145181273414222
135100 13.75111158819782
135200 13.930037741656376
135300 12.848965907295055
135400 11.584951860689774
135500 12.58204095600162
135600 13.445984599550835
135700 13.438228947985312
135800 12.818999805902406
135900 14.652549909091853
136000 12.143668077901527
136100 12.678701701720614
136200 13.179891981187065
136300 12.561271382447414
136400 11.438859213066278
136500 14.049783092117835
136600 12.669067687607983
136700 12.414039080743642
136800 13.452846342086607
136900 13.032914659731658
137000 14.268763413120803
137100 11.425183727907756
137200 10.5385277131178
137300 9.875897767497708
137400 11.00709255157585
137500 13.908014711136321
137600 15.026786173029485
137700 14.962661165212385
137800 14.304331033719079
137900 14.83676084147142
138000 12.70141380688191
138100 13.401728621108534
138200 13.696354197476198
138300 14.75532329582585
138400 13.553179288370622
138500 12.033687953227668
138600 14.406035903504568
138700 16.03198365091941
138800 13.952455520660086
138900 14.038540601962003
139000 13.397995118864632
139100 12.923753059016653
139200 15.797474311867377
139300 14.170286085926957
139400 12.847324701331322
139500 13.476975570610671
139600 15.952692087760136
139700 15.135766148992335
139800 13.895531936376049
139900 13.896923136868383
140000 13.422225959177348
140100 13.331700453428457
140200 14.535037859493922
140300 13.994034412784032
140400 14.088494971550828
140500 12.796451892396513
140600 12.609651620058589
140700 10.891094183875426
140800 11.999569472226936
140900 13.09671268733186
141000 13.122658160259665
141100 13.687101334161596
141200 11.989259169413558
141300 12.555880995371432
141400 10.006644699877244
141500 11.561124129440087
141600 10.024827756070806
141700 9.538622905858865
141800 9.881374379198167
141900 11.153648174318747
142000 11.401970257707951
142100 11.726199046542261
142200 13.111859892851047
142300 11.777610233003818
142400 10.25032186414891
142500 11.223524921324639
142600 12.611904067659559
142700 12.844160667140477
142800 14.219456094092477
142900 11.546296856166448
143000 12.188639574054747
143100 11.776683475554261
143200 12.067600658551596
143300 13.242599505139076
143400 14.786482556338607
143500 15.534598487770072
143600 14.224745905689238
143700 14.276614326365745
143800 14.527708275335923
143900 14.762342790797078
144000 13.278336044052386
144100 12.635423740866749
144200 14.22462974513614
144300 16.418532733500236
144400 16.28553637810893
144500 16.254323910373554
144600 16.87291606035055
144700 13.930129244831262
144800 13.513037391390133
144900 13.654841051760888
145000 13.111624383396292
145100 13.339146002814758
145200 15.99465833291575
145300 16.615116643874003
145400 15.752578236040645
145500 17.017003147343328
145600 15.743109002219704
145700 15.125039599789094
145800 15.191794746402747
145900 14.253297093689445
146000 13.713723163274594
146100 13.500109780969785
146200 14.981943160495454
146300 16.49362897123132
146400 15.536944645909625
146500 11.818079165199702
146600 9.401954866248769
146700 12.249050859340475
146800 8.737054698010342
146900 8.21094458103319
147000 9.904953771211462
147100 9.131831737837974
147200 10.793987349038083
147300 12.238080845834704
147400 9.504775210955732
147500 9.39820023625738
147600 10.813323761260946
147700 9.930704098996154
147800 10.647926914884163
147900 8.968829706650245
148000 11.113393720714438
148100 9.323657275868737
148200 9.08073567472844
148300 7.799585467490721
148400 10.96856887277055
148500 10.033324695031208
148600 10.486736235439574
148700 10.136974240616448
148800 8.034860100757472
148900 9.976028893545339
149000 8.237826353601392
149100 8.997823004720827
149200 9.225021932293014
149300 10.059072242576747
149400 11.067049466915162
149500 11.79020124228023
149600 7.0611024700414475
149700 -5.157176093457595
149800 -7.73867419427791
149900 -6.676329143208251
150000 -11.61990691296858
150100 -9.385341595281535
150200 -10.160558058822724
150300 -3.6825943489791833
150400 -1.7157789579164233
150500 2.8004857243723587
150600 5.356618794329696
150700 4.534745374375756
150800 8.144361365985517
150900 9.297276107298371
151000 6.861912528033178
151100 6.2479348911716
151200 9.216446924570493
151300 6.0825641230529675
151400 5.04342357160899
151500 5.2577131443478935
151600 8.589549819011983
151700 11.481105388616717
151800 10.151664693903665
151900 9.56970607513839
152000 9.05821297359349
152100 8.020686045599948
152200 6.886230913940425
152300 7.258107176006594
152400 6.358985718953896
152500 6.375496582855931
152600 6.334298355414253
152700 5.745758004604518
152800 8.81170524446318
152900 8.608612306038196
153000 8.491942488727023
153100 9.215786028448763
153200 9.916763517562833
153300 9.181633475330955
153400 8.658659573782296
153500 5.267972453731184
153600 5.410631489869471
153700 7.549631060374625
153800 4.318562134956942
153900 6.656943210908256
154000 5.143061866815543
154100 6.513138188115092
154200 7.317786713528703
154300 7.33171008950873
154400 6.622363501205139
154500 10.158445500372125
154600 7.928854980765931
154700 10.277241139040358
154800 10.001250062992495
154900 9.450197932038645
155000 8.78803169810327
155100 10.394147824802271
155200 9.775731995439624
155300 11.03816223871743
155400 8.72624103696709
155500 8.522137562753358
155600 10.211595994431724
155700 10.104133409064552
155800 11.00566543937522
155900 9.946497127621896
156000 9.330750180164998
156100 9.176334941752511
156200 10.784242100978137
156300 11.205314832833295
156400 9.790357223764865
156500 11.480047258865596
156600 11.823211762751274
156700 10.721646279740968
156800 11.974647990650121
156900 12.857826107395558
157000 13.509531403335638
157100 10.61004614541579
157200 10.929610094378647
157300 10.256572327728215
157400 11.85908864035387
157500 12.242366849621744
157600 9.325000024461714
157700 10.1699091493138
157800 9.715218313307927
157900 12.21226164142598
158000 8.99488056424486
158100 10.696651792012773
158200 10.696356613529675
158300 9.459508124472302
158400 10.865666907139595
158500 8.856586086238034
158600 8.179883187658536
158700 11.62448573479781
158800 11.46184576059772
158900 9.953438665295925
159000 11.826493226322029
159100 11.937291667829662
159200 11.708388400737451
159300 11.015432602280574
159400 8.552323436638202
159500 12.647859616021988
159600 12.946636265228296
159700 12.83452145197929
159800 12.198855440358683
159900 13.091761022944395
160000 13.99774633733823
160100 13.856663126611913
160200 14.346381878332478
160300 13.787306092743762
160400 12.466070979182307
160500 12.440524425719765
160600 12.174721435043804
160700 11.567692537771995
160800 11.147686092814231
160900 10.535472042664393
161000 12.539960327370114
161100 11.904738373296427
161200 13.299444665725034
161300 13.297366114482154
161400 11.092012131124566
161500 10.59679718421824
161600 11.891932813823237
161700 12.839278075697852
161800 14.968198864274637
161900 12.942788462675217
162000 12.438062775000505
162100 12.657513897730194
162200 13.613376030534582
162300 11.976991031674478
162400 13.762118274026212
162500 11.704692431488382
162600 13.255300675563515
162700 12.610418123403836
162800 12.685403341305244
162900 13.419467845879367
163000 14.304228432475385
163100 13.5623672259109
163200 13.2261614508451
163300 12.258098472512307
163400 12.204343245289131
163500 11.068679369135975
163600 12.468104384539664
163700 11.98068120573872
163800 12.352289568965528
163900 13.991890674406099
164000 10.837371481850875
164100 12.732392944021852
164200 13.868487127569804
164300 14.506720848256844
164400 14.201739705675232
164500 14.2705008365068
164600 13.631886589143551
164700 12.719950063391085
164800 12.685629523267018
164900 11.659277883004387
165000 13.308591780447687
165100 13.380942831927413
165200 14.49698092224146
165300 14.605397056050077
165400 11.778816954748427
165500 10.55651907120406
165600 12.916756566991765
165700 7.390610772674947
165800 5.272290995695803
165900 4.135323013290657
166000 3.8310185195741924
166100 4.425894138951312
166200 2.838980351704464
166300 3.607097066059946
166400 2.7425442647154994
166500 5.839905774683762
166600 7.475918213432207
166700 9.01830981786013
166800 11.119080836339618
166900 12.925306597540326
167000 13.891622099617358
167100 11.517995999209752
167200 11.816443306652435
167300 13.685125650801327
167400 12.709268523375076
167500 13.418454544841133
167600 13.113490899271293
167700 12.259354402051311
167800 11.633715487376532
167900 10.131602140081164
168000 10.731056639403308
168100 14.18425756135273
168200 12.461882703543774
168300 11.721218854495994
168400 11.867761443349487
168500 12.061052614214274
168600 10.455528733344174
168700 7.8065918361950954
168800 8.446150069814047
168900 10.464022138094863
169000 8.90225966963223
169100 11.545630591923842
169200 12.175844032151934
169300 11.404339051696885
169400 11.757124025287277
169500 13.138610069177135
169600 12.992403133378499
169700 14.977368734646129
169800 15.841838096076057
169900 14.312212865334
170000 13.748288100729363
170100 12.119339710732419
170200 12.797420193012563
170300 13.223598181172516
170400 13.68444273816448
170500 13.991121484518464
170600 14.550874382784071
170700 14.266619310035022
170800 14.73316582704762
170900 13.732966284175978
171000 13.313864058585487
171100 14.214177193029322
171200 14.538952016641991
171300 15.234954916926975
171400 13.362867337295889
171500 14.5813935654528
171600 14.680023344267296
171700 15.265121604925929
171800 13.214686335564776
171900 14.898485568864125
172000 12.184940882961488
172100 13.082024391057216
172200 12.70998460027956
172300 14.128402860070722
172400 14.71762169796751
172500 14.368914316200359
172600 14.694098387280171
172700 13.585840016197187
172800 14.204531819042922
172900 13.37659252268787
173000 13.858664208342663
173100 13.507297983601143
173200 12.270009451833722
173300 13.714543497050288
173400 14.800074994380196
173500 12.526812165656947
173600 12.734059681787953
173700 14.07195687279122
173800 13.120183532176565
173900 11.168679986871103
174000 11.807013494948514
174100 13.135521334833873
174200 13.979604613519532
174300 15.136927375571249
174400 15.028932937019388
174500 15.66580921973001
174600 15.544691700413308
174700 16.475088002088928
174800 15.694988720880295
174900 16.30162532509138
175000 16.416399490405187
175100 14.097130863146154
175200 15.166536370906972
175300 14.89875725684127
175400 16.333450500974877
175500 14.640325104404507
175600 15.033243430708012
175700 15.604431022841768
175800 14.850187272525428
175900 14.11768682189949
176000 15.104300905012533
176100 15.152926257101289
176200 15.99380501241215
176300 15.381354894836708
176400 15.577114947318716
176500 15.283976272901187
176600 9.784369666500599
176700 10.707116409388563
176800 9.937792079865284
176900 10.551631500783786
177000 11.18675644802466
177100 10.259281366681819
177200 9.716283732749428
177300 8.426046797204961
177400 8.55463596114538
177500 10.87518782016773
177600 13.104537417359863
177700 14.67506018156584
177800 13.776952317519383
177900 12.557620438454016
178000 13.425396966269393
178100 14.340526847704083
178200 13.355296047547547
178300 12.863466986625243
178400 11.6149224414426
178500 10.284682104484357
178600 12.291982787829172
178700 10.996955019461568
178800 11.231908983238435
178900 11.668485527253756
179000 13.63898152325683
179100 13.04901137938897
179200 12.58621926289487
179300 11.99664809235919
179400 13.896869517227447
179500 13.813770149435143
179600 15.117545482177693
179700 14.381034720303498
179800 15.566279257032717
179900 14.829226018680993
180000 13.980270025546575
180100 14.667926852051513
180200 13.64538596131528
180300 12.530764865228411
180400 12.463271948612627
180500 14.410176598220646
180600 11.731627906970205
180700 13.432167103196864
180800 12.98945562866481
180900 11.391585625874669
181000 9.448869925786992
181100 12.05297360642222
181200 10.820312112201522
181300 10.448907055160612
181400 11.662655347884247
181500 12.851648474311423
181600 13.046734385920654
181700 10.27192980467687
181800 7.62691291031288
181900 10.442360025165838
182000 11.77421605917096
182100 11.201721307329176
182200 8.194179962855921
182300 9.6217937313228
182400 10.366033796014255
182500 12.17454360907396
182600 11.788429061896602
182700 13.55550579942852
182800 10.815912739142796
182900 13.282445092901254
183000 14.269442414329307
183100 14.617750538047481
183200 12.767790642681133
183300 14.933998140282949
183400 12.655463257702667
183500 13.20415010135109
183600 14.445455772041155
183700 13.786535841465067
183800 14.866544641148355
183900 12.177329288155885
184000 13.774289146779193
184100 11.529811244035477
184200 13.620009525536576
184300 13.191710649432258
184400 16.22189599014072
184500 16.13929252669856
184600 15.301496614085728
184700 14.676312212054631
184800 13.765609477514815
184900 13.890854403714659
185000 13.559386287428396
185100 14.319483022902217
185200 15.02446893669678
185300 15.839531871496149
185400 15.159856997291293
185500 15.238816951450252
185600 15.557469429896981
185700 15.306722352597976
185800 16.372952234918476
185900 17.232884634250365
186000 15.668904060349785
186100 13.768984760338634
186200 13.169141250364529
186300 14.110098352699989
186400 12.56487392496147
186500 12.473003077879799
186600 14.082710390636615
186700 16.0853883305018
186800 16.233610227226958
186900 15.781346523989006
187000 16.435832707120035
187100 15.969136224724629
187200 15.228248765872205
187300 16.67084356794683
187400 14.53362366911254
187500 10.449264576975422
187600 7.861979746445363
187700 8.728596664567203
187800 7.280943558241301
187900 8.560985968139962
188000 7.846302967890748
188100 10.312605236665588
188200 10.917743037587037
188300 12.744186956509028
188400 11.15164576270404
188500 10.912166696415532
188600 11.508695999814478
188700 9.473311733619331
188800 12.580108995287038
188900 11.537006783993721
189000 11.47368847347023
189100 12.346416138845221
189200 11.088536736372918
189300 10.560736825661797
189400 12.449980239543619
189500 13.586934897391957
189600 13.003530356721406
189700 14.001299420558913
189800 14.792083766731352
189900 13.34998949561889
190000 15.016670457574183
190100 13.161280559486096
190200 14.048586970614844
190300 15.51649946385103
190400 12.980762055264734
190500 13.009582265287495
190600 13.254006618521629
190700 13.93332331713832
190800 15.328861889788367
190900 12.859384429673595
191000 13.702033895130787
191100 15.932037231097834
191200 14.180478271094648
191300 16.13159610939379
191400 14.43613916018182
191500 12.063097954847048
191600 12.534715766315813
191700 12.217264898131786
191800 11.952381326605872
191900 13.556636957409012
192000 12.816145274063915
192100 12.891005576563344
192200 13.60629855158532
192300 11.781731046394048
192400 11.672674413685938
192500 10.85363216056267
192600 9.098837583236827
192700 10.492045487417549
192800 10.190527523598398
192900 9.689457931550818
193000 12.230288653162754
193100 13.797785041791355
193200 12.11664843277716
193300 10.680698274850712
193400 10.632406145520116
193500 10.165559940712447
193600 10.809559696667183
193700 13.975660680367657
193800 13.738599289612097
193900 12.520594366982605
194000 11.44637761081712
194100 13.041577618846649
194200 15.994687277360532
194300 15.30136506296354
194400 14.202334905991473
194500 15.036721039235802
194600 16.156162321505235
194700 14.140080942320283
194800 12.069792952245553
194900 13.330729438295213
195000 12.974629137100719
195100 12.408127563746564
195200 12.84161323554403
195300 14.499537984157508
195400 14.674350539262953
195500 16.043974179807478
195600 14.600290022014171
195700 12.894677434087866
195800 12.61367767953283
195900 12.237350377196124
196000 12.765330827880176
196100 11.12197429355325
196200 12.675058232328196
196300 11.844113368266836
196400 13.489087882065968
196500 15.95927290760922
196600 15.545540441011338
196700 15.513601567338537
196800 16.073918777337322
196900 14.600099734844592
197000 14.452518396399688
197100 15.029933326714014
197200 14.484184606676722
197300 14.789213400248165
197400 14.939277700544775
197500 14.321579890882367
197600 15.504324744087832
197700 14.356406833217042
197800 15.184380172131933
197900 13.787058977455864
198000 14.899286349278418
198100 15.609761872163283
198200 15.601685436629184
198300 16.970939763391623
198400 15.361728222929754
198500 14.38882643900054
198600 12.884600165691445
198700 14.621312206420301
198800 15.796334601128242
198900 16.459354124471588
199000 14.897890806457966
199100 13.689391796631128
199200 15.1961668748464
199300 14.14149398254025
199400 14.67609292773972
199500 13.940244302629948
199600 14.93822698518788
199700 15.035116749534318
199800 12.258112998144755
199900 14.442556872191181
200000 13.183597000221294
