100 2.9701221294940927
200 3.881602346439644
300 3.009903930476321
400 3.0702393462393758
500 2.2695734721921546
600 1.4102653517353865
700 2.152074542446082
800 2.2541158503030188
900 3.1731046860569214
1000 1.8884496945194147
1100 2.63268694022913
1200 4.164728232753972
1300 5.767247614700129
1400 5.913394465679798
1500 2.0047255600364253
1600 2.1886669625159163
1700 4.932911453239532
1800 5.2385910077631594
1900 3.8882410459572436
2000 3.5721187934956284
2100 3.463636070387804
2200 2.9256449697655875
2300 2.5294386317602964
2400 4.509263841597436
2500 1.6258180008967846
2600 4.699256877745263
2700 3.356306591187109
2800 5.159180045203441
2900 2.202857200904376
3000 3.051644979885055
3100 2.800390460138039
3200 1.08873440637142
3300 4.426304424163889
3400 2.882232404547255
3500 3.518537263522481
3600 4.054522329432016
3700 4.667813554322417
3800 1.7313205363458073
3900 2.059465138004616
4000 4.768364837607815
4100 4.289743058522124
4200 2.411758742421315
4300 3.3984578555838905
4400 4.269123213495068
4500 3.4880720398192433
4600 2.6330192619907997
4700 3.290446586437158
4800 2.7465052652524578
4900 2.7670707261588467
5000 4.263038267047385
5100 4.188237856956765
5200 3.972169947354483
5300 3.4009440628856042
5400 1.9675850811827038
5500 3.5967474523635934
5600 3.4651894872227107
5700 2.498093828485821
5800 3.364636478555638
5900 3.159791234200171
6000 5.684996197094258
6100 4.053610330620168
6200 3.019387723505567
6300 2.776613732901712
6400 3.272336721931884
6500 2.614293209658669
6600 1.6168589489085854
6700 3.3089038176016348
6800 1.3850594020672278
6900 2.9337533428472415
7000 2.460310582554254
7100 5.045275591884243
7200 2.3023268280216866
7300 3.1887608007077937
7400 4.673209248049242
7500 1.3843073976416793
7600 2.268310264385541
7700 1.8383498805306127
7800 3.47964562070408
7900 3.3368138649551566
8000 3.5328263415348076
8100 1.4299245486762164
8200 1.2987391048867107
8300 2.327715626890313
8400 1.4882238888387036
8500 2.0005374603383106
8600 2.6895641627649525
8700 4.621534753802628
8800 2.302193378599643
8900 3.4693734443051634
9000 5.24969033948939
9100 4.666117113509331
9200 3.891811628587176
9300 3.5325826329887557
9400 3.7292913448284373
9500 5.082170038893014
9600 3.8652130975471994
9700 5.5391808682340775
9800 4.361950991525744
9900 4.891470852177986
10000 6.903055306440412
10100 6.898476304919817
10200 2.8413232174806753
10300 3.334379062539311
10400 1.90945577653695
10500 3.535238737178792
10600 3.482866759940271
10700 5.168566348622748
10800 6.638652082587917
10900 3.836556493622233
11000 1.0841922374370891
11100 3.1063783510261644
11200 3.790788538195537
11300 3.204119563518825
11400 5.352935647299688
11500 6.208396250832913
11600 3.619502478533703
11700 5.1258356602449755
11800 2.124796492643081
11900 3.193999755779378
12000 0.8654269657977993
12100 2.8049532777337953
12200 0.6135111900779835
12300 1.5289733533673422
12400 1.9395466373431327
12500 4.8662915307599794
12600 2.066760716010743
12700 0.7266485498202571
12800 1.9773472065174686
12900 5.903403838215815
13000 3.75726730745921
13100 3.749261288135469
13200 3.650499633013955
13300 2.950797289924894
13400 2.037284210940235
13500 0.8431938358384863
13600 3.8396850839845746
13700 2.2663636447112276
13800 2.059266509077537
13900 5.021598302526759
14000 3.133585143689645
14100 5.165020129731604
14200 2.784079354861563
14300 4.341307144727364
14400 1.2627307621773942
14500 2.6794383559026302
14600 4.025485856359293
14700 4.412237784414137
14800 2.9247481274817875
14900 2.2540256357372246
15000 3.049035000640472
15100 4.803711646586598
15200 2.4270185767997976
15300 4.430637398965763
15400 3.5526285014991457
15500 3.1095926432938232
15600 2.8794662038342085
15700 3.741989981861912
15800 3.1094489971709875
15900 3.831913818039737
16000 2.4061334021376335
16100 2.7996488698087636
16200 2.113486775867559
16300 4.103692558507662
16400 5.4385894085269015
16500 1.7478134318546388
16600 3.237733850081732
16700 2.29752419585227
16800 1.893225537412604
16900 3.6962065253044316
17000 3.5239842283691516
17100 5.3472934201279
17200 7.846023597796877
17300 4.179558969979995
17400 5.094095306915987
17500 3.3024924397261395
17600 4.716851582553341
17700 6.64703718697293
17800 3.596706660579876
17900 3.5646205199016556
18000 5.178761639211097
18100 5.282898563507526
18200 4.798822236332908
18300 4.750264054144901
18400 3.921279079091316
18500 2.693090865043066
18600 3.794330531545889
18700 5.6722531290158615
18800 4.235695999793209
18900 4.900062834467418
19000 3.871292529780427
19100 2.4547485738032937
19200 3.3741930113556666
19300 3.689535669252347
19400 4.245109269589067
19500 4.053788963457542
19600 5.381117432986249
19700 4.442198936865747
19800 4.458619668286809
19900 4.728576319756527
20000 4.758949952030229
20100 3.1387690582012246
20200 2.2799694465350693
20300 3.327891699489676
20400 3.5018782392101175
20500 3.385159260773506
20600 4.3885314413619465
20700 1.7454600197454673
20800 2.0429380749308645
20900 0.6770536240221214
21000 1.3007726162872753
21100 1.1152976756511725
21200 4.766320761895911
21300 4.615239889652332
21400 3.416736752318955
21500 0.4279653221565371
21600 -0.7340882419842538
21700 -0.011184935364233345
21800 1.2422776700911085
21900 0.07818391800542542
22000 1.7931902508545003
22100 2.4741296411780223
22200 2.3842880773299355
22300 2.769220339975915
22400 1.8900428883904483
22500 3.857190257289507
22600 6.227888632527507
22700 3.5656067224064705
22800 3.604014193415398
22900 3.7872702210496363
23000 4.163519393638595
23100 1.9785173547855965
23200 2.4650661305924175
23300 1.6771567761469464
23400 5.9207445161263905
23500 4.795366852723982
23600 4.16503401135797
23700 4.666452554341672
23800 4.208423464006016
23900 2.6953346041492487
24000 2.1347162456874926
24100 3.9478789882747853
24200 3.3903821400549714
24300 4.020973921237882
24400 4.871193876073469
24500 5.769069358785111
24600 4.1164393021423855
24700 4.019473523728762
24800 3.8026709011775743
24900 4.876955512268006
25000 6.306282859000389
25100 2.3220559228450672
25200 3.589517637092702
25300 3.740233934137385
25400 4.005778208638605
25500 3.7963823030714368
25600 1.7199117416552
25700 1.915894363706788
25800 1.6982660553275601
25900 5.603695510141136
26000 5.255448482542214
26100 5.78617510453471
26200 5.64456585691156
26300 4.3414145390375625
26400 5.001020649139707
26500 4.832925927815948
26600 5.560731310503011
26700 4.7809750224862455
26800 5.959638418144384
26900 3.5484224997850684
27000 6.556052371117565
27100 4.475071435627614
27200 1.6450389426249576
27300 2.9918828747221258
27400 1.7024564701424727
27500 3.148808704453243
27600 2.2707078532129943
27700 3.659668680870816
27800 6.577937258083521
27900 3.5471328861892815
28000 2.7469129684793403
28100 3.277650591813326
28200 2.5325417096489637
28300 3.366773497929693
28400 1.8544053922351684
28500 1.1284096732065043
28600 2.5909778493961033
28700 1.7034718515949407
28800 4.410065749935013
28900 4.744318941398863
29000 4.945370911560335
29100 3.3986625553991576
29200 2.657595422321481
29300 2.2300549458034533
29400 1.7532908312145346
29500 4.250598605198928
29600 5.281006553995312
29700 4.200210460479214
29800 4.556666105202677
29900 3.9973384125887166
30000 6.30582550714383
30100 4.129412112311745
30200 5.407621822974275
30300 4.393112795358925
30400 5.8509059301528366
30500 4.1485610076303185
30600 2.8404454903618994
30700 5.101519958424301
30800 4.779228804493725
30900 3.606537712386905
31000 4.76906861330383
31100 4.941394783652914
31200 4.7401634607789225
31300 3.441487025284539
31400 2.6421208224596366
31500 4.29660735674715
31600 1.0499877648693043
31700 3.1405824222937144
31800 1.244051118157492
31900 1.0693793134867382
32000 1.4466861216956288
32100 2.022870446612568
32200 3.818962800607596
32300 2.490365157089441
32400 4.692674916367382
32500 3.7544964189595507
32600 4.107454453190246
32700 3.4647558348904557
32800 4.405150825080285
32900 3.935762292438812
33000 4.632132156784404
33100 4.0780210419004055
33200 3.4561586300515033
33300 4.299809086217027
33400 1.2897440326176384
33500 4.991093121981023
33600 4.7094589888883895
33700 5.829127158799972
33800 4.191639316215637
33900 5.835811055531446
34000 3.9283880117621575
34100 5.822465118657401
34200 5.6192793274461605
34300 3.0424251091263
34400 3.591927067297305
34500 3.9338524922954257
34600 4.517510849717185
34700 3.742077245955149
34800 4.967948086043643
34900 5.40248952644716
35000 4.38131299013443
35100 4.002925658340689
35200 4.554500501123559
35300 4.289596618062682
35400 3.3014700038212146
35500 3.578415697083934
35600 3.6525566623927963
35700 3.169990715333187
35800 4.36608735482867
35900 3.1242750163715263
36000 2.4547003217327337
36100 3.4491882811201156
36200 3.1287614237665915
36300 3.9539763311754825
36400 1.4307698592265004
36500 4.294827262382045
36600 3.3770908425193715
36700 6.1579115063864664
36800 4.235679538579181
36900 4.6205785878664445
37000 2.8246179162964347
37100 2.9792483122710443
37200 5.7982182025389495
37300 2.579718415868746
37400 2.488744227572115
37500 2.5949431762206023
37600 2.5786927941025675
37700 3.070400843189464
37800 4.771187934254295
37900 6.673795928677702
38000 6.835480586914305
38100 5.502532766681863
38200 4.706297706344184
38300 5.445048528062334
38400 3.911602205765057
38500 4.880995410942873
38600 4.5944237702122726
38700 3.71845982252466
38800 4.168641569490332
38900 4.422809839936838
39000 3.5403986849268283
39100 3.0060914298107635
39200 2.652428161520711
39300 4.145298803176284
39400 3.4158821329528517
39500 2.6495814056434908
39600 4.274674536960117
39700 2.653297287930449
39800 5.466316036396291
39900 5.2732848809820725
40000 5.061553965296319
40100 2.5869274842587893
40200 4.0975857693992435
40300 4.050497964960405
40400 4.632400595412638
40500 2.928133211507005
40600 1.7423470155719158
40700 2.912207776807153
40800 2.9424463053769956
40900 1.6919337076784116
41000 1.4263729896693127
41100 0.6454401257366265
41200 3.542187510074937
41300 3.421777825991555
41400 5.524602623610638
41500 1.8838968984477598
41600 -0.4225890747406236
41700 2.1689687618263824
41800 4.038070269927702
41900 3.098126297184613
42000 5.2675043798596555
42100 3.3426727226114017
42200 4.629699436081529
42300 3.7249268171204197
42400 3.423927034327065
42500 1.8872511527266653
42600 3.363461297632197
42700 2.5188268430295304
42800 1.3303370402608157
42900 3.007059381515345
43000 5.304666142893254
43100 3.984134922356251
43200 4.715425301696552
43300 4.480150058637817
43400 3.5529041088825037
43500 1.7250458186245445
43600 1.8885226343293506
43700 3.7305318853711524
43800 4.840006867144464
43900 5.127027249277736
44000 4.424478972042342
44100 3.2570660452553395
44200 1.5096045081051634
44300 3.229349538239327
44400 5.916370463130325
44500 4.014284871142427
44600 5.35195088121361
44700 3.8961296692807474
44800 3.004765362609831
44900 2.4358819290958174
45000 1.2183237513282792
45100 4.4472328663552085
45200 4.82385579751569
45300 4.872114055843073
45400 3.6290757270880225
45500 1.128254235576649
45600 1.857999958100052
45700 4.913853642266443
45800 4.793785962062584
45900 6.1530833324670935
46000 6.39376886096593
46100 4.465716769324726
46200 4.314798575887951
46300 5.705113275888236
46400 3.47462744023242
46500 3.2287635190546227
46600 2.472919555957382
46700 2.7652321234078268
46800 3.028881371780047
46900 1.8873739770315747
47000 1.868607860902679
47100 1.0353260985215067
47200 3.209883888405911
47300 3.421383706872034
47400 1.7461253134539125
47500 3.1605763407029333
47600 2.2043484873082924
47700 5.377290651241782
47800 7.459102649081098
47900 2.9641068690256294
48000 1.510942011767512
48100 4.509525223662619
48200 3.385378130661201
48300 3.4310129031105916
48400 3.8116188556058623
48500 3.069702379926416
48600 5.22135648452396
48700 4.915068362242089
48800 4.209309210596406
48900 4.625389062582521
49000 1.8700313253995624
49100 1.6752373793409652
49200 4.379174762106937
49300 1.3118896543034788
49400 2.181238323379624
49500 2.5597580604818346
49600 2.54623213153956
49700 3.29474662351621
49800 5.7436689990895555
49900 4.335949552314477
50000 3.5000012881700013
50100 3.1017474106009466
50200 3.754225070808693
50300 4.086939897933731
50400 1.7785219167505768
50500 1.2564894244680016
50600 2.9793751296594233
50700 3.267609343871627
50800 4.81061434959307
50900 3.2508855705230437
51000 1.9838398732649785
51100 4.187406311886142
51200 2.7207841325940314
51300 4.658306071664423
51400 5.119638115346745
51500 5.629944883886646
51600 2.6585317992622137
51700 3.685738668701016
51800 6.0278719946661266
51900 3.058404849289581
52000 5.891310646217663
52100 4.881476492736019
52200 4.252313596151553
52300 4.453791900111389
52400 3.299585293691335
52500 3.8758638090930497
52600 4.097142022357727
52700 3.7892926175286705
52800 1.8250999003980022
52900 4.136934956047678
53000 4.635272098019524
53100 2.5957431773416495
53200 4.421075182121417
53300 3.589601343307493
53400 2.345878027939694
53500 4.210931169894305
53600 4.611699563339918
53700 3.6540504076507228
53800 3.1842803034570464
53900 3.3500435748135806
54000 3.544963123161014
54100 4.46279040494218
54200 1.8296941890796654
54300 3.210028369607008
54400 3.725637029613413
54500 3.133799046049309
54600 2.8618740726117413
54700 4.924572801769584
54800 5.1783463553184825
54900 4.5154663536185415
55000 5.768357508264278
55100 3.219539115619115
55200 0.41110308885106955
55300 3.055429102795612
55400 1.6447077538484154
55500 3.1843189820154003
55600 3.5974102092065046
55700 4.352877329778271
55800 4.325566859813091
55900 3.0355098654826644
56000 2.664061807947592
56100 2.2429332177298016
56200 4.647175755399747
56300 5.525951503797281
56400 4.74975422967506
56500 2.4227644730745297
56600 0.9902911389628235
56700 3.168545411761434
56800 4.336599553769247
56900 5.900749339365126
57000 5.694998681152317
57100 3.4952091050670866
57200 5.1127611664197055
57300 3.151478173827946
57400 4.651903932822587
57500 5.097786275568839
57600 2.9197052415793507
57700 3.5559201525152004
57800 3.1065898551185898
57900 2.847729779848857
58000 6.333502927649248
58100 6.066256656390743
58200 2.912400939700568
58300 2.1492165871808515
58400 0.9940886564207922
58500 0.19754776389646359
58600 1.2068938546758177
58700 4.41160473139002
58800 3.8018114696863856
58900 3.6990915406062705
59000 2.0049494311511107
59100 3.800006274304283
59200 3.18561533013508
59300 2.4363559676120783
59400 1.895690629191582
59500 7.2066857209274575
59600 5.510437321559054
59700 6.110774459477049
59800 2.6810680059157943
59900 4.2904313045336675
60000 2.92756924932329
60100 2.7841732175013147
60200 3.991463460927986
60300 1.618149339713496
60400 3.8656943848916527
60500 2.8430633232641656
60600 4.452522923052276
60700 2.507782513301164
60800 3.1439906898401757
60900 2.736689073052868
61000 3.6546856437288215
61100 3.414708121148342
61200 4.49404176551383
61300 2.6207651820699223
61400 5.669502744134372
61500 4.359532608051312
61600 5.933339351482999
61700 6.196192657501265
61800 5.578895145780982
61900 2.3248570629683263
62000 2.7189477731697673
62100 2.361880212301863
62200 3.1193390939265706
62300 3.3767576201195597
62400 3.387293155160066
62500 4.900927111105533
62600 4.738786628160282
62700 3.031229511058021
62800 3.0940610846050527
62900 3.027996300334885
63000 3.0272550318675657
63100 2.000643271298962
63200 4.528658895862635
63300 2.8340387072017084
63400 3.1133312660278305
63500 2.979065935858064
63600 5.4430858785916945
63700 4.320490761447818
63800 2.2244334908627357
63900 4.402154882744056
64000 3.5947147655737366
64100 4.180492508301851
64200 2.0677086155891202
64300 2.521139070689679
64400 2.29949479227537
64500 3.840947295409218
64600 4.27505036303938
64700 4.069512749145956
64800 5.405007923605661
64900 3.835435465360286
65000 4.721720722140665
65100 3.099027561461764
65200 2.67820105779306
65300 2.5830957086498496
65400 1.5597837675470456
65500 3.8977966091072185
65600 5.575448594324568
65700 5.636428124991336
65800 4.888761431204314
65900 5.4258365275088565
66000 4.139925406230178
66100 4.0244685090409025
66200 3.7212692279832624
66300 3.1156083067475326
66400 4.027050511106659
66500 1.2559397717720202
66600 2.495797870534909
66700 0.8008494652444711
66800 2.164354424147413
66900 3.319127061880422
67000 4.5012637465696965
67100 3.7319370351001715
67200 4.182170901253271
67300 1.956750638786676
67400 2.7402230911846943
67500 3.134369419490481
67600 3.4482664375067156
67700 2.652165721174211
67800 3.94655982281435
67900 4.138341048114889
68000 6.208159293659834
68100 3.323437652425045
68200 2.8977067329174906
68300 4.281943616745435
68400 2.5857356446807778
68500 4.189525243472612
68600 4.135763869811868
68700 4.511583631585317
68800 2.1223016946880247
68900 1.6425132103037854
69000 2.5394072939624204
69100 4.716346550456297
69200 4.813246988819884
69300 2.6263919269327576
69400 3.0881372757913694
69500 3.6057250152737703
69600 1.983257452334173
69700 4.736031621769814
69800 4.553867893669503
69900 5.1669693015191305
70000 4.251694120558262
70100 4.300614252923373
70200 3.4468621066148906
70300 3.1323219059547234
70400 2.9475478235715324
70500 4.73025242365775
70600 2.0308822295713176
70700 2.6159380947626114
70800 3.8990718170178935
70900 3.0033122323698787
71000 3.025940443905956
71100 4.1452460629838725
71200 3.519821868971837
71300 3.0069433329199473
71400 4.3298940052986294
71500 4.057494088881108
71600 4.180711094478191
71700 2.5272723698424815
71800 1.6297631906124561
71900 4.0730245001154195
72000 2.963535609181297
72100 2.679882602805263
72200 5.118783687380323
72300 2.8806231846378547
72400 2.4421991640749243
72500 2.8574043169254284
72600 0.1337653398505329
72700 1.7852137911485941
72800 4.231140603128859
72900 4.680354180887596
73000 4.220204123667328
73100 6.213376963994512
73200 4.006904330660662
73300 6.1321175579231255
73400 2.906547770736908
73500 4.278422390424543
73600 2.215155663278712
73700 2.7966656295656627
73800 2.234981663695014
73900 3.9727652181396973
74000 2.558119439521563
74100 4.2877961301262575
74200 3.821340559856244
74300 3.1864501493430177
74400 1.3814831559214882
74500 1.5202554263670924
74600 5.146146983964242
74700 4.85486108130731
74800 4.202234286603437
74900 2.4650543714843787
75000 6.1806991437884955
75100 2.815216957499602
75200 2.3116943266103704
75300 4.351612295651306
75400 3.4793675312383536
75500 4.223931729408336
75600 5.323475225952331
75700 3.450475517973085
75800 2.4774010301625053
75900 3.8395290963078645
76000 3.775791378632572
76100 4.203526011521598
76200 1.8784105266998472
76300 3.4765162574944957
76400 5.270039400096538
76500 3.095419822598093
76600 4.491619386719238
76700 3.6620506914258297
76800 3.8714750104887736
76900 3.9741718186908725
77000 2.77943527607372
77100 2.2438637377501016
77200 3.084191687328316
77300 4.882320438758062
77400 2.3178714003179293
77500 3.056272870202687
77600 3.3871422955006465
77700 5.219183500643046
77800 4.280738726225906
77900 4.6926967092847764
78000 4.872918231965275
78100 3.1840353116948044
78200 4.027762430451279
78300 3.4858730845003585
78400 2.6535639780506215
78500 4.292203052123373
78600 4.972920081907744
78700 3.9751548914824
78800 1.3451442401304283
78900 2.425194733591806
79000 4.0339568571045685
79100 3.295141825526331
79200 2.641801559272902
79300 4.377796078449759
79400 6.266485294702839
79500 3.754122105093576
79600 4.150625457883143
79700 2.7844218872273547
79800 4.7155941748844015
79900 2.8048561745797964
80000 3.1028508588770554
80100 2.4819908442454044
80200 0.6215415228270597
80300 2.41103434120703
80400 2.9750338685397195
80500 2.1166142842194042
80600 2.1242031163551482
80700 4.641925953491143
80800 4.692005874605198
80900 1.494096170085987
81000 4.332018456137314
81100 3.4659810614991393
81200 4.881226684758263
81300 2.6356332725220817
81400 1.5408250279547575
81500 2.4577717747764076
81600 1.8748590925364248
81700 4.683859999585524
81800 2.956919520236614
81900 4.104827603832419
82000 2.980405467386362
82100 3.854730883176671
82200 1.5266014761576658
82300 3.8109641670926395
82400 3.148417043400117
82500 1.7464653035749313
82600 3.0736636217878837
82700 2.427163104008862
82800 4.004870615106834
82900 5.9129829595028145
83000 3.758781385401059
83100 2.7873292461652692
83200 3.023888115476964
83300 2.3398050999360347
83400 4.429263570530454
83500 4.112739299209844
83600 2.6330301543320305
83700 2.215135126471063
83800 3.2119206281569768
83900 3.308870738452676
84000 5.78607753994148
84100 3.8402891581766543
84200 3.901081436967842
84300 2.7515924717898326
84400 4.451113449284579
84500 5.099436280828345
84600 3.316598754372379
84700 4.860930277838509
84800 1.8378034019401548
84900 2.278771839608929
85000 5.198634610549121
85100 5.685915520465537
85200 5.914541916295483
85300 4.427849326836709
85400 3.7985348781427537
85500 4.171197658186815
85600 2.013649733903444
85700 5.4479197766178205
85800 5.926613623674116
85900 5.621665717725232
86000 6.586908365533938
86100 5.059523599881918
86200 4.719313772159945
86300 2.629222852246714
86400 4.7401915892940805
86500 3.552677699386742
86600 3.223979458119029
86700 2.674962592630258
86800 3.2940764733672214
86900 1.0891570484338122
87000 4.11526333476405
87100 3.1512398735945615
87200 3.7418532221330043
87300 2.984194893947867
87400 4.1342246587250475
87500 2.1100210026164503
87600 3.4132804237268313
87700 2.8875919193001196
87800 2.376777304205971
87900 2.957931756741293
88000 2.550738239312202
88100 3.2225837381806675
88200 2.932327408085174
88300 2.1284088591270924
88400 4.720893707597803
88500 5.748316682018788
88600 4.179158798419217
88700 5.241294539323032
88800 3.77119777265395
88900 4.575764758663199
89000 1.629126954972801
89100 0.47605930404860924
89200 5.34064782072336
89300 2.685603892308865
89400 4.362852019333568
89500 4.46453389833718
89600 4.4832870208271105
89700 4.195092079254242
89800 4.1284980518158925
89900 2.9772760797710616
90000 4.04801104589454
90100 3.541279109175924
90200 4.712051038203103
90300 4.169732333822052
90400 5.724659300359943
90500 2.8440624993083783
90600 3.6495755889184336
90700 2.113870963121274
90800 2.4472806303284984
90900 3.5353384123528446
91000 2.155628422975932
91100 3.297294177232671
91200 1.8175611789703023
91300 2.4328303327347105
91400 2.3356871339927574
91500 1.9983228943405775
91600 3.36211674373053
91700 5.268583596022507
91800 4.4015105268549855
91900 2.3421498960746994
92000 3.317144809819094
92100 1.831830649565862
92200 0.6569012995459935
92300 4.1044172647117785
92400 4.456564386606849
92500 1.7374791815754325
92600 3.38894435670907
92700 1.6894184955523979
92800 6.218369653175267
92900 4.0523379400921185
93000 4.728542964302206
93100 3.6383746582371885
93200 3.6597236129738873
93300 3.3474830970052167
93400 2.8831186279431584
93500 2.2567547587749894
93600 2.512689464373374
93700 1.5377886215700993
93800 3.565871145619305
93900 4.6851911542316405
94000 5.443856921687251
94100 3.002316325651241
94200 5.785401287454255
94300 4.780931962011852
94400 4.401198274280149
94500 5.201905296266492
94600 2.8564965588136597
94700 4.973942619004286
94800 5.034891420905504
94900 3.167355311578101
95000 6.134722947939867
95100 5.274592993273463
95200 5.2264606916829255
95300 1.607733963614937
95400 4.081687918140328
95500 3.915345793538661
95600 3.6919608134371837
95700 3.157030921727075
95800 0.8036952199561278
95900 3.2348907269940423
96000 4.1898333503485885
96100 2.4690475584493004
96200 4.161755987334301
96300 4.979874010517483
96400 4.412931156779025
96500 1.9679722031268858
96600 1.504243911855714
96700 1.5669942506438814
96800 3.320577750855951
96900 5.450230550746454
97000 5.435983601344379
97100 5.87837125654893
97200 3.3862176277141582
97300 4.688758952425541
97400 4.89294834792679
97500 3.116263591965784
97600 5.252438456363577
97700 2.293679408813064
97800 3.3803375818750934
97900 2.098224239439321
98000 2.3268538086870256
98100 3.313790289750954
98200 2.9044484052339463
98300 3.3752984254189924
98400 2.6707654833004066
98500 2.5739468054787933
98600 2.1104940189409063
98700 4.079996890384723
98800 3.955190058341479
98900 1.8903973639149596
99000 3.880248961295479
99100 4.513627186238735
99200 4.152051524035553
99300 3.0428413692528937
99400 1.1127445336043404
99500 2.062770459160405
99600 2.554435866484433
99700 3.5128705154325304
99800 2.776201629830216
99900 2.955237803554657
100000 3.6531432961480035
100100 2.499666826095397
100200 1.7495772902984936
100300 2.686643819184827
100400 5.0437365163485355
100500 3.048627538832394
100600 3.913033004938517
100700 5.170592090099235
100800 4.629451016968501
100900 2.8325220195098213
101000 2.555530488884274
101100 3.4199901456590234
101200 2.8656200062848205
101300 2.785263940147948
101400 3.516313402064178
101500 6.317283587588563
101600 6.339208906646224
101700 5.6612838467404645
101800 3.576216719673015
101900 3.4140390269262597
102000 2.1241691359831028
102100 3.1890563790476483
102200 4.67577061030218
102300 4.112878614259486
102400 2.5394421513498107
102500 2.606318265883137
102600 4.24971019960836
102700 4.407435909029435
102800 5.450971446775319
102900 3.4965706083642782
103000 1.8329835484649435
103100 3.381026055150566
103200 3.6745517986186944
103300 2.6853331757318792
103400 3.7808169064932646
103500 3.5944400701653016
103600 5.882346352541172
103700 5.970920943759474
103800 4.585004024278736
103900 3.558989315301465
104000 4.436800965816802
104100 3.4533067180652366
104200 2.358506296107426
104300 1.4885095137618807
104400 3.7600304338037875
104500 4.497695975059638
104600 2.600846568250831
104700 2.0520964144492075
104800 2.469495543330596
104900 2.9120078525379314
105000 2.421976878601618
105100 4.981550239147069
105200 1.6642421370478298
105300 3.1314764052589803
105400 2.451710856677746
105500 2.457797778485935
105600 1.7959065628315682
105700 1.639262753307432
105800 3.5763536811490053
105900 5.842217426609918
106000 3.123132149641065
106100 3.9477838183667844
106200 2.3921612903537417
106300 3.485078790674126
106400 2.115839081934942
106500 5.235979797281338
106600 2.927786159151575
106700 3.9597011896282726
106800 2.7593257037436394
106900 3.977551080778966
107000 6.388972955124976
107100 3.7650498188064074
107200 3.4347307013012216
107300 2.3970524307667804
107400 4.690206848176703
107500 6.720774818201415
107600 2.311835278595693
107700 3.900914163685878
107800 4.023219512718038
107900 5.100875438376213
108000 2.28075109747256
108100 4.854898056991426
108200 4.438324790717561
108300 6.550502962570435
108400 4.197683224064307
108500 3.568558109340029
108600 6.469381802927988
108700 2.662123801957459
108800 0.5155748634080028
108900 2.0326410770147167
109000 3.083416897769613
109100 4.95497372363625
109200 5.915572688874906
109300 5.241335559338945
109400 6.248049621332804
109500 3.141825126288333
109600 3.5179970106878238
109700 5.820708771525892
109800 4.391514625685157
109900 4.837621292019372
110000 3.266492646901965
110100 3.7399284796572676
110200 4.119183280735536
110300 3.3512702369005263
110400 2.55873433684125
110500 4.073738464668507
110600 3.0211012791453467
110700 3.768608260828872
110800 3.0286415648027494
110900 3.787146116597707
111000 4.845716971238945
111100 2.2303049041120446
111200 3.5106748036203883
111300 3.084927462141518
111400 4.121804630376052
111500 4.203019486153892
111600 5.620605555275745
111700 3.643291376075885
111800 5.099922435662487
111900 3.4409401641696085
112000 2.18096938374842
112100 1.1424035563451869
112200 2.787742785186027
112300 3.155675714046039
112400 3.5112035500914307
112500 5.128444855861809
112600 5.739674396940367
112700 4.063246297043894
112800 5.402202933926494
112900 4.88120667021442
113000 4.0888584225597695
113100 4.745186311103823
113200 4.009643438019986
113300 4.661464559501366
113400 2.89683108262614
113500 5.255189276509689
113600 5.5929814859216815
113700 2.6444704772479377
113800 4.4106881643650935
113900 4.06355572561814
114000 3.9181172832074043
114100 3.8064501461248703
114200 1.8648003166091096
114300 2.6945507404748623
114400 4.258895683451522
114500 2.3800594084915225
114600 4.895241269729096
114700 4.720172135460233
114800 3.7647900177256743
114900 5.056462007521696
115000 4.4730951489107165
115100 5.496071318025421
115200 4.580429536021139
115300 2.290134122747411
115400 1.4145856264929402
115500 1.8723640232358587
115600 2.21051256052246
115700 2.260466410013006
115800 4.127005920248918
115900 5.1851997301520845
116000 6.26313674282059
116100 4.298009905557122
116200 5.972862759620027
116300 5.282639162746875
116400 4.856227614941209
116500 4.7264330339914515
116600 3.670699011644199
116700 5.1917343666801
116800 3.0516585726877454
116900 5.778815399382946
117000 3.6041535013933315
117100 4.378244307350103
117200 5.05797411800657
117300 4.679429337743521
117400 4.333939450483239
117500 3.072538258188167
117600 3.1063933437445717
117700 3.7889505175502274
117800 4.426104664079388
117900 3.6133147523219566
118000 4.653669627387209
118100 4.390951781947838
118200 5.317812344555672
118300 4.332563335414081
118400 6.0518994054137805
118500 6.5649457474252895
118600 4.754651273221143
118700 4.166667456457383
118800 5.600161143647177
118900 4.6629176958949
119000 5.604579695370266
119100 6.087593966768386
119200 3.2868759134070156
119300 2.7306321421307223
119400 4.631550070224054
119500 4.957953310112727
119600 4.643698451097214
119700 5.302382998696029
119800 4.951746944205565
119900 5.359829815777754
120000 4.198843475324432
120100 4.19792754221239
120200 4.5845802110294
120300 2.4269780796210996
120400 2.2202708152786768
120500 2.8793899428442002
120600 1.6726319657435473
120700 5.186269516790308
120800 5.071339634130266
120900 3.4629458708655134
121000 4.9323042631913525
121100 3.083925437071422
121200 2.9554793762941776
121300 3.21164134924093
121400 6.426627729387271
121500 5.181322279247804
121600 3.383356258548372
121700 3.5575654846664126
121800 4.755045707892255
121900 6.201972349790634
122000 4.866742766427174
122100 5.731655496204157
122200 4.134305483296212
122300 4.315012881515543
122400 4.42529703042294
122500 3.503307082964031
122600 3.357828283817748
122700 3.4244323538546753
122800 3.166785373232402
122900 2.4260881128466165
123000 3.731493745352377
123100 1.569611081988772
123200 2.8853199835342838
123300 5.379953452749308
123400 4.603997674647407
123500 4.019721498861384
123600 5.603737256372096
123700 5.9079071374379
123800 5.764850636537899
123900 5.56253277961413
124000 4.264550181689694
124100 5.0800725368524935
124200 3.205702219072263
124300 6.1563281205492375
124400 4.106030605268261
124500 2.557980926872016
124600 5.589630353036234
124700 2.140534829534406
124800 5.361447159379288
124900 2.422466736180849
125000 0.766623191948256
125100 3.091798699084624
125200 2.830895778949252
125300 3.0132450534142885
125400 3.6755197316946986
125500 3.0268588768044578
125600 2.82100626337938
125700 4.398910971837247
125800 4.711466489939835
125900 3.5615933910632416
126000 2.0094446733119944
126100 1.3924406215864538
126200 2.1662479940524824
126300 4.596619399096969
126400 4.3928373378267676
126500 4.914833126112851
126600 2.325497959333364
126700 4.617393945971479
126800 2.0775517143135493
126900 2.914925220684303
127000 2.9176307319810233
127100 2.834771427817328
127200 2.5190367711807378
127300 1.7057407943612142
127400 1.5285520108228978
127500 0.8132220390684177
127600 3.617876873980567
127700 2.1472839206075887
127800 4.353110706716335
127900 5.208494958843574
128000 4.592922130945051
128100 5.047069493298825
128200 3.6948580025557387
128300 4.152705398324148
128400 4.6475194900984045
128500 5.438207083769483
128600 3.939719801786648
128700 5.645011606533555
128800 2.723098793402327
128900 2.358524456322524
129000 2.860938485769108
129100 1.759805669846226
129200 2.228614487990002
129300 4.674723240422558
129400 1.7798700598488497
129500 2.670855688041944
129600 5.54344949129871
129700 4.689091758111922
129800 3.1486174169177934
129900 2.66208929700383
130000 3.567278989624805
130100 4.4268473770410965
130200 4.355240379498888
130300 5.079917636342321
130400 4.992983115343644
130500 3.3755641993427585
130600 3.759620744051781
130700 4.456224761556966
130800 2.989651296016863
130900 2.4713736155188184
131000 3.757954934717253
131100 2.9362747580631057
131200 3.743844010918191
131300 4.376517958142458
131400 3.1667323204668225
131500 3.2320048492924416
131600 2.520483593992367
131700 2.8806753050741407
131800 3.3303657381018983
131900 3.7542025654345275
132000 3.225196626653251
132100 3.030633800466341
132200 2.9594977179055606
132300 4.682085152278751
132400 4.28249288558324
132500 3.950876437067908
132600 4.7237874425547846
132700 3.7728971698845366
132800 2.844169526417779
132900 4.169846852208835
133000 4.811710907433979
133100 6.196199392505498
133200 5.505098936677817
133300 5.67427306642494
133400 4.842255170280738
133500 4.822585790962781
133600 3.5970402984655707
133700 2.8888612228005295
133800 4.527590341546231
133900 5.587962885703035
134000 4.670916731013167
134100 2.1998192714494738
134200 0.6506154301267335
134300 0.48149664445757206
134400 1.3254919621188512
134500 5.013989781863001
134600 4.488278549223671
134700 3.0705267126572346
134800 4.876075249477848
134900 4.08466602800259
135000 3.6840264539908096
135100 3.1528071401444775
135200 3.9198267510258473
135300 1.4784213868686065
135400 3.728242450676526
135500 3.9456475485060736
135600 1.610358813312728
135700 4.5672037140686
135800 5.5712923207872125
135900 4.078181596405922
136000 2.8961480334088585
136100 4.5604098911797974
136200 5.145782984387636
136300 1.9302896258604372
136400 4.007244695634528
136500 3.5232951556078116
136600 4.056684541850403
136700 2.4224151166365386
136800 2.7405438366103936
136900 3.5870693914328187
137000 5.034689177098526
137100 1.3736966001838915
137200 4.155838947554175
137300 4.776957674016708
137400 2.259712266723396
137500 3.4892136485977447
137600 4.888523946215128
137700 4.362540915173474
137800 3.9455935059450384
137900 2.4852287811283684
138000 1.8782021404895237
138100 2.0244961315979935
138200 2.5503443658430447
138300 1.283048537458639
138400 1.3083122820622792
138500 1.4190698306618368
138600 1.6131403093423702
138700 3.1517679694252227
138800 4.764071546845617
138900 3.222973132461928
139000 3.3211604937960026
139100 2.5194733384864403
139200 2.784109116221545
139300 2.369136820489279
139400 2.812239842336498
139500 4.54131195743825
139600 5.199200320377717
139700 4.028638336823737
139800 3.741153224693651
139900 4.172793386140677
140000 5.323975078535711
140100 4.0007379518583495
140200 4.556261499374751
140300 4.656020200481623
140400 4.383097434586923
140500 4.976665018665294
140600 4.932531354723877
140700 2.223648663594189
140800 3.667909204684084
140900 4.804602034755862
141000 2.6676709609023397
141100 3.646953988469469
141200 3.754007652954308
141300 3.5087519633133755
141400 3.2170500494371974
141500 3.202767581617005
141600 5.068355635125367
141700 4.327457420856473
141800 4.892014038643628
141900 5.920543350469735
142000 2.2173732452092545
142100 3.9805669862400914
142200 3.9487359075928286
142300 2.8540975885644966
142400 6.20658129028387
142500 5.8271706305610005
142600 4.766886485112924
142700 2.6900239626301037
142800 4.164812153650755
142900 4.477415501963178
143000 4.103767007758214
143100 3.5741624772904195
143200 7.328135337388194
143300 6.578399254985168
143400 5.5721117389494275
143500 4.695847292149764
143600 3.3324256404452557
143700 3.7894497604743442
143800 2.353271696238394
143900 1.8646572519762
144000 2.60655681302193
144100 3.5736710443373134
144200 1.742628061895815
144300 3.8378841654384797
144400 3.074988113366479
144500 2.4915803060425645
144600 4.365763244302789
144700 4.8557111842510325
144800 3.575396772693472
144900 3.2485598900685186
145000 3.3809347091530424
145100 4.730481887404108
145200 2.9031985395044733
145300 3.4611729600698173
145400 4.884128706779006
145500 5.028612148978342
145600 6.599515774342692
145700 3.21309239207535
145800 6.237261631360727
145900 4.294600233180969
146000 6.605297869864765
146100 4.203021746629429
146200 2.5164585985504666
146300 4.897352489252421
146400 4.8615101990766485
146500 3.4655268740030185
146600 3.174105365655371
146700 4.080299710967264
146800 3.4292562253283703
146900 4.856689690791557
147000 3.8513075675607418
147100 2.5764001042359674
147200 0.5461685682699329
147300 1.366331698259754
147400 2.4295608183361654
147500 3.09817480112827
147600 0.9636237170461579
147700 2.131260608737631
147800 2.1975927521640473
147900 4.0587632683062
148000 5.2880756243580045
148100 5.484575930288157
148200 4.760475548036699
148300 2.1644707616120007
148400 3.1803281020582186
148500 6.424682223502549
148600 4.863437227617913
148700 1.137259932146949
148800 2.4799252417783753
148900 1.8415087747397072
149000 2.2408173342788213
149100 3.4285235878959908
149200 0.8426487459219882
149300 4.518252384646155
149400 3.198616203324282
149500 4.761587639662014
149600 2.3763482941717133
149700 3.290114482834442
149800 3.235284090856116
149900 3.7911392537332627
150000 3.448554151589787
150100 2.7796770028602165
150200 0.8982105835498526
150300 3.2326197550788187
150400 5.364113470691736
150500 5.828039363377079
150600 5.1155911501751605
150700 5.56832195382192
150800 3.6435493650473636
150900 1.9305553008978118
151000 1.4800630995946253
151100 1.0186877752289953
151200 2.5172722460424333
151300 3.1824244413145397
151400 2.216816101325551
151500 4.750047679414914
151600 1.1395091655869816
151700 0.6376056451153347
151800 1.9642197530067145
151900 1.7010831605631231
152000 2.09682166064784
152100 2.197426583980654
152200 1.5579083006697674
152300 2.2423322276980566
152400 3.5460303987832873
152500 2.316560971854356
152600 3.2084135862817638
152700 5.283019691501044
152800 5.003914212880423
152900 2.8615247196337608
153000 3.3237429136608347
153100 2.8999489995609578
153200 5.159391302021531
153300 4.904319944304962
153400 2.7066697962542374
153500 2.144459309799651
153600 3.9504662602068663
153700 3.6475580913626175
153800 5.092264563713279
153900 6.169839512769303
154000 5.345544821558955
154100 4.757154090846811
154200 2.9634867303412573
154300 2.0223515381040515
154400 4.213241548488491
154500 4.905476416629735
154600 3.6993253763178697
154700 4.54541888650724
154800 6.437193282641114
154900 4.822043070744913
155000 5.606626688402708
155100 6.338794482723777
155200 6.405665302469701
155300 3.8783410363328708
155400 3.7730377863949642
155500 4.836025532874819
155600 3.6695667881697327
155700 4.477162066388404
155800 6.245715079956306
155900 4.1165424159313
156000 4.7948521589195945
156100 6.747568460819597
156200 6.058563630232865
156300 5.078998223526726
156400 4.291274176813972
156500 3.108537038475779
156600 4.671172343514027
156700 4.102405024766987
156800 4.3010776039147425
156900 3.2476249815063727
157000 5.803236544273243
157100 4.0234334264214375
157200 4.011973442497607
157300 4.98113696150013
157400 3.991256017002513
157500 4.1276323200126726
157600 3.863555633501271
157700 4.864851737692919
157800 5.596804103336906
157900 6.074650278214138
158000 5.488847748747192
158100 4.266354560052111
158200 2.8666234623165656
158300 3.0899179813052196
158400 4.576297023397793
158500 1.9385122366333047
158600 1.2589549265492208
158700 2.2931980072711493
158800 2.573693487748566
158900 3.3360128475585276
159000 3.0772854348090486
159100 3.160338249862789
159200 3.625289301376263
159300 2.619159920099213
159400 4.157200102255569
159500 3.207914891962755
159600 3.29157167640696
159700 5.003115428809315
159800 3.492316984154204
159900 4.860057834623107
160000 3.456595865986769
160100 2.058722558552555
160200 2.5286654442208123
160300 2.8393373973336646
160400 3.3762057908205128
160500 0.5675346404661652
160600 2.8135598701541116
160700 4.855379624032746
160800 3.164563621959293
160900 3.6990509672245215
161000 1.879038888292152
161100 3.6869817499185684
161200 4.6289345931394665
161300 5.093845206349451
161400 5.40915008498741
161500 4.308458738863554
161600 4.793964636655054
161700 3.6234548459016134
161800 3.6969813160756257
161900 3.028158190121426
162000 3.7353766942037776
162100 5.010746972003168
162200 4.335105331718064
162300 4.51408638927205
162400 4.954594168388023
162500 5.387938409039943
162600 4.616829701892321
162700 2.221246653335196
162800 3.9480069057302494
162900 5.991572900379972
163000 3.2847092190535494
163100 4.072341629096055
163200 4.368574887836882
163300 3.1536245107168503
163400 4.726034035224453
163500 3.3432517870185237
163600 2.5577756374253244
163700 2.937910076372041
163800 4.013672781711614
163900 1.3731372305669238
164000 3.227849396847346
164100 4.99555464719995
164200 3.227482246728816
164300 4.994742406113992
164400 2.1617179434602685
164500 2.2814599847673533
164600 3.0121783398350055
164700 4.907184113132646
164800 6.028044691249735
164900 4.262033624414488
165000 3.839860128279261
165100 4.584885929965549
165200 4.516895897595308
165300 3.207460029943069
165400 2.4030699390097836
165500 2.377541978558683
165600 4.033360649249754
165700 1.3505463588137772
165800 2.4091447667774677
165900 3.6376830745057416
166000 5.822678686280964
166100 5.545196260681419
166200 4.353961523506987
166300 4.129686301478832
166400 3.805112287409389
166500 2.934146598256775
166600 3.962462698557408
166700 2.1609470470423573
166800 2.887230431083548
166900 2.0343784404847867
167000 1.8907044328234344
167100 4.619906776863534
167200 5.5592199058146425
167300 4.614152037203574
167400 3.8783741888567
167500 5.400433756189451
167600 4.063758503906889
167700 2.1273892198465014
167800 1.5523284942664344
167900 4.293003968676041
168000 4.034226597790443
168100 4.413845737838905
168200 3.9579038101230863
168300 3.488948366836062
168400 0.4936397043585315
168500 2.908037546371242
168600 1.0741380725037495
168700 3.47128753245183
168800 6.237601524909035
168900 2.6748332225178846
169000 4.218255086033854
169100 4.555965229911104
169200 3.2318079044774457
169300 4.581101767193201
169400 2.4189621901215435
169500 2.955899717268155
169600 4.890408315765088
169700 3.4058882538066073
169800 1.6361175539280663
169900 5.484938226178876
170000 4.223775594756556
170100 5.374500893493974
170200 5.550278460860284
170300 5.901155075061782
170400 2.6872737320829465
170500 4.061105509026605
170600 3.866054418498364
170700 2.613910505490523
170800 4.161472398154578
170900 4.580678447988725
171000 2.8750254414050844
171100 1.5712888136146481
171200 2.8772608488445357
171300 4.451775975022124
171400 2.516670944383254
171500 2.362151496917944
171600 4.883187948321031
171700 3.7175571551520448
171800 3.4582079437926976
171900 2.3194706401472276
172000 2.0030615607191082
172100 1.4184201307639717
172200 2.8831447045502765
172300 3.31794292768587
172400 4.399445089691636
172500 3.0167756627341844
172600 4.011317553296156
172700 5.3463072236499345
172800 3.8880256935700412
172900 5.406701453546104
173000 4.204629864294845
173100 3.375691959414881
173200 1.391820398596587
173300 1.3214769515127966
173400 1.8416118536862924
173500 4.322942638995252
173600 5.772691442742426
173700 4.768425672869625
173800 4.454677679952949
173900 4.908735742614563
174000 3.371285590612631
174100 5.889967242901712
174200 3.601875979276254
174300 5.921172759825633
174400 4.8395981370432
174500 4.414385913153431
174600 2.7917996135272896
174700 4.515814610552664
174800 2.4158556295301996
174900 1.893683014824348
175000 3.4729296894358592
175100 4.138635726620616
175200 3.147478879443986
175300 2.605327668031813
175400 0.5125425580266054
175500 1.8597719668625514
175600 3.771637463926115
175700 2.5555628049879924
175800 5.144135946488081
175900 2.987966562394759
176000 1.9198926831208827
176100 2.310016706978826
176200 3.228904893475832
176300 3.5413425630633304
176400 5.038444689106512
176500 4.560049063949488
176600 2.6600772658653424
176700 3.0171837581641774
176800 1.8549210063824169
176900 5.266370991090125
177000 4.275833841293625
177100 3.283530616458542
177200 3.191548115916531
177300 4.966191387194056
177400 3.569335941564191
177500 1.3134214991490725
177600 3.2089188944739613
177700 4.925811550122868
177800 2.777380988191294
177900 3.4587640062688134
178000 6.160236363759268
178100 4.774918140810869
178200 4.688277937511254
178300 4.478333758865022
178400 2.8493761675005636
178500 5.283048400491361
178600 2.2815591883024493
178700 2.1435174921829123
178800 2.105138398469785
178900 2.6713827799463346
179000 2.5590370221406387
179100 2.3204954295926368
179200 3.1134405033126433
179300 3.4639917375167615
179400 4.09589025651695
179500 3.267755672806124
179600 5.770303149282592
179700 3.615990244101858
179800 3.2918132345165763
179900 3.5924227845962875
180000 5.618838580296659
180100 3.929341234130159
180200 5.452822235049841
180300 3.6098226179962665
180400 2.710902428421846
180500 4.07956500640907
180600 3.508751251607758
180700 3.3682499101300767
180800 2.4956395884087343
180900 3.3568501306995167
181000 3.56655369887385
181100 6.130154460685845
181200 5.411900041341653
181300 4.106823164104477
181400 4.042814055384175
181500 4.875432215398184
181600 4.39626655078157
181700 2.18021915809662
181800 2.089192941837615
181900 2.920334323316034
182000 2.4024992022938023
182100 2.902325235001464
182200 2.3857605097665795
182300 3.483215265405054
182400 2.3432942274959987
182500 1.9815129172177592
182600 3.7886347848846107
182700 5.030616634925342
182800 3.915935368385092
182900 3.586295976474168
183000 2.8804114526115807
183100 6.2481792464799115
183200 2.9548737624767236
183300 4.290364589490521
183400 3.7193708008072104
183500 2.2908180711117216
183600 2.399570649586369
183700 2.068458866340579
183800 5.893103212990131
183900 2.676487733573106
184000 3.8147212536170545
184100 4.237791072319618
184200 3.9078074059170764
184300 2.708204892598513
184400 3.708285951710767
184500 5.316374579286403
184600 3.0383287788497317
184700 4.444970487511327
184800 5.731778759623444
184900 3.448137916625572
185000 5.264593138511699
185100 4.031467038069118
185200 0.4506618275811151
185300 3.851486323341704
185400 4.399747368479651
185500 5.87846637356495
185600 2.974554138981051
185700 6.091451531075052
185800 5.353714986011971
185900 4.3138153647460475
186000 3.7077181482508688
186100 3.854693103857846
186200 2.9888673133231447
186300 3.058466445303241
186400 1.886866874823401
186500 3.1375202100499386
186600 5.650807772761822
186700 5.006449254023479
186800 3.4347025777643867
186900 2.8977642929062157
187000 2.522908652784987
187100 2.8072161315090174
187200 3.063318755904022
187300 3.875963366152442
187400 4.5595334532958205
187500 2.0700469816558296
187600 3.2998561699967297
187700 2.6368336003582358
187800 4.464670633798292
187900 3.1283000282554543
188000 4.8529866002313495
188100 3.8116852023619843
188200 3.681635343798972
188300 2.3178312992621466
188400 4.990643833375106
188500 4.7292287815495335
188600 2.9017787942353386
188700 2.7317189406900333
188800 5.147935561564581
188900 5.704342505577705
189000 4.852087731120697
189100 6.289516586575288
189200 5.55662226857843
189300 4.578860209810522
189400 2.76865113322693
189500 2.4739071994048842
189600 5.560653816373197
189700 3.850925385030968
189800 1.116103709849453
189900 2.1801273895341837
190000 3.0504589892542544
190100 4.453875016504428
190200 4.276834043751325
190300 4.348195314873269
190400 4.123523872811891
190500 5.966555717520359
190600 5.564514486555702
190700 4.703033053094044
190800 4.686680402415277
190900 3.7138002298160786
191000 3.3099639922082558
191100 0.9646448008815962
191200 4.900397947516226
191300 4.207764574510616
191400 6.555305375352556
191500 4.599262812717843
191600 3.682515306659249
191700 6.442975281347095
191800 5.403604942895613
191900 6.545803868304247
192000 3.4636604189359925
192100 3.907412372355318
192200 5.041842097436627
192300 1.164674072165355
192400 1.0938081617980233
192500 3.6304051439146092
192600 4.768250558180336
192700 5.467047207572365
192800 4.11023927212496
192900 5.417428923471284
193000 5.402419724555686
193100 4.5048046676788305
193200 3.4202629801780735
193300 3.7790429165735
193400 2.574008754231345
193500 2.0087645468427664
193600 5.572194015546315
193700 4.963240621098946
193800 4.846358804895789
193900 3.7526453930166412
194000 3.01958974406943
194100 0.8226822166877752
194200 2.5761915766228607
194300 2.809619453710989
194400 4.135563464570692
194500 2.155826737594017
194600 1.7980132286103496
194700 2.4845232312370302
194800 3.3867108072719296
194900 3.022882669002744
195000 4.233700596772177
195100 3.96768690641516
195200 3.1325208920132135
195300 3.1347481408357716
195400 1.4265211898341468
195500 1.9045591714975918
195600 1.6828538531564778
195700 3.4433093490661006
195800 4.090328646695739
195900 3.4645462407447303
196000 3.405289998411154
196100 4.179416806899516
196200 5.211727627814692
196300 3.9799925774853993
196400 3.519536715554987
196500 4.297494008844985
196600 5.7089488788803555
196700 4.302474638952315
196800 4.219656141689607
196900 2.355392027301949
197000 2.9980661447281634
197100 3.013275606564969
197200 2.4897705301321347
197300 4.029093373703629
197400 3.128801757030303
197500 4.121761425943133
197600 4.671395760299124
197700 3.5325354393694437
197800 4.707429444362641
197900 2.843232473177632
198000 3.544232332266566
198100 3.5942521832702767
198200 2.873734790495979
198300 5.153906753784581
198400 3.641943596312217
198500 4.546684931033458
198600 4.805685187317968
198700 4.083001514047071
198800 5.230310586704146
198900 4.573534125345485
199000 3.9373290703925226
199100 4.674758630351499
199200 5.999478166946981
199300 4.9325498310111975
199400 5.284742975919271
199500 4.328009251469109
199600 3.978117381503489
199700 5.289440781980918
199800 3.319721481046731
199900 5.265393574505039
200000 5.318219468590402
