# Config # = 28
# Model = DQN.logic_with_vars.AlgebraicLogic: M=4 rules × [J=2 premises, I=3 vars, L=2 features]
# Gym = TicTacToe-logic-dim2-v2
# algorithm = DQN_logic_with_vars
# Num weights = 136
# Learning rate = 0.001
# Env random seed = 333
# Start time: 23-11-2025(01:04)
100 -21.65230806330731
200 -23.803338927918254
300 -28.65174820838072
400 -28.013835339106553
500 -29.21243975921692
600 -29.472214261153127
700 -29.778643626657832
800 -29.969530255195057
900 -13.864276117570924
1000 -10.22950544333292
1100 -10.856198201826228
1200 -10.715436829351649
1300 -9.408476227322716
1400 -11.938965366137825
1500 -11.289757490744607
1600 -9.67348063140345
1700 -11.211601321214024
1800 -11.739868090563098
1900 -9.517821804275997
2000 -10.824605144691052
2100 -11.551053107093095
2200 -10.4971734777708
2300 -8.91988124416533
2400 -9.1020334759473
2500 -7.67152636153492
2600 -9.006254234205578
2700 -10.051161272542462
2800 -8.643444573336325
2900 -11.813198860067269
3000 -10.796230194915445
3100 -11.56623151504793
3200 -10.807089425688162
3300 -9.549706200984517
3400 -11.031859842081804
3500 -10.548383518945192
3600 -10.527151436371337
3700 -9.492169132166653
3800 -11.506762196113739
3900 -8.674716647060958
4000 -10.238094242787158
4100 -9.320504327499524
4200 -10.3286873573126
4300 -11.4122863866557
4400 -9.3113176502055
4500 -8.815329270032572
4600 -10.959157492555166
4700 -10.229289731451274
4800 -8.896724100728042
4900 -10.489228648955304
5000 -8.74725101610862
5100 -10.124603643819484
5200 -9.688987505073621
5300 -8.915666628171984
5400 -8.437289817575374
5500 -10.363197903798397
5600 -7.361164038903917
5700 -8.949830946321747
5800 -11.381273627977418
5900 -10.89021588208308
6000 -12.360246830493653
6100 -9.865847055534793
6200 -10.674164080242113
6300 -12.961386130862843
6400 -10.177880739869881
6500 -9.044499140237797
6600 -10.637525749136532
6700 -10.787322745968439
6800 -11.687847971950925
6900 -10.450514692358638
7000 -9.852629050199528
7100 -10.303265076709547
7200 -11.272185079977396
7300 -10.01146691301322
7400 -10.5018081740366
7500 -9.98168238514161
7600 -9.73824587699412
7700 -9.376779415554003
7800 -9.235643889782848
7900 -8.67478645069137
8000 -10.59083030909371
8100 -11.431600247148967
8200 -8.553706195608715
8300 -11.79383139182231
8400 -9.844962201435242
8500 -11.29759652106325
8600 -9.831422961719326
8700 -11.26641036635426
8800 -11.826939421547864
8900 -10.413983175795607
9000 -10.939813779339916
9100 -7.38250686155231
9200 -8.907304772870935
9300 -11.794852155028636
9400 -13.195914846091116
9500 -9.515518878342878
9600 -10.38492659121914
9700 -11.371917308137956
9800 -12.318502248067713
9900 -9.996376165270325
10000 -10.216049933626413
10100 -8.453523834537762
10200 -9.459617630110325
10300 -9.329753136320605
10400 -8.64989732523398
10500 -10.427255437602456
10600 -10.612564111516223
10700 -8.569806705348565
10800 -9.990321933526255
10900 -10.789838580483648
11000 -8.39208853694111
11100 -10.419085838322477
11200 -10.186097357367725
11300 -12.065746162141304
11400 -10.025361973767332
11500 -10.748711379377859
11600 -10.813445688466274
11700 -10.50899196363495
11800 -9.425992773594736
11900 -11.480693826518259
12000 -11.096176893132819
12100 -11.715914511444327
12200 -11.738644636561672
12300 -9.964956334851474
12400 -11.247652936111715
12500 -10.26757710370787
12600 -9.023519398578204
12700 -9.86049552267184
12800 -10.133943117360422
12900 -10.78975653395296
13000 -8.5162342247325
13100 -11.731170392067114
13200 -10.204918691768377
13300 -8.328683864604091
13400 -7.401831442141677
13500 -11.520097273912636
13600 -11.703381240822809
13700 -11.58320959183671
13800 -9.646874301946717
13900 -9.366597612235227
14000 -8.78610095169941
14100 -9.821183681290892
14200 -8.972394133375499
14300 -8.234801080512014
14400 -8.075201168183558
14500 -9.565464837807701
14600 -9.093549049196294
14700 -12.456189441774603
14800 -10.961071603426376
14900 -12.47379482041371
15000 -10.238208150950474
15100 -10.840076061919921
15200 -8.477158816729444
15300 -10.191418525864071
15400 -8.708775629972548
15500 -8.744045912960436
15600 -9.840591857801845
15700 -9.835039613251519
15800 -10.807463530279243
15900 -11.818154923855746
16000 -11.045239770851671
16100 -10.386770442322868
16200 -9.345651860964002
16300 -11.047004103611103
16400 -11.698781467520233
16500 -7.593545444873061
16600 -8.903324980242358
16700 -11.882009120850528
16800 -11.469510564590232
16900 -7.6060073047765355
17000 -11.786836101329573
17100 -12.66585565208675
17200 -9.091490131218677
17300 -8.783669322510024
17400 -10.978664868314427
17500 -7.898106742362561
17600 -8.770661915445897
17700 -9.744183782909687
17800 -8.92836921931227
17900 -9.533262256407244
18000 -10.509553547611574
18100 -9.897583873892424
18200 -9.41723079245285
18300 -11.800757580830332
18400 -12.533235510944042
18500 -11.305561933470608
18600 -9.996946806492321
18700 -10.700147839883337
18800 -10.187884684958311
18900 -9.209111078057775
19000 -8.945372581056676
19100 -10.03552553896629
19200 -10.216215108844688
19300 -9.674625017668081
19400 -11.254962240861474
19500 -10.985242795241279
19600 -11.117552819744253
19700 -11.393396971717701
19800 -7.78179934462382
19900 -8.23978981415233
20000 -8.105833101708098
20100 -6.901343750600813
20200 -9.73991579237219
20300 -10.793835615040784
20400 -11.920869499263992
20500 -11.252052154699175
20600 -11.475668371746828
20700 -8.249511456150925
20800 -9.042628577215703
20900 -10.323254042254558
21000 -11.808556430786126
21100 -7.214001577598747
21200 -7.919942842421966
21300 -10.375141152270821
21400 -9.873211546552092
21500 -11.417767430291931
21600 -10.84523286847017
21700 -8.792594767831119
21800 -11.374288770063169
21900 -7.961441853031105
22000 -6.844923034523381
22100 -9.753103625647542
22200 -10.031410125404987
22300 -11.016671730785495
22400 -9.40405376099348
22500 -9.43067898121844
22600 -10.979008560482477
22700 -12.7042969966349
22800 -9.995490214933504
22900 -9.842798126994671
23000 -10.876116282703869
23100 -10.37965365132466
23200 -8.51994300490839
23300 -9.292079884316786
23400 -10.86842875422231
23500 -10.485378039332387
23600 -10.159730805678143
23700 -9.600990833740157
23800 -9.95116290255561
23900 -10.399661206564794
24000 -10.040989470393553
24100 -10.481707911732547
24200 -11.147749672948969
24300 -9.904522530373201
24400 -12.334257837255917
24500 -6.972722262899089
24600 -10.782335960748808
24700 -11.029114269754226
24800 -10.231683426010434
24900 -10.055183799848583
25000 -10.977263792167243
25100 -11.01494980479059
25200 -10.98663303243021
25300 -10.873011082667837
25400 -9.059480476433505
25500 -10.215710941706622
25600 -10.941513479572828
25700 -10.24991361745828
25800 -10.142875096046904
25900 -7.368370981185171
26000 -8.585712548379318
26100 -10.730716000061271
26200 -11.422225667181001
26300 -8.934282282895516
26400 -10.182188259445963
26500 -9.08302999536775
26600 -9.377442875217525
26700 -8.252737549839607
26800 -10.85587478283702
26900 -9.83808962259027
27000 -10.664716385657448
27100 -10.112024543558611
27200 -11.568851336231411
27300 -10.908630612688992
27400 -9.994881460341071
27500 -9.293031558926781
27600 -9.794807043740548
27700 -11.930333980822269
27800 -11.342405941263888
27900 -10.426749258092137
28000 -9.58759001858309
28100 -11.884673239969633
28200 -12.837476918961992
28300 -10.041574081884521
28400 -10.96311814279263
28500 -8.364120271718395
28600 -7.857203643833373
28700 -10.857596213322832
28800 -9.752916319283168
28900 -7.7253741007947125
29000 -11.948278553773148
29100 -8.465116710934616
29200 -10.671538918426393
29300 -8.771640724172538
29400 -11.265585888835094
29500 -8.703757882355339
29600 -7.957607947246392
29700 -10.305590113727611
29800 -9.982846135287117
29900 -10.789563070269772
30000 -11.182398027129294
30100 -7.649557508871062
30200 -8.71086211291206
30300 -8.940314230079768
30400 -10.46512533436375
30500 -9.669402391438283
30600 -9.873678036506936
30700 -10.311963874545114
30800 -10.241767563848919
30900 -9.21652453005304
31000 -10.235731117952584
31100 -8.257437220733362
31200 -8.628618746035162
31300 -9.887968298536197
31400 -10.721564202807086
31500 -10.373522776291653
31600 -11.403706111920917
31700 -10.261961183000194
31800 -10.384820300190427
31900 -8.039716947368019
32000 -8.981722598586783
32100 -7.980452201320158
32200 -10.894760279021236
32300 -9.77324436962377
32400 -10.535112354778668
32500 -10.398306837539803
32600 -9.950746942452552
32700 -9.456363484742392
32800 -10.870668891118973
32900 -9.028252446119335
33000 -9.600568719469425
33100 -8.68480198511699
33200 -10.181504411074092
33300 -13.61141467145905
33400 -10.347579070234344
33500 -9.235740008122246
33600 -9.086720910286026
33700 -10.623114140859826
33800 -10.727069438930519
33900 -10.126391153888077
34000 -9.56856121900219
34100 -9.918682742571217
34200 -8.3679854688406
34300 -10.611224686039778
34400 -8.94388064691755
34500 -9.598251178560457
34600 -10.287265382175539
34700 -11.018426333360896
34800 -9.428256975007395
34900 -10.534339742188081
35000 -12.842405214202348
35100 -8.88011316178616
35200 -11.012287821823877
35300 -11.174231142289315
35400 -9.497684806323994
35500 -9.33862061925094
35600 -12.818709713331929
35700 -11.504414787470067
35800 -9.732982633561477
35900 -10.698122754080542
36000 -9.588250581497734
36100 -12.316034279720675
36200 -8.856419839484035
36300 -9.657028500449984
36400 -8.08538216732478
36500 -10.440139119547036
36600 -11.322605328316225
36700 -9.575420255418942
36800 -10.208853635930328
36900 -10.285053539198477
37000 -11.368301768634872
37100 -11.53849337153637
37200 -10.130075103333514
37300 -11.034971189225669
37400 -10.820514921766565
37500 -9.882265179308593
37600 -10.704707257762221
37700 -10.05462292422171
37800 -10.841649044790131
37900 -11.506267053163281
38000 -9.711623339410092
38100 -10.298842073630132
38200 -9.091043798029883
38300 -12.806169878918846
38400 -9.585857382161684
38500 -9.523370333606506
38600 -10.94027721258216
38700 -10.329909101307432
38800 -11.81931384922762
38900 -8.525726511483203
39000 -8.874389465256273
39100 -9.146289552216096
39200 -9.202620005541052
39300 -8.634157402046638
39400 -9.4430692921524
39500 -8.949815582934953
39600 -11.498312646289401
39700 -10.0447278762277
39800 -11.116471275298583
39900 -9.674465213178557
40000 -9.969792283309877
40100 -8.29773732748859
40200 -9.283889304554567
40300 -10.628077928886226
40400 -9.566435698784003
40500 -9.430922528163572
40600 -9.912931734894665
40700 -10.438839475185919
40800 -10.767709155657206
40900 -9.41391264158097
41000 -10.736381165009561
41100 -8.961458739535638
41200 -12.438783302991142
41300 -12.633001615215298
41400 -9.004383842738164
41500 -10.247758956261723
41600 -10.811615178016986
41700 -11.17740455131805
41800 -11.804319939570656
41900 -9.524797463248643
42000 -10.40518441282383
42100 -10.318228044549235
42200 -10.943372791517543
42300 -9.893449498642362
42400 -9.578784149634728
42500 -8.633986036687533
42600 -9.98403538655103
42700 -9.603096780249864
42800 -10.332685590862452
42900 -8.644082103458034
43000 -10.38287254255577
43100 -11.24666107864932
43200 -10.609469795425126
43300 -10.180455563038034
43400 -9.31048156981512
43500 -9.650790391928673
43600 -8.902744554536408
43700 -10.563617722620343
43800 -12.449504785670051
43900 -7.603447590941699
44000 -9.9880778977914
44100 -10.048142035001467
44200 -11.03673139388147
44300 -11.745550470817555
44400 -8.714897142236946
44500 -8.818476238115382
44600 -10.269455225777655
44700 -9.52663509289398
44800 -9.338168003606166
44900 -10.51859532368041
45000 -9.759727931031486
45100 -10.729631180946592
45200 -10.937413092241195
45300 -9.064263719351963
45400 -10.241407838717292
45500 -10.36583070389816
45600 -10.443029963770062
45700 -10.861288688187114
45800 -7.921922109125564
45900 -12.1379153538578
46000 -11.017918083714807
46100 -11.385924827380487
46200 -8.285439705254667
46300 -9.783791037478554
46400 -10.722387141211495
46500 -10.529079323501302
46600 -9.859650091935928
46700 -10.415930673983244
46800 -9.027000853440386
46900 -9.221714113597198
47000 -9.078462323281334
47100 -6.582424178215986
47200 -9.638047524506698
47300 -7.4317868146182775
47400 -10.750081649722352
47500 -10.363690818183485
47600 -10.325578852644924
47700 -8.736003289872913
47800 -11.080508449934884
47900 -12.514188298501928
48000 -9.311825795239999
48100 -10.587171264788529
48200 -10.619539666642824
48300 -12.257291797329055
48400 -10.88185374610769
48500 -11.068891631954525
48600 -10.224526093050079
48700 -8.882682830459485
48800 -7.726071533765334
48900 -11.269607607502902
49000 -9.12965979471313
49100 -9.932161668480527
49200 -10.634993151515962
49300 -10.0354807105664
49400 -10.635576618318163
49500 -11.611950751975138
49600 -10.608079333929897
49700 -8.666216324882619
49800 -10.13827166560095
49900 -10.193706261316548
50000 -8.186702650018963
50100 -9.973113023693287
50200 -11.796243135154501
50300 -7.1470135627906926
50400 -12.818226782891069
50500 -9.841660216227924
50600 -9.608750253474055
50700 -10.451888769530582
50800 -8.467089201700595
50900 -9.614580421658475
51000 -11.760227225552637
51100 -10.019870475971501
51200 -9.621659390321126
51300 -11.08806168560038
51400 -10.629401037613999
51500 -9.517268716795591
51600 -11.255901901092459
51700 -10.386800042202346
51800 -10.737069510269757
51900 -10.73778888307261
52000 -8.330059679207453
52100 -10.314562993003507
52200 -11.215864629706047
52300 -8.418588795680524
52400 -10.141615046420497
52500 -7.900397496208222
52600 -9.658946780754427
52700 -9.975866254984707
52800 -11.991819890198762
52900 -10.9297205131032
53000 -9.033816970330312
53100 -9.545258796976446
53200 -8.835536324327911
53300 -9.025607210870577
53400 -11.8667643714054
53500 -7.7111692424029785
53600 -10.251967427378908
53700 -9.026594609410433
53800 -8.693121876928902
53900 -12.13506194266588
54000 -11.662691105597208
54100 -11.832344183208425
54200 -10.193825394118955
54300 -11.027368116048207
54400 -11.192366262131817
54500 -10.113141754392988
54600 -8.084210501734477
54700 -10.087706724675716
54800 -9.290391429645553
54900 -11.178389012457844
55000 -11.806133854714329
55100 -10.09015362986691
55200 -9.135817864275767
55300 -9.161490585870748
55400 -10.728506269718451
55500 -10.024645418425344
55600 -10.241201560710717
55700 -10.067586954748235
55800 -8.75588678685593
55900 -9.410994254073609
56000 -12.001917184923848
56100 -11.590695065020366
56200 -8.281076900486106
56300 -9.504791993836784
56400 -9.343864945197174
56500 -8.5104755172161
56600 -8.485178520200568
56700 -9.684903152314877
56800 -9.215836612938642
56900 -8.496308377679275
57000 -9.705736465867634
57100 -8.725955937445264
57200 -12.79278887248866
57300 -11.422587194878865
57400 -11.732972433102807
57500 -11.887287509198533
57600 -9.146129451476861
57700 -10.13909702966414
57800 -10.86217543458066
57900 -9.032198112689573
58000 -9.226662171889298
58100 -10.682151858962605
58200 -10.041410771347788
58300 -10.299964891921691
58400 -10.37357341067958
58500 -10.069950261142662
58600 -8.660334719029958
58700 -9.970306339774359
58800 -9.588647449809278
58900 -11.167503722708226
59000 -12.113951238767038
59100 -8.000766000599501
59200 -7.862031509753192
59300 -9.940603256648751
59400 -12.3043375298369
59500 -8.865331959304642
59600 -7.985948742170692
59700 -9.439529690374524
59800 -9.039804722049345
59900 -9.657018441490129
60000 -9.59435832687624
60100 -8.235570047271578
60200 -10.84574213639473
60300 -10.194364431370492
60400 -7.6569325783216335
60500 -9.014699788402698
60600 -9.330105648038321
60700 -8.498837795611545
60800 -9.780186953344497
60900 -8.863955888711432
61000 -10.087497328531436
61100 -11.731853665011558
61200 -10.514624424956578
61300 -12.511215971851458
61400 -12.479649679423066
61500 -10.666900746333754
61600 -10.075363807221434
61700 -9.918585277535355
61800 -11.25675250576771
61900 -10.632749030593944
62000 -7.288147232116618
62100 -11.717503282471583
62200 -9.511314163319721
62300 -11.11888873390987
62400 -8.762041491865855
62500 -10.407313854706613
62600 -10.072660866263584
62700 -10.717455682309888
62800 -8.13975465726849
62900 -10.25228400889204
63000 -10.623562432507176
63100 -10.50298174303563
63200 -9.857213674666843
63300 -7.829505123778988
63400 -10.72069139203574
63500 -10.055104870850732
63600 -9.822587173095316
63700 -9.929689353066982
63800 -10.718659771117082
63900 -8.101981422235344
64000 -10.271795100622258
64100 -10.564129126117331
64200 -10.714153871325683
64300 -11.310044883422783
64400 -9.143549653524797
64500 -10.08236110772263
64600 -8.39551052658092
64700 -9.475970277550228
64800 -10.288268167865933
64900 -10.486465901727248
65000 -8.5804744464337
65100 -8.604802357412956
65200 -8.848339699021563
65300 -9.71878994065424
65400 -10.077312706798711
65500 -9.638974615925425
65600 -9.832768549980733
65700 -10.956976552485488
65800 -12.80186515632449
65900 -10.107085542652884
66000 -8.875590117821373
66100 -11.859675477693909
66200 -10.630665226257662
66300 -7.085085553662981
66400 -9.651480115512255
66500 -8.99077550758123
66600 -11.664894577893008
66700 -11.344346065641167
66800 -9.19773295361113
66900 -9.884431687901822
67000 -9.701802372266032
67100 -8.88331450980075
67200 -6.673433479470921
67300 -10.88433085238127
67400 -7.3846710480697055
67500 -10.52918787836086
67600 -8.64896149156216
67700 -9.529608645517742
67800 -10.615408428840851
67900 -10.893388469405586
68000 -10.24288092376004
68100 -9.684165890929316
68200 -9.476942078418869
68300 -10.1347217451306
68400 -8.887137346565309
68500 -11.019142443044592
68600 -10.998072919619123
68700 -8.452526288396548
68800 -10.837247389867425
68900 -9.165682676211189
69000 -10.144499995941425
69100 -8.746290445184702
69200 -9.321172321688142
69300 -11.761955081183192
69400 -9.692014736835844
69500 -10.497815140045864
69600 -11.78284746359731
69700 -9.58108952653545
69800 -10.404816829660303
69900 -9.94411142081893
70000 -9.548469118648967
70100 -11.160053476073758
70200 -10.84223208732574
70300 -12.105343006157694
70400 -11.50845709740722
70500 -10.457492265501436
70600 -7.337932030389378
70700 -9.096101470232727
70800 -9.671972261215576
70900 -12.605150873973802
71000 -10.736283586827671
71100 -10.585801148052438
71200 -9.790718291063422
71300 -9.980798898807063
71400 -10.592382501236093
71500 -10.178825181414151
71600 -9.19552501762551
71700 -8.728160415781204
71800 -9.614006649092289
71900 -9.654791275304627
72000 -12.719853211922304
72100 -11.262392215070786
72200 -9.536143540084867
72300 -9.475953805252061
72400 -9.674275512767096
72500 -10.19104458243804
72600 -9.58862016780021
72700 -7.19942944460171
72800 -10.78890623227596
72900 -11.43342377195769
73000 -8.468435651072468
73100 -9.359644694518286
73200 -11.169711900893391
73300 -10.789712976375393
73400 -9.589582805734294
73500 -9.902276743785686
73600 -8.390241491017967
73700 -10.000339047504685
73800 -10.150958315368522
73900 -11.1121940064244
74000 -12.308344686927875
74100 -10.530822128505118
74200 -9.68037216535494
74300 -9.86471866729766
74400 -9.334703512495985
74500 -11.921202566528146
74600 -9.95585755308145
74700 -12.026282232100643
74800 -9.880502682085739
74900 -10.156927205322406
75000 -10.10807215327914
75100 -9.450847659311783
75200 -9.402165106739373
75300 -10.135380950905942
75400 -8.219816100168593
75500 -10.890531821491129
75600 -10.429908316639834
75700 -10.207741523621596
75800 -8.48541623932319
75900 -11.636282948758705
76000 -10.592696110152682
76100 -9.25619619947097
76200 -8.360058867750238
76300 -10.189736888691463
76400 -9.95671413057384
76500 -11.985806486422707
76600 -9.236579584542115
76700 -9.652257377793022
76800 -10.022299125076227
76900 -11.227917063322225
77000 -8.65245572523725
77100 -9.441776815812137
77200 -7.289344027122227
77300 -9.85468680769694
77400 -11.251088273669994
77500 -10.849463891842632
77600 -6.320627911939434
77700 -9.191156259276735
77800 -9.73996925350441
77900 -11.608205882166061
78000 -8.74497058281044
78100 -10.527459366721464
78200 -9.219397216791316
78300 -12.126229820072192
78400 -10.373488432916266
78500 -10.004367691575291
78600 -9.952384538486779
78700 -9.445649489249643
78800 -9.898637716277797
78900 -10.702796023850285
79000 -8.608035962380303
79100 -9.411364221771914
79200 -9.192294759560555
79300 -9.472823825234927
79400 -10.662230412208762
79500 -11.505089232947025
79600 -11.878811494685719
79700 -11.765198970338263
79800 -9.548980325562797
79900 -10.772462747923923
80000 -11.868600554644779
80100 -10.008364766672724
80200 -9.894911485279422
80300 -8.816493453079586
80400 -9.455333485171705
80500 -9.444566440185797
80600 -9.815622470773958
80700 -8.840815369823718
80800 -12.295846008968214
80900 -10.844145979371309
81000 -11.742994599986027
81100 -11.522526739478582
81200 -10.483852743587743
81300 -10.620570711901228
81400 -9.420927569035966
81500 -10.849918660760826
81600 -10.719668049141378
81700 -9.068983828300993
81800 -8.823716235927305
81900 -11.582549033365845
82000 -8.322213671849562
82100 -10.598861412555545
82200 -9.585103921130509
82300 -9.413744158315975
82400 -10.628696431155461
82500 -10.610424959181104
82600 -9.387528465626684
82700 -11.94013747778108
82800 -11.788483230081189
82900 -10.83734621225051
83000 -8.698916412470664
83100 -9.662077834657405
83200 -8.772668995323116
83300 -7.4297467013240865
83400 -8.876080076502078
83500 -10.32665197665326
83600 -9.248673549322179
83700 -11.409768351135735
83800 -9.816664027965434
83900 -9.317581264279356
84000 -8.532345856157267
84100 -11.338673484777548
84200 -9.47512478755143
84300 -10.865704109711928
84400 -9.988974095462094
84500 -9.161379435154053
84600 -9.522743148904775
84700 -10.75879824255276
84800 -9.949456891459306
84900 -9.766757981410313
85000 -9.433955370421476
85100 -11.197275725849039
85200 -9.020740305338043
85300 -11.236963370250963
85400 -11.943038483547847
85500 -10.378819715796768
85600 -9.30715854451511
85700 -8.56084467713245
85800 -10.138529670997206
85900 -10.238686535971002
86000 -9.176757231923078
86100 -9.165953428970715
86200 -9.07462346384071
86300 -13.74144104662082
86400 -11.07303356107331
86500 -11.683651696414199
86600 -8.928020502555318
86700 -10.777878073098133
86800 -10.653286117524711
86900 -8.86058877454914
87000 -10.565473498074985
87100 -10.57197393802007
87200 -10.93154604606357
87300 -9.901023141750278
87400 -10.686053954441887
87500 -10.243006708303295
87600 -8.780748815224399
87700 -10.644298275835185
87800 -10.448880156041168
87900 -9.89876585055381
88000 -9.576761034351357
88100 -7.131574576867053
88200 -9.3692571896769
88300 -10.200277077952807
88400 -11.211748704044076
88500 -10.294390093959102
88600 -7.5907651191759555
88700 -6.927570536662313
88800 -8.5986990693915
88900 -11.384072551198702
89000 -9.844083263287065
89100 -8.24472511216442
89200 -11.211046650802379
89300 -8.733200128745183
89400 -11.081849743620559
89500 -11.488734944354018
89600 -10.13208538498611
89700 -11.387749034050715
89800 -12.427597211543086
89900 -8.992445741084204
90000 -10.744673414778495
90100 -8.417278547936343
90200 -11.608360882229537
90300 -10.3201246082943
90400 -9.154306837579988
90500 -10.756306107637252
90600 -8.706853369681445
90700 -10.477579389940072
90800 -7.990507365303605
90900 -11.129137271623627
91000 -9.680745410783782
91100 -9.325645404044655
91200 -11.037164616161014
91300 -9.673614624468104
91400 -9.995712211116397
91500 -8.35965860317342
91600 -9.558930201314242
91700 -7.611347023830155
91800 -12.727688177182136
91900 -9.767140944116525
92000 -10.526379749048434
92100 -9.304320962612074
92200 -11.728198265242321
92300 -10.094513601618898
92400 -9.798354826058107
92500 -9.556182501759249
92600 -9.521531356984031
92700 -13.210947745084747
92800 -11.522323384153326
92900 -10.755851644280353
93000 -9.194894366087723
93100 -7.737930661512823
93200 -9.137467509500606
93300 -10.664489714620862
93400 -7.89897301021195
93500 -9.533546475371404
93600 -6.447972207479582
93700 -9.292548965953385
93800 -10.456302750180573
93900 -10.364548277517379
94000 -8.764684060190433
94100 -9.7536067341405
94200 -9.620298814441394
94300 -12.480190160422586
94400 -10.615364764370788
94500 -10.878955996103148
94600 -8.670361949254236
94700 -10.517794885454478
94800 -9.854329878764696
94900 -10.281690175422703
95000 -10.790642500714334
95100 -10.290222635788888
95200 -9.276489103732873
95300 -10.28721083211751
95400 -10.32950566782952
95500 -9.095048352058118
95600 -9.833105829834592
95700 -11.663959617645565
95800 -8.222651061708103
95900 -11.684966040954674
96000 -9.32600737097454
96100 -9.729409984304855
96200 -10.217159603650295
96300 -10.629729002565167
96400 -10.674654580428852
96500 -10.328370770849844
96600 -10.635347883625652
96700 -10.775418869700982
96800 -9.684524302797152
96900 -11.650639908879295
97000 -10.555458838671662
97100 -8.930129110057434
97200 -9.213981265146925
97300 -9.217875881858934
97400 -11.408891441907528
97500 -11.052475386004106
97600 -10.736551546749098
97700 -9.814977148802017
97800 -10.310920247242747
97900 -8.758840066505881
98000 -9.012897136371793
98100 -9.958398462583022
98200 -10.091683529834212
98300 -8.937198885275315
98400 -10.63654247018964
98500 -11.065326160437913
98600 -10.321020997565977
98700 -10.177842256097371
98800 -9.14281950112757
98900 -10.371286116125688
99000 -9.837349693239165
99100 -9.53680651086817
99200 -11.381123933249862
99300 -9.371093726642107
99400 -10.351739439148277
99500 -8.27717020632003
99600 -10.67371193669642
99700 -11.118329945728995
99800 -10.066076855853032
99900 -9.57148410406988
100000 -9.639302017797545
100100 -11.25414793493426
100200 -12.34382812826498
100300 -10.285755967998986
100400 -9.833014791872166
100500 -9.091712356734469
100600 -10.948904980365462
100700 -10.775682908171827
100800 -9.058076647010278
100900 -10.516855969012314
101000 -9.979525673208277
101100 -9.360512057940124
101200 -9.942007666446294
101300 -8.012077695173156
101400 -10.374815862767502
101500 -9.718577766600589
101600 -10.07433514217389
101700 -10.963364455956869
101800 -8.416446942060192
101900 -10.179878199917976
102000 -9.47514217143484
102100 -10.076656388323777
102200 -11.021637148547773
102300 -10.170705888958743
102400 -7.995199527905974
102500 -11.009036302412584
102600 -9.930216514772427
102700 -11.091695394942429
102800 -8.720917919037376
102900 -11.647723093892806
103000 -9.94894726642094
103100 -10.01611989156338
103200 -9.610838307070606
103300 -12.770696591143865
103400 -10.754385762078329
103500 -9.355979747346986
103600 -7.921850126169574
103700 -11.167412888400737
103800 -10.434082096233336
103900 -11.781499915045856
104000 -8.88396020109672
104100 -10.997967518993448
104200 -10.707109734781355
104300 -9.52582675666148
104400 -10.084456001403424
104500 -8.620521352907307
104600 -11.642269073086048
104700 -13.0104593929449
104800 -11.02518683261726
104900 -8.24327431381603
105000 -9.1933520654663
105100 -12.265196247608527
105200 -9.321465065898296
105300 -9.987067893652334
105400 -12.692142255643642
105500 -11.037022442470285
105600 -9.571591210824586
105700 -8.213259953830594
105800 -11.990514450841973
105900 -10.398600854689686
106000 -9.674788716882217
106100 -9.012743173773076
106200 -11.913297113544566
106300 -10.828494063488916
106400 -9.71985190503488
106500 -9.874010263169847
106600 -10.670456566279892
106700 -9.771428220474611
106800 -8.044235717675635
106900 -10.705739148452189
107000 -11.34252730232806
107100 -10.241406604752443
107200 -9.62880920987782
107300 -8.602935437488382
107400 -11.563403463508
107500 -10.982354461847887
107600 -10.736701443290695
107700 -9.126658814807321
107800 -10.989253887667534
107900 -9.760904547318516
108000 -11.605186727385071
108100 -8.011458203062698
108200 -8.88501383464829
108300 -9.82814350240869
108400 -10.016650029023547
108500 -10.302503794232395
108600 -9.12579572039112
108700 -9.504708853573582
108800 -8.729275883371686
108900 -10.477690840017742
109000 -8.670153178708926
109100 -10.291921439589782
109200 -9.428766523295762
109300 -10.049310462881635
109400 -7.695463247156479
109500 -9.314662012055631
109600 -10.43258022028582
109700 -10.667196334125672
109800 -11.939787262143499
109900 -8.623149608938677
110000 -10.4086856800198
110100 -9.642745378593256
110200 -8.896520815896116
110300 -9.761382083089508
110400 -12.303828801658243
110500 -10.618483420447143
110600 -8.185102506887244
110700 -9.017503977420755
110800 -10.48701190956182
110900 -10.714853818015746
111000 -8.694644426712895
111100 -11.104325724817468
111200 -10.258801866292059
111300 -8.91133223678639
111400 -11.159383810766357
111500 -8.601920834193836
111600 -11.151155599324701
111700 -8.544428277953825
111800 -10.10381691058921
111900 -10.092583734709615
112000 -9.171005167068444
112100 -8.880181412523283
112200 -9.39974783257442
112300 -12.962642316011225
112400 -10.249347592985929
112500 -9.102231069513994
112600 -10.111729274107097
112700 -10.232205161080827
112800 -10.195203314657844
112900 -10.15323448916773
113000 -8.52667882763025
113100 -9.093245046869464
113200 -10.243367551488324
113300 -10.37547825745376
113400 -9.593601874806435
113500 -8.693199116902324
113600 -10.791364130984505
113700 -10.380180351664453
113800 -8.91074884249688
113900 -10.807524300315592
114000 -9.243293760263223
114100 -10.73309363714649
114200 -9.322403654965365
114300 -9.235545246288627
114400 -9.112641727356072
114500 -11.271942838855328
114600 -8.02596263451732
114700 -12.578420789628954
114800 -9.990031735744578
114900 -9.996459158361773
115000 -9.897618309341418
115100 -11.689587826220418
115200 -11.410506126987169
115300 -10.581974769219405
115400 -10.711492271536095
115500 -10.096248974180721
115600 -9.328853562674992
115700 -9.515932202479688
115800 -9.644744449330561
115900 -8.84279751625915
116000 -11.25293270759775
116100 -9.763572815821975
116200 -12.278387090390614
116300 -9.106633848520103
116400 -9.995866069474252
116500 -9.143134571471773
116600 -10.097583279308523
116700 -10.465633762335019
116800 -11.804239684989124
116900 -8.339029376967382
117000 -9.90726091525226
117100 -10.91600527589229
117200 -9.684150211854744
117300 -13.285469359819158
117400 -10.074716961310804
117500 -10.065027474116901
117600 -10.244975610401326
117700 -9.090346608007184
117800 -8.55377682341622
117900 -11.33974063706141
118000 -11.968027624718177
118100 -9.909935434322442
118200 -10.111593581736871
118300 -9.350441992335568
118400 -10.1447575824217
118500 -9.907466462284921
118600 -10.720745938536393
118700 -10.539894466475747
118800 -8.71044961986147
118900 -9.55675178120561
119000 -10.1634770085016
119100 -11.51088563311669
119200 -12.019670543789871
119300 -12.044321422544998
119400 -12.433155826132737
119500 -8.552576373668197
119600 -11.180898695770555
119700 -9.495985632489022
119800 -8.641580400684283
119900 -8.381110051779066
120000 -9.69109995019187
120100 -9.797047445828303
120200 -10.320010972210378
120300 -9.201853685019586
120400 -13.207973729409884
120500 -10.2535952006917
120600 -11.427346926945383
120700 -10.73862870032433
120800 -10.023614596645128
120900 -13.81612736070967
121000 -10.665960682234969
121100 -10.845407613958793
121200 -11.903576978517195
121300 -7.305866428169229
121400 -10.01543522409653
121500 -9.921999466884682
121600 -10.429666239121854
121700 -11.519679315323767
121800 -11.493743455183557
121900 -9.003369494462744
122000 -8.699910873533915
122100 -9.083978547023143
122200 -11.59662052791262
122300 -10.902933504568038
122400 -11.865040345693366
122500 -12.774164308508345
122600 -9.624704513139134
122700 -11.552044402982016
122800 -9.509181957409583
122900 -10.487076336376576
123000 -10.25256882155709
123100 -10.448321722986657
123200 -11.28807060590907
123300 -11.78692240135649
123400 -11.744273852913539
123500 -10.25243473842984
123600 -9.519007884830668
123700 -10.31329925929287
123800 -8.255872401646549
123900 -11.167648473987573
124000 -10.729604342415643
124100 -7.447089914094801
124200 -9.932158699551636
124300 -10.20518177081622
124400 -11.63715881818586
124500 -11.2210593110408
124600 -13.921370041577646
124700 -9.164955983860498
124800 -8.717289032886177
124900 -10.08851915807464
125000 -11.967119533386361
125100 -9.273772310812351
125200 -9.78874656524453
125300 -10.800144953241924
125400 -8.746592065084101
125500 -10.281571907702505
125600 -9.97580348050468
125700 -10.001296460584397
125800 -8.014329764925666
125900 -10.663772074743394
126000 -8.917533075080023
126100 -11.420771860540139
126200 -9.970030848951055
126300 -8.359192289913963
126400 -7.897782956758697
126500 -7.609144024554604
126600 -10.684032924210694
126700 -12.669204366555071
126800 -9.3447802948485
126900 -9.40645184785508
127000 -9.14078481427653
127100 -9.461529593155658
127200 -9.711079835178726
127300 -7.654778647245021
127400 -9.568717104958752
127500 -11.345050062722212
127600 -8.413450382916494
127700 -9.950535925156688
127800 -11.020414423981926
127900 -9.832338128051935
128000 -8.238594277768206
128100 -8.077596885041341
128200 -8.353633046601722
128300 -11.640738431782362
128400 -10.452608173363759
128500 -10.89517507423624
128600 -13.60526134140907
128700 -8.206056676749132
128800 -9.98239517235476
128900 -8.295792788848129
129000 -8.08148802283318
129100 -10.018721539836237
129200 -8.273484562585075
129300 -11.339631620914927
129400 -11.108160227074565
129500 -9.084867498180644
129600 -7.62199106800019
129700 -8.89007281555679
129800 -8.316807741903329
129900 -9.96058333805405
130000 -9.446728239470193
130100 -11.552721851628379
130200 -8.325478175719402
130300 -9.772060696848833
130400 -10.51637906543571
130500 -9.900396292750298
130600 -11.456338984281494
130700 -9.595558136473676
130800 -10.25901078585613
130900 -10.3404202139064
131000 -9.748671209098024
131100 -10.037894882163293
131200 -10.587869321172366
131300 -9.701068214111004
131400 -10.900069100895855
131500 -12.41871702837825
131600 -9.149037456496256
131700 -9.805855884243282
131800 -10.7641076117132
131900 -7.611055700517211
132000 -10.862963408304203
132100 -12.013679163007767
132200 -11.072555977041075
132300 -10.651065805287221
132400 -9.389879055249759
132500 -8.410263698807732
132600 -8.85816794723803
132700 -9.690790995390024
132800 -10.365005787372173
132900 -9.909253073862919
133000 -8.772941066364984
133100 -8.614742039797317
133200 -9.133655441335113
133300 -8.67142576109182
133400 -9.087614373094098
133500 -9.175111517243625
133600 -10.465144106666939
133700 -9.492055917691536
133800 -8.286575477293406
133900 -10.336063488751012
134000 -10.497168611358038
134100 -11.101566970450618
134200 -8.310107753540649
134300 -10.900741743192825
134400 -10.322419274600342
134500 -11.978847557911923
134600 -9.227019634239698
134700 -12.454754652446656
134800 -10.931540867359724
134900 -11.424833507994903
135000 -11.315230915766353
135100 -13.357782835689425
135200 -9.099605079808152
135300 -10.652757923157449
135400 -11.74052158584614
135500 -8.147109017676677
135600 -8.73171383141768
135700 -11.588332054148601
135800 -10.011783448601417
135900 -12.072953514575925
136000 -10.075074617242418
136100 -8.536716102322933
136200 -10.124650688790513
136300 -8.913852863280523
136400 -8.910277981213001
136500 -8.394932446173387
136600 -10.05867171311341
136700 -8.480747705392202
136800 -12.145102961356814
136900 -8.975903970833913
137000 -9.173500931413962
137100 -10.857182164570702
137200 -7.966905543585621
137300 -9.599317326470471
137400 -11.44121043270209
137500 -7.164273447411691
137600 -9.589631229308713
137700 -9.759889377759803
137800 -9.62301233011807
137900 -10.4315385320959
138000 -9.887642978190259
138100 -10.878638573363766
138200 -9.815956584337401
138300 -9.02109414049135
138400 -11.600342174564133
138500 -12.286320494263254
138600 -8.896890993622089
138700 -10.375695756301955
138800 -11.709131906445709
138900 -9.163234804641531
139000 -10.490999897423013
139100 -10.774776572117368
139200 -9.380334351502476
139300 -12.70293858040809
139400 -9.100276701514918
139500 -10.142526906580132
139600 -8.481278758553144
139700 -8.601357018030996
139800 -6.672154458297197
139900 -8.467710265807861
140000 -10.614878065707908
140100 -9.636376535155046
140200 -11.896251577169492
140300 -7.799923219883706
140400 -9.862468722257848
140500 -9.661508538325531
140600 -8.817597066365455
140700 -10.284501209506084
140800 -10.842893333824165
140900 -12.013467649756485
141000 -9.669088698110501
141100 -10.33529433279413
141200 -9.461176227110446
141300 -9.507566706649628
141400 -7.464414396237728
141500 -9.77536766324647
141600 -11.528468010121042
141700 -10.059525208678394
141800 -9.667224369285405
141900 -9.227166105543324
142000 -11.1899221159297
142100 -8.59555745291024
142200 -12.603927208563702
142300 -11.48647486091744
142400 -10.400577748549729
142500 -8.91877054127109
142600 -10.624861165390225
142700 -10.557808717984935
142800 -11.229898747674756
142900 -9.520512869410366
143000 -10.783254339002918
143100 -9.799945548473863
143200 -8.540029128092447
143300 -8.50991246253919
143400 -8.428235980552593
143500 -11.214043122663707
143600 -7.632318410202455
143700 -11.216954849759018
143800 -10.13031040701464
143900 -10.315495286645028
144000 -12.009660254172772
144100 -10.60497631574344
144200 -10.20356399095569
144300 -8.32046525890542
144400 -9.546611578712943
144500 -11.846067105780856
144600 -10.65879205173265
144700 -9.181584922007938
144800 -11.230931324507633
144900 -12.387770204009062
145000 -11.199216143646842
145100 -10.00651198188544
145200 -9.090196960742736
145300 -10.037365530179404
145400 -7.227331083644916
145500 -10.556284499549141
145600 -8.597455319397925
145700 -10.66645164262992
145800 -10.287275974395548
145900 -10.824242446291443
146000 -10.169899018914629
146100 -11.75661071780111
146200 -11.186366944189707
146300 -8.760388124671554
146400 -10.086987027026472
146500 -9.514464070163728
146600 -7.7706200626676685
146700 -10.471135740603417
146800 -7.621777959985473
146900 -11.708982752663879
147000 -10.222196492663567
147100 -12.057462464017402
147200 -10.22073942481884
147300 -10.323191365773505
147400 -9.914468246357961
147500 -9.756076487151962
147600 -10.098855060163515
147700 -12.307842106695606
147800 -11.230439272601359
147900 -9.033579307029234
148000 -8.94491625844164
148100 -10.01111327817885
148200 -9.882487348925158
148300 -9.646090761705718
148400 -8.693984983403194
148500 -9.230697068291946
148600 -10.94336918088449
148700 -11.94972084636654
148800 -8.954923176345474
148900 -12.810914325811703
149000 -9.289609694725378
149100 -11.269419665988218
149200 -10.738518301593174
149300 -10.527807914095234
149400 -11.852597288708
149500 -9.927253383617655
149600 -10.766301418186398
