100 6.944679467288566
200 7.230300746800069
300 7.861940874614141
400 7.87155233095282
500 8.217144027671884
600 9.834607524938418
700 8.937537744046645
800 7.811195490156028
900 7.686656503528905
1000 8.40558130059756
1100 6.591107227199953
1200 6.66739654395371
1300 8.190035916290155
1400 6.711519086498649
1500 8.014999306602185
1600 7.842764923931563
1700 8.602408133728296
1800 8.563673813913725
1900 6.6183127921063445
2000 8.757733110495002
2100 7.7265675092079205
2200 7.548303511916861
2300 5.773333741338123
2400 8.888625192741534
2500 8.645491568264438
2600 8.72593971833632
2700 7.839449080257508
2800 6.44145712947457
2900 6.049225468987205
3000 8.063007617162864
3100 8.08903518953832
3200 8.246605537644617
3300 8.968680391218882
3400 7.987498142536002
3500 6.335021464306265
3600 6.092532210701912
3700 8.026185620090727
3800 7.708849876808592
3900 8.416368682778266
4000 7.3218847883137
4100 6.274137373166975
4200 8.315658790060667
4300 8.053348457170578
4400 7.02832543164086
4500 6.842004387880825
4600 7.819189984127965
4700 7.954082172340224
4800 8.711037830700189
4900 7.485326700980191
5000 6.373590973888009
5100 7.678053743862708
5200 8.207433030654293
5300 7.5697861486684355
5400 6.331680710045756
5500 7.779540569669963
5600 7.448072778202078
5700 7.950072898407746
5800 8.4042580675358
5900 8.676809344312742
6000 5.982556374592848
6100 9.45930678035906
6200 7.95209238451431
6300 6.81545841327873
6400 6.521046114680795
6500 7.516717286502757
6600 8.95889019990636
6700 7.979684228353644
6800 10.362956723375376
6900 9.125936149324364
7000 9.4585030346811
7100 6.566288089093665
7200 7.520816075163581
7300 7.430818513099085
7400 8.020200928422893
7500 4.777529500966623
7600 7.179008737390735
7700 7.43191591908284
7800 7.1869026535427425
7900 6.326867266835472
8000 8.661369888709535
8100 9.336443113758007
8200 8.7427158017168
8300 6.629932802530524
8400 7.927431431485295
8500 8.015368487067763
8600 8.708297211058925
8700 7.778077593386151
8800 9.076338304753339
8900 8.229804280601282
9000 7.646705023507708
9100 6.904326794469014
9200 7.267091230550325
9300 7.094249786008377
9400 6.218511506656241
9500 3.593186725589407
9600 7.142556342943325
9700 7.769327963415756
9800 7.322237358404543
9900 8.99538857411903
10000 9.240969740821729
10100 6.870884056099394
10200 7.451553702928357
10300 5.64891659622938
10400 6.630612812631843
10500 6.525801404304244
10600 7.80405182450757
10700 5.714491075643809
10800 7.868041534855409
10900 6.957063417263531
11000 7.2537799551659115
11100 6.105175683028421
11200 6.421985743676571
11300 6.56841014561767
11400 7.6938269088691
11500 8.474687751920769
11600 8.963449715823993
11700 7.085192146898874
11800 6.946899179881084
11900 6.5359213886162655
12000 6.626874653926214
12100 6.751803387559004
12200 5.585681200567482
12300 8.168843554155197
12400 7.51369842079236
12500 6.948006123351161
12600 6.724635356423824
12700 7.5497588601146655
12800 7.2147925554966585
12900 7.962543006984844
13000 7.124983876239067
13100 6.64032206152047
13200 5.732684086840836
13300 8.638827917447982
13400 8.10713738027042
13500 7.808536088236285
13600 5.49970121693418
13700 7.721839140624317
13800 6.936934715238927
13900 6.958101474578871
14000 8.26186455601123
14100 7.711652953660689
14200 6.201584475435005
14300 9.267493558100135
14400 6.612459323995675
14500 7.9785253555427795
14600 6.161705471727207
14700 7.393103215745237
14800 6.804208236293226
14900 9.313636972838365
15000 7.554771094433267
15100 6.773518639630077
15200 7.227461787548404
15300 7.764865254330411
15400 7.764061414505764
15500 7.895097163913236
15600 5.5164287667863805
15700 7.504815095730965
15800 7.159279944181071
15900 7.679813056811826
16000 6.05517492777565
16100 5.789901912778642
16200 4.812338613583391
16300 8.13526956554568
16400 9.477152945647148
16500 7.85271692787171
16600 7.321182176272618
16700 7.143455613724606
16800 5.452894960942652
16900 7.214318264053713
17000 7.620793621262463
17100 8.05051213189844
17200 6.279507370980179
17300 7.069252344965892
17400 7.091794131772689
17500 7.984903415392982
17600 7.994543841196633
17700 6.228574105849722
17800 7.349256557719356
17900 9.059571443581666
18000 6.383411252458135
18100 8.102342078216015
18200 6.5810722592869535
18300 6.794010942810537
18400 5.618972288640211
18500 6.2838587878693755
18600 7.511213955559101
18700 8.393753936818218
18800 7.92727755053467
18900 7.9921746289261035
19000 7.153173709967824
19100 7.940525333876973
19200 9.32915177459066
19300 8.60302499404916
19400 6.942737954267688
19500 6.5873740447723135
19600 5.440328260958056
19700 6.1116214258646355
19800 10.33445643930133
19900 10.70618639969958
20000 6.464317164875599
20100 6.159132600937353
20200 6.848433611513916
20300 6.0446618206057545
20400 5.116987407070749
20500 5.904643938681439
20600 4.571624981396896
20700 4.732399369933274
20800 7.22452708703203
20900 8.453507962853447
21000 7.246100647641262
21100 7.205816504246248
21200 5.583924760579459
21300 6.866760955222288
21400 9.064725396916495
21500 6.674958540210777
21600 7.8526380426794535
21700 8.408124386124808
21800 8.116704013922135
21900 8.127785554340004
22000 8.897824512505883
22100 6.9323390979614965
22200 9.370014417371276
22300 6.736949896919063
22400 7.304299899650606
22500 6.081095880750159
22600 5.259603034654269
22700 7.588616973602594
22800 8.87449929812106
22900 8.392377251022419
23000 7.0704334302073955
23100 7.622343695325333
23200 8.03406755674635
23300 6.100591826560787
23400 6.1526298480146515
23500 6.776144730767561
23600 7.411773786861767
23700 7.668641147751221
23800 6.058612778146881
23900 6.325455527330306
24000 5.2395371092331695
24100 6.935667395627358
24200 8.690321589578824
24300 9.021208099117406
24400 6.897805196550302
24500 6.679063196959412
24600 3.9262177886484695
24700 9.171725459196598
24800 7.102183027834727
24900 8.014986506664943
25000 9.431404630069284
25100 9.38626850546823
25200 8.979363253090145
25300 7.913561255533989
25400 5.4566869214739215
25500 6.96726419211341
25600 7.585570526269795
25700 9.495788938283708
25800 7.025127131826509
25900 7.3277277872857915
26000 8.63753405416609
26100 8.615356602358723
26200 9.069995859883187
26300 8.285522307977043
26400 6.995095102610991
26500 7.516947927021205
26600 10.024326631102923
26700 7.524747962789104
26800 5.676105306620466
26900 6.210456288590675
27000 7.343506634966615
27100 6.207116682916219
27200 7.473175195702947
27300 8.669764651565238
27400 7.422666117768405
27500 8.364360279196427
27600 7.2889219128338345
27700 8.700828853699326
27800 8.97087382051926
27900 9.047762495822537
28000 8.016443656201433
28100 8.802003611864968
28200 8.439461946793845
28300 8.564911723374331
28400 9.623796161493846
28500 9.50740874546544
28600 9.279864662415509
28700 6.21534550879143
28800 7.498015089619206
28900 8.888281121966175
29000 6.444697747126513
29100 6.603033769292187
29200 7.680539731485204
29300 5.250823491207468
29400 6.845028079915319
29500 8.299242067686952
29600 7.533687545661582
29700 7.891093786556603
29800 9.189123923199512
29900 7.562273270069359
30000 8.027114657889006
30100 8.82493952127296
30200 10.361795055816621
30300 8.999548065172187
30400 7.647759783102825
30500 6.911272362752274
30600 7.040533142693677
30700 7.856036788293011
30800 8.483822721388627
30900 6.077552073042089
31000 6.505535237438415
31100 8.187833633054167
31200 8.776070750841589
31300 7.697523916390747
31400 7.1687922973867995
31500 8.01413092258663
31600 6.252770526308509
31700 6.287365001588825
31800 7.705941712422863
31900 6.899063619591722
32000 8.702100288626522
32100 6.83032183617751
32200 7.384831461790972
32300 7.104172527959479
32400 9.012577489819302
32500 8.874194436363307
32600 6.024974945519898
32700 5.32896669992664
32800 7.097726403745503
32900 6.517562538047771
33000 7.605086251930592
33100 7.250712422567438
33200 7.768155704600083
33300 9.10856251326722
33400 7.257139803790095
33500 7.994204610260864
33600 6.720972408569158
33700 7.780013838645122
33800 5.779567988276793
33900 7.14826031605919
34000 7.6253829320801145
34100 7.267007295128275
34200 7.604517255232288
34300 7.929880007947332
34400 8.400740174932597
34500 9.025717178826154
34600 9.927525287779842
34700 11.158630890926895
34800 7.5701186542242755
34900 6.983465701030468
35000 6.408708675499692
35100 6.428437647898877
35200 6.912008161331616
35300 6.365222734715418
35400 6.8197179854073875
35500 7.428821541947011
35600 7.610964327749407
35700 7.503096530293569
35800 5.886628003906879
35900 7.560211978625231
36000 8.851901834654605
36100 7.986020115952031
36200 8.003168488609601
36300 7.162417794563729
36400 6.8450986312311075
36500 7.7642199613356695
36600 7.5009864776951956
36700 7.7729773938344415
36800 8.928383702881844
36900 8.27777991155559
37000 8.465164586187107
37100 8.222196695443415
37200 8.671238664117723
37300 8.419557296292577
37400 7.982570333765396
37500 7.312782023893494
37600 6.325073928058021
37700 7.093607371824749
37800 8.509929329686528
37900 6.615493629234232
38000 6.78053219447692
38100 7.257696468501196
38200 6.8929534814688145
38300 9.01899273326422
38400 8.295899161963822
38500 7.460495544430314
38600 9.491054298746276
38700 7.836134911980479
38800 8.519783896536834
38900 8.763199173967898
39000 9.505371397940058
39100 7.86423722843683
39200 7.269815294003334
39300 7.516562823629485
39400 9.020584121437105
39500 7.357688245461075
39600 8.348769433620104
39700 8.087332344581446
39800 8.799145783274893
39900 6.401277551423947
40000 6.986763446837553
40100 8.342413325703971
40200 8.057643698857959
40300 6.331725679179553
40400 7.343624844199741
40500 9.358052869554701
40600 8.035947032247918
40700 6.5141780588307965
40800 7.587793219424403
40900 8.256218594720387
41000 8.154951752463202
41100 8.072916339508783
41200 7.4780426348352
41300 5.894864718843226
41400 7.356301425674011
41500 6.785626235733929
41600 9.830939460815072
41700 8.31917353957258
41800 7.117304993384556
41900 7.258528327466002
42000 7.229411117417248
42100 7.39887362170219
42200 8.870694733906037
42300 7.528047631659083
42400 7.199283708870697
42500 7.3786747433201185
42600 6.653515609392753
42700 5.984101681756459
42800 7.211403534201376
42900 7.039907254366062
43000 8.712210465837607
43100 9.497914020289583
43200 9.42589959338137
43300 8.131960316752748
43400 8.712555282631918
43500 5.407953707732902
43600 7.142380441808318
43700 6.608798415897644
43800 6.779935871382233
43900 5.809950583462467
44000 6.2124940444152825
44100 5.467660087382966
44200 6.019431595371112
44300 8.198503406214899
44400 8.515602355042951
44500 8.365036372099492
44600 7.071282648258489
44700 7.456847037335592
44800 6.280585748465366
44900 4.668298228091815
45000 6.791838478106517
45100 5.218377969830225
45200 6.382174549023601
45300 6.4284058467573235
45400 6.984908031295223
45500 8.148349242707239
45600 5.653603111944221
45700 6.202401163295528
45800 5.004134058284203
45900 6.159368964381769
46000 7.089601017138244
46100 7.181820563666247
46200 6.2125174808668575
46300 5.250940388516204
46400 5.452559413000008
46500 6.800899704448129
46600 6.453393882303919
46700 6.8332395961604515
46800 8.93506417253144
46900 8.443786134970175
47000 7.50908289734587
47100 7.313947689459738
47200 7.76072792035582
47300 8.963930662015004
47400 7.921047608230901
47500 8.326558111111778
47600 6.4396294598397
47700 8.858578951871484
47800 7.027137073054751
47900 7.3130479073501595
48000 8.699983785850648
48100 6.883247504782392
48200 8.018362756016476
48300 7.973670904551468
48400 8.262799896782017
48500 8.161878704404074
48600 7.291302842804987
48700 6.66629062151724
48800 7.335352151715821
48900 6.419223371422832
49000 8.209762716750834
49100 7.646653108351182
49200 7.510052755565037
49300 7.094486156972651
49400 5.898540650080073
49500 5.939985020628369
49600 7.411818403609405
49700 6.19360443970908
49800 6.0793035259661155
49900 7.109415056855899
50000 8.091836744521508
50100 8.357953086042212
50200 6.924032326804407
50300 4.286578161504801
50400 5.3457409870786545
50500 6.151852213187675
50600 6.291454612683452
50700 9.192604379734872
50800 7.7133079923932275
50900 6.767604039357955
51000 7.558099136060557
51100 8.487022429295331
51200 8.813308970144226
51300 7.903883540221073
51400 9.516399307208173
51500 8.276259885005732
51600 7.286645561758545
51700 6.500372962942232
51800 7.236678686320927
51900 6.026771375034841
52000 7.268854799527539
52100 5.729894423610562
52200 7.889895048495947
52300 8.814893738501276
52400 7.716556048183885
52500 6.960135339900795
52600 7.501650528666137
52700 6.607361535285969
52800 6.142539881101862
52900 8.455079861084217
53000 7.965073830029985
53100 8.143914151425683
53200 7.730416448216422
53300 8.480782543075007
53400 8.915402950460575
53500 7.801410386983597
53600 9.577910260315582
53700 6.491548213917539
53800 6.710062259869988
53900 6.303903983795519
54000 7.11948583927789
54100 5.903044916353099
54200 8.16795686831994
54300 7.438235877103156
54400 8.892847840707097
54500 3.6610025248543447
54600 6.449226898956792
54700 7.792451851656434
54800 7.715156325388991
54900 6.618672679398707
55000 5.528797690425807
55100 5.923849409133948
55200 6.148658278067717
55300 6.552410368141968
55400 6.624078203817086
55500 9.462760100161763
55600 7.293002724903354
55700 8.771919017044238
55800 8.101399479189043
55900 8.121374469854922
56000 8.442555796685909
56100 7.826935833775804
56200 7.711622660563871
56300 5.870410910721309
56400 6.480441712330857
56500 7.1426041748281515
56600 6.466820495493028
56700 6.135968811620242
56800 8.016142470860945
56900 6.244264770576805
57000 6.573443447905906
57100 6.740271375852476
57200 8.111210550638722
57300 7.399425363087495
57400 8.422393958321681
57500 8.607755365272935
57600 6.928847293158058
57700 7.633941218214866
57800 5.798643287897592
57900 6.2954944603411
58000 6.188692470861405
58100 7.77232464403431
58200 5.982967464482344
58300 5.870626974935005
58400 6.863396954194075
58500 6.849622267067259
58600 6.830101584396095
58700 6.803758712361278
58800 7.290800611807885
58900 9.54878229363021
59000 7.925594931499826
59100 8.502706657078223
59200 10.042227500156722
59300 7.557302721959484
59400 9.563769598414842
59500 9.919568009087383
59600 8.442441981907457
59700 6.755559788320605
59800 7.249536188938954
59900 7.533182593201265
60000 7.410427180213105
60100 7.436947237734592
60200 7.882690023301327
60300 8.329551147185873
60400 6.696840898740571
60500 5.518525572796322
60600 7.135559286272231
60700 7.28993391721041
60800 7.4360088161679885
60900 6.480403575315098
61000 8.824991337765619
61100 8.437314440695198
61200 7.1377134073110815
61300 8.488802108471239
61400 9.099473293933638
61500 7.53680660854071
61600 7.645842027437766
61700 7.177858862486794
61800 7.705156162679722
61900 8.005446830385965
62000 4.907691439377962
62100 4.956259696935924
62200 5.612731898553439
62300 8.84538835474543
62400 6.97742191054898
62500 5.748280501159718
62600 6.663740389168312
62700 7.806904167922686
62800 7.71527284591003
62900 7.951728316525551
63000 6.295448584328315
63100 8.293107816900626
63200 8.06491706854086
63300 7.137065952504901
63400 7.424051648710015
63500 7.37621331298094
63600 6.932825586009554
63700 7.574200169697766
63800 7.058057439913387
63900 7.858910606438474
64000 9.116062746905751
64100 7.129762348861289
64200 6.331771533362346
64300 7.172358272346847
64400 7.749663773915627
64500 5.622955684294217
64600 9.007456946627794
64700 8.486915733740677
64800 8.034186930921795
64900 7.481801145182763
65000 4.746978366800759
65100 5.997763261262465
65200 6.461097732114158
65300 8.459376065301075
65400 8.248881282126892
65500 9.213176991293869
65600 8.945730484801654
65700 7.340382359657731
65800 7.4374074593269555
65900 8.754439616006735
66000 8.571732306814912
66100 9.75719314278912
66200 8.676231369510589
66300 9.048320694035967
66400 8.480691471730442
66500 7.234451855813754
66600 7.957553381954164
66700 8.314963603291632
66800 8.855879753126114
66900 9.396274865451831
67000 9.66312541529342
67100 7.855957102629658
67200 5.854512308132152
67300 7.611645045484438
67400 8.368449159389803
67500 5.9275668549463
67600 6.573200277313259
67700 6.639323112065618
67800 6.964361541026708
67900 6.307618033475337
68000 7.774847720016212
68100 8.842980796064019
68200 7.587528025425011
68300 6.9901047159907765
68400 5.380180458290168
68500 5.171592995961031
68600 6.417265256056647
68700 6.444561028606474
68800 7.548943888268448
68900 7.075138046471166
69000 7.072955025941172
69100 8.492198913651992
69200 6.75037144508503
69300 6.821440232930342
69400 6.620611893960104
69500 10.310966838946609
69600 8.080217694924475
69700 8.281323138980344
69800 6.784951216508069
69900 7.201793194970413
70000 7.805301111108293
70100 8.620673632411318
70200 7.563627630092164
70300 8.10451313609247
70400 6.048136517555387
70500 6.694358910241294
70600 8.356792615743602
70700 7.187382927751821
70800 6.094098086161586
70900 5.8227445671809575
71000 5.59810566982677
71100 6.2815290616829325
71200 7.769939391229759
71300 8.09044673280363
71400 7.346557372216405
71500 5.487400446233729
71600 8.191744321394648
71700 7.3891098296449815
71800 6.0392620954765865
71900 7.6040979238237885
72000 6.646021602433844
72100 7.934673482187987
72200 7.691310253283032
72300 8.593298258479363
72400 6.838382795580155
72500 5.2552937747606965
72600 6.914288307908215
72700 8.165746616691763
72800 8.22553882138107
72900 7.924663845180855
73000 8.853377925568513
73100 8.891768814479827
73200 7.639139381567075
73300 7.900313223312602
73400 8.195791542267349
73500 7.4640565262138745
73600 8.347337900634331
73700 7.086815465588294
73800 7.024216837509763
73900 8.139512665051965
74000 8.642325202655922
74100 7.994088834035922
74200 7.64731991711971
74300 6.152571797487131
74400 7.385013674006957
74500 7.408743244306509
74600 9.758493752933456
74700 10.178592217316911
74800 8.887134988291754
74900 7.583892821828099
75000 6.892408542280955
75100 7.011584194027103
75200 9.996598826572413
75300 6.992078713103858
75400 7.551041251781449
75500 8.620808577279453
75600 8.31750291500978
75700 7.284854556548361
75800 7.4938473879072
75900 8.661873843220741
76000 8.194629349707668
76100 8.673167056143042
76200 10.757140467310187
76300 9.141292887168342
76400 8.306398534807778
76500 8.503446649132762
76600 7.779646501278612
76700 7.599219079067798
76800 9.080470155492014
76900 7.8306365316691116
77000 5.80182590401017
77100 8.696802564390458
77200 6.554949804324627
77300 6.391048565202579
77400 8.720248285142704
77500 6.837390782614613
77600 8.385558216243613
77700 7.725843238891843
77800 6.814350999605845
77900 7.004795021394015
78000 5.657379390202141
78100 6.0253890244630135
78200 8.724570413746337
78300 7.958314818364618
78400 8.57603867714098
78500 8.368016122596146
78600 7.561927159109848
78700 8.780840622483804
78800 8.508342753245298
78900 6.557257784913472
79000 6.76199371298885
79100 7.494735782781722
79200 8.529093833776878
79300 7.368492349512759
79400 7.51854988901448
79500 8.434432620365351
79600 6.476830714611848
79700 9.799771090437256
79800 10.390940327679509
79900 8.168333112451128
80000 8.513521533090348
80100 6.424572857844375
80200 8.308508567293906
80300 6.934270321281716
80400 4.840201414767981
80500 5.760657911145553
80600 5.549454027826763
80700 5.306157258927885
80800 4.88139045461649
80900 6.157996984672582
81000 7.731440020461538
81100 9.060494304988312
81200 8.505879768883576
81300 7.249221866910384
81400 7.3197510623502
81500 5.86812309244316
81600 7.485342892571105
81700 7.921276780407717
81800 9.116722826940327
81900 7.116642652618206
82000 6.661899200066657
82100 8.223442556631625
82200 8.721231796945544
82300 8.46428313098574
82400 8.362141888716549
82500 7.9589928556323395
82600 6.703781084244722
82700 6.250985167460113
82800 6.882437113202517
82900 7.326889447281601
83000 7.621160356387171
83100 5.379120753197697
83200 7.674732393710796
83300 8.72128530861587
83400 9.385920885106668
83500 7.546226608802967
83600 7.228435410171248
83700 7.960498013727556
83800 6.241177416823592
83900 7.645067920699086
84000 8.866464812458354
84100 8.961684566774387
84200 8.300644672900587
84300 7.043589516069392
84400 6.861657294445824
84500 6.877929736696895
84600 6.353075839710304
84700 6.829617669606101
84800 4.939555575520629
84900 5.786386437442575
85000 5.927524769419073
85100 5.89869682338427
85200 5.397370848801725
85300 7.011227416230485
85400 6.849200692105664
85500 7.15955025182596
85600 7.113318879821852
85700 7.752562508691226
85800 6.770200421153156
85900 8.57882073230801
86000 7.44869934883192
86100 6.45982405587984
86200 6.137948903570756
86300 7.123213234963406
86400 7.813538694321337
86500 7.3219005398105255
86600 6.8997332332393055
86700 4.8360469604308784
86800 7.577474703712663
86900 7.725914215705374
87000 7.770035959919332
87100 8.361948561547175
87200 6.506401299423179
87300 8.125361173385233
87400 7.1299208177832805
87500 8.879858663782002
87600 6.065476962097576
87700 7.227722259280014
87800 7.011804417312944
87900 6.1496057430263305
88000 5.778443598937576
88100 6.322148297388816
88200 7.265180978619868
88300 5.465965040333007
88400 7.048714932799211
88500 7.433558268747061
88600 7.220442760378076
88700 6.6938187461943945
88800 7.734432116711048
88900 8.021267344388155
89000 8.33822578377916
89100 8.166376835815706
89200 7.865640677198836
89300 6.295156794304833
89400 5.853589629316534
89500 5.752480003589951
89600 6.647827719702197
89700 8.484323701470942
89800 10.585715897895609
89900 8.91495377112902
90000 7.910942170577215
90100 8.705577916050549
90200 7.876275414501406
90300 8.585760030734207
90400 8.91460849339601
90500 6.787013326321601
90600 7.61664533229497
90700 6.327517656534422
90800 7.116587319405324
90900 8.270422518722759
91000 7.78256526650275
91100 7.125759772917012
91200 6.561124416830164
91300 7.145171046663375
91400 7.695221757180072
91500 10.020393449224517
91600 6.761251183099938
91700 5.972668193700464
91800 6.247555781357492
91900 7.550035546561379
92000 7.864093342426451
92100 6.751981479853988
92200 6.651433754549438
92300 6.916113421416113
92400 7.438953075175468
92500 8.525588044205339
92600 7.9483747745207864
92700 8.537600762074124
92800 9.419809448194464
92900 8.701283795110578
93000 7.776237220091647
93100 7.988046471132503
93200 6.794632909832225
93300 7.142517807925667
93400 5.712850347092837
93500 8.007463897641438
93600 6.4842021726958645
93700 6.527977155432305
93800 8.330686499075528
93900 8.170047806098287
94000 8.323462199990049
94100 8.375114071561983
94200 7.552588317935651
94300 8.257061672809458
94400 7.752733837314907
94500 6.002196854918537
94600 7.503804932969381
94700 8.517312143548281
94800 8.7232321960178
94900 8.7670026557317
95000 7.5634059996724705
95100 8.581782780839623
95200 8.085900017094458
95300 5.567864323053528
95400 5.97699567382971
95500 6.305913702641804
95600 5.543804975897818
95700 8.236851021856054
95800 6.883183902549007
95900 6.704776590132522
96000 7.4129317169412605
96100 6.61798639808784
96200 7.556166174570896
96300 6.778573345172366
96400 8.263950099694155
96500 7.983719108728208
96600 8.092760249204648
96700 7.0015052580383
96800 6.6387874778777896
96900 7.720335933306653
97000 8.567833497532126
97100 8.959496033402244
97200 8.075489528786058
97300 6.7993686576673715
97400 6.865165492146808
97500 8.707395512195848
97600 6.779395002544977
97700 7.1669309294515555
97800 6.228160488234575
97900 8.230000376450846
98000 6.7374774197847795
98100 6.818477506897412
98200 6.745226658096313
98300 6.483862506811058
98400 6.3618771568617944
98500 7.033955270016258
98600 4.795829018115952
98700 7.684535756927905
98800 7.906690016732973
98900 7.037409972953545
99000 7.911703117134411
99100 9.113100351745942
99200 8.446953031149333
99300 6.2285107733520455
99400 8.158826651014122
99500 8.404446512632276
99600 8.123155558708278
99700 8.444786409533968
99800 7.594573307173999
99900 9.151214497075863
100000 8.513434447624832
100100 7.03273677421245
100200 5.578538226686416
100300 6.8098627817748305
100400 8.453786370537081
100500 6.528408388487379
100600 7.413145570087156
100700 8.534738931121954
100800 9.539162475866151
100900 7.7612071543235945
101000 7.770730273632613
101100 9.229961980370874
101200 7.31676817342327
101300 6.078675096323319
101400 6.701510368023141
101500 7.216908006236992
101600 7.828811165145972
101700 7.668712900767412
101800 7.316188921546512
101900 9.034545116148955
102000 6.452598590892149
102100 6.8689652958883824
102200 5.832328504592875
102300 5.468814092254197
102400 6.725733930641736
102500 7.5794440924573045
102600 7.478649689091828
102700 8.094293910627615
102800 8.835810257815151
102900 5.9685382261112
103000 6.388321992720255
103100 5.14186141999911
103200 6.022815826846731
103300 7.202622831609493
103400 7.1732463327305815
103500 7.2796455891360266
103600 5.681076523461487
103700 6.266571409893362
103800 8.500033326283159
103900 7.6530299315462225
104000 6.714277694605613
104100 8.943443231809585
104200 8.032694633463274
104300 8.945876335321975
104400 8.585410755620691
104500 8.275633891081053
104600 7.352550208768324
104700 8.344108990454798
104800 7.9545616580827305
104900 8.899835459158625
105000 5.3691075525742065
105100 5.635592245045958
105200 6.95680264816213
105300 7.014370342553678
105400 8.651737564947663
105500 9.62021836401983
105600 6.3764220370406335
105700 5.656394103464597
105800 6.260142487055563
105900 6.289044381269496
106000 7.52106888478734
106100 7.630009924668218
106200 7.653487020353363
106300 7.141844925585817
106400 9.396367692935899
106500 7.697893346919198
106600 8.109599578682735
106700 7.91065676699682
106800 7.665533093511373
106900 6.657359819885436
107000 7.316196114490518
107100 6.712077846141922
107200 7.9476963891592725
107300 7.4086309716060095
107400 8.493586506178577
107500 8.626207102941011
107600 9.25311550947614
107700 8.401897214626434
107800 7.237737262270778
107900 7.121665396423228
108000 5.710917324354583
108100 6.334177455546274
108200 6.621322311261258
108300 8.174547004793904
108400 6.899422359311909
108500 4.410947178501914
108600 7.081184437473904
108700 5.93724057729674
108800 7.053461832559942
108900 8.572482671368466
109000 6.612038783466862
109100 6.545576906456061
109200 6.069120805604703
109300 3.828882717700929
109400 7.901509115392719
109500 6.83104379773897
109600 7.370805208169705
109700 6.874375417756878
109800 7.46622599394383
109900 6.06895246840221
110000 7.300381513128951
110100 8.027477608088432
110200 8.09885057188532
110300 5.667237420821107
110400 6.373515576462473
110500 7.000029973423621
110600 8.305751865500563
110700 9.363606961505386
110800 8.744332786690665
110900 8.824058243916335
111000 6.548760636804094
111100 4.407531751358232
111200 6.348503751732481
111300 7.096450152318021
111400 8.06228068232835
111500 7.912669673540461
111600 8.602669973810963
111700 7.021396361484044
111800 4.608862814287679
111900 5.462162303217268
112000 7.2024821779714445
112100 7.576677678807414
112200 6.075994263300514
112300 7.450029648195778
112400 8.412377457691875
112500 6.384054929522762
112600 7.191074551820145
112700 7.699432486977842
112800 5.662384788902503
112900 5.398406139562896
113000 7.206889941035075
113100 8.332177944271233
113200 9.525160976062352
113300 9.443694715630555
113400 8.19622497644265
113500 7.883736883901315
113600 8.632978663502433
113700 8.312267817824333
113800 6.638904184127605
113900 8.525680745121136
114000 9.1996906444379
114100 9.036810302210776
114200 8.204688807967782
114300 6.209039080633542
114400 5.906693331296517
114500 4.602648758911141
114600 4.996061334039895
114700 7.532503924421202
114800 6.8722047259238765
114900 7.809911579124829
115000 7.395822650800242
115100 8.010305293522245
115200 8.099294325742271
115300 8.087969759038
115400 8.21837687457348
115500 8.366162326943245
115600 8.505913146787769
115700 4.248092729779459
115800 5.651194614442941
115900 3.9411308895424497
116000 7.400338528294802
116100 6.854988901279354
116200 8.564303956331605
116300 7.692034360823502
116400 7.14983405106017
116500 7.048035334192629
116600 6.796918625457582
116700 6.276548363480796
116800 8.376548219705597
116900 7.5198020384842685
117000 8.807280141591711
117100 8.134898066368876
117200 7.977976561065797
117300 6.768288617048401
117400 6.43404970330769
117500 6.491048791271842
117600 7.552587769262304
117700 8.652731145021558
117800 6.389957590461421
117900 6.645593403196404
118000 6.37681649638731
118100 7.127050548737253
118200 7.919255817925202
118300 8.559355163522836
118400 8.58558448839503
118500 8.256186853321976
118600 10.136080979042427
118700 8.40916055892805
118800 7.6998683930242855
118900 9.508716737335625
119000 7.285024990128178
119100 6.947569602293753
119200 8.862291109956633
119300 7.7406328710618535
119400 5.475990234106185
119500 5.574773157088141
119600 7.451019163803701
119700 5.443715791872138
119800 7.076155980555104
119900 8.041817954588518
120000 7.692314165902886
120100 4.533523713846005
120200 6.915232737665165
120300 6.025374743769436
120400 6.784005110705117
120500 7.697153320308744
120600 8.526823122407041
120700 7.429010089717514
120800 6.878667735603012
120900 5.261856144515697
121000 7.024885340323542
121100 5.933034461176448
121200 7.652133634025423
121300 7.352371148686008
121400 7.878632836053746
121500 7.5296515887410225
121600 6.418367646454179
121700 7.28343515719988
121800 6.17411099324145
121900 8.642795621803609
122000 7.260886669114901
122100 5.052581176562019
122200 6.054743929489805
122300 9.316011064561387
122400 7.5408603869402455
122500 6.736456676521462
122600 7.482306653666228
122700 7.500454674553635
122800 7.514290420350766
122900 5.038854514978761
123000 8.535455539390911
123100 9.024924976585151
123200 8.552200334693826
123300 6.774836008074283
123400 8.049041295918801
123500 9.029766601612867
123600 8.572586921639086
123700 8.039162303023229
123800 6.828860786232027
123900 9.301887762117433
124000 5.056522383570807
124100 8.815006084178012
124200 8.63354276498032
124300 8.912708116270853
124400 9.920609443375728
124500 7.874321175297438
124600 7.617728444020931
124700 5.810207449138726
124800 6.472583337506307
124900 8.671716500200558
125000 6.972960181375905
125100 8.640841808879214
125200 8.612017008912963
125300 8.265204646798217
125400 6.766671878720438
125500 5.688473159540786
125600 6.069811035530311
125700 7.203659982161869
125800 6.659625756379898
125900 7.043051116049349
126000 6.7894122662981395
126100 5.944627306116517
126200 7.417167255940687
126300 7.464125546113356
126400 6.004336906204759
126500 8.72781585040535
126600 9.178783266058721
126700 8.398950907830267
126800 6.511950111269835
126900 7.281544484443277
127000 5.525033980615929
127100 6.212543193264492
127200 5.586456782614626
127300 9.32043258285468
127400 6.486603572631318
127500 8.556506890353154
127600 7.86978016716179
127700 7.654736310874715
127800 7.148225594539854
127900 7.45439112403491
128000 7.570870156600976
128100 7.734785407947376
128200 8.3125864398327
128300 9.148270421906696
128400 7.77942735202306
128500 6.662613583222526
128600 6.519563411045013
128700 6.97668515842812
128800 7.330725236099878
128900 8.137954992794725
129000 8.19155685815324
129100 8.316762776578518
129200 8.769926616548096
129300 9.001622529937308
129400 8.62444331731883
129500 8.023760804878671
129600 10.037357779107335
129700 8.248658677437653
129800 7.0743317133749635
129900 6.073878516607159
130000 7.152419562133414
130100 7.80951760564873
130200 7.193071970447016
130300 8.63126249917359
130400 7.58622083926089
130500 5.342533202384035
130600 4.404429200682893
130700 6.559848511458675
130800 7.309068671890401
130900 9.348524079688042
131000 8.308065098555906
131100 10.188262864743967
131200 7.65970497442381
131300 8.472068224346575
131400 6.18027555537012
131500 9.596631104234167
131600 5.976170030290723
131700 6.3816727707703835
131800 8.751302764031625
131900 6.664749193267448
132000 6.666788932082667
132100 5.465358662249001
132200 5.521308007915874
132300 3.8757185312368385
132400 4.446663129117498
132500 6.027748625317331
132600 7.039312204036182
132700 7.540238133487325
132800 8.56521095073123
132900 5.963163471766009
133000 6.948585737357097
133100 8.015275076072864
133200 8.723838692052345
133300 10.468035524973066
133400 8.149491389004728
133500 8.69370847266713
133600 6.52679481646406
133700 6.942689903587613
133800 5.892404304827864
133900 6.995802818391755
134000 10.611318283038516
134100 10.000600947893522
134200 9.41073244754558
134300 7.403247943723581
134400 8.675285982350864
134500 6.430784374981475
134600 6.120312739484426
134700 5.919434434442608
134800 6.030926489317503
134900 6.970145797287839
135000 7.621148147480994
135100 8.890044857477937
135200 8.944268064080287
135300 8.008848583136164
135400 7.0692924871179965
135500 7.489465073359834
135600 7.087143743741737
135700 7.733938289977654
135800 8.990552269206754
135900 9.987842198832999
136000 8.121469749735079
136100 7.285128685741168
136200 9.117873248797018
136300 8.171647502400106
136400 9.187790204920761
136500 7.321426215185634
136600 7.316313804462461
136700 7.360193433312486
136800 7.871263383838889
136900 7.316402891877047
137000 6.374713291881548
137100 8.127653201222085
137200 9.20084070965336
137300 9.004663496557404
137400 9.217298020784241
137500 9.178394400660995
137600 8.486673702578686
137700 7.9885451034980575
137800 8.475302426959136
137900 8.085418099279103
138000 7.739119538617541
138100 6.426886818678601
138200 6.535002357394976
138300 6.981048563962676
138400 7.441001267198673
138500 9.298565147275074
138600 8.584357127589186
138700 5.957864798222873
138800 8.801524486494921
138900 8.24648904586231
139000 7.228324942570704
139100 6.6473925380356
139200 7.873339396958346
139300 7.153262729108898
139400 7.52008825664324
139500 7.478560762005963
139600 7.655575145424535
139700 8.59452329355132
139800 4.696300504810617
139900 8.185644555652257
140000 9.213291661613399
140100 7.3054152355902255
140200 9.222155635194886
140300 5.871183859255842
140400 7.263392665705929
140500 7.819318937148295
140600 7.732055458085355
140700 8.110364762044973
140800 7.066240930685642
140900 7.875811810912565
141000 8.216269926953835
141100 8.557812315683954
141200 10.025648069404129
141300 10.097735569615688
141400 8.990350953313968
141500 7.155331985434395
141600 6.083138620014292
141700 6.116135634110802
141800 6.117238300833384
141900 4.565763706702334
142000 6.231447567564346
142100 5.936892276424997
142200 7.506587410525557
142300 6.2720407698338985
142400 7.704747959275347
142500 7.5255553479203625
142600 5.086856958512505
142700 7.896492348166424
142800 7.5822115091356155
142900 8.673066774870836
143000 8.348548232362438
143100 8.263288819463513
143200 6.666854571599358
143300 5.661397026498165
143400 5.681441739184861
143500 5.176895588499013
143600 6.873869273629216
143700 7.5533934017147555
143800 8.066655117802092
143900 9.184714464220473
144000 7.378391831324641
144100 5.194259618115496
144200 6.286288338069991
144300 5.855952994799696
144400 6.793860755722614
144500 8.56078220740057
144600 9.42356021316917
144700 7.839221310228781
144800 7.595567508656957
144900 8.36900880367909
145000 7.214793972985966
145100 9.586618922576475
145200 8.909667799300447
145300 7.497024178622454
145400 8.67038043086783
145500 7.060043625648672
145600 6.440006540761137
145700 5.875471863978553
145800 7.734249568143225
145900 7.935590671479136
146000 9.1383620994294
146100 8.224447053906285
146200 8.4251183495762
146300 8.108041181935704
146400 8.407933844882875
146500 9.411781501022597
146600 6.594617070996339
146700 7.940640910237776
146800 7.222945989714175
146900 6.990864032304999
147000 8.648833515530681
147100 7.000915346836405
147200 9.140112519608858
147300 8.249906548524558
147400 7.1895266619825104
147500 6.803365288177465
147600 6.677715006372095
147700 5.601430556215902
147800 6.838698095898227
147900 8.540751320768376
148000 7.504052609528437
148100 5.109767824058042
148200 5.585381270577359
148300 5.1413613118392725
148400 5.4865512878653515
148500 8.961389325175741
148600 8.428511176533172
148700 7.281095997347979
148800 6.291118871880474
148900 7.117846951975842
149000 7.540633519940475
149100 8.896081312503778
149200 8.279169966159554
149300 7.5399852994037175
149400 6.985684565645282
149500 7.126817580240525
149600 7.544531296505548
149700 7.06580863948953
149800 6.105569684298613
149900 6.043167501628489
150000 7.952977865558213
150100 8.761419375568382
150200 7.698326869164061
150300 7.331307906397041
150400 6.457069532822839
150500 7.094350232164476
150600 6.542999186272987
150700 7.25902657264206
150800 8.363628949282031
150900 5.350789947900102
151000 6.85818272314867
151100 6.828160385914311
151200 8.105117661108247
151300 6.771311678083352
151400 5.825891136398455
151500 7.755066555171352
151600 6.845608816961806
151700 7.266853783039301
151800 8.571940569452726
151900 6.264556318093109
152000 6.179373647487257
152100 6.018591594543042
152200 7.23900192286989
152300 9.292843616246856
152400 6.64441480203449
152500 7.84918784806341
152600 6.726679474293725
152700 6.674374841760646
152800 8.798408127003125
152900 8.38072593030548
153000 8.96118842927496
153100 9.35751466997049
153200 9.56235606775899
153300 8.865845550344511
153400 6.472971140877202
153500 7.6730506586792036
153600 5.664908476802903
153700 6.480793972366074
153800 7.128113265775153
153900 6.543145191515629
154000 7.725425069028363
154100 6.10929718912463
154200 8.972776445422717
154300 8.774258425903943
154400 10.420806013475422
154500 6.951319985060355
154600 6.153185484368558
154700 7.847012321026293
154800 6.322725791025919
154900 4.246717962130423
155000 7.248864985105473
155100 6.5661296861842455
155200 10.351226641449479
155300 8.779807128713971
155400 8.28325714926316
155500 7.242382749127778
155600 6.157817037975525
155700 6.422812692393408
155800 6.042228108844486
155900 5.50863547147636
156000 6.939908062267232
156100 7.675254215370376
156200 7.883715274988374
156300 7.278799954579976
156400 7.430907929186016
156500 6.905814546306865
156600 5.916919965089867
156700 7.168341723738348
156800 8.281938204423442
156900 7.404803099644884
157000 8.134316679745437
157100 9.821439080494617
157200 7.571506797049285
157300 8.978133001835575
157400 5.1954646135309455
157500 4.864719892074094
157600 6.2336285983017214
157700 4.8002233343915
157800 7.522651823816017
157900 9.120377655640587
158000 8.331127001579693
158100 8.478551258895216
158200 6.3288141636851005
158300 9.061162114942686
158400 9.541161016230369
158500 8.992567852877174
158600 8.784206212429192
158700 8.492647383916161
158800 8.809556466250932
158900 6.750697503150149
159000 9.006976252528208
159100 6.848316333633394
159200 8.225707866329346
159300 8.571953476416155
159400 8.28682782356187
159500 8.887139525310124
159600 9.205549339304975
159700 9.522739669210186
159800 6.809260197275243
159900 5.594005600772748
160000 7.1595074639569445
160100 7.64557278153099
160200 6.056019898712523
160300 8.984613345065982
160400 7.222935128506897
160500 8.042497076713511
160600 7.763577958654375
160700 7.178302364870058
160800 6.973935322343933
160900 8.803976874610242
161000 8.416082508593789
161100 7.359755856072741
161200 6.294992978212748
161300 9.099946549772953
161400 8.078393994282552
161500 8.85915665702016
161600 6.939789512417054
161700 4.88210205439082
161800 7.5360167474752675
161900 5.98495189336139
162000 5.661046623837801
162100 5.930406603954431
162200 6.526309313579012
162300 6.353739089918735
162400 6.3369205782552385
162500 7.243609126569588
162600 7.42789791152019
162700 7.483520770282532
162800 6.920855288193217
162900 6.969169315005957
163000 8.059610602126298
163100 7.100833009568689
163200 7.214103486629244
163300 8.020387910876986
163400 8.813723340908474
163500 7.3880660287334825
163600 6.630396246474674
163700 6.413514280847222
163800 7.554662777254484
163900 8.782863196822749
164000 9.307058442274874
164100 9.961289864928554
164200 8.313297724609685
164300 7.438848900471913
164400 8.402569874552055
164500 7.850798022810701
164600 6.931577012954042
164700 7.709842560724861
164800 8.404600202990373
164900 9.666483684899324
165000 9.973954862699344
165100 8.02613216171903
165200 7.415538008680029
165300 7.618833942677578
165400 6.387989421049713
165500 6.552361201139899
165600 5.678917740839475
165700 7.4807152307832805
165800 6.989132169721416
165900 5.032278475904874
166000 4.1443836463828925
166100 4.5741161208311585
166200 5.563227303225472
166300 7.193235801131013
166400 7.304884178021871
166500 7.625358968148065
166600 9.741918924582
166700 9.615796453208782
166800 9.313297857748967
166900 6.021585599606431
167000 6.775717845465083
167100 7.265141729662591
167200 5.535848321240243
167300 6.240850037838221
167400 8.18759644541278
167500 7.8302621535391905
167600 8.539370486923607
167700 7.260131799607919
167800 6.874644930972838
167900 4.813600945175859
168000 7.519607453669317
168100 6.326346418154921
168200 7.221346374910021
168300 7.834272737022801
168400 6.406778130575977
168500 5.492528681372213
168600 6.603363067086647
168700 5.4190251469026895
168800 6.614205416845355
168900 7.4980168340663145
169000 6.743614984873661
169100 6.55591670419036
169200 5.15852617649881
169300 3.3362990526771656
169400 6.705550403819469
169500 6.331831241696317
169600 7.324987038418814
169700 6.639083688687596
169800 7.053756012529938
169900 9.346376774731809
170000 5.6549445724943315
170100 6.5070282748456805
170200 8.09702841553133
170300 9.951262403716559
170400 7.626650997605835
170500 6.86568948250777
170600 6.498273723031767
170700 6.065086440814181
170800 6.867181092997736
170900 7.426598121364018
171000 7.675881580486306
171100 7.617862380389749
171200 7.988531457195215
171300 7.577263976841652
171400 5.988570945657526
171500 6.68444381703736
171600 5.993688734644522
171700 6.974103289518834
171800 6.4695203019627385
171900 5.312202368851611
172000 6.202726792882817
172100 5.987059744447523
172200 6.326772361576402
172300 6.228914421979177
172400 4.814012529997378
172500 3.7825534037445374
172600 3.5471016860011684
172700 6.089918036911234
172800 7.5935923570935095
172900 9.462413753564569
173000 6.854310057696981
173100 7.912192964078424
173200 6.267951265667255
173300 8.571785451429593
173400 7.582611980062714
173500 9.665078132754582
173600 7.968031863324179
173700 8.270185900767498
173800 7.893533245790265
173900 7.158638194720168
174000 6.902137759924104
174100 7.466397632750404
174200 6.932821750494175
174300 8.083630353012994
174400 8.98460726931768
174500 7.711118030798433
174600 7.605031951447862
174700 8.29419419584354
174800 8.711431183227512
174900 8.839290360488114
175000 8.869327135554052
175100 8.315823001909491
175200 5.3630850079146155
175300 5.176434875083314
175400 6.164672721826077
175500 8.173272899745493
175600 7.985964777127814
175700 6.15340953798461
175800 8.054599506361997
175900 8.4835066907175
176000 8.990268415505392
176100 8.20721095251302
176200 6.421878951722867
176300 7.801458386999707
176400 10.326305309981523
176500 7.228747953402273
176600 7.776222070067845
176700 7.549507208973405
176800 5.8772277210865145
176900 7.949637901243798
177000 7.658402424392625
177100 8.45625444643025
177200 8.75523326140364
177300 7.839095521939082
177400 7.3510292706877935
177500 8.01755871475958
177600 6.990459782545751
177700 5.898007983767968
177800 6.233634063241035
177900 7.508779146052633
178000 6.003328450285057
178100 5.444366848682073
178200 7.739875198945891
178300 10.6332785757492
178400 10.202991323850906
178500 8.257571135670362
178600 7.838892080789727
178700 7.549476025690761
178800 6.920877915345115
178900 6.8304356900795336
179000 6.796659292929747
179100 9.054720397367852
179200 7.775153119439612
179300 4.8291126811207175
179400 6.004654546934926
179500 6.882270686364908
179600 7.796722136214153
179700 6.564334916755191
179800 7.777397572044578
179900 6.110374381915998
180000 5.684742054762837
180100 5.408792497507358
180200 7.510266081612045
180300 7.516084954344319
180400 7.469347143265574
180500 7.619397844522042
180600 6.859075810471728
180700 9.362374898537992
180800 6.098041643924773
180900 7.303353635308114
181000 6.52682963877553
181100 7.074813189253564
181200 6.1131354166719465
181300 8.592661109580941
181400 6.423279617675089
181500 5.420745209380961
181600 6.583679244230398
181700 7.202123533834782
181800 8.694283091862905
181900 7.540793832468454
182000 5.847511055412913
182100 6.946404226062269
182200 8.09140988906848
182300 7.74123562557668
182400 5.493532996866012
182500 9.949644087956525
182600 6.630451790335065
182700 6.9257125523361935
182800 8.92729280056666
182900 8.195708925172296
183000 9.281613890987211
183100 8.741151326728545
183200 7.7014390380622535
183300 8.217892999311998
183400 7.404856469814002
183500 6.6295532276233144
183600 8.13705019661014
183700 7.6380404328558935
183800 8.559100845092956
183900 9.452035985476517
184000 7.3128923826955
184100 7.327257719734765
184200 6.985528438676576
184300 8.16556622969597
184400 8.307418828478323
184500 7.3072019960696215
184600 5.571608032752415
184700 5.868656607725255
184800 5.604779471998355
184900 6.819512263137794
185000 6.7996486415032775
185100 7.9954526980042315
185200 6.5827806742086725
185300 8.600565773080618
185400 7.820141520683227
185500 4.0531815693730024
185600 4.6985519499993
185700 7.3726849431146695
185800 7.301784958676606
185900 8.542060133516177
186000 8.642256556608503
186100 6.191797870845503
186200 8.165642751163505
186300 8.150413066557356
186400 8.567536213907642
186500 7.574726271085243
186600 6.023073373327136
186700 8.412560767733241
186800 8.527364496021361
186900 7.714306591853185
187000 6.233470941219816
187100 6.804156699804922
187200 7.914222065916486
187300 8.331450894161472
187400 8.583389655428064
187500 8.045812611479272
187600 9.182368859936366
187700 8.107878957350158
187800 8.070157985870333
187900 6.3639647011375375
188000 9.358837612544297
188100 9.390305296655455
188200 8.726674339581162
188300 9.56469651158461
188400 9.387172107720408
188500 8.634393723434446
188600 7.54396085436169
188700 4.910398954914803
188800 6.679087066373381
188900 5.905644454020553
189000 6.921653333060133
189100 7.325880173345476
189200 7.017550467741036
189300 7.422024626821584
189400 6.940291840459033
189500 8.563108125772347
189600 8.566657571308772
189700 7.742810258943431
189800 6.931566396655918
189900 7.068819372672033
190000 6.328838656326697
190100 5.389172017128852
190200 4.921373980324849
190300 5.068447414630977
190400 8.082981043067976
190500 7.858105432286407
190600 7.996223248780312
190700 8.763646545805083
190800 7.3666197143214465
190900 8.7783535401149
191000 6.562289825953562
191100 8.91543821540849
191200 8.624366034990365
191300 8.138886714041483
191400 7.67146482989339
191500 6.545146787197868
191600 7.1678461957729045
191700 6.646384113889584
191800 7.877845220009216
191900 8.493778829584546
192000 8.228256118494045
192100 8.253893977013878
192200 7.6152861940502135
192300 6.045310749610608
192400 6.005152992586757
192500 6.589500883194192
192600 7.864086756024173
192700 7.671191664050545
192800 6.335402074336072
192900 5.9642371182888265
193000 8.328208770529963
193100 6.235947425298097
193200 8.086692340157075
193300 7.229660339147334
193400 7.171528716837234
193500 7.714913783768011
193600 9.349186669857234
193700 7.640604479185568
193800 7.92755081589779
193900 7.834759789546444
194000 8.229950228348919
194100 7.388092539666203
194200 8.239060519204603
194300 7.395010788697197
194400 5.931230291692012
194500 6.550123052920433
194600 5.002702919170843
194700 6.5542220958584085
194800 7.308448068474567
194900 5.226618828210681
195000 6.071454768708323
195100 7.687366524893099
195200 7.929989753471893
195300 8.45371540229946
195400 7.585030486124679
195500 8.546342544381893
195600 8.846037959118764
195700 9.539568851450843
195800 10.49470719060259
195900 9.051983989362657
196000 8.099289312748638
196100 6.351121719880595
196200 5.722649970245348
196300 7.8757472398721635
196400 7.803831913777946
196500 6.937042989613442
196600 6.822707839543646
196700 7.898616923983585
196800 8.260272672678418
196900 5.927001813326381
197000 7.165955934298645
197100 9.49733776285162
197200 8.186936007372099
197300 7.382318874897372
197400 6.856315183107359
197500 6.501798368645123
197600 7.137535854156874
197700 6.893727455727085
197800 6.267532658580612
197900 6.776911925907823
198000 6.462695659035504
198100 7.0543687791488665
198200 6.663265978117341
198300 6.338108039386348
198400 8.405791979750058
198500 8.07825497801715
198600 6.9021564777530156
198700 8.246634302729456
198800 8.45056739886239
198900 7.5224416943587125
199000 7.7369344790614765
199100 8.67687557521227
199200 9.513245790470618
199300 7.2043846120621495
199400 6.072421704832017
199500 7.2123041003652455
199600 6.454902075068758
199700 7.382687313259421
199800 6.773870391529822
199900 7.525199364026418
200000 6.809674255802587
