100 19.523311490688556
200 18.549476462012294
300 18.695411772425
400 17.61233546082306
500 17.2258211347849
600 19.221227513931296
700 19.085134852595925
800 19.425941067737288
900 18.512114497719107
1000 17.22054166712994
1100 18.52298489792757
1200 18.819167007848396
1300 17.982925044062544
1400 17.753928963196355
1500 18.555306869007744
1600 19.39580090053196
1700 17.99610776417494
1800 19.599081775561558
1900 19.54633309556456
2000 19.002209769207436
2100 19.255937060977743
2200 19.39620661665184
2300 18.4139411707039
2400 18.951505196738946
2500 18.65105872838957
2600 17.26081457373482
2700 18.049111689402565
2800 17.026560073096846
2900 19.28206302623236
3000 18.212775682960647
3100 16.709909166628417
3200 18.89114014289182
3300 18.493868534604374
3400 18.397700423450072
3500 18.853300091324147
3600 19.34505129966774
3700 18.292033406098565
3800 18.552430519163135
3900 18.906839756451703
4000 19.130549590338678
4100 19.417690635809684
4200 17.86393824892752
4300 19.31706888429833
4400 17.755079999234688
4500 18.046488239341148
4600 17.835670866120402
4700 17.476277998338414
4800 17.881144079047857
4900 17.662776342910956
5000 18.422239571794805
5100 17.894893432266525
5200 19.203730560248257
5300 18.182627320387866
5400 18.325027013686523
5500 18.59212463302347
5600 17.21157376351947
5700 18.769220209816236
5800 19.27595427019383
5900 18.913886664279975
6000 18.86010255597609
6100 18.171305980492665
6200 17.945130611143245
6300 17.73056137372399
6400 18.790096697029547
6500 18.804599268034025
6600 19.41574258007245
6700 19.16065661031921
6800 16.757982005225518
6900 18.373843372920796
7000 18.689511404574315
7100 17.775465405053612
7200 18.30757008227179
7300 19.072018949665992
7400 19.12952566135757
7500 19.51079469888351
7600 18.78586566504791
7700 18.622717545033105
7800 17.99895347306178
7900 18.215661569481604
8000 18.8547934119927
8100 18.166935284173558
8200 18.747607752688772
8300 19.746098542677196
8400 17.62039730087834
8500 18.296366180205798
8600 18.579076079660908
8700 15.80648473646229
8800 17.31263133111504
8900 19.04456963238849
9000 17.69763011837134
9100 19.270136440586786
9200 18.80791627072014
9300 17.916993763341154
9400 17.51740461989837
9500 18.504126188861584
9600 18.5129578311726
9700 17.54649876436341
9800 18.944063409934664
9900 19.01653517461811
10000 19.463356124247536
10100 17.376307516668323
10200 17.55540886317689
10300 19.488363991722892
10400 19.305115913323636
10500 19.546745137933478
10600 17.405665161129665
10700 19.051867708083968
10800 18.77631059916761
10900 18.6596694379586
11000 18.529942878156152
11100 19.10803611641453
11200 17.47847642544769
11300 18.720167726092335
11400 18.45118505028503
11500 19.386337881122813
11600 19.155821873802918
11700 18.519693550110848
11800 17.779259058159806
11900 17.16356824317796
12000 18.1593825477103
12100 17.483195415242466
12200 18.976387853997718
12300 17.86354837364124
12400 18.055979557871645
12500 18.24575595114533
12600 18.17135200425688
12700 19.231141787626928
12800 18.632711725337142
12900 17.511001723023764
13000 18.084752882308145
13100 17.611107645056496
13200 17.572705400678853
13300 18.41950209562085
13400 18.59567967869385
13500 18.710538880072576
13600 18.60219824931728
13700 19.320238226890186
13800 18.588774059544946
13900 18.421885528074863
14000 17.87365706540423
14100 17.47461189459665
14200 19.15807145906142
14300 17.852544566316144
14400 16.46543940619189
14500 17.937589829598927
14600 17.302278455243485
14700 17.861748866732416
14800 19.247908636322066
14900 19.129125242040374
15000 18.895250483974557
15100 18.67340740196124
15200 18.146261138131408
15300 18.531383783740555
15400 18.804778456988736
15500 18.79884764740248
15600 19.443514275697733
15700 18.19534689693205
15800 18.361899802456122
15900 18.683843008043144
16000 18.964226236369914
16100 19.497083401039834
16200 18.527619063466055
16300 18.62251791759405
16400 18.91708995539424
16500 19.136659109196774
16600 18.461498458584405
16700 18.65825922470047
16800 16.81499590497194
16900 18.52146379619213
17000 17.24935638329098
17100 17.66298554178562
17200 18.791905136224948
17300 19.325439787861143
17400 17.881632448131672
17500 18.79141727674148
17600 16.586895361021817
17700 18.420907958916793
17800 18.25993696248956
17900 18.279039585977714
18000 19.21583103809007
18100 17.604457952261015
18200 18.947822443794397
18300 16.437523177999562
18400 17.086111828238476
18500 17.789598673331863
18600 18.18824827673267
18700 18.714427234306054
18800 18.36189841487766
18900 17.873986316735543
19000 19.04921399235095
19100 19.037691350252793
19200 18.89450391823545
19300 18.06621557172379
19400 19.035704063617484
19500 19.257558422936686
19600 17.887406304059503
19700 16.68525246785692
19800 19.394639417561592
19900 18.173124965579923
20000 17.973520947632043
20100 18.44485986284406
20200 15.654132334533585
20300 19.154054725774614
20400 18.348856757073545
20500 18.63908728413705
20600 17.571855054887155
20700 18.750744869064686
20800 17.191260388698353
20900 18.63423016713911
21000 19.195395070871697
21100 15.953501147679935
21200 18.548318546923745
21300 18.697947718560794
21400 17.896554397709505
21500 17.49654154691601
21600 18.63975168756844
21700 18.96678923052643
21800 18.862238886058304
21900 18.211548847184595
22000 18.459516960491744
22100 18.35226490288932
22200 19.36135775225659
22300 17.03424696007673
22400 18.55633116111079
22500 18.053894709071116
22600 19.23588091100718
22700 18.784972076819514
22800 18.33746494526641
22900 17.786327560920764
23000 19.13828196540829
23100 17.356390061442053
23200 18.409232559324405
23300 19.33961688540285
23400 19.46352002482365
23500 17.24995196300952
23600 18.50340041027625
23700 18.070296297658263
23800 18.713183644194395
23900 18.690484339726076
24000 19.559753803493297
24100 18.77883069569452
24200 18.88634980729391
24300 18.62241771723752
24400 19.309190842164313
24500 18.356716815251854
24600 19.376033804666722
24700 17.823747882402483
24800 18.812458705978806
24900 18.46798955627614
25000 17.7743969760664
25100 17.881895851408306
25200 16.163147550118882
25300 19.063112077937735
25400 18.030580067817443
25500 18.168726474207546
25600 18.26009568332031
25700 18.425628426527393
25800 17.941149136324896
25900 18.637922142754697
26000 18.676868722374653
26100 18.940520900552606
26200 18.306308712759357
26300 18.581362421818366
26400 18.824074211315168
26500 18.228714475689646
26600 18.796924040044086
26700 17.654990044060956
26800 18.148419563462152
26900 19.51923859635405
27000 18.831835521560457
27100 18.472758337172298
27200 19.079793475727886
27300 19.589999137262037
27400 18.485487436205368
27500 18.372017405691874
27600 19.079776559902644
27700 18.98239445919503
27800 19.14768561061109
27900 19.32893885767924
28000 17.170395567807063
28100 18.44064164720516
28200 18.841160884126886
28300 18.27885590570115
28400 17.53111859476062
28500 18.92841989465556
28600 19.143267079514132
28700 18.62854198994586
28800 18.170412327207707
28900 19.263323921956076
29000 19.104624697382118
29100 19.525460972431322
29200 18.622004489405164
29300 18.92113501227067
29400 17.678115186818058
29500 19.49690514129945
29600 17.031891236512106
29700 18.446288852232968
29800 19.294160498653774
29900 18.909523150791433
30000 19.019869571602865
30100 18.535142039197016
30200 18.83252915500033
30300 18.101460066529977
30400 18.398323883158373
30500 18.175014057137638
30600 19.22829751167464
30700 18.053089496600432
30800 17.978003639699804
30900 18.37576507906091
31000 19.541864800810067
31100 18.569152718275472
31200 19.452912665120184
31300 18.855443465644356
31400 18.852348132168764
31500 16.91537882967956
31600 17.801114553679636
31700 18.369781397523187
31800 18.806431229257864
31900 18.863241573729333
32000 18.734045380401223
32100 18.774489504272978
32200 18.251594289812903
32300 17.787511877846203
32400 19.127629967872757
32500 18.405652176344763
32600 17.355228273009967
32700 18.115022852266105
32800 17.69335674015531
32900 18.7330890980844
33000 17.767516957045792
33100 18.188151513894507
33200 18.357694123360844
33300 17.853865099391708
33400 19.09267727744201
33500 16.95520394526738
33600 18.99513366231477
33700 18.046681877176194
33800 19.6650865200626
33900 19.171385825351347
34000 18.734438607741943
34100 17.93997674820183
34200 18.701619536491084
34300 18.1735946330124
34400 17.567436509897753
34500 18.24892476650473
34600 19.61034382377031
34700 19.442731976363387
34800 18.690256020618374
34900 17.477542661506387
35000 19.27755211572485
35100 17.567173192099872
35200 18.346084491756336
35300 18.4192726225525
35400 17.277282619635244
35500 18.482522764533886
35600 18.44532048974055
35700 18.1620686650823
35800 18.620975784776704
35900 19.126668265244124
36000 19.16847206014364
36100 16.652321590357705
36200 17.862657788983956
36300 17.206667039960124
36400 18.79775453811712
36500 19.381830397848
36600 17.495544242584796
36700 19.089085873855602
36800 18.15195102032114
36900 18.443801644728385
37000 18.180400661923972
37100 17.58548870215545
37200 19.5975445603268
37300 18.35956171704382
37400 17.52403496005953
37500 19.660296201112665
37600 18.440075440971015
37700 18.408058454372885
37800 18.092930734814118
37900 19.04934385607235
38000 18.447580122623194
38100 19.20827852738085
38200 18.404167442629056
38300 18.396710307468844
38400 18.40850107446444
38500 18.40046770165649
38600 18.788648087743514
38700 17.635429651236493
38800 18.18285217894545
38900 19.500020018427083
39000 18.60798856266632
39100 18.242034415115995
39200 18.649364339244475
39300 17.72385942349363
39400 18.957559635334725
39500 17.862455694628164
39600 17.67418519142963
39700 18.795721952641312
39800 18.199803483405166
39900 18.38214057221163
40000 19.14919785889139
40100 18.417981851805955
40200 17.343379383947433
40300 18.771784580857528
40400 19.43656576420998
40500 17.949449207213515
40600 18.59918308386593
40700 18.348899314014346
40800 18.380660109590327
40900 17.797809763824727
41000 17.315289483065758
41100 16.463545282426892
41200 17.94565803653814
41300 17.755097521378804
41400 19.505860713744962
41500 18.1037747876231
41600 19.285533184692248
41700 19.169374755010246
41800 19.08304689056898
41900 18.15440394975853
42000 18.410694719490802
42100 18.006732212393732
42200 19.09186196882279
42300 16.952716820548464
42400 17.639392435108643
42500 17.038937218427222
42600 19.313154298400317
42700 18.88809888156014
42800 18.947692527999475
42900 18.24313393766828
43000 17.055358760131973
43100 18.9215919282699
43200 17.69297081384831
43300 18.244793941346
43400 18.660326078810986
43500 18.174338473499855
43600 18.641491756719137
43700 18.21038793530827
43800 18.29107413520962
43900 19.043156522772545
44000 17.814287237092888
44100 18.614226604564177
44200 19.44565396326621
44300 17.768684418178857
44400 18.216535603290815
44500 18.641509096390504
44600 18.00372630748342
44700 16.98686018142
44800 17.67209055767936
44900 17.796729384438656
45000 18.695664912602723
45100 16.31750958021475
45200 19.50692736929484
45300 18.828119298204122
45400 19.21559068760498
45500 18.545476934179238
45600 18.59160245021337
45700 19.36384204701761
45800 18.855981446296127
45900 18.515500981880233
46000 16.554810555534637
46100 18.484061334019607
46200 19.07158110083331
46300 17.406697408901792
46400 18.19162096174047
46500 19.076012976669436
46600 18.22640873585725
46700 18.289381595281533
46800 18.77192806508414
46900 18.057247226659488
47000 18.911869168680074
47100 18.90985811228024
47200 19.398982669970938
47300 19.29301554437966
47400 17.191527042789115
47500 17.451496340877
47600 19.0435759876134
47700 18.8010297886526
47800 18.802474040734847
47900 19.335692146137664
48000 17.822444686559805
48100 18.065711001681034
48200 17.775357340836955
48300 19.022951075318925
48400 18.138333448469957
48500 18.670432296115013
48600 19.11912348589584
48700 19.25385562973991
48800 19.207801482077127
48900 18.450095067488835
49000 19.271910967055497
49100 19.244052742040232
49200 18.66868225636811
49300 16.993605090874834
49400 18.71673296871215
49500 18.625949375932205
49600 17.60503156935051
49700 18.584614510408777
49800 18.379793519947434
49900 18.198892260694652
50000 18.63624635194911
50100 16.82786142405365
50200 19.092312683308908
50300 17.58690648773768
50400 19.055763257185117
50500 19.58849252853634
50600 17.437178888040073
50700 18.82294381806697
50800 18.929441587849755
50900 17.722753887836557
51000 17.21796353016116
51100 19.079249634913403
51200 18.281072568748332
51300 19.01292281299008
51400 17.711419598663525
51500 19.18195348832917
51600 19.195983393239036
51700 19.168964003502936
51800 18.32232017907368
51900 18.424432034596727
52000 18.483811981130803
52100 18.713086012815324
52200 18.590317603492174
52300 16.72794422410566
52400 18.273195206955087
52500 17.516116818731465
52600 17.87395904812798
52700 18.304415651741813
52800 18.019223370602415
52900 18.71489169041208
53000 18.63606686017441
53100 17.6655963734861
53200 17.487931494868054
53300 16.756552898685662
53400 18.366872306125273
53500 16.987775351648228
53600 18.800611629362944
53700 18.041659385340683
53800 19.04117046080862
53900 18.459632884607963
54000 17.71651020458696
54100 18.504213135356075
54200 19.120107074497167
54300 18.942359192213164
54400 18.767155855056238
54500 17.91481352015118
54600 18.83391735583669
54700 19.17322070659231
54800 18.33426220333149
54900 18.0285663450286
55000 19.26829377115997
55100 19.416764469791474
55200 19.096604679890646
55300 18.976400646031532
55400 18.520112357923704
55500 18.336079552005522
55600 18.67145774647519
55700 18.442170852055067
55800 17.79600090888438
55900 18.329054228425967
56000 18.278800984573532
56100 19.224806405091773
56200 19.379900862175603
56300 19.142828925130097
56400 17.889484972715834
56500 16.923218857879306
56600 17.550382407234828
56700 17.7017162200609
56800 17.23384382384854
56900 17.45579546544958
57000 18.602174171650393
57100 18.190873931740345
57200 18.4633627496635
57300 18.42975854348022
57400 18.796354333282448
57500 18.38858026001203
57600 18.962545267062946
57700 18.810536440537213
57800 19.454997309233896
57900 17.924701413549535
58000 18.562710403365944
58100 17.62400166331418
58200 19.173459704770405
58300 17.930348697415344
58400 18.384395854345613
58500 17.43717112306116
58600 16.892728279366935
58700 18.53882495432573
58800 18.631244989957082
58900 17.498792377762403
59000 18.459437201063718
59100 18.914914282047047
59200 18.561807492872717
59300 19.063891599121213
59400 18.211541012093864
59500 18.576515139403483
59600 18.477515319949323
59700 18.20620184839531
59800 17.51067223793803
59900 18.535963734767
60000 18.44116388271644
60100 18.7009382645142
60200 18.552294615288936
60300 18.79029553182256
60400 19.154867065493086
60500 19.346788469922824
60600 16.882506057609138
60700 17.93746806861937
60800 17.859442138815655
60900 18.66332684320202
61000 18.56278986217184
61100 18.781306079490953
61200 16.54362100149167
61300 18.53447769042257
61400 18.681166306387528
61500 17.938035861270116
61600 19.387575674135167
61700 18.757623674119245
61800 18.170817148885742
61900 19.337229303612936
62000 18.138568900707224
62100 19.53634226121115
62200 18.20073848529796
62300 17.273545767659705
62400 18.38102505926302
62500 17.33355484286813
62600 17.279170614297218
62700 18.35829107049313
62800 18.223963645849743
62900 18.68737511282111
63000 19.10369215345596
63100 18.697473766338277
63200 19.026289190509758
63300 17.65298275964034
63400 19.053589040644418
63500 18.536305466667493
63600 18.6052368755918
63700 19.094672899901997
63800 18.91345423184982
63900 19.013197659948695
64000 19.19772014547453
64100 18.105520487154358
64200 17.948127877330773
64300 18.56330037795262
64400 18.973525898316137
64500 15.780198236653503
64600 18.523851668967527
64700 17.954339559204698
64800 17.97368924939956
64900 17.947348524865145
65000 15.7889804685872
65100 18.424669943665048
65200 17.963798003619097
65300 19.43471855701305
65400 17.69870590501834
65500 17.736035595187015
65600 18.70954853766368
65700 18.92277900094489
65800 18.880870761679915
65900 19.177266870617743
66000 18.58682864292217
66100 17.976580533786546
66200 18.84375510729999
66300 19.115449940712722
66400 18.49406342484034
66500 17.52164823818465
66600 17.198593003157292
66700 17.854961572103377
66800 18.272470992023038
66900 18.65311786716254
67000 19.402911193318708
67100 18.24390945652172
67200 18.282658691594463
67300 18.13852961572862
67400 18.78546774044995
67500 17.399632702361426
67600 18.488611249327754
67700 19.023641355420068
67800 19.296992804925964
67900 17.285606407398678
68000 18.358198546306138
68100 18.191065969128566
68200 19.491196191715428
68300 18.11953732813945
68400 18.38430971100724
68500 18.77666606244082
68600 17.612437995346014
68700 18.90072817355159
68800 18.37818539628747
68900 18.650721608493768
69000 19.03030899430255
69100 18.933734399508268
69200 18.94731225005853
69300 18.99111362998081
69400 18.657177807247805
69500 17.710464027389424
69600 18.082889296113045
69700 17.57898595520822
69800 19.174620898951655
69900 19.410979303844694
70000 17.672600175262097
70100 19.475620882035923
70200 17.666941303739137
70300 18.006073633931422
70400 17.5745064862377
70500 18.5319677525848
70600 18.98728885796915
70700 18.79039638259542
70800 18.701370914073102
70900 18.506930095042446
71000 18.648237220585834
71100 18.241437996528514
71200 19.516532587903512
71300 19.444283367640224
71400 18.455336224005688
71500 18.705390859773754
71600 18.949452918604937
71700 18.541173965016068
71800 18.69234729129628
71900 19.51959146633068
72000 18.56536197839786
72100 17.815186559755155
72200 18.173856636788738
72300 18.98991368732413
72400 18.843276370818447
72500 19.247776013218612
72600 18.437656278832357
72700 19.315571838536385
72800 18.95671949759206
72900 17.856085914196345
73000 16.91875580457303
73100 18.85461775377549
73200 18.032308485028437
73300 18.468983957607108
73400 18.393746893710095
73500 19.03842899297059
73600 18.065238184025876
73700 19.601424950574796
73800 19.221078413701893
73900 18.942022068449074
74000 17.456200674441746
74100 19.07677391129474
74200 18.081376832912373
74300 18.708458640312077
74400 18.67081155031664
74500 19.007197066814662
74600 18.394777675014808
74700 18.3378057013834
74800 18.40987300429317
74900 18.32243470471159
75000 18.062505466201426
75100 17.40356877146934
75200 18.5846475474702
75300 18.74741803443817
75400 18.715177912622202
75500 19.203479206845245
75600 18.493149312640586
75700 18.92913102845672
75800 18.6903115365127
75900 18.764468016244372
76000 19.245733569597224
76100 18.71618696641473
76200 19.058864357769902
76300 17.72254287395201
76400 19.481607700609885
76500 19.269055210425293
76600 17.46258453135881
76700 18.27732181409202
76800 18.94670217384038
76900 18.720475796719384
77000 18.73810086630735
77100 18.223719192682065
77200 17.46428391658801
77300 18.70302143185897
77400 17.69232680916074
77500 18.673915686442783
77600 18.162277326065873
77700 18.55516498606829
77800 17.2939231320417
77900 19.257021581510287
78000 18.54250683055651
78100 18.866416076879986
78200 18.465135961187922
78300 19.040551108102285
78400 18.938392502916113
78500 18.55962210175953
78600 19.040950140780474
78700 17.872900846084026
78800 18.72983528425094
78900 18.744704222560916
79000 19.015448760350434
79100 18.189072922127004
79200 18.858013070808024
79300 19.292245713829363
79400 18.37680834855862
79500 18.717383305712485
79600 19.489556507374065
79700 18.895934130944745
79800 18.540610600310085
79900 17.52799801957523
80000 18.09805133845787
80100 18.456556412931167
80200 19.092620947989257
80300 18.245543579075708
80400 18.47612998175474
80500 18.77099778991325
80600 18.7383187683008
80700 17.82762148479591
80800 18.764868930335215
80900 17.61351185979033
81000 18.926991717655913
81100 17.579969342520783
81200 18.097970737240978
81300 18.49841729403696
81400 17.663464937250676
81500 17.95593112190135
81600 17.925996441963957
81700 18.65813639793726
81800 17.95217712528428
81900 17.766253990475064
82000 18.56802445977605
82100 18.956401774273882
82200 17.505486929213575
82300 18.47531325344356
82400 17.325886105980924
82500 18.83372756771773
82600 19.378978696763816
82700 19.343592090929885
82800 18.38609361731663
82900 18.981142583953236
83000 19.144198233654144
83100 18.082943323753202
83200 18.274268953865548
83300 18.429884830954858
83400 18.426680841178573
83500 17.50078375370089
83600 18.376706941768457
83700 18.7153250422047
83800 19.617172127419927
83900 17.95034362111233
84000 17.508049512298122
84100 19.373856474955584
84200 17.89404710168613
84300 18.290703428132314
84400 18.745041593760305
84500 16.852682682934176
84600 18.656172021223508
84700 16.916140076293274
84800 19.261729520292793
84900 19.094055773827744
85000 18.007162478444005
85100 18.552154661749483
85200 17.049036094038634
85300 18.054981799498616
85400 17.592712537660812
85500 17.582221447945624
85600 19.026615370703155
85700 18.592952569468522
85800 19.019916073056425
85900 18.35404965412064
86000 19.003405036076487
86100 17.928776055949232
86200 17.939707119741257
86300 18.187946378153807
86400 17.460320553553114
86500 17.814445472021735
86600 17.612475654670416
86700 18.51796289836522
86800 19.129510553895134
86900 17.901194274768663
87000 19.279545111927543
87100 18.779471469018727
87200 19.457769744951488
87300 18.882461617189307
87400 18.794765942908175
87500 18.16213809725066
87600 18.684187635406545
87700 19.006655540328435
87800 17.286258734264614
87900 18.60875031265541
88000 17.01568051944864
88100 16.813351662746978
88200 16.18084643662821
88300 18.95867792410777
88400 17.478967010029752
88500 17.441005139128993
88600 18.317589909991188
88700 18.08996243787604
88800 19.17435228165132
88900 18.134473040568825
89000 19.16822859830401
89100 19.20527605538416
89200 19.15506969126585
89300 18.429112214332967
89400 18.54701441630763
89500 17.49066168080062
89600 18.914097799834988
89700 18.54142089315243
89800 18.711473415698517
89900 18.111495312020292
90000 19.468738680384693
90100 17.79915296827888
90200 18.69964789903743
90300 19.44636872726444
90400 17.83821394436812
90500 18.469675864806817
90600 18.52466535061455
90700 19.01659011754932
90800 18.0933962076426
90900 17.134716093529487
91000 19.110931213852336
91100 18.687439293533572
91200 18.879347330362407
91300 18.965130139466527
91400 15.958552667200724
91500 18.685643534599205
91600 19.43055658520886
91700 18.47762865013003
91800 17.933338494119457
91900 17.83643051939676
92000 19.3086271443009
92100 17.809779585932294
92200 17.299648065266354
92300 17.618663247060166
92400 18.538075723829706
92500 19.27501326908365
92600 16.599846467460146
92700 18.467300953018654
92800 17.2869264102486
92900 17.764481261130218
93000 19.27082101314999
93100 19.34975380873893
93200 18.45136611549725
93300 18.42665173319379
93400 18.42666941343983
93500 17.37112996632483
93600 17.710459773119496
93700 17.39877543319575
93800 19.473800933766036
93900 18.566803407939023
94000 17.963137837816433
94100 18.857486925392294
94200 19.192084527816824
94300 18.316120530269593
94400 18.184858362715293
94500 17.554282137679674
94600 18.220182244538076
94700 18.783375534939086
94800 18.60267220729052
94900 19.229767429561075
95000 15.731807527400697
95100 18.005389169975636
95200 19.004679825940702
95300 18.3939614471527
95400 17.078436479901036
95500 16.78775261130477
95600 17.884032631027367
95700 18.910917932078153
95800 16.764508293185038
95900 18.884025931118238
96000 18.515514061771366
96100 16.803671577577553
96200 18.574023515976723
96300 17.673127139901453
96400 18.308128346714838
96500 18.175760460515026
96600 18.031145461291008
96700 17.30843304219042
96800 18.52316956778699
96900 18.46572869339867
97000 17.59049903433315
97100 19.1213903758556
97200 19.49355258841074
97300 19.088412785012817
97400 18.764503858452848
97500 17.134303705619956
97600 18.451041833212305
97700 16.363166706330524
97800 16.564218430076597
97900 18.457858775317987
98000 16.562782942095964
98100 18.735062704372396
98200 18.96483364207751
98300 18.83378694447894
98400 18.02185738058983
98500 19.298035591168695
98600 18.471007975704325
98700 18.238452421919646
98800 16.546555369286594
98900 18.983419312730014
99000 19.08914841141022
99100 18.381479454452105
99200 18.620183836297624
99300 16.923723967780116
99400 17.297969959507636
99500 17.206803343194025
99600 18.962720474986067
99700 18.12768692353407
99800 19.06224696621449
99900 17.769646455153044
100000 18.380784301003676
100100 18.33411739397331
100200 18.42389929747204
100300 18.50952067328074
100400 19.215357823212152
100500 18.774244933798126
100600 18.407614578156835
100700 18.211242723809985
100800 17.580296884859816
100900 19.18101770370996
101000 18.456757025174614
101100 19.25481180778811
101200 18.95586531614092
101300 16.85195355333893
101400 15.921097082711295
101500 19.41168938198644
101600 17.990585856945515
101700 17.09100665681626
101800 18.86484060127243
101900 18.43383952365172
102000 18.739446693068597
102100 17.77826977713123
102200 18.25222846966344
102300 17.51141277107676
102400 19.16323242072612
102500 18.907359906014264
102600 19.187453709267412
102700 18.12182468371015
102800 18.869388699762656
102900 18.068505136436954
103000 18.740607430361653
103100 18.935624856855636
103200 19.158557133824843
103300 19.60098009008729
103400 17.78941629785274
103500 18.026484942831896
103600 18.47013359122646
103700 18.499573029051067
103800 18.2430536256752
103900 18.01793619561582
104000 19.452159294728645
104100 19.185532034803597
104200 18.587391328930675
104300 17.67831295619657
104400 18.751498506050957
104500 17.980913401792158
104600 18.447614551551197
104700 18.97165954589857
104800 18.577754916711378
104900 18.223270746107165
105000 19.35700690327798
105100 18.778275143583894
105200 17.745175399541235
105300 19.29443410010419
105400 19.245424684293805
105500 17.93216589401661
105600 18.3242302016215
105700 19.06800390000652
105800 19.6349692007631
105900 18.587711144235236
106000 18.523524910168817
106100 17.96248136833594
106200 19.463355793646073
106300 18.858375108428973
106400 18.896848914851482
106500 19.190509325602356
106600 17.120009205143585
106700 17.7642445927996
106800 18.66680508181995
106900 19.073149108633235
107000 17.59669905486638
107100 19.05958279669419
107200 18.161395829649585
107300 18.414463185131794
107400 18.7020502344208
107500 17.319046303310813
107600 18.445043051847104
107700 17.63708313683604
107800 18.44495435976305
107900 19.14317591088262
108000 17.606097327874465
108100 19.021797702482523
108200 18.01212516368776
108300 19.300900069261797
108400 18.742658641940736
108500 17.591688097978345
108600 19.64344144058941
108700 17.998146710124402
108800 18.306256550261526
108900 18.859883426856754
109000 19.326607707224895
109100 18.925928138495696
109200 18.263816272637612
109300 19.307585142570098
109400 19.537412561308177
109500 15.476818439064056
109600 17.891897544255592
109700 18.147560815141766
109800 18.708845658498035
109900 19.180545866344964
110000 18.314201144711923
110100 18.434280629051525
110200 18.43490383353256
110300 19.333862754004812
110400 18.869072991351892
110500 18.334757652397336
110600 18.10075326210548
110700 18.431073369645016
110800 18.908575541220326
110900 18.706518448996103
111000 17.91594502356424
111100 18.89728770408737
111200 16.547235262579633
111300 18.23128841840342
111400 18.430741658089516
111500 18.354010103460002
111600 19.23822533992471
111700 17.77487978850735
111800 17.734395724900107
111900 18.96839027662176
112000 19.128817468045554
112100 19.096221151991923
112200 18.609936012118037
112300 17.84658537433563
112400 18.26081832248479
112500 18.158334629757004
112600 18.375898111415623
112700 19.343310854228765
112800 17.787740175533365
112900 19.15952878103542
113000 19.322519767738427
113100 17.665347061462928
113200 18.026297465688593
113300 18.318032031197383
113400 18.850340344319793
113500 18.589773396123892
113600 16.896995704545645
113700 18.466462104487032
113800 19.2093437162645
113900 19.06731406610684
114000 18.03519940574505
114100 19.043324466922822
114200 18.797926684482302
114300 18.467252178036873
114400 18.018165529141456
114500 19.292322003845424
114600 18.31494363807157
114700 18.864696252945855
114800 16.55854094150867
114900 17.785990388636645
115000 19.052675985809465
115100 18.641835152045473
115200 17.573399973166207
115300 19.420306797784765
115400 19.158347241534248
115500 17.461738217132304
115600 18.63818679918538
115700 19.02464843678637
115800 17.8056517780399
115900 16.959732227800735
116000 17.91854309959449
116100 18.84797464535816
116200 18.305857630554783
116300 19.706676257831948
116400 18.95695373742459
116500 18.277335007272942
116600 19.164428704201992
116700 18.72261054021122
116800 18.316039293251308
116900 18.079608245510098
117000 17.122210021808534
117100 19.059237771525247
117200 19.227653126831058
117300 18.205039601341902
117400 18.040825837663963
117500 16.77170489054217
117600 18.70678256581316
117700 18.63761334356176
117800 17.80577024456874
117900 18.98206176083421
118000 17.92839778186416
118100 18.488299395003132
118200 18.90609835158409
118300 16.452073287710583
118400 16.464075804430724
118500 18.60847468591142
118600 19.25363551829163
118700 19.609564505705098
118800 17.427857977617265
118900 19.150717898060652
119000 19.23610106191551
119100 16.852281994572984
119200 18.188274682800408
119300 19.461394976397347
119400 19.78979188026589
119500 18.81688753466289
119600 19.388178564446527
119700 18.371973582872076
119800 18.338451391634013
119900 18.879223044140296
120000 17.204410214592304
120100 17.762893493598032
120200 19.265486223586997
120300 17.86283001099296
120400 18.43844116073912
120500 17.82958697512068
120600 18.586339503083114
120700 17.86586870702393
120800 19.237051435821556
120900 18.786532232652096
121000 18.820331106586053
121100 18.88877861912559
121200 19.43695659943436
121300 17.28603782150036
121400 18.995394163397982
121500 18.102159174794448
121600 19.05441848875095
121700 18.57478842583978
121800 18.768922108678396
121900 18.221904591102785
122000 17.264959679282267
122100 19.49307592230417
122200 18.622004205290168
122300 18.846001522586544
122400 18.96908159758321
122500 18.481872613086125
122600 18.668192798898264
122700 18.753634740794485
122800 16.837812271137995
122900 17.00797038431673
123000 18.48764903394827
123100 17.43479043270501
123200 17.47440371479594
123300 18.476787119939463
123400 18.413784127030667
123500 19.41287405328122
123600 17.546536833660394
123700 18.675469180572392
123800 17.999767852242496
123900 17.77451275612042
124000 16.120686908044334
124100 18.327741324953543
124200 17.50966172424043
124300 19.056943724595957
124400 17.855350601304846
124500 17.993358381334932
124600 19.838232598311986
124700 18.70261586873671
124800 18.55155584687747
124900 19.078435493279905
125000 17.890214436950366
125100 18.7617933410469
125200 16.312200907984522
125300 19.108708863185964
125400 19.421958472792777
125500 17.701915739126978
125600 19.020889974973343
125700 18.98592707510453
125800 17.73352571437096
125900 17.461545852575064
126000 18.864365044184147
126100 18.773119683119276
126200 18.692406478913206
126300 18.57452953334798
126400 18.514945754075068
126500 17.635091575815995
126600 17.819967367974606
126700 18.18884010227685
126800 17.62891623410695
126900 17.960317579580646
127000 17.840219014241125
127100 17.43266142250378
127200 17.973762089965252
127300 18.46383186235741
127400 18.55144953980856
127500 18.787504935626835
127600 18.833885220266875
127700 17.103053162070417
127800 18.340512700628853
127900 19.09762118929194
128000 17.727177916743074
128100 18.355134839715674
128200 18.65061535075555
128300 18.046308124094278
128400 18.943549925991025
128500 18.339341538042305
128600 19.473168966277818
128700 18.842285122870273
128800 18.761071257376006
128900 19.203631917304484
129000 18.33419636328129
129100 15.953474484425573
