100 18.737864151149896
200 19.457444037289857
300 18.00671681684436
400 19.379387408622755
500 17.296418686462676
600 19.158659514409326
700 18.733656354364374
800 19.179970831432485
900 18.877502859188144
1000 16.616308507772636
1100 18.2155566161711
1200 19.053716311602955
1300 18.983353398756627
1400 18.2236747403035
1500 18.698972999576306
1600 17.226301972531086
1700 18.90001255348175
1800 18.37116790071194
1900 18.1817671137239
2000 18.517026543681705
2100 18.860257241922508
2200 18.65325671617472
2300 17.39519536506991
2400 18.351558731679177
2500 19.243379576676258
2600 19.031338659552233
2700 18.094448080617532
2800 18.959784686676468
2900 19.107746894450322
3000 18.268654112720096
3100 18.778269293402587
3200 19.31322630520742
3300 17.86139425054073
3400 18.410043241948163
3500 18.93651823392343
3600 18.64167817088748
3700 18.258192266231138
3800 18.304445110228567
3900 18.72878423002898
4000 18.70174987783539
4100 18.728061058634438
4200 19.00871473186391
4300 18.708663009487474
4400 19.411860351938113
4500 18.004565833457274
4600 18.660852229069345
4700 18.4461510527018
4800 18.966040721319217
4900 19.12873367159641
5000 17.923690925555704
5100 19.452038099040074
5200 18.276003507528223
5300 17.992071489150405
5400 18.76985402889931
5500 18.95954828418182
5600 18.152598783706274
5700 18.359350574692208
5800 18.185488459184082
5900 18.245952591373904
6000 16.617741974429823
6100 17.264759234326633
6200 16.766919443136885
6300 17.895947024935047
6400 18.452245882576605
6500 17.17787292895653
6600 16.78063254694477
6700 17.780600121994134
6800 17.86962450330659
6900 18.831271801506613
7000 18.142912384212018
7100 19.239971257602623
7200 18.276610092900178
7300 19.107036988461697
7400 18.974990082760947
7500 18.460185071067663
7600 18.185558001819665
7700 18.654348105006534
7800 18.832664127449615
7900 18.744304920339314
8000 18.668995905085687
8100 19.153398278370297
8200 18.35859478383405
8300 18.890699415072003
8400 19.585525828428032
8500 18.360696176428124
8600 17.605740619156673
8700 18.930922385724596
8800 18.86460365452439
8900 18.070521581868903
9000 18.083378162703312
9100 19.031773408504385
9200 19.01754120703083
9300 18.887459989397037
9400 18.893176933213738
9500 18.22234247833844
9600 17.67118880712276
9700 17.75537332299168
9800 19.52958968703989
9900 19.090139745316
10000 18.66244265226462
10100 17.901553061144426
10200 18.471797570675456
10300 18.738587979254078
10400 17.050611990536474
10500 18.768981854467985
10600 19.199752269567423
10700 17.61846091702371
10800 17.02144260453299
10900 17.797099292671355
11000 18.651494271766847
11100 17.04564969611834
11200 18.401349956689096
11300 17.963720868143223
11400 17.873362508751814
11500 18.618016369440593
11600 18.673751531455117
11700 16.513436811999277
11800 18.022332785669597
11900 18.8514265486195
12000 17.928240954553058
12100 18.51732546691084
12200 18.682190141788222
12300 18.26542027017285
12400 18.33521719466858
12500 18.425630642947773
12600 18.30943803722299
12700 17.612886234488602
12800 18.62055362914798
12900 17.013027287206413
13000 17.890533067153154
13100 19.148203929249906
13200 18.276714963989953
13300 18.300690363017342
13400 17.813488577571817
13500 18.273560053433044
13600 16.593452650021582
13700 16.496290000488102
13800 17.75170636078786
13900 17.044965763334353
14000 18.606291384498622
14100 18.448719757529485
14200 18.188748663531282
14300 18.2848630757649
14400 17.08464514827302
14500 18.494551786474485
14600 18.125050600420224
14700 18.840518557790748
14800 17.284730678920617
14900 19.311808056293472
15000 18.63878697687171
15100 17.15100237127985
15200 19.10399600941097
15300 16.23965151439192
15400 19.30103152611652
15500 18.934449609228192
15600 18.870740771127334
15700 18.872668555982486
15800 19.081014283405036
15900 17.547395061390468
16000 18.714753461034707
16100 19.003075095157275
16200 18.798373108821284
16300 17.921657871591947
16400 17.79972466103904
16500 18.806313635313153
16600 18.566837987606103
16700 18.226180042348034
16800 17.00411639111567
16900 18.0006367010701
17000 18.849646702024863
17100 17.70528549395682
17200 18.691693975703878
17300 18.452387681176102
17400 18.0049511142161
17500 19.302087241669494
17600 15.430282512469104
17700 18.436668329583803
17800 19.023472207447185
17900 18.683394536559877
18000 18.85760716148481
18100 19.399894316782582
18200 19.245105205455122
18300 19.253510965718547
18400 18.214010891146817
18500 18.31255792583144
18600 17.952071672078148
18700 18.916107121559666
18800 18.075561453591636
18900 18.521491394584
19000 16.89275123318244
19100 18.010384470370095
19200 19.148585997386878
19300 18.294098894272512
19400 17.20930249136944
19500 18.99306670556834
19600 18.099525677454533
19700 16.81215561437212
19800 19.27916857352973
19900 19.263965522806966
20000 18.52872671034339
20100 19.173589830749172
20200 19.087336292221
20300 18.454331258454335
20400 18.982866957051066
20500 18.201118079728825
20600 18.202731155672645
20700 18.457491241593527
20800 19.060549163789815
20900 19.25376709560523
21000 19.192266305197034
21100 17.683993787755284
21200 18.540956146248604
21300 18.58363246039752
21400 19.096293702138507
21500 18.75245685713871
21600 18.863488636109153
21700 18.542279641099523
21800 18.220268980007624
21900 19.286773168945178
22000 18.33773660729603
22100 18.757684375578393
22200 17.56084302254874
22300 18.68316449905951
22400 19.668629209342875
22500 19.24901084791668
22600 18.825759451914283
22700 17.98561025441192
22800 16.459247397129417
22900 18.29579872792628
23000 18.57176202509845
23100 17.874027579886935
23200 17.91809007699865
23300 18.484848723933553
23400 18.54524311910676
23500 18.518567283881808
23600 17.612649379684477
23700 18.914146579191883
23800 19.158823807696006
23900 19.037987726986422
24000 17.712917175725234
24100 17.935063600371997
24200 18.252030100257972
24300 18.953336294950244
24400 18.402701079686825
24500 18.860957826015387
24600 18.579260359926764
24700 17.13896845059617
24800 18.632040096398907
24900 18.271116023116083
25000 19.333222666417996
25100 18.203972894469196
25200 18.9583820833061
25300 19.448489066343527
25400 18.51236829585281
25500 19.066579725568843
25600 18.88379387041958
25700 18.67218760419188
25800 18.87479187237945
25900 17.758250363963423
26000 16.816388846146655
26100 18.44518507248138
26200 17.137713412745356
26300 18.35770393396896
26400 18.653195913409082
26500 19.01781153877401
26600 19.277914861076546
26700 18.211859813952948
26800 18.46179405483227
26900 17.460003069426808
27000 16.84406914458309
27100 18.156347948403088
27200 18.97750997415778
27300 18.898907454537074
27400 18.853025965560168
27500 19.452860470142383
27600 18.2960371535147
27700 18.732828504758054
27800 18.782272733645133
27900 19.396097825565903
28000 18.71839962279729
28100 19.18707222942516
28200 19.52699385109877
28300 18.217301647575926
28400 18.374939300187915
28500 18.319030435473856
28600 17.92655083644525
28700 17.50431440602319
28800 19.478845440991844
28900 18.46204847747917
29000 18.426561469548204
29100 18.246315316935693
29200 18.76008556626798
29300 18.750130853936067
29400 19.433297440122235
29500 18.06475148359969
29600 19.14561328784148
29700 16.87728006988463
29800 18.854441641744277
29900 16.57579007769999
30000 17.99159635883659
30100 18.696898606137683
30200 18.766109274318865
30300 18.65490200642056
30400 18.257775546866306
30500 17.867116841065883
30600 17.696810673714687
30700 17.574936032979444
30800 19.21556104912599
30900 18.2222280982409
31000 18.560526701034377
31100 19.211944734192276
31200 19.303246603524943
31300 18.595646378390164
31400 18.032560654621363
31500 19.195208576184935
31600 19.31554380278771
31700 17.436231861786588
31800 19.532627198494566
31900 17.560910844297187
32000 18.950170590469078
32100 17.594659947420766
32200 19.56000324079699
32300 18.685927792730144
32400 19.6583938752019
32500 19.175460780486706
32600 18.077952994133224
32700 17.654241447213817
32800 17.419647349823872
32900 18.311920987573252
33000 18.365535402614547
33100 18.90179513046883
33200 17.664583943551058
33300 18.605181610966913
33400 19.39244051748522
33500 17.96409040903787
33600 18.014365873839527
33700 19.101206502303643
33800 18.24641702744374
33900 18.823303023691885
34000 18.193996933300536
34100 17.948445839245725
34200 18.338573384440004
34300 18.20366245261898
34400 17.402838240003604
34500 17.975369847644803
34600 17.94427577951564
34700 17.93782285695788
34800 18.512597589207036
34900 18.107930884397327
35000 18.91171059571563
35100 17.982529409694667
35200 18.066586197767663
35300 18.1234155303595
35400 19.28388748290593
35500 19.211493202701554
35600 17.226586112373628
35700 19.12580698753101
35800 18.519721830057165
35900 18.26312951393642
36000 18.55299683914989
36100 18.241403283132723
36200 17.090886352252127
36300 19.33930803575611
36400 19.2360421391524
36500 18.742715076989658
36600 16.929103455080334
36700 18.51656982458555
36800 18.933934769528783
36900 19.03961525532966
37000 18.720109145455453
37100 18.566579141530756
37200 18.24072961542528
37300 18.199556359649947
37400 18.549634212381893
37500 17.319575195194467
37600 18.982022846079982
37700 17.77262124585112
37800 18.675263546280533
37900 18.00033406003339
38000 16.45902212214622
38100 18.194836278673442
38200 19.085703464767064
38300 18.801683021077586
38400 19.4616538343693
38500 19.205541059787933
38600 18.628209943346107
38700 19.17135965426687
38800 17.987769213254737
38900 17.72800930850541
39000 19.328228249307035
39100 17.851687287417533
39200 18.910012291873162
39300 18.49646897843558
39400 18.82437203267041
39500 16.4018827023352
39600 18.117317899620385
39700 18.78929958329674
39800 18.03690846778892
39900 17.288455553888355
40000 19.215898509651364
40100 18.884832749577726
40200 17.645301873635056
40300 19.407779221548278
40400 18.295170225203304
40500 18.780288956449436
40600 18.198615298466397
40700 18.383122276863645
40800 18.811592953055776
40900 18.92309683597045
41000 18.3443601239785
41100 18.80825487296693
41200 18.391640720033912
41300 16.946953109966003
41400 17.862709237487064
41500 17.60026701549771
41600 18.722527931313785
41700 18.53570461526648
41800 18.615082529846585
41900 18.033424418983717
42000 18.41402788026616
42100 18.336544246569776
42200 17.026393069002182
42300 17.142413426889902
42400 19.090123694590382
42500 19.613070042720885
42600 16.982518025222326
42700 18.914811472347775
42800 18.366901213897886
42900 18.655325429124314
43000 18.222017253022482
43100 19.67855691387414
43200 18.69918892707577
43300 19.312536680127316
43400 18.97922808438209
43500 17.60046916915374
43600 19.21969344867999
43700 19.02225632195941
43800 19.43601672991392
43900 18.375900833295244
44000 18.13491858996041
44100 19.30658969224839
44200 16.35561223040521
44300 19.42472753539786
44400 18.93861683858558
44500 18.559391174830065
44600 17.386587066678327
44700 16.7489386733802
44800 18.106611255731178
44900 17.41099917659029
45000 19.124423243374263
45100 19.04788751318891
45200 17.902725274418998
45300 19.323381342090464
45400 19.116433944181487
45500 19.30902038875753
45600 18.924277563367045
45700 17.541518537389248
45800 18.981108509445903
45900 15.971661501205512
46000 18.564667589685794
46100 16.443987216508702
46200 17.973493346151013
46300 18.72326760442058
46400 17.99441275505235
46500 17.96177064283178
46600 19.096669111850122
46700 17.945317719550765
46800 18.446664937626842
46900 19.10334881640999
47000 17.34418600773396
47100 19.276742305482273
47200 19.21485107444164
47300 18.998079590842327
47400 18.343444887902766
47500 17.315263215368205
47600 18.013241670986734
47700 18.64311822266613
47800 18.25750625801201
47900 18.56046658229914
48000 19.183755758367695
48100 18.55584512501413
48200 18.503265928526012
48300 16.97889496559674
48400 18.31918266250033
48500 18.723741120352035
48600 18.90006368044248
48700 18.036151470276664
48800 18.759384899553417
48900 18.20640815302439
49000 19.14425929343549
49100 17.92013920324207
49200 19.066879113941596
49300 19.27933185655443
49400 18.54810047321219
49500 18.6931586579668
49600 18.33703168142492
49700 19.108776008309817
49800 18.359600572463822
49900 17.904969817025176
50000 19.113576041510385
50100 18.18649963418316
50200 17.504445015302267
50300 17.88585895910964
50400 18.677810409518823
50500 19.092184037542957
50600 18.109820208403992
50700 18.60965985189666
50800 18.98549293104525
50900 16.3880221768115
51000 18.678385067506927
51100 17.85547830431701
51200 17.561224153282208
51300 18.407323274428855
51400 19.565320204887932
51500 18.421900014989667
51600 18.739237446893707
51700 18.932972271123237
51800 17.25303479982497
51900 18.59643019720519
52000 19.58304569016133
52100 17.81202038822055
52200 17.68784752170026
52300 16.760044981166313
52400 16.93616040845463
52500 18.839691076725366
52600 17.972471174009062
52700 18.673347461431305
52800 17.133551550767496
52900 17.261720354047416
53000 19.165878365873898
53100 17.83709307709461
53200 18.844044154809993
53300 18.908930067810566
53400 18.794520467635678
53500 19.08044038677936
53600 18.81165384216405
53700 17.43939170022408
53800 18.899039656803396
53900 19.34022509140707
54000 19.06540820450529
54100 17.89307463023845
54200 18.06769871227051
54300 18.538464959903077
54400 19.259176302217977
54500 18.909807332130583
54600 17.874962099275947
54700 18.42487568504024
54800 18.665914708003704
54900 18.98720187802458
55000 17.733626100173698
55100 18.806744266830645
55200 16.525052238637524
55300 19.047917167835124
55400 18.24312521469361
55500 18.921966427858557
55600 18.93584172002392
55700 19.35004616340857
55800 17.45307876249953
55900 17.957453607892162
56000 17.052243769991158
56100 19.15424466161386
56200 18.570160023864318
56300 19.1565610530733
56400 18.326186095545975
56500 18.73857121351869
56600 18.052411939719253
56700 18.36018386644515
56800 18.75266174888049
56900 18.792479920869326
57000 18.5042753969694
57100 16.88408357314281
57200 16.802640658837998
57300 17.04585420015371
57400 18.599878899910962
57500 19.270895659814645
57600 17.859422530929177
57700 16.77342812586263
57800 17.543365806469463
57900 18.633935216369625
58000 18.216081345580665
58100 19.33632335144581
58200 18.130403416767923
58300 19.251489440055614
58400 19.10289225575801
58500 17.861654231355896
58600 18.680952123306813
58700 17.582874040256883
58800 18.94353977405368
58900 18.704403378102416
59000 17.907872595506404
59100 18.564182922330144
59200 18.29846130043321
59300 18.232414374163763
59400 19.075023809511883
59500 18.48601919190336
59600 18.71215016462203
59700 18.763258360134962
59800 18.66829945188464
59900 18.003377752970955
60000 17.42879745925534
60100 18.762336372472284
60200 16.955962001621714
60300 17.0822758958794
60400 18.347016421851183
60500 18.497806222158275
60600 18.00108610320988
60700 18.898892754140658
60800 18.56416393116276
60900 18.376639589862215
61000 18.78579419916068
61100 17.729298044378535
61200 19.24444801393954
61300 18.020646600372466
61400 18.758428159934162
61500 18.833474839204502
61600 19.00254402976354
61700 19.018439487600247
61800 18.737867584884455
61900 18.24466671372566
62000 18.337128056943367
62100 17.32806946683863
62200 16.906912714660216
62300 18.977809261241713
62400 18.33921472294914
62500 17.47880409100494
62600 18.63091646807847
62700 18.417670046499268
62800 17.50465092529032
62900 17.52140387456651
63000 17.71077740235114
63100 18.402170445086686
63200 17.906573980040434
63300 19.1690281332601
63400 19.080925767567496
63500 17.81217306640002
63600 18.598207860890124
63700 19.39163758444583
63800 18.22759422540772
63900 17.74741012021147
64000 18.205938647475374
64100 17.858941828341028
64200 19.05872456882639
64300 19.136756460591666
64400 18.87425420069797
64500 18.695116396234912
64600 18.56235920167619
64700 18.081638627777984
64800 18.767055661800953
64900 19.20343173800258
65000 18.288369041541383
65100 18.973545949169075
65200 18.37770648994609
65300 17.946702443134654
65400 18.62442790975532
65500 19.259026709611206
65600 18.695870986317207
65700 17.744592517448954
65800 18.823016811962077
65900 17.024559602526104
66000 19.261588467294292
66100 18.437986584244804
66200 18.616952230648756
66300 18.551857790536033
66400 17.182862330115793
66500 19.0112107189534
66600 19.28958147114766
66700 18.675863524809454
66800 18.21832065037257
66900 17.625924438859027
67000 18.301620154147436
67100 17.795830436572434
67200 18.661769234020326
67300 19.322057403814984
67400 17.93631021556519
67500 19.394801962710858
67600 17.81979264958429
67700 18.025394417669446
67800 18.97006301005222
67900 18.23245277952808
68000 18.882421416226777
68100 18.746396889248405
68200 17.15820990634249
68300 18.229279946884358
68400 16.843359526896872
68500 18.971837394650645
68600 19.173013889959712
68700 19.414645016921302
68800 19.78744341655852
68900 19.20583565872695
69000 18.561506635741498
69100 18.050469527616897
69200 17.275767819633327
69300 18.80842904794067
69400 19.18312888676355
69500 17.993744685344154
69600 17.944054508750618
69700 17.886848744199146
69800 19.324835633512066
69900 18.825536056944177
70000 17.393077822076307
70100 17.66943229594092
70200 18.696428445788445
70300 17.096950184279038
70400 17.306370967421103
70500 18.336053665233322
70600 17.696035877817224
70700 19.21043041814359
70800 17.90793796236663
70900 19.222783955220258
71000 16.332520571550546
71100 18.74927014870076
71200 18.84718791491037
71300 17.038582716708092
71400 18.276799306537537
71500 18.70748018562133
71600 17.511732895750868
71700 19.408847772476992
71800 18.794522986624806
71900 17.21359238558364
72000 18.055746321926705
72100 18.660977984272524
72200 18.198819099936514
72300 18.59028581734459
72400 17.763798488748474
72500 18.3446689295656
72600 18.614378651003484
72700 18.74533913521239
72800 19.055900827097194
72900 19.028222643456804
73000 17.391808633686082
73100 18.773874889816685
73200 18.655266363688995
73300 17.078817955403835
73400 18.48254578660616
73500 17.320987955445137
73600 17.10929109852871
73700 18.315977365616497
73800 17.487420685810754
73900 17.771597793591297
74000 18.437316633540675
74100 18.878343901347993
74200 18.600770566328304
74300 18.68683994752085
74400 18.538408059589045
74500 17.866625809154957
74600 19.26466035790865
74700 18.869059667885328
74800 17.885440217557335
74900 18.69942930943619
75000 15.10882738236014
75100 18.2153709820385
75200 18.561154993004223
75300 17.707687778869893
75400 19.23167841448835
75500 18.90648884794616
75600 18.839444283547632
75700 18.17296060211654
75800 18.26469150195877
75900 17.24033482120693
76000 17.076937541240525
76100 19.00732971656086
76200 17.60493892452287
76300 17.975504957522286
76400 19.292466530491335
76500 17.82042117729061
76600 16.751196583200695
76700 18.829136448793893
76800 18.753755133596478
76900 18.816992239413434
77000 16.678994152499282
77100 16.594027003151762
77200 19.106731138032774
77300 18.150090373862003
77400 17.928342861522143
77500 18.14078168385304
77600 17.864545075193156
77700 16.78697198507074
77800 18.503137619304105
77900 18.550391908123686
78000 19.106008132960763
78100 19.03995036579038
78200 17.476361085190323
78300 18.54631256247544
78400 17.950275387985446
78500 15.584573323433084
78600 19.014049378995548
78700 18.973161518027364
78800 19.08717101224992
78900 17.800764939096805
79000 18.668591956194913
79100 18.96682243696508
79200 18.147273693655062
79300 17.201559518435804
79400 18.380783257431528
79500 19.218646129928448
79600 18.344255069722166
79700 17.21319622725701
79800 16.86523802422091
79900 19.11077238711809
80000 18.919184720815622
80100 19.038472915180012
80200 16.24121867071177
80300 19.06045538497057
80400 17.689208473863165
80500 18.755528524281793
80600 17.964136838092852
80700 18.94485379460769
80800 17.25148477945285
80900 19.07987859458805
81000 18.186367068915853
81100 19.247146579580093
81200 17.134654512760527
81300 18.376824234917116
81400 18.933365692494352
81500 18.92183387654194
81600 18.09735893774486
81700 18.314805263094076
81800 18.602530175679664
81900 17.31927989800237
82000 17.15267947815231
82100 18.911061887420185
82200 18.644662941618943
82300 18.343778413700605
82400 19.17051568374425
82500 19.343522690710472
82600 19.48495912719652
82700 18.939841408884256
82800 19.350746793577194
82900 18.59244492308767
83000 17.73679083066834
83100 18.648475219949713
83200 17.91880633821924
83300 17.66595972798144
83400 18.550857660745766
83500 19.143206803160925
83600 17.78338355659229
83700 19.416719066825184
83800 17.948074642670306
83900 17.04815102943077
84000 18.113544963149177
84100 18.64776892575971
84200 17.339650668018997
84300 18.33569681448739
84400 18.116710052134167
84500 18.69287038730875
84600 16.84454938567835
84700 18.92810858485188
84800 17.941148957082106
84900 18.9636351132205
85000 18.129026431126455
85100 17.146684466375184
85200 19.289476302197254
85300 18.353074341251553
85400 19.287323240097017
85500 17.144397681204342
85600 18.470686544069792
85700 19.098160068464612
85800 18.10019533631567
85900 19.30583273160846
86000 17.921598298811734
86100 18.68455962131272
86200 17.842760284582553
86300 18.686568008543432
86400 16.81526459327108
86500 16.86969944706433
86600 18.687738796914658
86700 19.096596368080725
86800 19.01896263856157
86900 18.62385232774594
87000 16.969062776958094
87100 17.070599445791654
87200 18.67093328770871
87300 18.524467743551607
87400 18.07562647827058
87500 18.132918390028028
87600 17.832336565851076
87700 18.882757381276885
87800 19.283223333147312
87900 18.545194426106512
88000 18.523980026495078
88100 19.24282221555308
88200 16.86556514341628
88300 17.74234414914135
88400 18.397714614561018
88500 19.25485646138954
88600 18.161787896925958
88700 17.878615225981903
88800 17.076375570835882
88900 18.930966178923807
89000 18.76607122963099
89100 19.173982819450167
89200 18.49392731311196
89300 17.27312697043064
89400 17.790793532316936
89500 19.12373338542174
89600 18.52735948302995
89700 17.30167603810095
89800 16.046833263730253
89900 19.162766745154965
90000 18.21305156533472
90100 18.719201763459296
90200 19.24189623905672
90300 19.100611364387774
90400 18.136881592700878
90500 19.051050657131043
90600 17.890602970896815
90700 18.613652145693475
90800 17.715883015411762
90900 18.847072327820754
91000 17.6581407885558
91100 19.196212819317644
91200 16.488053451166824
91300 18.444827474344265
91400 17.07060203732758
91500 19.088776895101905
91600 18.167133553607048
91700 18.333236243297325
91800 18.880032624992126
91900 19.12176660266523
92000 18.456432557205822
92100 17.16501756300551
92200 18.38634513812786
92300 18.976892431131514
92400 17.89121894943991
92500 18.572222344118785
92600 19.044152361184285
92700 19.026168741377045
92800 19.278710754787365
92900 19.024390539282834
93000 18.138275626718965
93100 19.298423206192297
93200 18.566442769394115
93300 18.590221294728938
93400 18.7358260640756
93500 17.18374492068505
93600 19.021157155333196
93700 17.13487151860587
93800 18.596778075513527
93900 18.64737051477049
94000 18.62799768170958
94100 17.56715517687291
94200 18.685027151089514
94300 19.056935258309686
94400 18.11880784576267
94500 19.157065988536853
94600 19.03883291079642
94700 18.607525224619973
94800 19.4304346887728
94900 19.030077004419923
95000 18.90938396283627
95100 18.751526593628416
95200 18.331246208840632
95300 18.643619550577426
95400 19.067766040747884
95500 18.255939669801435
95600 19.474861098647818
95700 17.272506492976984
95800 18.864420688687414
95900 16.75130658418612
96000 18.091278989386034
96100 18.830694351253058
96200 19.1653455573885
96300 19.39787906191587
96400 19.045834260940968
96500 18.966476643887685
96600 18.4406434130868
96700 18.028041397309018
96800 18.580550371261968
96900 16.025479328933088
97000 18.24523291208686
97100 17.023885984118206
97200 19.074310189851918
97300 17.955525823642233
97400 19.153894985048225
97500 18.654525848778903
97600 16.580992007270652
97700 19.25090139452227
97800 17.448542494083757
97900 18.916195410046242
98000 19.092306342484015
98100 16.198619431479603
98200 19.319964350947345
98300 18.421802763659823
98400 18.95846180726919
98500 18.44161500308633
98600 19.097078519363215
98700 18.442618896144005
98800 18.95192958242667
98900 19.584903740875998
99000 17.974963666116103
99100 18.391919201692758
99200 17.883840746858414
99300 19.04636645151206
99400 18.723294566657934
99500 18.823306805776326
99600 15.447428027068288
99700 18.91786205023667
99800 18.583595559883875
99900 17.37831409369212
100000 16.421692269480275
100100 19.09096269625091
100200 17.54808421423946
100300 17.98818536022505
100400 17.29568422897078
100500 18.519253759966382
100600 19.201134460795178
100700 17.59415892706448
100800 18.79363088426763
100900 18.49043251183139
101000 18.8456159095594
101100 19.174870197187765
101200 17.67323816947848
101300 18.65042348148136
101400 18.03014937490916
101500 17.28632109977621
101600 18.78278685426713
101700 18.662096847745328
101800 19.072155680294266
101900 18.08861287592735
102000 18.07917636038505
102100 18.657215486273085
102200 18.45231126573251
102300 18.904805561215383
102400 18.3798885746729
102500 17.102520825489634
102600 17.616507830769642
102700 19.624358337721564
102800 17.36768292554947
102900 18.598774561401854
103000 18.65529640452444
103100 18.215217472628925
103200 18.051432342091466
103300 19.63387727546155
103400 19.129601344692777
103500 19.009694080290142
103600 17.565428161597826
103700 17.01242645294305
103800 18.427382878037054
103900 17.6023872832401
104000 18.41647948670777
104100 18.828692450749596
104200 18.301486945598057
104300 19.45342630047749
104400 18.966633383696422
104500 18.28247293330056
104600 18.768267503345886
104700 18.264469409005972
104800 18.143580279882734
104900 18.18179233887578
105000 17.775415144801666
105100 18.633088865321007
105200 17.360620063640503
105300 18.271521562349832
105400 15.18868615852589
105500 18.913597784527113
105600 18.422762920631566
105700 18.906586987733615
105800 18.579007382264056
105900 17.74316296467077
106000 18.272946010559355
106100 16.1633153768375
106200 18.046440689573082
106300 17.06064105690829
106400 18.667790478583992
106500 19.179447204521114
106600 18.511636552040915
106700 19.228624902144286
106800 18.978907359666348
106900 19.094399513807012
107000 17.394008282246674
107100 17.193980310060574
107200 17.366365507990874
107300 18.373370698098263
107400 18.84731157408036
107500 18.93846630848467
107600 18.379238818264902
107700 17.724710569035164
107800 18.899459557721137
107900 17.717926323969426
108000 16.791609447890234
108100 19.130444599915872
108200 18.969166231082692
108300 19.011190389960632
108400 19.219729174147485
108500 18.688727535370717
108600 18.608908793813608
108700 18.96089980209649
108800 18.435378359237525
108900 17.75185960660937
109000 19.49673196991247
109100 18.05954289782117
109200 18.04327598076691
109300 19.16818031762712
109400 17.8999031953638
109500 18.090796886527418
109600 18.428628054831993
109700 16.871497184595793
109800 17.71681812402061
109900 18.54189501063953
110000 17.908131953816778
110100 18.9214834734996
110200 18.81538855611684
110300 17.338715866090528
110400 19.00662708858072
110500 19.2964004399917
110600 18.537535933831357
110700 18.392898157888613
110800 18.29191440288559
110900 19.110711094437185
111000 19.486737285202025
111100 18.801067897771272
111200 16.91297980812195
111300 18.182605448557325
111400 16.86073512495987
111500 17.83793238458823
111600 19.388871951988115
111700 19.118011498769057
111800 19.1665443328567
111900 19.47489843596163
112000 17.80570745874096
112100 17.90063427819897
112200 17.57522300289299
112300 18.362838234438406
112400 18.684329243988405
112500 18.608303713446535
112600 18.287309294215103
112700 18.727549061147112
112800 18.73281838960171
112900 19.38194082833602
113000 18.254671770652617
113100 19.064061709796015
113200 18.059739979149608
113300 18.384951709783323
113400 17.876441135041702
113500 18.236983797668337
113600 19.612302091562857
113700 19.134557079265598
113800 17.987083186886878
113900 18.974245607714902
114000 17.20401188913454
114100 19.42454430134756
114200 18.186346341465793
114300 18.902797060117408
114400 18.4043998065259
114500 18.936569027079273
114600 16.401530624313992
114700 18.91332882751266
114800 19.156127943512146
114900 18.990100838714156
115000 19.016813252934263
115100 18.155547256933684
115200 17.99411255671115
115300 17.859038201815217
115400 17.68666020240166
115500 19.14929293468935
115600 18.148422373910417
115700 18.21031646724099
115800 18.64792846662983
115900 17.5748660997884
116000 17.920749562034036
116100 18.01679500795058
116200 18.85171024925035
116300 18.756450931619394
116400 19.146709693551458
116500 19.472159296336063
116600 19.417176961128142
116700 19.04301801178894
116800 19.300516929069765
116900 18.37095869627545
117000 18.197309565843806
117100 18.522052102696772
117200 17.972247408910437
117300 18.74425082026553
117400 19.024321222461904
117500 19.062520251529577
117600 19.275336909718238
117700 19.399481722742916
117800 17.29559401271436
117900 18.453411411875617
118000 17.278736735284994
118100 17.198034043893514
118200 19.33373888693803
118300 19.657395008726592
118400 17.716246562728564
118500 18.55466222726306
118600 18.999158172131104
118700 17.148485530788307
118800 19.01302105307122
118900 18.909474206586808
119000 18.499395924575865
119100 19.245808511571127
119200 16.099842485259472
119300 17.023600036976017
119400 17.579791821414066
119500 18.84820991488829
119600 18.14971670224931
119700 19.079759353263128
119800 18.28986319654738
119900 18.856858367697598
120000 16.381424229549136
120100 18.293484615118786
120200 16.18470617507286
120300 17.85895826814125
120400 18.576627380093473
120500 18.585807226284558
120600 19.06899689296729
120700 18.606624085508244
120800 17.761131173918592
120900 18.06164552192978
121000 17.019105995117705
121100 17.911087055609553
121200 18.462544608782586
121300 19.06411425219265
121400 17.311298219562893
121500 17.701158990550006
121600 17.770675149932966
121700 18.490208674728443
121800 18.669973094537188
121900 19.09162167015931
122000 18.957519687396672
122100 19.148128176146347
122200 19.008528229548777
122300 19.2761917449049
122400 18.997750963675742
122500 18.848865209424318
122600 19.3499079540279
122700 18.50748884843901
122800 19.792411281787107
122900 17.741697645640915
123000 15.750316391801032
123100 17.599690114155386
123200 17.197390966871694
123300 18.14464783411662
123400 18.600936257449387
123500 17.90675302790271
123600 18.781046099871737
123700 19.45441045151998
123800 17.552104545228726
123900 18.821047771315996
124000 18.338435678886977
124100 19.182273088239835
124200 18.802501293221912
124300 18.61370468144392
124400 18.64569328082707
124500 18.833270415960655
124600 18.087130360034312
124700 18.126122498448815
124800 18.55983593223917
124900 17.839044980008318
125000 17.836753579225
125100 18.863308613255054
125200 19.016796288770887
125300 17.13687865012547
125400 18.776429739925256
125500 17.336765521531422
125600 18.062582912055053
125700 19.46144010806518
125800 19.115567742592447
125900 16.9800382901872
126000 18.46978730190019
126100 17.07961707932149
126200 19.02709937446628
126300 18.71813270117536
126400 17.912630419142797
126500 18.541878463024503
126600 18.24576859935302
126700 19.13889076955819
126800 18.698541785982577
126900 18.706451559830192
127000 18.64767658126453
127100 17.299097101189272
127200 18.590157087764425
127300 18.96284977802166
127400 18.93430108799465
127500 15.938240682200732
127600 18.34753490687406
127700 17.356292983796294
127800 19.16876505313658
127900 17.444702724335908
128000 18.363939061598987
128100 17.63843771751939
128200 19.16494286096355
128300 18.43303282573556
128400 18.235738788225472
128500 17.974925339601654
128600 19.13384405622642
128700 18.583043657518633
128800 18.554409653207
128900 18.847237806096043
129000 18.577164715803203
129100 19.043210185110308
129200 16.08363155266065
129300 19.466347544217104
129400 17.905709863409935
129500 18.967412181150333
129600 18.152335672647453
129700 19.335760603399947
129800 18.567632927768017
129900 19.52947755822117
130000 17.6100151343644
130100 19.262606414585235
130200 18.854275232582935
130300 17.991847127021764
130400 18.895141308505025
130500 19.046633712334447
130600 16.72203940874688
130700 16.401093229292975
130800 19.19033751902432
130900 19.15770001301073
131000 18.980687754307677
131100 18.863019451803396
131200 18.954596941037074
131300 18.68428854913552
131400 17.54940592224553
131500 17.212247552236093
131600 18.579223440679844
131700 17.659386007910424
131800 18.921276966037176
131900 18.438922268779102
132000 18.908041553107534
132100 18.540600414519865
132200 17.84254704703882
132300 19.60281207431339
132400 18.980871996718463
132500 18.87675146975952
132600 19.06143213233743
132700 17.44940179868722
132800 19.160858155588848
132900 19.295499806809477
133000 19.609610072475935
133100 18.28746834204264
133200 18.122751523022956
133300 18.14926025612526
133400 18.925833831211158
133500 18.664134842242476
133600 17.883575737647487
133700 19.209793360373784
133800 18.78053031409944
133900 19.45516095870662
134000 18.06817161397577
134100 18.678591859056393
134200 18.214099944221072
134300 18.981103682805934
134400 19.469067326840637
134500 18.462110311404363
134600 16.76237358615371
134700 18.974058454861574
134800 18.02405842289545
134900 17.300438038530476
135000 18.876278931944373
135100 19.212389264001313
135200 19.221166938014452
135300 19.01734915825622
135400 18.903005609443152
135500 18.214489758579248
135600 18.97897625848722
135700 18.382016953940173
135800 18.31969154836102
135900 18.569991649279206
136000 18.706310247797525
136100 18.020987796108408
136200 19.332812931125417
136300 17.71013771259936
136400 18.556094851473954
136500 18.353124451719573
136600 18.589631417228222
136700 17.683075367974304
136800 18.598998658212615
136900 18.711630088450512
137000 18.945275128494913
137100 19.329422139718286
137200 19.05746678671429
137300 18.638047769055504
137400 18.181332241714344
137500 18.94829281582018
137600 18.51023565450022
137700 18.858919997517816
137800 17.722583003023676
137900 18.776884256529204
138000 18.36567333887029
138100 17.290617522885096
138200 17.915556235127355
138300 17.762085914056815
138400 19.31349561961323
138500 18.690371897989692
138600 18.615567647308808
138700 19.297580958620767
138800 18.019060446460198
138900 17.549075456779345
139000 17.650181221775778
139100 17.042408937377473
139200 19.2205922863755
139300 18.780769728956002
139400 19.227377298408268
139500 17.063047796271434
139600 17.476734214965887
139700 18.310144293257498
139800 17.307605989211844
139900 18.254137241940807
140000 18.966532749847282
140100 19.321599514443665
140200 18.776034233679766
140300 17.71639695458807
140400 19.234584998714404
140500 19.223676710824204
140600 19.05104870771065
140700 18.41604388620818
140800 17.809511230346107
140900 18.762198375160267
141000 18.279321861845855
141100 19.29687821940606
141200 18.00910795605434
141300 18.607562124198232
141400 18.652923219278005
141500 18.842391248534952
141600 18.565018006927723
141700 18.320610137870844
141800 18.82603097293462
141900 18.130059443061953
142000 18.21849413045171
142100 19.278120176177538
142200 19.46669157888002
142300 18.973266848265997
142400 18.749673520345183
142500 18.731637424304775
142600 17.019127621820004
142700 18.636128558952294
142800 18.390327622383936
142900 18.006293120874574
143000 17.903838976970942
143100 19.018216947626556
143200 19.011843388855485
143300 18.52834341338107
143400 17.662556569091823
143500 17.391946355843928
143600 18.60798894076152
143700 19.305300324893896
143800 18.259003161017773
143900 17.934417905147395
144000 18.00134506536299
144100 17.943500275936884
144200 18.12327006578193
144300 18.11007270404439
144400 17.802165676122115
144500 19.55927852068933
144600 18.63463498309712
144700 19.421760544341755
144800 18.66019380873353
144900 17.593610933152462
145000 18.706699657614312
145100 19.136629975164713
145200 17.832636754225728
145300 18.51090936315391
145400 18.61042388998953
145500 18.792592351440895
145600 17.922645254465497
145700 18.158386513185043
145800 19.052801491753524
145900 17.936890281753776
146000 17.181093240089137
146100 18.280940107042873
146200 18.151440708104808
146300 18.15817677935159
146400 18.960441672490788
146500 18.58557973349844
146600 18.248270815207416
146700 18.81147206991171
146800 18.752843075503833
146900 18.21103048458553
147000 19.486704581584995
147100 19.04094893029334
147200 17.76020855800694
147300 18.886003230014435
147400 19.046590276099774
147500 18.58623728266167
147600 18.944296627389313
147700 18.21684541301598
147800 18.790861602456335
147900 18.270672171735033
148000 17.39218676112847
148100 18.156365351839217
148200 18.885813130158493
148300 18.82658044293336
148400 18.34251574206584
148500 19.69814487356397
148600 17.35739968008408
148700 17.037856314590975
148800 18.787003142369095
148900 19.04626436665226
149000 19.474573522119773
149100 18.686477375608558
149200 19.325849251542397
149300 18.633846799146628
149400 16.654114087467942
149500 18.12212459869313
149600 17.989126419574212
149700 19.033611139368645
149800 18.914000362908684
149900 17.602931129907265
150000 18.761151012278493
150100 18.397593121460673
150200 18.540628573842337
150300 18.314277579204916
150400 17.469454640264903
150500 19.21112821989027
150600 18.44401744569869
150700 17.577598322410648
150800 18.360411157358584
150900 18.301958000651968
151000 18.963165339583508
151100 18.333407484589987
151200 16.692860173801648
151300 16.881681200440244
151400 18.545987200653425
151500 18.643118430251363
151600 18.655971278681175
151700 17.9582286489534
151800 18.41686049909029
151900 19.48762169880961
152000 18.56335637150413
152100 18.3452326523167
152200 18.85737966143807
152300 18.04602741263475
152400 19.619799889892473
152500 18.99007945596098
152600 18.894829653077196
152700 17.62775067678087
152800 19.291678889084032
152900 18.74326172449422
153000 18.799134855818906
153100 18.817006806197938
153200 17.416441700962736
153300 16.629383278761974
153400 17.758792754285828
153500 16.471115571531396
153600 18.511114243705507
153700 18.892684709101093
153800 18.071382568567348
153900 18.864277027918373
154000 18.23853222839156
154100 18.52921346821226
154200 19.030470821166144
154300 18.88259245896931
154400 19.050052470847827
154500 18.650311178369023
154600 18.830485353459245
154700 19.140561927177032
154800 18.341376942926164
154900 18.40543852390211
155000 18.610027329692933
155100 18.918354214431982
155200 18.35455621862085
155300 17.53490310629772
155400 18.74015905533039
155500 18.369795477651643
155600 18.942213573149118
155700 18.798221348224644
155800 18.831509509721492
155900 18.11507314306463
156000 18.588455214169382
156100 17.75981112970872
156200 18.9550182754745
156300 17.808635838241294
156400 18.761395312176084
156500 19.315033046078735
156600 17.597504904125962
156700 17.208924192522122
156800 17.930241664498936
156900 17.435090729301148
157000 17.805941931368253
157100 18.887010987137895
157200 19.301639644444784
157300 18.475023633567243
157400 18.246560297406578
157500 18.569866935162736
157600 17.90270455201966
157700 18.389191135991975
157800 18.388071113494092
157900 18.676607110999594
158000 18.044653040178815
158100 17.155515585314795
158200 16.07110470510242
158300 19.466056420881593
158400 18.941079547732922
158500 19.13188832843118
158600 19.458440781560043
158700 17.995710500688975
158800 19.488230002632108
158900 18.642588939883915
159000 15.935700640675464
159100 17.615378269483806
159200 17.65882294471516
159300 17.445034963520587
159400 18.403834188134528
159500 19.561640441226274
159600 17.642068787371656
159700 16.949827160014884
159800 17.008588880161497
159900 18.660655758974137
160000 16.33453853748044
160100 18.081167646334386
160200 18.70236651826753
160300 17.86786777825415
160400 18.493105948461412
160500 18.626120222305723
160600 19.117029819710805
160700 18.851461094553457
160800 18.53506576769443
160900 19.219638948663704
161000 19.165127460420944
161100 19.260037558570062
161200 19.53695347965629
161300 19.04090621577915
161400 19.160505641870056
161500 19.2100543053295
161600 19.197416924165076
161700 19.346349427479247
161800 17.509688760496864
161900 18.15512974167824
162000 18.9592562165171
162100 19.510381365825637
162200 18.37772516943241
162300 18.404010448638754
162400 18.927811694705685
162500 19.387796558595344
162600 18.718954034068762
162700 18.377104213325914
162800 18.475236924718057
162900 19.46757380464024
163000 17.14164109195001
163100 18.04622819412097
163200 18.99425441375576
163300 17.99358492355683
163400 18.1877001376364
163500 19.01907045268486
163600 19.05997662633945
163700 17.305375597020934
163800 17.782060047917373
163900 17.87214089890568
164000 18.29849030785709
164100 19.070514543209317
164200 18.394146811902683
164300 19.052084943793016
164400 19.391102523773938
164500 18.641350190816084
164600 17.790963056518528
164700 18.588894435270024
164800 18.896905658409963
164900 17.947644028351153
165000 17.951162403199465
165100 18.66396235537395
165200 19.06108732554418
165300 18.76095627368234
165400 17.748612938655235
165500 18.833115758785276
165600 18.069448553970368
165700 18.430405909273528
165800 18.699545693758267
165900 18.998869581016354
166000 18.963428642208292
166100 18.726756239201432
166200 17.20042813776152
166300 18.505883856743992
166400 19.540748980650715
166500 18.29361821529121
166600 18.571253220222307
166700 17.49067366568271
166800 18.775317557840683
166900 16.471193993451095
167000 18.182196231911696
167100 18.16898941439884
167200 18.465791453879024
167300 17.71848819829206
167400 17.751406951439513
167500 17.936038270386202
167600 16.834364703219084
167700 18.963688982027886
167800 19.035744440588065
167900 19.17198457903636
168000 17.712074470226916
168100 18.449435047203014
168200 18.536083533452416
168300 19.030868878871306
168400 17.705778997448824
168500 17.081595512598717
168600 18.206344095100455
168700 18.92421480985909
168800 19.14890589294105
168900 16.896025836463544
169000 18.114141007387644
169100 18.060340439748312
169200 19.15419533101099
169300 17.660941195523552
169400 18.268528230126357
169500 18.726641566696248
169600 17.491690669513645
169700 18.039589328371456
169800 18.180209431935705
169900 17.82553402340237
170000 18.169813630581366
170100 18.44964748829136
170200 18.88256744264149
170300 17.697650712253957
170400 18.441830847034165
170500 18.602258087793054
170600 19.063419600744552
170700 17.991785258509836
170800 17.391712250662078
170900 17.545868881195922
171000 18.76390062127607
171100 17.435232497496422
171200 18.384853607018837
171300 19.1873068661253
171400 19.346194291921297
171500 19.13688083193565
171600 17.654938073935117
171700 18.468558061142506
171800 18.216259247880252
171900 19.389081783936778
172000 19.108826833225045
172100 17.5829592570065
172200 19.359085016395987
172300 18.853182520934855
172400 18.355646932592396
172500 17.900713184312277
172600 19.235853519571233
172700 18.014086391884994
172800 18.727113704220617
172900 18.630266758351535
173000 17.914668502685778
173100 18.321630947136182
173200 19.368144632165823
173300 18.42332850475912
173400 18.249617559294308
173500 17.733382286118538
173600 18.130403484102953
173700 17.799203829070397
173800 18.240793008406175
173900 17.648367556933405
174000 18.943966570481216
174100 17.442389110302
174200 19.15208086323391
174300 18.8618983446932
174400 19.76072693645415
174500 17.647698179164987
174600 18.81384117537753
174700 19.445127435319492
174800 18.569666395121764
174900 18.138517320971836
175000 18.719083675672266
175100 18.619554746516094
175200 18.958647779076493
175300 18.845546313055408
175400 19.283546670021803
175500 18.051416657675446
175600 17.367115881321837
175700 17.99000733524104
175800 18.645487841149592
175900 19.54684926981635
176000 18.549942079978866
176100 18.32414405394048
176200 18.108981785167106
176300 18.62211943852238
176400 17.785665985255946
176500 17.28402621369291
176600 17.594176351653317
176700 19.24925944655295
176800 17.403927410935978
176900 18.24994107216761
177000 18.02048196033251
177100 17.96226645253221
177200 18.574798398130422
177300 18.77162545380777
177400 18.4636761004091
177500 18.861705001275883
177600 18.779946545203654
177700 19.234252355076674
177800 18.39239534831113
177900 19.222714523865594
178000 19.605029850375036
178100 19.213127087414346
178200 17.69224330939656
178300 18.031583806744305
178400 19.022927425535617
178500 19.32646543845298
178600 19.564676353275384
178700 17.616656150957407
178800 17.60679565576513
178900 18.42377803739665
179000 18.044904782665384
179100 18.099477775249696
179200 19.118956872944636
179300 17.0194701937132
179400 17.79389665072039
179500 18.622198188431703
179600 17.822408093829083
179700 19.45238909095175
179800 18.9341507812554
179900 17.002325984400443
180000 18.13460486606112
180100 17.700870939628814
180200 17.98409858508245
180300 19.01977160484268
180400 19.02277645650893
180500 19.217449228160184
180600 18.47053120190408
180700 18.293297583263087
180800 18.609315774195593
180900 18.001795293511147
181000 18.706798055011117
181100 18.5909766721536
181200 18.157540234308083
181300 19.543875610143886
181400 19.555119023199403
181500 18.03954638511855
181600 16.81746478481548
181700 18.490207966192298
181800 19.386583123690148
181900 19.41451427765162
182000 18.5645751590759
182100 18.78291159484144
182200 18.68890380659146
182300 18.003487312476448
182400 18.340240656561797
182500 17.421557456318556
182600 16.909628383283636
182700 16.609483380006015
182800 17.77657757349732
182900 16.75735357307484
183000 18.060673328306805
183100 18.36660421898343
183200 14.767576909314188
183300 18.493459249598317
183400 19.465591203056537
183500 17.589640831257114
183600 18.565528841324532
183700 17.32497009759736
183800 18.597139219483196
183900 18.055683327732993
184000 18.702948174710077
184100 18.583855898023458
184200 18.876131990819168
184300 18.893304433587307
184400 19.174469548310494
184500 18.510991426268514
184600 18.28365141109051
184700 18.558977414740948
184800 17.452379358715117
184900 19.09339659377143
185000 17.42623439982932
185100 18.523353209918923
185200 19.560347446612305
185300 17.80378052335555
185400 18.854785622198147
185500 19.219082610580585
185600 19.44381676542887
185700 18.28475340046589
185800 19.006569945317146
185900 19.45821136542067
186000 18.105165717630246
186100 16.939553354460493
186200 17.527483714941578
186300 19.402897079523743
186400 19.15281309974051
186500 18.836573240519982
186600 18.868091176480274
186700 18.891068334218044
186800 18.154875668473498
186900 19.29581542341882
187000 17.83894039706653
187100 17.93683508410528
187200 19.320631658253085
187300 19.401264046709084
187400 18.53755781058647
187500 19.059012486543004
187600 18.905210299519556
187700 17.76668141035572
187800 18.278570297850706
187900 17.725494327999744
188000 19.18268242833507
188100 17.606974686706877
188200 18.803991540235366
188300 18.200386732149116
188400 19.270554120698495
188500 17.266112696487742
188600 18.595835539616566
188700 18.698223502551354
188800 19.141771542198594
188900 18.96010595560469
189000 19.438934454286116
189100 19.16252364574846
189200 18.17747999636789
189300 18.369333067120508
189400 18.93946070297326
189500 18.824575507674346
189600 18.86625941170688
189700 17.31923244672867
189800 18.663751125313304
189900 18.664842552410693
190000 18.34192072690578
190100 18.78747513880761
190200 18.35842045548384
190300 18.62258014865021
190400 18.558615186387417
190500 19.013806145699945
190600 18.874252551219932
190700 19.10726511542599
190800 18.951497429357815
190900 19.297815849668496
191000 18.87590249989461
191100 17.319570588333345
191200 18.477023788466482
191300 17.890841072241987
191400 19.22969123071606
191500 18.314268435823493
191600 18.001361275168907
191700 17.85832093840695
191800 19.409260803329175
191900 19.311629916705044
192000 18.13556894530818
192100 18.24966766684017
192200 19.34861889811012
192300 18.95128293872019
192400 18.783095001881293
192500 17.66266784030592
192600 19.617061207105486
192700 17.85406846440353
192800 17.8364390024373
192900 18.66420357458074
193000 19.18312723064391
193100 18.971352789243692
193200 18.495727026761152
193300 19.033304247729838
193400 18.252289758202405
193500 18.557470583219434
193600 18.40291489591336
193700 17.152249009114605
193800 18.301276444946446
193900 19.342841122548204
194000 17.791635945458165
194100 19.109891377338865
194200 18.7963111081191
194300 18.374542196333774
194400 16.509022025908433
194500 18.663610032440726
194600 17.810480676801145
194700 19.35046492456284
194800 17.64125210987138
194900 18.214838653168577
195000 17.70878226505702
195100 18.84659270778055
195200 19.273858122458833
195300 17.25169026909508
195400 18.432796712861553
195500 17.811341482441158
195600 16.895377165215315
195700 19.474069395146508
195800 17.38488807714227
195900 15.001608387821047
196000 15.871503379276723
196100 18.786355161896353
196200 17.455292771060417
196300 17.383095520436854
196400 18.754017115150994
196500 17.808481546167524
196600 18.876049989926695
196700 15.383682652645893
196800 19.026932470353188
196900 17.64744583050003
197000 18.885931870492108
197100 17.03014248417648
197200 17.97901809215437
197300 18.647678639062924
197400 17.289671384085917
197500 18.648913733950987
197600 18.57595835720803
197700 18.569938389568996
197800 18.571851873645468
197900 18.91561198948894
198000 18.762692271262164
198100 18.71652740720341
198200 18.58523329516558
198300 19.194352346808774
198400 18.873697470317992
198500 18.938404401330143
198600 18.59201217465889
198700 19.06815734399386
198800 17.810179511016624
198900 18.521366322383543
199000 18.196263136535407
199100 18.841260537884352
199200 18.196601209926953
199300 18.869899068480493
199400 18.423034045311987
199500 19.081685373372594
199600 17.925544701601268
199700 17.54700235535631
199800 15.828431021666043
199900 18.656218478237907
200000 19.194380764327708
