# Model = full.TensorFlow.(9)-16-16-16-16-(9)
# Num weights = 1056
# Learning rate = 0.001
# Env random seed = 113
# Start time: 03-09-2021(17:50)
100 -6.5021983555367715
200 -0.8168168972657965
300 2.4072794740391474
400 3.159844293196811
500 1.8305509717226227
600 0.7293788686063121
700 1.9580266865516507
800 3.8037205304694712
900 3.003218031191964
1000 2.6586996657223243
1100 3.05227557623237
1200 2.3593605434515417
1300 3.4015907378703
1400 5.827052955672442
1500 5.716542447694798
1600 3.037347829820271
1700 3.2594668215771576
1800 3.7746276158338357
1900 3.4384468343684107
2000 3.333568500143252
2100 2.190585359332488
2200 3.8436022867007194
2300 4.95837660675515
2400 3.7955783287951927
2500 3.5907627961770867
2600 3.1558702883944747
2700 3.168258802421177
2800 3.6161549129323
2900 1.318273460294698
3000 3.46106423937199
3100 3.163232789270576
3200 2.5146544320434847
3300 5.21377952802036
3400 5.627384312344374
3500 5.310304300627032
3600 7.429926363125633
3700 4.912204583028668
3800 2.579841993903029
3900 3.495138951037592
4000 5.360024437654719
4100 5.329942675080226
4200 2.7421574183359407
4300 -0.6720100247066405
4400 1.9403401477607045
4500 1.3674807599185146
4600 2.609934291884791
4700 2.006501251417531
4800 1.567043431151972
4900 5.1392712591367635
5000 4.547645303751362
5100 1.8053477367423567
5200 1.4112461256274522
5300 1.7907919072663758
5400 3.1515540965287747
5500 4.337867393887259
5600 3.350095254505334
5700 2.592551264731604
5800 2.594565551556858
5900 4.6081802881155385
6000 4.6871972294897395
6100 5.441907684020385
6200 5.93873903868747
6300 4.9896839511526965
6400 5.71169073755818
6500 4.052483270712519
6600 3.5960756590574
6700 3.3554996094829246
6800 1.4917184754260409
6900 5.475302479493682
7000 1.4362014533342982
7100 2.464594699024744
7200 3.201990842266414
7300 3.8649775208537362
7400 4.218555621502381
7500 3.750214894511657
7600 3.9895022406551846
7700 2.7626780816185654
7800 2.7016345322718442
7900 4.54834705581738
8000 3.4151059396828467
8100 3.2842780079797818
8200 2.7062751540493157
8300 6.591615714751459
8400 4.6345784659262215
8500 6.102746609798514
8600 2.625889174505844
8700 2.8414255492359173
8800 4.19999877729927
8900 4.8578794946778485
9000 2.5421935358504206
9100 3.8247453770229756
9200 1.3722487404829227
9300 3.5331977670997703
9400 2.8796421673545556
9500 3.188860191468567
9600 2.478804810696477
9700 6.445480128969558
9800 1.359083053096093
9900 1.4488189251396504
10000 3.720056723719211
10100 4.346381623444746
10200 4.561616089772381
10300 5.278369767582747
10400 2.976834911516323
10500 1.364536248937297
10600 2.3852749922188052
10700 2.7787765186647957
10800 3.881693925305855
10900 2.245400034483308
11000 2.0070470362923185
11100 1.9918848587500195
11200 3.6503544513029036
11300 3.588167176985067
11400 3.1024124260411305
11500 3.8991246267882573
11600 4.127022406570588
11700 4.815505078747077
11800 4.835959341699351
11900 3.8386183019990847
12000 5.971939125182736
12100 5.581162323891831
12200 3.4925064978752935
12300 2.7978323050655396
12400 4.308676004728758
12500 4.760700337403242
12600 5.714148289798864
12700 4.500125664305263
12800 4.807686323426105
12900 4.130049312918459
13000 5.67169335443583
13100 5.704613016425973
13200 3.0247989347196835
13300 3.6375723524735992
13400 3.4021403472621214
13500 2.9090128865811993
13600 1.584562849560122
13700 1.3671496909324679
13800 4.638678250904341
13900 4.893593798709054
14000 3.271186962292879
14100 3.7261755822555953
14200 3.724424585995366
14300 3.7863662402755898
14400 2.3510673614497337
14500 1.3239944821050074
14600 2.1264919214728235
14700 3.6210062619584416
14800 2.759525333407271
14900 2.5392002549795154
15000 3.536234502460223
15100 4.392753370574559
15200 5.811880366494929
15300 3.8070272830288934
15400 4.6035178385320075
15500 2.277612213618864
15600 4.0698806900647515
15700 1.9470633832031343
15800 3.8282971175726317
15900 5.690466984831103
16000 4.340577624739094
16100 3.5306402557747716
16200 3.6715017019965934
16300 1.1562241737917203
16400 4.1547951540131685
16500 5.428745790921978
16600 3.999405057804831
16700 2.680432350440946
16800 1.5512844214357808
16900 4.555847273607589
17000 2.675678921746868
17100 1.7651493417167603
17200 3.7689866329640314
17300 3.7860514326363592
17400 3.4597756892229303
17500 5.2163708872089165
17600 2.1515070562225675
17700 2.0382642894262695
17800 2.8831907071234912
17900 0.6187283234271477
18000 1.847340002736204
18100 1.8243621555488125
18200 5.134005235311555
18300 4.995321342252623
18400 4.025867066911855
18500 6.122013921438154
18600 4.5251586325625945
18700 5.4042868777979365
18800 2.7076172972166237
18900 4.253124806604108
19000 4.421555563264547
19100 3.541798130157257
19200 4.116195343157555
19300 2.604244762927088
19400 3.5211471210794603
19500 3.343046292453029
19600 2.9731732563746722
19700 2.8875238730578108
19800 3.180662849847852
19900 2.13252936123437
20000 2.987072078691174
20100 3.352855311283635
20200 3.4957430543678565
20300 5.141150879169601
20400 3.9985390151263105
20500 4.514308151186102
20600 3.6189835912792847
20700 3.9425625267268467
20800 4.156127920562446
20900 3.4984964967617525
21000 2.7026677018370466
21100 6.052840280538194
21200 3.4567417964537297
21300 3.7244290410552017
21400 4.1744127162395275
21500 2.51999257614145
21600 3.427689767344313
21700 3.294509194798364
21800 2.9595060294578106
21900 0.7718500117201001
22000 1.9299293515422196
22100 1.5417804602400709
22200 2.563993634677578
22300 1.992473174553285
22400 3.251305414502883
22500 3.1973241617499406
22600 4.429827509386748
22700 3.605957250739598
22800 1.3620721948040528
22900 1.162610850795169
23000 4.855471130206915
23100 4.823134801506895
23200 3.3204341174880674
23300 4.96782986140834
23400 4.285358949878657
23500 3.6602309346354778
23600 4.027196901235862
23700 3.778720555746428
23800 5.170570359223287
23900 6.495193786229566
24000 2.6441669384161637
24100 3.9169304715973583
24200 3.6046729122112313
24300 1.351776046855115
24400 2.699338955702901
24500 4.5666712007090595
24600 2.7095356699926403
24700 0.3902760170396305
24800 1.8645928114160073
24900 3.4680477698044365
25000 3.2662807762003045
25100 1.38810641814417
25200 1.7506131333074102
25300 2.228097755156929
25400 2.3673708079239275
25500 2.430167336477922
25600 2.5063145388089363
25700 1.1429844516345045
25800 1.6232024516233314
25900 0.7642123771117129
26000 0.33924874526304344
26100 -1.1526314031963525
26200 -1.1951778061264333
26300 0.8211667181020574
26400 1.005852120119917
26500 -0.19633345729840132
26600 -0.7430914947520091
26700 0.15170360988161274
26800 -0.316712599240261
26900 -0.9640340812134762
27000 -1.858242197618264
27100 0.6654054479250291
27200 -1.6986185949932386
27300 0.6057538388190227
27400 3.109806114925198
27500 3.2258528379291787
27600 5.693444823893769
27700 3.6473439650132997
27800 2.2871950872604514
27900 3.4470168206755663
28000 3.4012083731823894
28100 2.462980515333478
28200 3.232143439458113
28300 2.412547977415315
28400 2.9282432107324166
28500 4.693869943340889
28600 4.891026866296827
28700 3.8790890178780044
28800 2.0236971112377833
28900 2.160044182252164
29000 3.8646559332506967
29100 4.317331972416654
29200 4.518855359462245
29300 1.375070037660635
29400 -0.16348703816682958
29500 1.3318983331464735
29600 1.1412420199271118
29700 1.018395374407927
29800 0.0777163478071678
29900 0.9051167666928854
30000 1.3171908014865157
30100 2.4522408964337985
30200 1.2792852016934886
30300 2.3652022338085614
30400 2.836737577621658
30500 4.343846312906544
30600 3.745790971077695
30700 5.104529482236112
30800 4.484485307726839
30900 3.963382513084138
31000 3.1448238232392227
31100 2.176196131384307
31200 2.024479247902068
31300 -0.027765466818045842
31400 -0.9619243632392918
31500 0.747773585732675
31600 0.951167640518088
31700 2.3211857553722863
31800 2.6044639997302816
31900 3.59558509861321
32000 1.6627667877247179
32100 1.5378639530661382
32200 0.3094949802525147
32300 0.9917318018418007
32400 3.8888538853750934
32500 1.3985655997937725
32600 2.8140400690428304
32700 3.637922443838945
32800 5.199398079395973
32900 2.0937370618036537
33000 2.2752457173610425
33100 2.404341569428661
33200 1.3168338895884821
33300 1.4097181615494863
33400 2.448930218780627
33500 2.989992986986488
33600 3.5701011688084
33700 2.1461194053116217
33800 3.229344540673116
33900 3.215647153955325
34000 4.067032719163587
34100 5.759029387498638
34200 4.948374282188827
34300 5.131362333534833
34400 4.982108498010504
34500 5.583118817071965
34600 2.5979840864298103
34700 6.468320111296607
34800 5.005301755953095
34900 3.925772174827244
35000 3.4679331295632188
35100 4.8774839618177195
35200 2.025419959119972
35300 2.3822575014682648
35400 4.430602481310849
35500 2.1077292487418067
35600 2.1933950485305567
35700 0.4440446344474221
35800 2.6552132883851143
35900 3.6342941084445037
36000 3.6220475029131465
36100 4.312875238527511
36200 2.1567942034963066
36300 2.232076543470692
36400 3.381984522615159
36500 2.177633150856424
36600 3.8936946519065367
36700 3.7853647257501084
36800 4.582474658263855
36900 2.6273476188901155
37000 1.8926513271391774
37100 4.01576488739022
37200 4.641103779755185
37300 4.494107145239929
37400 1.3418890139603665
37500 3.4255533726033294
37600 3.1691201316692763
37700 4.2507585336822675
37800 4.340670550851941
37900 5.118956493458115
38000 7.534071092000264
38100 7.566593214895408
38200 7.3032989929309915
38300 6.169948549652281
38400 3.5457785615383703
38500 2.0249239597986652
38600 0.7683033036701659
38700 0.762411537050331
38800 1.6715777802589813
38900 4.7736769041008085
39000 4.177526650700148
39100 3.0922198728476737
39200 4.393677977521135
39300 4.028528771375691
39400 2.3753519038502744
39500 2.187894285757761
39600 3.7034992909138458
39700 5.267061125492776
39800 4.7163256985877995
39900 3.7472736052907476
40000 4.264971440565451
40100 4.501945883233458
40200 4.734162482447716
40300 4.839132610060817
40400 2.366873251541392
40500 4.59719541412841
40600 5.165034009311712
40700 5.012156149728862
40800 5.078336310885163
40900 3.554598581272552
41000 2.750476054187341
41100 1.6459493205795823
41200 3.933643704746792
41300 4.175303603641891
41400 4.526770546814355
41500 4.050640163617909
41600 3.105937490702529
41700 3.658896249064318
41800 5.3768566278916525
41900 4.5049249196630425
42000 3.5771450202627606
42100 1.4587178138886925
42200 2.7107588969011616
42300 4.1310291159465935
42400 3.359548814186893
42500 1.8919915761432986
42600 4.013335587356922
42700 5.380001625459455
42800 4.089362252650253
42900 4.978326928279551
43000 5.7748281962162205
43100 3.166744635473233
43200 2.7332981494818345
43300 1.8245842798685608
43400 4.06053013898959
43500 3.4980364095306706
43600 3.007429773106742
43700 3.425923972640473
43800 2.522498293055786
43900 1.7967834624000014
44000 5.602927531694356
44100 4.393843356930092
44200 6.091914656132064
44300 4.720505669927906
44400 2.856341711552577
44500 4.543946044594717
44600 3.832663009816139
44700 4.3434105702809385
44800 6.019667679787202
44900 4.636731526514052
45000 3.2764105765433174
45100 3.581881067852345
45200 3.1121550905063895
45300 3.975112743774298
45400 3.0779901154198406
45500 4.010290014199494
45600 4.415572847578335
45700 3.8149200045490717
45800 3.3784228528088147
45900 3.0576993015298433
46000 2.3762190874342557
46100 3.469486950658616
46200 2.8153052480591247
46300 1.5175989913167391
46400 3.128681939544107
46500 3.8954725766438814
46600 2.8093014589571768
46700 2.433379884392952
46800 4.068793976215039
46900 2.4773659433708435
47000 4.639943468682777
47100 3.531894724472602
47200 4.622533148066358
47300 6.490286707395353
47400 4.132831609260627
47500 2.068370324510708
47600 3.062735334080793
47700 3.788683228611695
47800 2.864887718342783
47900 3.392406508458619
48000 3.720794731143699
48100 3.9301043725395006
48200 3.42026941513069
48300 5.191621623202298
48400 4.179549446473892
48500 5.812913987725556
48600 5.285794099966639
48700 2.176993812049282
48800 4.0245722046673995
48900 4.9015760623898075
49000 4.7489885882707785
49100 4.035663495310814
49200 2.7824085171101705
49300 5.337835876905716
49400 3.5936666762772695
49500 2.3896138088243535
49600 4.753236142949926
49700 4.39241082828632
49800 4.336588836176146
49900 3.7125686185792026
50000 3.7490217537658803
50100 3.505676686409265
50200 5.491653834051244
50300 4.349629290535382
50400 4.058274562442561
50500 6.16774508329747
50600 3.9598181559002747
50700 2.4105434999978166
50800 2.3262056425470377
50900 5.077975184742732
51000 3.2756279083734166
51100 3.44139108001122
51200 5.8598511104788455
51300 5.073780972207842
51400 4.9977808892139
51500 2.705735750715079
51600 3.047131247839969
51700 1.554704238266747
51800 2.6667588819679646
51900 5.444721366125535
52000 3.518734789829196
52100 3.982955614016871
52200 5.1824744201436195
52300 2.5094760862178114
52400 0.6168859799250659
52500 3.459279584528173
52600 2.4486771674864167
52700 4.829709990174192
52800 2.3332996382980915
52900 2.2279135065774045
53000 4.366380270598353
53100 4.13383517536128
53200 4.022800586462435
53300 5.604235476149844
53400 4.913959152951251
53500 5.26926462617862
53600 6.0540454107988095
53700 2.5391630614168363
53800 1.9424562872557136
53900 3.7942102572365943
54000 3.0163512843180382
54100 2.767975997755104
54200 2.529973155658344
54300 1.9586251330356192
54400 4.367266775759978
54500 5.184929731909896
54600 4.103546687715412
54700 3.807127348184136
54800 2.932805157835217
54900 3.258632169407484
55000 4.416497388710573
55100 5.634815243981414
55200 2.082965431784512
55300 3.3847966568729966
55400 3.7628291565040684
55500 3.4751618570076723
55600 2.063588312541133
55700 1.736129946011757
55800 3.174893330594925
55900 5.617807114866534
56000 5.678163977666963
56100 4.019569115295415
56200 4.6071729507776915
56300 5.416566552081409
56400 4.818310207805142
56500 4.773428464738224
56600 3.5273348273452134
56700 4.2025303049887945
56800 2.3549629624490973
56900 3.44344869392137
57000 3.312873321221704
57100 2.7192663905156196
57200 3.084424452440846
57300 4.065530467705089
57400 1.3709990875822937
57500 3.2238919741251646
57600 2.9795359873275777
57700 4.5418077163837
57800 3.6227629770690624
57900 4.172603244560884
58000 4.604725875861728
58100 1.9269493043285413
58200 3.9129874370396713
58300 0.9218001284591206
58400 0.6985605657926595
58500 1.5481381859543455
58600 4.43870496604337
58700 3.261667885169897
58800 2.4922883079630695
58900 5.21059532880904
59000 3.6621118412880085
59100 3.3956445828169093
59200 4.04385144452288
59300 3.8266195055584307
59400 2.869814721411533
59500 3.4316587357599375
59600 4.570932498663076
59700 2.2018494768415686
59800 2.736841834810918
59900 2.201777769942425
60000 3.992445061874914
60100 3.912833419114212
60200 5.399671337373394
60300 3.7470554932171725
60400 1.9201210564822702
60500 1.4002486630179545
60600 4.778571970854316
60700 1.7824811981792839
60800 2.859144275902796
60900 4.727624856995379
61000 5.96627130463043
61100 4.117189389711786
61200 3.064960086137898
61300 2.2323795526549306
61400 1.1965545878432313
61500 0.25457216086695217
61600 0.337114195678635
61700 4.214686736489146
61800 3.8960258844831652
61900 5.635619026266313
62000 5.079630841326527
62100 1.6908806173442352
62200 1.9093279207402147
62300 4.060028653125732
62400 3.1671629681997953
62500 3.8156260038828416
62600 3.643285822751288
62700 3.666447395293168
62800 6.210515872172894
62900 3.978604142924478
63000 4.882502269646592
63100 3.1872669761992936
63200 3.1298482249421875
63300 3.0879864432863955
63400 2.4835988141167715
63500 2.083234430055014
63600 2.8768865044407437
63700 3.226649141653699
63800 5.377290475115324
63900 2.4775358134666097
64000 2.4732862964028124
64100 1.4052761612121072
64200 1.739408553072435
64300 4.702265152978246
64400 5.373145374674611
64500 5.726114228867876
64600 4.630998105403223
64700 3.302990862217826
64800 4.542657652059719
64900 1.5130724773743576
65000 3.881483900781559
65100 2.4649698952909307
65200 2.561907802887542
65300 4.680054780002843
65400 4.39880969602576
65500 4.1223726136711845
65600 3.8062216571249436
65700 5.100596374278145
65800 3.7168870287237663
65900 2.6684819620224207
66000 1.6945756589143937
66100 3.365159252905101
66200 1.5143192714233304
66300 3.118618579671798
66400 1.4703560276972654
66500 0.7354819723702055
66600 3.5692773734896743
66700 5.057682837236023
66800 2.9966990698326623
66900 4.800693583864664
67000 4.889259496728655
67100 5.34124954240425
67200 4.150654896981098
67300 5.464950028421405
67400 4.601371417604329
67500 2.9196843821275977
67600 2.921190477607074
67700 3.3398100146018894
67800 4.4022512889841225
67900 5.4761270130399895
68000 3.86927444978616
68100 5.584795186646885
68200 5.0180608462195275
68300 5.0008011148381435
68400 4.261506935598079
68500 3.66448334584924
68600 2.628194217819772
68700 2.6611020364313736
68800 4.049536876751905
68900 3.3968460424595253
69000 3.6567975956295955
69100 2.8642022541022905
69200 4.6505701081862725
69300 5.387312615728781
69400 5.263635552518875
69500 3.844668798862235
69600 4.339053859242325
69700 4.603527113411364
69800 3.985937103269954
69900 3.690486164281743
70000 2.3912765363606487
70100 4.299949493689332
70200 1.6859918008551096
70300 1.5398072748780078
70400 2.45231661565174
70500 2.090522391690906
70600 2.180055918524512
70700 4.434656348998313
70800 4.581988184274908
70900 3.117529899221265
71000 2.002972990997232
71100 1.9874808185544983
71200 -0.4004055312971275
71300 0.5252857997099505
71400 4.653627695344985
71500 6.958597779147209
71600 4.061151917169542
71700 3.909505545456004
71800 4.344578992340164
71900 5.579389048382664
72000 5.950873531183771
72100 4.214661936878664
72200 3.1208683112955202
72300 0.5008537008365395
72400 2.795919647852998
72500 5.6959163307080365
72600 2.532502752315108
72700 4.2820877958959205
72800 4.834075205222503
72900 3.8264981295787983
73000 3.2188477356747636
73100 4.675883269015082
73200 3.262221626341636
73300 1.4972290963993833
73400 1.6035559781220057
73500 2.8332863803928383
73600 4.274274844178166
73700 2.6165957456642666
73800 2.187118413545569
73900 0.5952825356196747
74000 3.3756215964902525
74100 2.956975994298644
74200 1.3211767952967761
74300 1.6114444315597463
74400 3.0545040019633993
74500 4.58376362644929
74600 3.943135324240316
74700 4.339128823281774
74800 0.7403159153696435
74900 2.9856018217623057
75000 0.5948848273185214
75100 -0.04069857118819853
75200 -0.49601347627443343
75300 3.6386798435377465
75400 3.2836006351670584
75500 2.5363326973218334
75600 2.18556853075478
75700 3.640749602404718
75800 3.030625122935633
75900 2.497819732306134
76000 2.708889080356704
76100 3.169044436220119
76200 3.45595600339916
76300 1.4787100401133435
76400 1.8179326120862174
76500 1.1402842692864499
76600 2.5432140484670707
76700 2.085791454982457
76800 4.437005076285251
76900 0.8317240228865086
77000 3.935548846003274
77100 4.245258934512575
77200 2.7140255829551676
77300 4.0018542494660005
77400 4.57968478018398
77500 4.517102980596519
77600 2.6972042183952514
77700 3.051805178239616
77800 2.4450499152293137
77900 4.5624152521962325
78000 3.3519359639161626
78100 3.5283529524144237
78200 3.2103014731212194
78300 3.4641967626286965
78400 3.8917010382418704
78500 4.1403626831802605
78600 3.2782896765461076
78700 5.920302803662084
78800 5.831933364176403
78900 3.8499517665625804
79000 4.526621699112194
79100 3.2617165817111036
79200 3.0412964865987457
79300 3.1653849040179667
79400 2.5494741223600452
79500 3.180638980291575
79600 3.5698910269112094
79700 1.7213659756855293
79800 3.6505415061365234
79900 3.997418054846149
80000 4.340731398301051
80100 3.03379472655458
80200 3.414270686977664
80300 2.895975434379377
80400 5.483377185829222
80500 5.632658870094768
80600 4.55846318108497
80700 4.096266569866905
80800 6.110709436938292
80900 3.333319016724345
81000 3.1083296723600595
81100 4.3556589742216465
81200 4.0112648409735
81300 4.996517793202528
81400 4.2574284725536495
81500 3.050521931246815
81600 3.0081744696603674
81700 1.7945393295728596
81800 3.7262235093276463
81900 4.667165917226025
82000 1.7794670312611407
82100 3.4685352525620177
82200 4.511247443132495
82300 1.7967591347992002
82400 1.0761606821027556
82500 1.4447331277966229
82600 3.0475970597541138
82700 3.1215385780299254
82800 6.497494906864952
82900 1.130370987078641
83000 4.0571312164878925
83100 5.411208529408773
83200 4.162549912191131
83300 2.413810293669021
83400 2.050742589680601
83500 4.749019719787086
83600 2.9010688537149645
83700 4.084596942605877
83800 2.581746021338173
83900 0.9459571179682906
84000 3.9044041773346807
84100 4.57896690501819
84200 2.4270171075604146
84300 2.094629767906777
84400 2.617987481898227
84500 3.146264008873511
84600 2.8116160188178028
84700 4.50628624568535
84800 4.456314822030638
84900 3.998066223238139
85000 4.694737443111477
85100 4.830393531970756
85200 5.481561484908113
85300 2.382574837720203
85400 3.3420508417904986
85500 5.5802456527424305
85600 6.748989680172936
85700 5.755865939524403
85800 3.2856537477558723
85900 4.6321709384834096
86000 2.8517258361393143
86100 4.149567028521357
86200 5.195807312826546
86300 4.743633210522359
86400 3.8189769431427463
86500 5.269118509539661
86600 3.407311128783948
86700 2.1134967290739124
86800 3.938790203761529
86900 3.888885371975728
87000 4.033915301358151
87100 6.048716403127849
87200 3.825075754402078
87300 3.6705162211589735
87400 3.351966608162969
87500 3.9717579754736096
87600 4.490477810945658
87700 4.453613838174262
87800 3.233524288902098
87900 3.975394952779658
88000 3.736054278985392
88100 2.045516779394068
88200 1.2643047816467712
88300 2.140726967744727
88400 3.1632145772585756
88500 5.152762989936733
88600 5.073577450351002
88700 6.870304351002322
88800 2.4526681507845844
88900 2.5720516652643615
89000 1.9295278873947967
89100 4.093461448379318
89200 3.989426588476093
89300 3.9883564866894394
89400 2.472046457513443
89500 4.463632481492893
89600 4.24933949665505
89700 2.5222512916613207
89800 4.448716906398964
89900 5.59244301157048
90000 4.377643974462706
90100 4.924170596332203
90200 4.933521079399054
90300 4.9130564555035505
90400 2.8578436137272254
90500 4.364517032417029
90600 3.754065199350976
90700 3.044061905634961
90800 4.443264877555132
90900 4.317107032062622
91000 4.004495164344875
91100 5.009596317279432
91200 5.353067537273581
91300 4.527671567643735
91400 3.7914312081420127
91500 5.094100775425919
91600 5.9088403913848415
91700 5.25405387646906
91800 4.5976826299530416
91900 6.176457329440671
92000 6.037623708172889
92100 5.828247135568097
92200 5.5005258768835095
92300 2.9711981151505635
92400 4.931613636173536
92500 5.151560671937709
92600 4.151228015440307
92700 5.469647832447927
92800 3.825795560103178
92900 3.413514337883818
93000 4.828007438606128
93100 4.218679377220856
93200 3.684298821447411
93300 5.244953432355869
93400 5.861895044535392
93500 5.408875726462224
93600 3.87559240430958
93700 4.1376399437892175
93800 4.112905892988095
93900 3.7163720422134383
94000 3.9996838007366255
94100 5.750234568083607
94200 4.177381099230924
94300 4.325245194654652
94400 4.138679326790411
94500 2.884173391722104
94600 1.877777745510358
94700 5.86083096918616
94800 4.898155912628908
94900 3.254676409582472
95000 1.2021768012385408
95100 3.6357417833142995
95200 3.0450345376826102
95300 4.86284885582838
95400 4.569959556424702
95500 4.260437084060487
95600 2.0907502341404283
95700 3.664806701997074
95800 3.3050293412191345
95900 3.0301605207153384
96000 4.1285148889182945
96100 3.609553034462594
96200 4.329541413521511
96300 4.061913818856824
96400 3.6165880976876537
96500 2.726605235665814
96600 4.288609832424392
96700 4.027524420889919
96800 4.565474889532189
96900 2.9807066243872895
97000 1.09220309580593
97100 3.831243066814223
97200 4.119609718486832
97300 3.1281668839510965
97400 4.590091576044038
97500 4.627479358098675
97600 2.5857427974359526
97700 3.84292646423088
97800 5.4460269293052646
97900 6.062315293844994
98000 6.128733643442298
98100 4.839505171915955
98200 5.384280486954467
98300 3.559192111096302
98400 1.5725590142658044
98500 1.3680066367242059
98600 2.294317094460175
98700 4.608277395339729
98800 2.882627797477167
98900 4.303018031630898
99000 5.653758797603417
99100 3.6080504501661217
99200 2.2770429263633356
99300 3.5636679857219193
99400 4.007371469325226
99500 3.984859088338435
99600 2.5104579233513955
99700 3.45809278228936
99800 3.0311598619605564
99900 5.267155316047402
100000 2.944645870791972
100100 4.366867971937907
100200 3.772501416834336
100300 4.022815230226352
100400 2.1326818651104142
100500 2.835695532819315
100600 3.428444219155854
100700 3.0941995438103302
100800 4.6090913497874055
100900 6.057147328621926
101000 5.246554399764923
101100 6.362288624805931
101200 5.471557843267664
101300 4.228866057664274
101400 3.583679345025779
101500 5.1504278621537605
101600 5.100924775672628
101700 4.472877858812901
101800 4.343862750534935
101900 2.825978223552728
102000 3.6989564711278593
102100 3.39381921680253
102200 3.189775516012647
102300 3.353718653300014
102400 2.5414903498282615
102500 3.450310159517428
102600 3.2148916915567116
102700 5.081827643307783
102800 2.1157324431781537
102900 3.956796978896083
103000 3.4453422626821575
103100 3.568294550747949
103200 4.1046793415667535
103300 1.6806887491526459
103400 2.9976816881987296
103500 3.546564509873163
103600 3.5636851373468366
103700 3.6320712841493665
103800 6.58014365830319
103900 5.286257811797843
104000 4.771755020190544
104100 5.712853310707594
104200 4.373386844579768
104300 3.820211567395573
104400 3.8311892919326516
104500 4.056592399816275
104600 6.78207320304829
104700 4.442582451163128
104800 3.9243273332765334
104900 3.3936186048609303
105000 6.90289778888469
105100 4.030445684961327
105200 1.0196723781835317
105300 5.629770933163949
105400 4.3163902086858466
105500 5.037408563622397
105600 6.649124474299679
105700 7.273027661969818
105800 4.316345549440256
105900 5.504798383656198
106000 6.339721754394485
106100 4.0240594857668635
106200 4.051475509698751
106300 3.0496640755686797
106400 3.051283610961839
106500 1.3526996987644813
106600 0.6401463152882336
106700 3.8269681521141594
106800 2.9087684128683544
106900 3.132287085182719
107000 5.409241665698116
107100 6.422063983865246
107200 5.235492468635392
107300 4.392875314184747
107400 1.22960968534152
107500 -0.0419147496989597
107600 1.943414190837675
107700 3.4275625660356597
107800 4.236470956353382
107900 3.060574037244939
108000 5.197005246403048
108100 5.182492633568122
108200 5.112208015477538
108300 5.138547256654552
108400 5.53826974619743
108500 6.420822142195232
108600 4.423536483578876
108700 2.6960423924882666
108800 2.5057803154507603
108900 4.451643006895198
109000 1.082287727290146
109100 2.6878049697739517
109200 2.561138983623958
109300 3.723909648850785
109400 2.0242345726222704
109500 4.013077212576938
109600 3.650022087567644
109700 1.4785866231960187
109800 2.6591474956290373
109900 2.9272482242349427
110000 2.30582015379959
110100 2.4629220086381385
110200 4.9020664073005005
110300 5.400167337051183
110400 2.7518036084966297
110500 3.3462985186529455
110600 4.900523146478659
110700 4.662067285580242
110800 4.18708474173212
110900 1.7296407554720126
111000 2.4577538883294547
111100 5.140419221289827
111200 4.176129391422656
111300 3.5668708211701885
111400 3.66278316600117
111500 2.71231173020917
111600 3.4078646251723104
111700 3.1994029383851177
111800 4.526972844061575
111900 3.26267435287976
112000 4.48868929425196
112100 5.451661800707172
112200 2.7280811129941025
112300 3.0566057744988977
112400 4.415277380256254
112500 3.7668834658360617
112600 2.627471705110616
112700 4.687019115392234
112800 3.6161273380883534
112900 4.4609301926637075
113000 2.33710420450653
113100 4.101275437660824
113200 5.069654882285085
113300 3.1024307869189562
113400 5.2008109040118695
113500 4.346176103552454
113600 4.094102408036727
113700 3.9683479495824683
113800 5.302661688917652
113900 3.419524652509039
114000 5.753697532667415
114100 3.1911235729680336
114200 2.785438557894916
114300 4.293854989847744
114400 4.035784984986942
114500 3.146741063914118
114600 2.6711676800651074
114700 3.4665431951787635
114800 5.377998883252812
114900 4.9454022965317765
115000 1.7284148301581364
115100 2.8444656140747346
115200 1.6855646027237632
115300 5.948464767230174
115400 2.199598219648844
115500 1.9583170256006606
115600 3.829180774498011
115700 1.2134509486834981
115800 -0.2766878636520231
115900 3.7834147903898527
116000 3.540765114072393
116100 3.702169861680183
116200 3.8251484382985304
116300 6.033080962137848
116400 4.2628804573571335
116500 3.8726174988646305
116600 5.068968668406256
116700 4.84135212558264
116800 1.8309296006996256
116900 2.542458004706668
117000 1.4486020461150897
117100 2.7312616073081495
117200 3.7876918656634775
117300 3.1839312457149833
117400 4.33291979823845
117500 2.5566211383185684
117600 2.5384953233304857
117700 0.10950534427256509
117800 4.2348805732683354
117900 4.126322852068013
118000 3.526053975858341
118100 3.4113114039883436
118200 3.0315626799897983
118300 4.696903626990995
118400 4.757524202314792
118500 3.837184772379601
118600 5.575739888764411
118700 5.193004892031044
118800 3.457513403681981
118900 5.480242543241029
119000 5.420914637701894
119100 4.452311714813959
119200 1.131639907825653
119300 2.5496488732505482
119400 2.4630436742317645
119500 3.3278258784366166
119600 1.6553975176989535
119700 3.383682773086146
119800 3.1306205369772124
119900 5.280947464910005
120000 4.712399499850645
120100 4.245216977827903
120200 3.8192832681912807
120300 3.7196589169293532
120400 5.711625670476845
120500 1.9913142408389184
120600 3.1595544713083408
120700 5.351278002539049
120800 2.164180172505231
120900 3.4022230633268546
121000 2.5254801535705624
121100 1.756813624187564
121200 2.451330094459805
121300 2.676681997533376
121400 3.7161290046980886
121500 3.4669988748943483
121600 5.687429572687614
121700 5.917043456599423
121800 5.020929156419565
121900 4.876012159168094
122000 4.599482759141746
122100 2.042335837131469
122200 2.854345724186038
122300 3.287123867855155
122400 6.020429347716728
122500 4.652595521076989
122600 7.544402317050834
122700 5.678807947205481
122800 5.73159321061469
122900 3.7062812947434858
123000 5.323239219093586
123100 3.7316881670359416
123200 2.769970596607206
123300 1.1878107102771522
123400 1.9381517536324135
123500 2.297688792979845
123600 3.022283168078319
123700 5.182158896451985
123800 4.413944150553878
123900 3.3066272344892984
124000 4.515381348363323
124100 3.13991021845191
124200 4.706335738651621
124300 1.1195120336488353
124400 4.6403590595213915
124500 4.168582018920661
124600 6.148826490417272
124700 4.166521267908933
124800 4.03623660058754
124900 5.0541887604335285
125000 2.168662683040631
125100 3.1322824415619492
125200 2.044873723747775
125300 3.224955736625023
125400 3.1703952731529106
125500 4.965193290071311
125600 2.4272832599126923
125700 3.8324198121436712
125800 2.7079329435444
125900 0.7330629833331403
126000 1.2419357388148524
126100 1.9754157423243994
126200 3.1907900804300695
126300 1.9553945495392202
126400 3.3340033120633668
126500 2.8159625191379507
126600 1.5394984438430286
126700 4.673728925427786
126800 3.3020013837313855
126900 4.519755143580533
127000 4.365965153195922
127100 2.1792192876042678
127200 2.4382650474303045
127300 3.0613431638901774
127400 4.397867786538481
127500 3.1494437952119556
127600 2.3366203280383093
127700 4.870095586502779
127800 3.168201468271326
127900 3.9566087015406963
128000 5.1246088961257446
128100 3.554727274387722
128200 3.6304284093316226
128300 2.8180372282546693
128400 1.8845052610560713
128500 2.9460299742139795
128600 4.598267701528282
128700 5.051653428296972
128800 4.72057615627385
128900 3.5914208561905565
129000 5.203086711158014
129100 2.3098925903523493
129200 4.064662014432035
129300 4.140619256712463
129400 3.5498269063026346
129500 2.309255429344337
129600 2.155064740452799
129700 5.690943800014871
129800 4.841882532519605
129900 2.3607128264317665
130000 3.5943898856717795
130100 5.784076340172351
130200 4.928315291553211
130300 2.627071020529683
130400 2.9132946630957264
130500 6.395367957901771
130600 6.072391477220704
130700 5.0520531996684515
130800 4.356678445909295
130900 5.845736459602728
131000 3.2875769179448278
131100 3.455110349115663
131200 3.115455690138443
131300 3.410642606677086
131400 3.8503981350182546
131500 5.2486083568196795
131600 5.047644685702487
131700 2.1315342496035
131800 4.96388725821838
131900 4.448833075648788
132000 4.057570741141506
132100 3.6714658080580653
132200 2.55236732916754
132300 4.723940125568099
132400 5.563933196690677
132500 2.854492085333985
132600 3.250597583492409
132700 3.07790600387467
132800 4.259588311095106
132900 0.5947773524433193
133000 2.14847637023341
133100 2.569960902448509
133200 2.4000237693979005
133300 3.5029450052774598
133400 3.0428430863114024
133500 4.350256864869752
133600 3.074790981514007
133700 3.517368115889995
133800 1.0446396530813435
133900 4.27397981842679
134000 2.3136052755889613
134100 3.2093860463888206
134200 4.651436206844239
134300 4.970816717814702
134400 3.2310650894063966
134500 3.8760469293083126
134600 1.4848521391749105
134700 2.5803253318832615
134800 3.528197637177441
134900 3.7783566856820117
135000 4.724088797361713
135100 5.0413532943672505
135200 5.920397692269692
135300 6.28398699498812
135400 6.803285196837513
135500 5.46818008918269
135600 4.74421598182151
135700 5.484296689118409
135800 3.542148286374396
135900 4.024799879793523
136000 3.9525318057837144
136100 3.4833066319077903
136200 4.720208020407781
136300 4.692882982233102
136400 4.171929922860878
136500 3.791588031131695
136600 4.80005907036399
136700 5.35100837938928
136800 4.232559254978637
136900 5.012619443831447
137000 4.3371296992665975
137100 3.627083469125315
137200 4.615299689583096
137300 5.4189640434112825
137400 6.402551099199831
137500 7.897501946882087
137600 6.346236223734153
137700 3.880223656406827
137800 2.398363996022628
137900 7.239422719971482
138000 5.615906853758761
138100 2.821870099101612
138200 3.573071719555504
138300 4.3470436724026476
138400 4.127965410987269
138500 4.691511498036401
138600 3.5716850586403726
138700 3.9288636468440963
138800 4.110996533877848
138900 0.6765983252234864
139000 4.028256525244272
139100 3.2433161422949
139200 2.7407117466238673
139300 1.0620872494166929
139400 3.950232734733235
139500 2.245121305736788
139600 2.6134743835801437
139700 2.804622847639043
139800 2.8715294073329125
139900 4.4742510734553145
140000 5.351833311265485
140100 5.221577271238957
140200 3.1844356983648576
140300 4.883936766894831
140400 4.846018525516914
140500 2.3480285445170463
140600 4.678265346926137
140700 7.562766478342742
140800 4.394245219797015
140900 2.7484072378074362
141000 0.811904138527842
141100 2.1943184859970026
141200 2.1284783032192727
141300 2.404030895951562
141400 3.070851052977242
141500 3.184114707231531
141600 3.5626877957641936
141700 3.7492163650193544
141800 4.610355684609204
141900 2.0626389477447304
142000 4.035216929646724
142100 4.649532787769466
142200 4.829010969883661
142300 2.746771321868667
142400 4.080889709797512
142500 6.291943120887428
142600 5.033456022573051
142700 4.474834220573184
142800 5.623761348584572
142900 3.3343869315971624
143000 3.6141161530854813
143100 2.652340076866091
143200 4.813921326356979
143300 3.3198950407091923
143400 5.725721684981611
143500 6.122726899024129
143600 3.871770129288949
143700 4.339978230514251
143800 4.2820653121670205
143900 4.512634055339825
144000 4.9840391255250225
144100 5.230635179211884
144200 5.99185078187496
144300 1.8999061542194793
144400 6.2590079589772385
144500 5.63745333564746
144600 3.494475510526228
144700 3.691034649953505
144800 2.6383660596257186
144900 0.5132966673688406
145000 2.0476441155911878
145100 5.044758428788555
145200 2.7118709967811587
145300 4.324920170082079
145400 3.058495330011999
145500 4.201442362361577
145600 2.973117666063516
145700 1.9421306942531065
145800 3.8797008026171818
145900 3.2168943390802336
146000 3.9835691306573673
146100 3.0956901918108657
146200 3.121314787800106
146300 3.3640182006680037
146400 4.096341710939508
146500 2.1140201015599196
146600 3.955980987799469
146700 5.726428958856412
146800 4.940751949458054
146900 2.6656801894071327
147000 3.8815380741579633
147100 3.6801603833209158
147200 5.066396024713077
147300 4.751027477724403
147400 5.421421090719179
147500 4.47102972873345
147600 2.9322764603061966
147700 5.188472075231338
147800 4.3630051669416465
147900 4.126366167543714
148000 4.461068435924989
148100 2.9740540847057924
148200 3.9167613339878473
148300 3.3800891608943475
148400 1.5894753405279165
148500 4.768420787480798
148600 4.388293577542995
148700 5.770111352433957
148800 4.059625637640845
148900 6.207560025566507
149000 6.111414427141386
149100 3.9132768143662195
149200 1.9228599837076221
149300 2.1634524189354667
149400 3.334244701970623
149500 2.1636095920609937
149600 5.973604580342813
149700 4.8809757252409245
149800 4.775287139351042
149900 5.761167506652524
150000 3.0426435818102573
150100 4.849747630921143
150200 4.281004962039897
150300 3.4186257174894217
150400 3.1296827334132056
150500 2.037464668695612
150600 3.921259970296096
150700 5.716961196020197
150800 1.8422243886287035
150900 3.2929956336927937
151000 3.8692016214683584
151100 3.340474403576862
151200 3.619163396782133
151300 4.922367228390967
151400 3.727197629490041
151500 5.420351196275768
151600 3.5597430760457467
151700 2.540633088210814
151800 4.755834049496176
151900 4.257491599165362
152000 5.0339302379885735
152100 3.9707461720281425
152200 5.0202702289606655
152300 3.4128594333677
152400 4.295161300118486
152500 4.72061696967597
152600 5.045126563524084
152700 4.473656516922072
152800 3.9227312840318054
152900 5.1657157500239865
153000 7.04545361540082
153100 5.190463431510412
153200 3.8943803078952612
153300 5.343685687489567
153400 4.314961707173485
153500 4.934129272880117
153600 3.899672948697379
153700 3.095739559645663
153800 4.87086380963519
153900 3.6694665394217543
154000 3.490523250596176
154100 3.8574081092174763
154200 3.430555798326675
154300 2.849185205571151
154400 3.3409856485497547
154500 1.4560436991373638
154600 3.118608239465471
154700 4.152289494445832
154800 4.461646595333662
154900 3.783065761220769
155000 2.090503698972116
155100 0.9886133446478506
155200 3.6605749510372485
155300 1.9250255668051153
155400 3.2938497197477035
155500 4.493444743197102
155600 4.575766168038211
155700 4.40740098142044
155800 3.815220247573804
155900 3.0967742845645287
156000 3.9574461453253718
156100 3.3336515253593633
156200 3.1636865917014463
156300 5.007176908679489
156400 5.038768313424881
156500 2.978189966522261
156600 3.3881148959794998
156700 4.717212679071776
156800 3.6177060477111427
156900 2.507186429856637
157000 4.148409060008283
157100 3.977487206937594
157200 3.792183592177388
157300 3.2768225897487944
157400 4.078093253488714
157500 5.578218451194414
157600 5.691311150107127
157700 4.167129193861616
157800 4.22733537222377
157900 3.791136215854198
158000 1.8903297412315752
158100 1.5768908543882723
158200 4.145125171202581
158300 3.271007055470777
158400 3.181209182603736
158500 0.1211858038238855
158600 1.4334674634739528
158700 1.6016600244523291
158800 2.2192068199165007
158900 1.9913768161097167
159000 0.08295827345954115
159100 4.790800746449115
159200 5.0971541184796205
159300 3.83218657005048
159400 3.3709863328247964
159500 5.792493996201069
159600 6.663734525043396
159700 3.841365632025941
159800 1.5804207011961175
159900 3.4923497434656445
160000 3.443253094430774
160100 3.95128564809921
160200 2.6601726039270948
160300 4.593447099675166
160400 3.087434144934885
160500 3.9114872819272986
160600 3.4878135319145223
160700 1.0677491781340447
160800 2.093887175265766
160900 3.076982778122832
161000 3.1334440565275057
161100 2.687732998279048
161200 3.4393917847723974
161300 3.4604800808348832
161400 2.457053897679648
161500 2.5954939467178133
161600 5.354356629583393
161700 3.287769112951589
161800 4.130899390308223
161900 3.5318671217038937
162000 2.0874272657556197
162100 2.9904382219828176
162200 1.982454526233916
162300 1.3592017592105248
162400 3.013024422693969
162500 3.8941178830708747
162600 1.2580645462251787
162700 1.6448425971272553
162800 3.061780135317166
162900 4.161251150344828
163000 2.9885334256170495
163100 4.184690010121793
163200 4.538515373152271
163300 2.222882832805952
163400 2.15910198083725
163500 3.614563926516153
163600 2.8322168129473746
163700 3.8957809783939625
163800 3.4223029690313655
163900 4.856554820027925
164000 4.5196414824848725
164100 2.9119804711131243
164200 1.2806708102505322
164300 5.190534603721244
164400 4.9002032523192485
164500 4.700051825220102
164600 2.5637335107080155
164700 1.0225600037703095
164800 1.7150592500195092
164900 2.4561625548538104
165000 2.245104918128425
165100 2.7489224917701955
165200 2.187169808613394
165300 3.079212971485586
165400 4.336800036143943
165500 5.034447818438436
165600 3.334831220198141
165700 4.149828406313287
165800 3.1139557705746372
165900 2.6090960909179213
166000 2.96220162085366
166100 3.595918023437391
166200 2.0950462481166134
166300 3.5124048435796986
166400 3.438302740303535
166500 4.096159827828747
166600 2.890037266761979
166700 2.4852870378264194
166800 2.660488935824127
166900 3.293860829867076
167000 1.151233113741352
167100 4.472044771810456
167200 3.5320508863113154
167300 4.816696159272591
167400 3.5501947355184442
167500 4.300151191544079
167600 5.270317049314434
167700 5.110099993171443
167800 4.353282980661683
167900 2.576403754661853
168000 5.879994849836433
168100 4.547395372322402
168200 3.628611744888612
168300 5.311896298046945
168400 4.149533771062554
168500 3.144281629246653
168600 3.8880655054636204
168700 5.60456241710147
168800 2.1841137232004875
168900 4.5941775877081055
169000 3.460518568112875
169100 4.199657174315823
169200 5.715094399488719
169300 5.303991736625736
169400 5.047834555862015
169500 3.9575109384757363
169600 1.2203298109870433
169700 1.9269311121515302
169800 4.561781489872712
169900 3.2101580634321754
170000 5.131412607889973
170100 3.9672242658568826
170200 5.831454530368641
170300 5.539469618280654
170400 2.426963022874371
170500 3.0129695905195377
170600 3.4959669026876443
170700 3.1107471169962553
170800 3.3010296153869225
170900 5.3535423228319114
171000 4.11404811624208
171100 6.047110072726617
171200 4.236487037348939
171300 2.869206635556506
171400 4.601332189637031
171500 3.76224746736899
171600 4.773885402923994
171700 4.614029106800891
171800 2.8960193413234596
171900 1.7866339450758177
172000 2.3976554521115254
172100 3.613374830622011
172200 3.7871421881682896
172300 2.9225866924744706
172400 2.387247228919195
172500 4.071950708610629
172600 4.010321383897783
172700 4.1137013671033955
172800 5.871893098559325
172900 4.647836973993026
173000 2.129379984337348
173100 1.3325649790892833
173200 3.63645299863207
173300 1.3505053065257855
173400 1.8569234072254794
173500 3.137018009425505
173600 3.1714655651219217
173700 2.5447739703081145
173800 1.8147385596553154
173900 1.9171634642500555
174000 2.5776229918774893
174100 1.457519107495939
174200 3.5856697767012706
174300 1.5434512116751324
174400 3.3828294067018847
174500 3.8216386375572724
174600 2.1312107003199565
174700 2.722189360862447
174800 5.642395649485186
174900 6.0798615199534565
175000 4.1563121264137415
175100 3.371428661308606
175200 2.4200404154540913
175300 2.2683760513901485
175400 1.290208350081016
175500 4.566064669381698
175600 4.047943465051088
175700 2.122121860067998
175800 3.2428794540880665
175900 5.549138006392581
176000 5.434621346454036
176100 4.268681912144413
176200 4.789079670655535
176300 3.0627360152504974
176400 3.7066576577332464
176500 2.1768197268573433
176600 1.3902512743528403
176700 4.165891499452011
176800 5.979434644457759
176900 1.489805256304948
177000 1.0329345417716114
177100 3.7098084921070438
177200 3.133323067433796
177300 5.595727133012253
177400 3.9098714039098708
177500 3.567841638082107
177600 3.2353269544726495
177700 1.0427234202633897
177800 1.7089068712121935
177900 2.856417988781834
178000 4.384215660834203
178100 3.3180539199686785
178200 2.9683622648582477
178300 5.467187519437955
178400 5.0080321287218785
178500 2.9057367001302588
178600 2.876568062546977
178700 2.5435720893129226
178800 2.8956204881070273
178900 3.326214311075008
179000 2.5803574856954525
179100 5.154047032882433
179200 3.494797823813738
179300 4.738241911059047
179400 6.819686830509125
179500 5.938471914300275
179600 2.0061876548458795
179700 3.782144938583753
179800 3.4469711299190458
179900 3.441508066850979
180000 3.060470726338484
180100 5.978166530392177
180200 4.344989255891667
180300 6.517983216702589
180400 4.423996095764314
180500 4.150749848545262
180600 5.0029181163293055
180700 5.278969365274108
180800 2.0720904100930446
180900 4.6167755881805235
181000 3.2318775722470368
181100 5.2800275355563775
181200 3.911044573383329
181300 5.017479160586762
181400 6.10896293121529
181500 5.019162408536766
181600 3.673839086590612
181700 6.105514515304697
181800 6.43281012958334
181900 4.206080132357833
182000 3.61446579396071
182100 4.637665926599706
182200 5.622411919806439
182300 6.113083181870699
182400 3.657857007999351
182500 3.366106178699504
182600 3.1693512826681833
182700 3.5153981965240817
182800 4.398669871665979
182900 4.777600148884005
183000 4.204596925605337
183100 4.615623942921321
183200 3.381479193925833
183300 1.4000596658921156
183400 2.6153582771410853
183500 3.716259847270879
183600 4.332353707837458
183700 3.680727517778204
183800 6.000663498832961
183900 3.085851717509536
184000 3.906300999881476
184100 4.639780674103415
184200 5.158397353881123
184300 2.9917048063478036
184400 3.5977354823713488
184500 6.089020607588331
184600 3.9542131449970714
184700 6.524561777674629
184800 5.833155221561708
184900 4.299265527382328
185000 3.512603104546789
185100 3.9013973588419906
185200 5.616343074315086
185300 4.088162080346123
185400 4.176308960484912
185500 5.325201640539199
185600 2.6199597877794147
185700 3.663503616687265
185800 4.05625848073663
185900 3.860165883353592
186000 4.066369587016542
186100 3.428223006295272
186200 0.8766747689219667
186300 2.6653763144955134
186400 3.158212832378559
186500 3.2476476707041195
186600 4.007198064953833
186700 5.663361101731137
186800 5.112357079120326
186900 6.359633794322545
187000 4.935376530958559
187100 2.7113934608339627
187200 4.5659216399113856
187300 4.599174415302856
187400 2.273224036828337
187500 3.9560514650779317
187600 6.552078224716614
187700 3.7154445670534377
187800 6.086604647768825
187900 6.276442660886165
188000 3.5704922210536156
188100 4.893331259046743
188200 3.5425830215597607
188300 3.4633470633724017
188400 2.5356432800768696
188500 3.2613818000151067
188600 2.7520429251772422
188700 3.472632521580378
188800 2.17119268678935
188900 4.619242161745518
189000 3.688029860338658
189100 4.397378727640283
189200 4.473292572388169
189300 4.7319439326543575
189400 4.151701331450503
189500 2.621996984124825
189600 1.6700245003123264
189700 3.727416815527545
189800 2.9738440693052057
189900 4.957436863988739
190000 2.95908644540063
190100 2.5594109817787882
190200 0.31298771565517153
190300 -0.5445222333078842
190400 1.8309500791048348
190500 4.265575843895355
190600 2.97561832524373
190700 2.339249006479395
190800 1.8992928214557245
190900 2.401209572329024
191000 2.9088177756264217
191100 2.6304233759819997
191200 3.780146431677611
191300 4.250041903066191
191400 3.778936047495048
191500 5.094922144989145
191600 3.459178393649842
191700 3.026432562080922
191800 2.8637732484326137
191900 4.126121856328881
192000 3.2253958753692062
192100 0.6161278244751995
192200 3.5139625239757386
192300 2.9528554961903537
192400 3.159063000003419
192500 4.057443988834351
192600 4.564654728311226
192700 3.687302256799204
192800 3.9184018506736127
192900 4.159971089636558
193000 3.1203870660275768
193100 4.623396029947648
193200 3.8554935958650205
193300 2.2293148158311826
193400 3.6884321216675544
193500 4.788953232408827
193600 3.6426585283671287
193700 3.815728308798036
193800 4.4351893455203335
193900 3.1117133258740535
194000 5.33101761739603
194100 3.0900447301326186
194200 2.594327375925581
194300 3.2756247334667705
194400 4.4452948445035885
194500 2.6349021966628685
194600 3.452950327979556
194700 4.019135761482011
194800 6.4105133456693615
194900 4.443916987523581
195000 2.807200622695175
195100 2.0128869895673813
195200 3.169769655042903
195300 4.147984430280083
195400 4.718886493309855
195500 3.575225675280265
195600 4.345698059074078
195700 4.958956691009835
195800 4.623467773316814
195900 2.428846415596816
196000 1.0646289134776759
196100 4.823242886060429
196200 6.5820390115151435
196300 2.6509723534961163
196400 2.877021274712156
196500 3.3972076577292842
196600 3.7607534949037715
196700 3.5214425882004936
196800 4.431540928462092
196900 5.1143444560849
197000 3.3991157139699704
197100 4.49977578250736
197200 5.672591483941494
197300 6.959583864869325
197400 3.6949009700162483
197500 4.32105887575992
197600 4.7035450134428585
197700 6.799096356801527
197800 4.685810561464808
197900 3.1517313125982613
198000 3.3684713685160075
198100 4.436764734236289
198200 4.163795611107113
198300 3.66571604707628
198400 4.877208371483889
198500 6.789353066486337
198600 3.785329090497113
198700 4.303139218770832
198800 3.099715451706541
198900 2.8032979844176875
199000 2.8410692416817427
199100 4.345729517042736
199200 3.725855852436016
199300 2.8828160127597484
199400 3.243906983068926
199500 4.001611252946042
199600 2.956734453974528
199700 3.5852398148645204
199800 4.794713599021552
199900 3.2271516428844294
200000 3.4014600771058654
