# Model = DQN.loop.(2)-9-9:9-9-(9)
# Num weights = 1134
# Learning rate = 0.001
# Env random seed = 111
# Start time: 31-12-2023(02:46)
100 -22.853469944838398
200 -24.05007233687905
300 -19.355687061233056
400 -22.88516005430098
500 -23.725560126267872
600 -24.699202814415354
700 -22.519184198970176
800 -21.676027855349155
900 -21.91664148048269
1000 -17.711739516716502
1100 -23.468825868257497
1200 -22.77897417508206
1300 -21.38010933415223
1400 -24.0223490381266
1500 -20.433841152885503
1600 -19.215671701574887
1700 -14.107900113184604
1800 -17.65976424148265
1900 -16.43638139977724
2000 -16.75512397785956
2100 -17.066557291026555
2200 -18.858003878892962
2300 -16.747631612406
2400 -13.478522854943261
2500 -13.126384527402234
2600 -11.693986321079176
2700 -17.171737145667464
2800 -16.81510854997345
2900 -14.312135119400741
3000 -12.629394413651285
3100 -14.668680716349952
3200 -10.192190057457609
3300 -10.853295096822151
3400 -8.84953944309105
3500 -13.463262945590515
3600 -14.436015305890702
3700 -11.401521338478501
3800 -3.4499424797991343
3900 -5.608101308401682
4000 -5.010664663057582
4100 -3.644198995983808
4200 -4.060873171151375
4300 -3.3231021401392224
4400 -4.972823269057372
4500 2.4274921893689845
4600 -0.4566271074575161
4700 -6.123149075376036
4800 4.8067929342023685
4900 -0.6061826176174332
5000 6.35674173373876
5100 7.718893199919284
5200 0.6737862048429776
5300 5.534081157327886
5400 3.0900674212450583
5500 3.8933375833187602
5600 -0.8395141617044218
5700 6.611591192175444
5800 1.668316287101299
5900 6.674109124990655
6000 4.442270222882792
6100 -2.9556323673896485
6200 5.337781930467205
6300 1.6138868739125556
6400 -2.30534491639969
6500 -1.2587853754314229
6600 -2.629940475057481
6700 1.813693208432972
6800 3.241517136888894
6900 3.530591393860901
7000 1.862694673404179
7100 5.709229895349472
7200 -1.0983617947836692
7300 3.4352467824661095
7400 6.475988926652036
7500 4.712520625363149
7600 1.540518999897054
7700 2.5624521418109065
7800 6.974567347711767
7900 5.535066486043749
8000 7.444451229379984
8100 1.7201563433463538
8200 9.991145136047194
8300 7.376142817192154
8400 8.22435426708341
8500 11.671883036896523
8600 7.027222279038292
8700 3.0091192722827653
8800 9.405658730358988
8900 12.745223774450665
9000 12.348822344519647
9100 10.071596677088777
9200 7.007001925986426
9300 4.404034459746787
9400 9.40962961226863
9500 4.72680673248398
9600 8.554572468029294
9700 8.898997502774712
9800 7.607412020491479
9900 10.848502131809338
10000 9.112099451331904
10100 8.328269599255034
10200 11.65722400200726
10300 9.639942857061325
10400 12.814430724509178
10500 6.306177467364672
10600 6.976483102423831
10700 10.877754925040588
10800 9.131753972270737
10900 9.319506636886867
11000 12.40207796743704
11100 15.166605909480209
11200 6.153449815574133
11300 8.322778504861363
11400 3.6062043527116976
11500 1.7623570787872231
11600 10.515912690431072
11700 7.489431252954992
11800 11.571872355978055
11900 9.49079420617656
12000 9.911363855680564
12100 10.56279985356928
12200 12.300089668527134
12300 8.439897718013505
12400 8.650169405579417
12500 6.185236270860406
12600 8.839500770449389
12700 6.388190221474708
12800 10.491099891473189
12900 5.63316774299906
13000 9.768182859130889
13100 9.558400300300743
13200 13.675688385883594
13300 9.281331589095052
13400 11.859970119269953
13500 10.830405004583657
13600 3.2600904366201786
13700 8.612094991386924
13800 9.879853886525218
13900 10.318760457124236
14000 10.679841037681047
14100 13.202230100760605
14200 8.868946467931382
14300 9.854620524348473
14400 7.084350584761232
14500 9.02092285372076
14600 8.539615951877641
14700 7.907244358194081
14800 5.599947205853903
14900 6.512011786553519
15000 8.982417841846727
15100 9.178006024981004
15200 5.721839067652209
15300 11.864410389162765
15400 10.57797670893175
15500 2.5218212478242186
15600 10.728079166937805
15700 6.15447995280525
15800 9.453638774452465
15900 6.696164994742128
16000 8.372749836907635
16100 10.064502332134454
16200 9.956840078954015
16300 10.142664849358825
16400 10.011156057525568
16500 9.192638888742389
16600 13.835583284339615
16700 8.321866645453051
16800 8.313948461122765
16900 12.707455973938256
17000 11.499294434320138
17100 9.611428569601548
17200 7.9562384355457825
17300 10.390646844334697
17400 11.101971906342156
17500 3.1537616936311617
17600 8.6567360886099
17700 9.968352834886584
17800 9.722251432624802
17900 8.998660811146124
18000 12.155160212066303
18100 8.08511731305841
18200 6.681765096979012
18300 10.717187412385734
18400 6.0816494314106535
18500 10.6870887888765
18600 7.80287509750216
18700 5.329240898158082
18800 10.688597699141447
18900 8.292222360135279
19000 8.404367578853364
19100 11.205398488240364
19200 8.773816926516579
19300 5.234836356327476
19400 4.996872028127784
19500 6.270036022908636
19600 8.058977213732103
19700 11.640408002721465
19800 8.815865509798966
19900 6.496967004105273
20000 10.781739994336053
20100 10.848840245347688
20200 10.570798971920286
20300 11.62916973947726
20400 10.41339497659098
20500 12.861850434752618
20600 8.808855292552954
20700 10.039914652842402
20800 9.186753575734453
20900 9.502428205839568
21000 9.149196929461713
21100 9.719125700497587
21200 9.191446039512504
