100 -0.12770203223231874
200 0.7847259470327614
300 -2.494929472362563
400 -2.1285851697558438
500 -2.6406799701929478
600 -2.2397189018416417
700 -0.5795283051741313
800 0.2893817127370075
900 0.09909548773350818
1000 -1.0184484398674913
1100 0.6592602157481602
1200 -1.2799261253009733
1300 1.151924005625911
1400 2.4721544899051486
1500 0.7359484395595663
1600 2.2646700364238694
1700 -0.023496425810544064
1800 -1.9226776576998545
1900 0.1439277039037776
2000 1.9244039649131321
2100 1.0415784274187225
2200 0.5114634323884133
2300 -0.7301161431830041
2400 -0.4622487653547307
2500 0.12442123745663354
2600 -0.995750447544268
2700 0.9560711153706287
2800 -1.4075697252484092
2900 1.8551459148862985
3000 1.2528142781876166
3100 -0.033844984412008394
3200 1.0432572877250146
3300 0.019105634643000968
3400 2.6052935474259544
3500 2.589548226892457
3600 2.2124211016181086
3700 1.81013079878568
3800 0.4809737650695754
3900 -1.6480613227033094
4000 -0.277608222039884
4100 -0.6519721602963258
4200 -2.5476657894208143
4300 1.490209521803298
4400 1.422931440256239
4500 2.353523021744262
4600 3.6862179467080542
4700 2.4767785721949807
4800 1.922095606346031
4900 3.7775075635095283
5000 2.858655056354549
5100 -1.3352601578130736
5200 -1.9575165520621127
5300 -0.8823659537343205
5400 -1.0199472590784955
5500 -1.643275690075029
5600 -1.9910797345594378
5700 0.913885414880973
5800 1.695042413707146
5900 1.1486411751098333
6000 1.559696236952675
6100 2.3770903589884047
6200 0.8719873932140942
6300 0.42458475184653416
6400 0.9757509573023913
6500 1.9513699031839609
6600 0.5209320893865397
6700 2.0351647379388256
6800 0.823883662458762
6900 -0.07219824340228564
7000 0.47779353235858707
7100 0.9412692401282967
7200 -1.615359353246368
7300 -0.209949278951883
7400 -0.2445250522837123
7500 0.1332107950820614
7600 -0.1536033628009602
7700 1.1395001333166903
7800 2.8896702960930907
7900 -0.7313493200449694
8000 -0.10072261314802221
8100 1.6668973915314296
8200 0.16984117856488146
8300 -0.1048557005823495
8400 -0.11897242930112667
8500 0.3854099151302774
8600 -1.1208224661009496
8700 -0.6807159419600937
8800 0.9221154064353987
8900 3.4686987892498182
9000 3.0401688055977028
9100 2.7532438956241068
9200 0.33347008907133074
9300 0.6082379492697726
9400 2.99730908352434
9500 -0.29495950485692946
9600 1.2478094110317497
9700 0.7077548654249586
9800 0.6084825954486013
9900 1.561043769919109
10000 0.43396472225626287
10100 -0.4745958504041223
10200 -0.1971094253139523
10300 1.192141395632674
10400 0.1283474852049203
10500 0.13621137280209628
10600 -1.4324255056273665
10700 -2.4014591766815614
10800 1.7122830649344074
10900 -0.045270584265111324
11000 -0.7274533767259741
11100 0.6169336804526189
11200 0.17255744457050043
11300 0.5981384552581006
11400 1.3336730458234574
11500 0.5355426189639416
11600 1.5160681437298247
11700 0.2806603924985453
11800 0.6032493545674597
11900 0.2073482243139445
12000 -0.3335369662742271
12100 -0.2675585886055395
12200 0.4189283288300801
12300 -1.5201749686011314
12400 -2.0344635312432255
12500 -0.8984948531699697
12600 -0.6947841170805018
12700 -0.10828394213276799
12800 -0.7549751794006121
12900 -1.3728160299039804
13000 0.8879909414872753
13100 1.1034943927064889
13200 1.5606681517160428
13300 0.07732562740001625
13400 1.049100273217318
13500 0.5741066381899336
13600 1.8272164271177025
13700 2.563030989992015
13800 1.788871095424008
13900 0.953928271013166
14000 0.28546417221553577
14100 -0.5607871774389757
14200 1.1722092099234198
14300 0.10935587848973588
14400 0.2756777956238199
14500 1.935106979015097
14600 1.987095547150658
14700 0.6628253532961366
14800 0.8675829482839454
14900 0.07182438950297576
15000 -1.7922958570485588
15100 -0.9927044685696444
15200 0.6299455181625424
15300 1.2651014279319308
15400 -1.1413712313384186
15500 -3.5169129233141296
15600 -0.49609371625401455
15700 -1.6046319153774864
15800 0.03580074955085527
15900 -0.25636103780241326
16000 -2.0172824872152058
16100 -0.5984778727591495
16200 0.6927943176594582
16300 0.7127726130095033
16400 0.7696905920993673
16500 -0.6423009240870826
16600 -0.24292010229618854
16700 1.4905479180222838
16800 3.0345081192323096
16900 2.3077829224251127
17000 1.0577778331465841
17100 -0.3205941927496743
17200 0.5650903564986425
17300 2.65633951931661
17400 0.32772104017309694
17500 -0.7774585429452712
17600 0.8914167801075625
17700 3.6723105896683945
17800 2.067827945325572
17900 2.112168277946178
18000 -0.4473322851173664
18100 0.06476599218967166
18200 -0.8940943136324797
18300 -1.4683369416624459
18400 0.5652445468100087
18500 0.2667647286235696
18600 2.6393380193471594
18700 0.1617971460087611
18800 1.0169067710797792
18900 -0.49290089803801834
19000 1.6142378453342994
19100 1.1881079510162584
19200 0.5059215910029631
19300 1.0311128006750616
19400 4.052200452493284
19500 2.8117849563227426
19600 1.211342305974239
19700 1.1682057896936762
19800 1.953411411704166
19900 0.8545453864436203
20000 -0.3232303704070207
20100 0.14135146335632304
20200 1.3648412729346533
20300 0.09998920619105557
20400 1.540578243916393
20500 2.6440573859152185
20600 0.18871291898864795
20700 -3.423404367003982
20800 -0.49799548833179247
20900 1.024604291591371
21000 0.6092363009394297
21100 -1.3128767614967864
21200 1.7211643311836387
21300 0.8074291953679122
21400 -0.3505285365530054
21500 -0.7121803902906363
21600 -0.13918570884947384
21700 -0.20723762243918287
21800 0.9430382442866168
21900 -1.5306602248208134
22000 -0.5698065984669924
22100 -1.3383386804812991
22200 -0.2704738998958984
22300 0.8997577476857643
22400 1.9597919526022332
22500 -0.34267657768128873
22600 0.1882613791549687
22700 0.0929099207901851
22800 -1.2880051733918016
22900 -1.0711666300477058
23000 -0.6090341899833958
23100 0.9082121383983304
23200 -1.3918734083075268
23300 1.26812801738274
23400 0.7401681939706701
23500 1.5898031969220903
23600 0.05025214022307714
23700 -0.13505950243189108
23800 -2.536083396515948
23900 0.1547767579530881
24000 -3.0120036192705513
24100 -0.543435654781703
24200 0.6738765429958523
24300 1.0555421777057379
24400 0.9344612243048847
24500 -1.1203317210247756
24600 -2.019197094048601
24700 0.44233321088446165
24800 0.08718383524212742
24900 -1.0240979267474548
25000 -2.210487115654212
25100 -1.2795875568980466
25200 -0.9815180515024378
25300 -0.16791602638209754
25400 -0.0010415325152505206
25500 -0.8360316143036457
25600 -0.9395016567601404
25700 -0.20623698121853126
25800 -1.345288989856848
25900 0.2301277347339385
26000 -0.8748190603763699
26100 -0.22442829706619122
26200 -1.03694867189072
26300 -0.17897493116781804
26400 0.5423365990812713
26500 2.254995592541348
26600 -0.5157995406157028
26700 -1.0170454992716884
26800 -1.6378213278905096
26900 -2.0583382570700857
27000 1.3377488857984814
27100 0.9862391029106308
27200 0.5518498193420782
27300 0.3502767084699406
27400 3.0458796497010554
27500 -0.6145463591479765
27600 -0.8536560393362398
27700 -0.9006027836131916
27800 0.04593454519042017
27900 0.3156387176913071
28000 -0.014408932027332844
28100 0.9122447533029732
28200 -1.4883872638013622
28300 -0.8393744001770054
28400 -1.2517909329301733
28500 -2.3869529706926134
28600 -3.6521096027945434
28700 -1.6362745551769102
28800 -0.07778246515328176
28900 -1.9192440194422
29000 -1.4520280240076773
29100 0.6167732257223362
29200 1.760167001521755
29300 1.4151105115788525
29400 0.7755880369916994
29500 -0.07346157744379589
29600 -1.3215406814299213
29700 -1.959258714209424
29800 -1.4902526770523459
29900 1.5513391763048905
30000 -1.0154687047905027
30100 -0.8292795071268271
30200 -1.8395585821831304
30300 -0.20326986080276405
30400 -2.321305923042941
30500 -1.9711429616568727
30600 -0.6420545440182985
30700 -2.949681281122368
30800 1.0451574445330203
30900 2.7942733523766985
31000 0.3203074228031188
31100 -0.08769767948244361
31200 -1.4976865856416333
31300 -1.1483862862847463
31400 -1.9938092837511372
31500 1.0247852882193385
31600 0.24321732566164272
31700 -0.14007335777956792
31800 -0.33579182001908514
31900 1.1682174212949645
32000 2.337724067750093
32100 -0.9329556368822514
32200 0.822807625625336
32300 0.7007889184960236
32400 0.8710318477227925
32500 -0.9727592000579635
32600 1.1079285649964448
32700 -0.22053287738564387
32800 1.1773365701020213
32900 1.1577482749223926
33000 -0.47681593844364084
33100 1.396852455223382
33200 0.36124540154544976
33300 0.5136740710824017
33400 -0.623437592556085
33500 0.9587119676431881
33600 1.0027149521282714
33700 1.489435189188421
33800 -0.7548822730516436
33900 -0.3068535853400363
34000 1.2865395151429075
34100 -0.2552923855468838
34200 0.6000922199493928
34300 -0.17633309227161492
34400 2.3001633914308255
34500 -0.38756934159454204
34600 -0.6824812790903954
34700 -1.61250428043852
34800 -1.5728290191594947
34900 -0.32710984266730503
35000 0.5130823908426416
35100 0.06604268144152711
35200 -1.590083128018288
35300 -0.9885874640915595
35400 -0.24750439635838467
35500 0.5840974120681375
35600 1.3989033128880168
35700 0.2770975222929989
35800 -0.897827171418887
35900 2.0827015527528
36000 -1.9514829435513072
36100 -1.208334209184981
36200 0.99306884132972
36300 0.9731384608695832
36400 -0.6329763056090842
36500 1.7221897976796865
36600 0.6080404587819919
36700 -0.1947534153315304
36800 0.28925711441609714
36900 0.545430259516196
37000 -0.9010805028784223
37100 0.7778424180248857
37200 -1.0640565483234332
37300 -0.9719562377710806
37400 -0.20700452882942658
37500 1.2991829470331921
37600 -1.3105017431680188
37700 -1.4991327927669174
37800 2.0457607278382595
37900 0.2472638481896185
38000 1.6602456496399196
38100 -1.2577080743740403
38200 -0.1982896698842955
38300 -0.4780793312319913
38400 1.3121250363459023
38500 1.7187740741863433
38600 1.776166963082661
38700 0.5006353196978746
38800 1.530376352126558
38900 -1.4677658309471544
39000 -2.7269171079864725
39100 -2.9785027154725006
39200 -0.7340867559989106
39300 1.0186188397997418
39400 2.3960750613344883
39500 1.5052183708160518
39600 0.23387029026870698
39700 -1.2768718288117356
39800 0.48381505348637643
39900 -2.0217518297748245
40000 -0.39373264927224816
40100 1.9604046538629374
40200 1.22066171008883
40300 -1.181423159415704
40400 -1.9428698870694248
40500 -0.8521309613644057
40600 -1.4417703665536585
40700 -0.5837336178888244
40800 -2.005005824475919
40900 1.8626792681866593
41000 0.31281754342883555
41100 -0.9911687475736444
41200 2.571710485553363
41300 0.08037599185744544
41400 0.23970544186717835
41500 0.4203099091597257
41600 0.5294979416242824
41700 -1.3064161050277114
41800 0.6208412916617738
41900 2.326431319593174
42000 -0.956407026888066
42100 -0.13165615620254006
42200 -0.7462752635105907
42300 -0.6727569728973857
42400 -0.2444163008485553
42500 -1.1262892970920304
42600 -0.5080839137891651
42700 0.5456277574000329
42800 1.3587014369051098
42900 1.8640832511183836
43000 2.397764210097105
43100 0.9174028468224231
43200 -0.11699284426724088
43300 0.32716184150783445
43400 0.7661620900646557
43500 1.0495404374883712
43600 0.21177333890072114
43700 -1.5142056020438137
43800 0.798662818113224
43900 -0.011694729112439711
44000 -0.34177063683297626
44100 1.6738286225575518
44200 2.1914824584410493
44300 1.590927197834166
44400 0.48013888068457417
44500 1.6252187448813797
44600 0.9369757408992871
44700 2.295839506872681
44800 -2.6940543696843804
44900 -2.0853138106314395
45000 -1.1016253464023331
45100 -1.6413857657565551
45200 0.8220044352434004
45300 0.49473285321390653
45400 -0.1186334969435881
45500 -2.149870507735105
45600 -2.380219175228709
45700 -1.2698035211732135
45800 -1.2281953955808558
45900 -0.9872464784003958
46000 -0.08134636969164616
46100 -0.7947016849054465
46200 1.533854287703875
46300 -0.11728575755283654
46400 -0.8320924913228691
46500 1.9082614380173264
46600 1.226898934486815
46700 0.5859375007643561
46800 1.9504838149509953
46900 2.567651964468054
47000 -1.657359485652231
47100 1.4440771573772544
47200 -0.2208871638167306
47300 0.38883376355966487
47400 0.9116788130931093
47500 3.740230294920122
47600 0.08456042114929296
47700 2.1958023074822917
47800 0.6832118939806955
47900 -0.8435351258025234
48000 1.3651914300677253
48100 1.4407726528940972
48200 1.4963049093113279
48300 -0.5158145751832643
48400 0.9785818179924892
48500 1.3975395735365062
48600 -0.18791501087000537
48700 -2.446037584007503
48800 -1.8035551170909065
48900 -2.0300024101945606
49000 -2.484328571365869
49100 -1.2804849134446354
49200 -1.4329792691359193
49300 -1.1720190821926342
49400 -1.2394820543706302
49500 -1.1475247434176383
49600 -0.5271922187707663
49700 -0.22938217989719978
49800 -0.7046053961715777
49900 -1.6208977141481755
50000 -0.13731250708955756
50100 0.056211270026936655
50200 -0.4126322887638578
50300 -2.436766436599496
50400 -3.3809120678956095
50500 -4.619753613028227
50600 -2.587124178293695
50700 -0.9518998734985047
50800 -0.8629091982705073
50900 -1.65768555527174
51000 -0.8970113964373985
51100 0.47402212994409615
51200 1.1079943005943689
51300 0.5098239778081832
51400 -0.8970024688440703
51500 -2.5480870010956074
51600 -3.0537384770765894
51700 -0.08728066588318228
51800 -1.0546313737621253
51900 -0.8403920267743299
52000 0.46802535179773497
52100 -0.14250234909551202
52200 1.6938585015366823
52300 0.8177458164612859
52400 0.6294351220942038
52500 0.6191463301245259
52600 -1.341979442582577
52700 0.056712170597127964
52800 1.088133854461665
52900 0.6662869562718621
53000 -0.08599329579266478
53100 -2.683083274620783
53200 0.2680435724676732
53300 0.6806357254735063
53400 0.7912429995511898
53500 -2.6399191155925665
53600 -0.03784261731395988
53700 -0.12906540054654012
53800 -1.3071905988798183
53900 1.8612120418172664
54000 1.0581578392922242
54100 0.11258847070857565
54200 -2.863523369696173
54300 -0.778130146689243
54400 0.4943284682912767
54500 -0.28659886537199497
54600 1.1022116435688114
54700 0.2803753292370214
54800 2.7556134697427876
54900 0.4112574014160123
55000 -0.05018449428648164
55100 0.45817849467066035
55200 -0.8825167819731583
55300 -1.343152863681438
55400 -0.7626579667223081
55500 -0.5508134977052304
55600 -1.0912278129543818
55700 -1.5240800086661446
55800 0.494769573246647
55900 -0.19192876086302574
56000 0.35231909707720577
56100 1.7334993179028904
56200 4.254509137430042
56300 2.0351188077990505
56400 1.2771228982172982
56500 -2.421063509698897
56600 -2.7303162527552
56700 0.7943971078489758
56800 -0.16004990337553965
56900 1.4279155084677677
57000 -1.5299246333938326
57100 1.0587795314893418
57200 0.5536215075570919
57300 -0.6435102044972616
57400 -0.21833994561788744
57500 0.14920376915011457
57600 -2.0961408327646303
57700 -1.0387589458582116
57800 -1.080281965898964
57900 -0.46604371789693716
58000 0.5223823507232509
58100 0.2283274629504991
58200 -0.34400368225512773
58300 -2.2071781226545695
58400 -1.7464594379945695
58500 0.3891899327959203
58600 0.164971885330821
58700 2.486552665118137
58800 -0.2338378396529203
58900 -0.50581354918175
59000 0.9150114073301077
59100 1.2685572409846655
59200 0.17746370469963269
59300 0.6242012584462222
59400 -3.2773182668085408
59500 -3.7077719772803728
59600 -2.424663720407125
59700 -1.8689053665903919
59800 -0.6372027673686274
59900 0.348201646902302
60000 0.9911122938207955
60100 2.3849471589802618
60200 0.5449790381946352
60300 -0.37623778314424633
60400 -0.2796355659753151
60500 -2.2095030444388923
60600 -2.698962641542067
60700 -1.760535934608261
60800 0.9817415928388111
60900 -1.7056864050372298
61000 -0.31829600491269144
61100 -0.6937779869497083
61200 -0.6435528199342768
61300 2.758158356812646
61400 2.356569373535276
61500 -1.1382125762474222
61600 -2.9195774323225403
61700 -5.177769155028723
61800 -3.452417221138472
61900 -3.8213779462336257
62000 -3.4902071946970934
62100 -1.6335166545698054
62200 -2.2338053439181578
62300 -0.5522178573537782
62400 -1.1616826805803093
62500 -0.5622575201292945
62600 0.4053915226877532
62700 1.0192663864255738
62800 0.0066475141857216535
62900 -0.6025393320329506
63000 -0.51751394411113
63100 -2.220862778490008
63200 -2.4228525215611376
63300 -2.1640851109486463
63400 0.908213754528099
63500 -1.7623962880922126
63600 -0.48347472622616033
63700 -0.3771279542912677
63800 -1.5102150851516762
63900 0.6038087830507461
64000 0.7648877423540072
64100 0.08621993166585334
64200 -0.5050290243300131
64300 2.1904697654880656
64400 2.537763588249078
64500 2.113128472854254
64600 1.1887728275049942
64700 0.44834821604977765
64800 2.5409404050091213
64900 0.5062676860808896
65000 1.8458888442247523
65100 2.513268731102103
65200 -0.6366652351059852
65300 1.0539789836852926
65400 1.3135201644068764
65500 -2.5609542899705406
65600 -2.1279276379911094
65700 1.5532905201208798
65800 -0.615558710018506
65900 1.213162120093811
66000 0.31609747563729046
66100 -0.3502985466918272
66200 0.0012599290833439913
66300 0.3214185490733014
66400 -1.812206793232494
66500 -1.533826032110237
66600 -0.7443795660153831
66700 -0.011746351652990511
66800 0.9065575235791783
66900 0.09399756653229396
67000 -0.3832476544442886
67100 -0.1134707762760964
67200 1.9124422173684874
67300 0.4822357510863186
67400 0.7160970085262879
67500 0.8074352338168644
67600 0.2948943079949039
67700 2.470596874067555
67800 -1.8450023743972692
67900 -1.023600572975328
68000 -1.5379200965806943
68100 0.013948069843920635
68200 -1.2602218336677893
68300 -2.259559099037631
68400 0.15357481136140239
68500 -0.6860200258572509
68600 -1.3059016625798308
68700 1.9591607057933509
68800 -0.3716888079999424
68900 -0.11376912976028904
69000 0.6782985978647693
69100 0.1018611324525246
69200 0.04298772835293177
69300 0.5115870670801939
69400 1.3194070852880746
69500 -0.6602209766326699
69600 -1.6294061708102867
69700 -0.4611766562507388
69800 1.350518446598855
69900 1.9128277387745218
70000 0.3615246390557129
70100 -0.5926839243778765
70200 -1.7164856853530925
70300 0.4432906319143047
70400 0.25898371158351036
70500 -0.6874914085739718
70600 -0.34623357010028244
70700 -0.44422107040160624
70800 0.2499321269246078
70900 0.5287895721229143
71000 -0.7548260196881835
71100 -1.0758239514039967
71200 -1.0151328160055353
71300 -2.787481526570553
71400 -1.8425236402587728
71500 -2.9214074265760472
71600 1.4462359930163535
71700 -1.4436946879537813
71800 0.8311046246580394
71900 0.00030942859159438507
72000 -0.6943124689642237
72100 -0.6710822218850541
72200 -0.7185642745548066
72300 -1.223477736402716
72400 -0.714711710139353
72500 1.8729271730529335
72600 -0.14876043102016745
72700 -0.8882318784035788
72800 -1.1236479378066966
72900 2.452753983183759
73000 1.9124237086611198
73100 0.06286165152656195
73200 -0.9942915079688914
73300 -0.6060869181608799
73400 -0.23258575949524443
73500 -0.034977745290380224
73600 0.37007915788357265
73700 -1.3892746858814782
73800 -1.3599215835598952
73900 -0.038371422542975764
74000 -1.845232241733183
74100 -1.2536061714144728
74200 -0.3629210548672848
74300 0.6057476675857381
74400 -0.3375081635936464
74500 -2.3814955809716243
74600 -0.1774386238502762
74700 0.46369138772815677
74800 0.4757225534061947
74900 1.9832284456480036
75000 -1.3196830743695889
75100 -1.2332339314870555
75200 -1.1326605200571527
75300 -2.169753846561257
75400 -0.782781365864119
75500 -2.9353376701986016
75600 -1.6998291727173769
75700 -1.3025751844649687
75800 -2.6841078729338244
75900 -1.7782554654273144
76000 1.8022325137958837
76100 1.0367325081006302
76200 -1.4906361149062277
76300 -1.717746089141307
76400 -1.085087585084499
76500 -0.1798760758004717
76600 1.6478824189775003
76700 0.3757802564468454
76800 -1.392016389265336
76900 1.1916715336168628
77000 -0.2931753575228991
77100 1.0500517464681158
77200 0.2760688549137691
77300 -2.6148942775522173
77400 -3.3784849386678104
77500 -1.571402405251434
77600 -1.2448768565730466
77700 0.0011728517566189367
77800 2.5640334052255085
77900 1.9458906550487791
78000 0.8727436889511777
78100 1.0030888103287237
78200 2.4598278548711825
78300 -0.42804656551617926
78400 0.6766151310936144
78500 -1.9532854327695082
78600 -1.997886490949318
78700 0.7471471100382334
78800 -0.34937209400379904
78900 0.9655250458058073
79000 0.969646488182027
79100 1.5221190370885407
79200 0.31757296178504074
79300 -0.1927314163964608
79400 -0.45176811524968935
79500 -0.33709632611835855
79600 0.20380309256778262
79700 0.20723837348251345
79800 2.11827137312367
79900 2.7085205623156576
80000 0.6571666531090379
80100 -0.42086568503738303
80200 1.2589891556229162
80300 -0.8153000677791788
80400 -0.461744393549901
80500 -0.5024440390875828
80600 1.0442726672298568
80700 -0.11198925292267004
80800 0.8727227136634039
80900 -0.15886241775980764
81000 1.5743279644641732
81100 2.7330636091761855
81200 1.3011049511915265
81300 1.0907659506752327
81400 -0.46659606051307617
81500 -1.0506757559488689
81600 0.4038685696573536
81700 -0.6045035416805239
81800 -0.4712665393811201
81900 -1.8195325417315493
82000 -1.2575266204583309
82100 -0.6738567001624207
82200 -0.38549240824662023
82300 -1.0782226735480085
82400 -0.888034652565445
82500 -1.8834599327370956
82600 -3.146098769039636
82700 -3.034999747099023
82800 -2.566630202888451
82900 -0.6771795017605244
83000 -0.07840200418445425
83100 2.5044918940111995
83200 -0.8594620408782165
83300 -0.9079531214418235
83400 0.2456037467574836
83500 -1.865337378796922
83600 0.1577027633418635
83700 0.5217784201087772
83800 2.5910018364132337
83900 -0.009034983117182233
84000 -2.2769729796287015
84100 -1.1267332321791417
84200 0.11895520098785575
84300 -0.15075336066505263
84400 -0.30539982957294426
84500 -0.48737330379135396
84600 -0.7267897058920039
84700 -0.7321077485389618
84800 0.6171634125534833
84900 -1.4961997485971854
85000 -1.6554832139492817
85100 0.25282952040314505
85200 0.1344885237593011
85300 0.5438713177312048
85400 -0.28867212327502273
85500 -0.46468961329690556
85600 -1.4437629676948953
85700 -0.8190911602480662
85800 -0.1360284876897383
85900 -0.3722472748505896
86000 -3.134869014637067
86100 -1.041108079492486
86200 -0.7244331548931184
86300 -1.0506440643098525
86400 -0.6688244086757285
86500 1.2584566700699888
86600 -0.298236887769587
86700 0.9897233066436073
86800 -1.9005760742622284
86900 -1.4148404830270778
87000 1.0591177040068773
87100 -1.76013096266908
87200 0.2777910197490332
87300 0.45004879191291997
87400 -0.9378419496749324
87500 -5.825214224449942
87600 -3.3499378499260772
87700 -2.344154707199945
87800 -1.2920301709476052
87900 0.8949742792353537
88000 1.062047427273607
88100 1.0813346973983848
88200 -1.587713719318109
88300 -1.028728136206315
88400 -1.1048083590911906
88500 -1.4964590352996527
88600 0.9428712679993199
88700 0.7508652150666166
88800 1.2796407042888867
88900 3.039965278906859
89000 -0.14218602178756545
89100 -0.29706489254312
89200 1.7416440541168368
89300 -0.5771988938995012
89400 -1.906042767368495
89500 0.07459418460887912
89600 -0.17808776114309666
89700 -1.1346623150287443
89800 0.7616379284247015
89900 0.15216687097155246
90000 0.3330913283742772
90100 0.9153983413180937
90200 -1.7516826334127371
90300 -0.18574457138592732
90400 -0.37587201110601426
90500 -2.1899657708534668
90600 -0.9469502592375019
90700 0.7438404757027091
90800 4.49925140495826
90900 1.152703049452354
91000 3.1945404795654597
91100 -1.2164332701867262
91200 -0.10301263623512114
91300 -1.5538534435754763
91400 -2.218784882565152
91500 -2.1418956911700096
91600 -0.4406119121279742
91700 -0.544739997533916
91800 -0.31394187045308025
91900 -1.9930849612672492
92000 -0.623215363405107
92100 0.2971908933814142
92200 -1.9703373947634446
92300 0.057663819290474594
92400 -0.351633646904377
92500 0.4600006613356477
92600 -1.636950927229297
92700 0.18356219588133177
92800 0.07445934222833014
92900 1.410617598993988
93000 -0.1580892166405718
93100 -1.1632720436429536
93200 -0.7485047206505087
93300 0.6847984438825334
93400 1.5917592050443996
93500 0.9923461525465695
93600 -1.265902014474771
93700 -1.2574642665572935
93800 -0.514680211012172
93900 0.12907462724819518
94000 -0.4872301926004798
94100 -1.2048290562729203
94200 0.9502140580906515
94300 -0.39552014662409446
94400 0.48591733783099256
94500 -1.636249437181581
94600 -1.3119521310120097
94700 -1.115502551785966
94800 -2.9781011758055596
94900 -0.5574200559288192
95000 0.7927987144767061
95100 0.1952700556052846
95200 -2.500408996757726
95300 -0.643722100696706
95400 0.3001424980980863
95500 0.964846973657814
95600 -1.4291872854514889
95700 -1.6785208144139858
95800 -1.9465454795086188
95900 -1.5262684097748869
96000 -1.8406517580092385
96100 0.05989709063662041
96200 0.3645476189604436
96300 1.585451767908556
96400 1.0029571511482014
96500 -0.34359787388488705
96600 -1.454606116110009
96700 -1.8581130030303006
96800 -0.2656625606333968
96900 -0.985963833578968
97000 1.507274367650788
97100 1.338574280292878
97200 -0.670579967367805
97300 -1.5349016879805817
97400 -1.2636135656469318
97500 -1.8990560121553048
97600 -1.3950818424206854
97700 -0.8589111972598908
97800 0.14423711416181956
97900 -0.19534219917201573
98000 -1.2146082477813895
98100 -0.9585838228909895
98200 1.9858875438545205
98300 -0.5936726710589004
98400 -0.6042008194481736
98500 3.0525566112707594
98600 1.582671040986729
98700 -0.19927237580525575
98800 -0.9404247380708182
98900 -1.9760448404428685
99000 -1.1569752544080576
99100 -0.282967781846872
99200 -1.3939556897631824
99300 -1.0080718735498961
99400 4.126614423721508
99500 2.6062445523046676
99600 1.1107720199306435
99700 1.1595552754515777
99800 -0.7281900932363008
99900 -0.87041448455629
100000 -0.018907715870807723
100100 0.4585801312039633
100200 0.14397943074835157
100300 0.9029780464578374
100400 1.0187026637458811
100500 -2.3569785991070007
100600 0.21434276561329113
100700 -1.8322832483114866
100800 -2.443122774196655
100900 -2.5708096530455156
101000 -1.2991869502371007
101100 1.7765043815406962
101200 -0.569215252699639
101300 -1.073344287017777
101400 -1.9649123907424813
101500 -0.390104016521643
101600 1.0873294220939518
101700 2.215708714979611
101800 0.4978067700119731
101900 2.0181951653691192
102000 -0.5645728147586622
102100 -3.463119081501615
102200 -1.613980046188114
102300 -0.8740468093940124
102400 -1.606689187625448
102500 -0.468948416954064
102600 -0.7436921026524859
102700 -3.613669985979695
102800 -2.413814725317461
102900 -0.5078751275084596
103000 -0.27728601100253797
103100 -1.7661880621692967
103200 -2.033366456285545
103300 -1.601805289909979
103400 -0.509580367333156
103500 2.456105931443648
103600 -0.09645580202878029
103700 1.6132409842270112
103800 -0.8916539402880133
103900 0.0006556673285720849
104000 1.326766022823354
104100 -0.1511053335240528
104200 -1.9029933201967344
104300 0.36741371872470774
104400 -0.7368729490859431
104500 -2.1277244819518617
104600 -0.5591286395643118
104700 -0.3148794569937722
104800 -0.9386062833797031
104900 -1.3672545885405787
105000 -1.2063655984335317
105100 -0.4901228345172451
105200 -2.7763393298823353
105300 0.22321964602780536
105400 0.7706721841692477
105500 3.287876420760605
105600 -0.22946689348493313
105700 -0.9665984469963982
105800 -0.12063558826405181
105900 -1.3349705153600409
106000 1.0811865111454322
106100 0.35218151560241984
106200 -0.6929040965869371
106300 -1.0756461908820991
106400 -1.4704381792567356
106500 2.8260110202260034
106600 1.5342236187007046
106700 0.739040599769228
106800 0.5867295703514146
106900 -0.42869284335885344
107000 -2.1275020667661644
107100 -2.1931357703756316
107200 -0.724580917847117
107300 -1.6845174542612769
107400 -0.3889772090756505
107500 0.7661330424103887
107600 -0.9147424301166651
107700 -1.2403848188021307
107800 0.29804744847580583
107900 -1.405834630062015
108000 -0.4185226619463777
108100 0.24501610352411307
108200 -1.850111189096014
108300 -1.0514520801584932
108400 -0.74181675003906
108500 0.1664404724661915
108600 0.3281592731220106
108700 0.5044140725875768
108800 1.1096265856399592
108900 2.0029570385143174
109000 -1.120038663962996
109100 -0.5984817755396639
109200 -0.09449109698732533
109300 -0.4482356935505488
109400 -0.7085149662447507
109500 0.4959064884257706
109600 -2.4742433711962377
109700 -0.13283726276169355
109800 0.49854465367132456
109900 -3.0188595819785693
110000 -0.44849539663616783
110100 -3.6685206186846298
110200 -1.672736470805191
110300 0.9115605851417643
110400 -0.0818350390938937
110500 -0.13013684991112254
110600 -0.26525484282774076
110700 0.2776419768692455
110800 1.8514861357157444
110900 0.8757969467429907
111000 -0.39461433206617924
111100 -0.7255791302763912
111200 -0.47612781604160254
111300 0.2504010802196181
111400 0.854750643274047
111500 1.405164657341077
111600 -0.1744439300246112
111700 -0.9495714073131403
111800 0.42051941990870995
111900 0.3055417685163487
112000 0.8949066494458051
112100 0.5443205579740391
112200 2.319516258293126
112300 0.964157997989078
112400 -0.2521722324657678
112500 2.3076448060298365
112600 0.9615209802230955
112700 0.3468680234294658
112800 -2.3498076679822932
112900 0.2471924586613392
113000 -2.073646170108388
113100 -1.8045729758793305
113200 -0.1507799434418135
113300 0.6826378481624562
113400 1.2785009611832743
113500 -3.243387871556847
113600 -2.124357201051267
113700 -2.507423198159354
113800 -2.3995389058091234
113900 1.0272194264668064
114000 -0.07178264977797699
114100 -1.5010027149624616
114200 -1.717232129215617
114300 -0.9824886497713605
114400 -1.0491907226710508
114500 -0.6205631727216769
114600 1.847348889080354
114700 1.3807384416984696
114800 1.6758009638617966
114900 0.6415783747549777
115000 -0.8265578596717931
115100 0.28301844720836217
115200 -2.375439368186462
115300 1.2352084015292102
115400 -1.7112972679262828
115500 0.8301893803045004
115600 0.0016101794446122253
115700 1.1991193010821837
115800 -0.4585479338815412
115900 0.41509778823989674
116000 0.4559242257055593
116100 1.0875130498169439
116200 -1.0181117366356238
116300 -1.763727587493164
116400 -1.1059955451049224
116500 -1.12609060546431
116600 -1.4430528832469143
116700 -0.2355688083831986
116800 -0.17930674812632788
116900 -1.3968970876187226
117000 -0.5828261676975521
117100 0.03520113904098607
117200 -0.7236350975217629
117300 0.8717652265762044
117400 -0.42734756140477326
117500 0.19247818878180362
117600 1.5750898247115641
117700 -1.9046525139837984
117800 -1.0903771959703237
117900 -0.2837894640099504
118000 -0.07267912289450479
118100 0.36771572224915894
118200 -0.9733846161994426
118300 2.33233213263453
118400 2.496717043734586
118500 1.2624287543363146
118600 -3.0689227366958445
118700 0.19703369205838894
118800 1.1405668752061886
118900 -0.5788420275887223
119000 1.4255935563420634
119100 1.31104659592234
119200 0.4148517754438645
119300 -0.672076122636585
119400 0.13102244776413702
119500 0.20556195404884328
119600 1.2810150874187307
119700 1.4302313619103753
119800 1.3088156206216397
119900 -0.99434650858145
120000 0.48280419103656896
120100 -0.5531583627471378
120200 -0.2067811904660658
120300 -2.3399019167623054
120400 -1.8762360745816993
120500 -0.05641252629364732
120600 2.12774521244878
120700 -0.30794400871729055
120800 0.3112295460660887
120900 -1.495779443376507
121000 -0.6552375022710897
121100 -0.022334009433855523
121200 0.6220509259201663
121300 -0.03423558572916269
121400 -0.255654712921097
121500 -0.11820180424870028
121600 2.1069930190060564
121700 2.390528188066729
121800 2.509111580323969
121900 -1.0755348433563707
122000 0.8339614696779074
122100 -1.7192962657756115
122200 0.030363746846043482
122300 1.7899519844541103
122400 1.4289983283146768
122500 0.8767461142045401
122600 -1.632511995587354
122700 -2.725736334549295
122800 -1.8427469636784777
122900 -0.9363692467656668
123000 2.25272809137187
123100 1.731905558600593
123200 2.479516345769551
123300 1.76703796829128
123400 -0.22432539313617672
123500 0.6351884599551323
123600 -1.1855850538790034
123700 -2.94737583530044
123800 -1.0916309375132556
123900 -1.4823179938493933
124000 -1.0592787559325174
124100 -0.999064745372563
124200 -1.6749214239228383
124300 -2.698180983241089
124400 -1.9885082501549114
124500 -0.9857619277117713
124600 -1.7103610100202895
124700 -1.7792862204604751
124800 -0.8380201589997534
124900 1.0491541115535763
125000 0.6979541433385819
125100 0.8928499775012777
125200 2.0466088296158893
125300 1.0108479990461494
125400 2.488555527493431
125500 2.554526305670936
125600 0.807829709010508
125700 1.1595407551827395
125800 -0.425974572757472
125900 -0.5980617081911934
126000 0.0389035999164275
126100 -0.13454355629125925
126200 -1.0439301128941145
126300 -0.777072243611094
126400 0.5971349460928432
126500 0.1306385445306179
126600 0.4810847220990016
126700 0.47479439737166124
126800 -0.5807429332793672
126900 -0.9956420893409514
127000 0.48407989961248493
127100 0.6300704288313355
127200 2.468314835623942
127300 0.20882207267240782
127400 1.045641484970253
127500 -0.12750560788340348
127600 -0.09427557614566501
127700 -3.3606343735252593
127800 -0.6424582677392325
127900 0.8236716033936695
128000 0.4030899608283249
128100 1.4795692781097192
128200 -0.0950340748267926
128300 -2.6888322863557885
128400 -1.8823631723617702
128500 0.5776173931787434
128600 -1.496919245803102
128700 -0.6587418196332635
128800 -0.31917460498396893
128900 -0.9943490858355895
129000 -0.4292474675048776
129100 -0.04551126476988704
129200 -1.3425563756545902
129300 -0.5270447997807348
129400 0.1622810236879162
129500 0.16473848493032422
129600 -2.278465798163135
129700 -0.9472004022816003
129800 -2.1292543240268196
129900 -3.2300139604497655
130000 -1.0381894234098958
130100 0.7996303081609302
130200 1.7807129643776092
130300 -0.5915464262150223
130400 3.2499276967868047
130500 -0.6074803877820687
130600 -0.8444299397702211
130700 -1.0873990717841682
130800 0.4194148588073355
130900 0.6493238268662929
131000 -0.45422459425422723
131100 -1.142623163134112
131200 0.28641941256500697
131300 0.9921119843792656
131400 1.2117089473371425
131500 0.8771750734219648
131600 -0.21084292473389593
131700 0.11898515385311553
131800 0.3827960457639165
131900 0.24080447732994992
132000 -0.2111189428924084
132100 0.8979038778479536
132200 0.9346609172235025
132300 0.656268063799953
132400 0.8676358619113149
132500 -0.6336900873257143
132600 -1.7904331148469443
132700 -1.217993268714756
132800 -2.6261108982638923
132900 -0.725163684517194
133000 1.8914755787271849
133100 0.6803518388948696
133200 0.6376390754587953
133300 -1.0567817880003678
133400 0.26895169837717153
133500 -0.5655054376302062
133600 -0.17104848630364317
133700 -1.1323800544943428
133800 -2.8576326645368364
133900 -0.8031569055653269
134000 -2.0766158132739627
134100 -0.1198071881068048
134200 -0.8465076148679733
134300 0.964632182550023
134400 1.7711923236784828
134500 0.7726464983824415
134600 1.0895057470516338
134700 0.15386611494011965
134800 -2.316279227241337
134900 -2.170022508807529
135000 -0.40956767217429396
135100 -1.9236205964918016
135200 -1.071922502689001
135300 0.4747789077482957
135400 -0.9290255777996068
135500 -2.6251670190812266
135600 -2.349048330158411
135700 -0.28798494916445383
135800 0.44701170246422417
135900 -0.6693536265670283
136000 2.137850548806764
136100 0.7852299424957536
136200 0.357238568535856
136300 -1.1709302278350773
136400 0.39165919559082135
136500 0.04304542611924103
136600 -1.0367358631565042
136700 -0.36163458390840036
136800 -0.4476922447028511
136900 -0.6833709793281857
137000 -1.4549249127678696
137100 -2.3892793991033203
137200 2.3503472284043716
137300 -0.07690018616429907
137400 2.5457566771197864
137500 2.5324601352463705
137600 1.0279495822530955
137700 0.5015287179745969
137800 -1.130195963786885
137900 0.5986264081763788
138000 0.3957727364437106
138100 1.2906914085980499
138200 1.6953016878260678
138300 1.6251904296025323
138400 0.5625433741597083
138500 0.4915706587995815
138600 1.5452673628775924
138700 1.8336003405255266
138800 0.3680490602140442
138900 0.7609542832141483
139000 -1.0055017684299117
139100 0.2029115775402305
139200 2.027107878078158
139300 1.91912531653765
139400 1.6537613056488656
139500 1.1608044784592355
139600 -1.8937291826387235
139700 0.22363595937721337
139800 1.5318445842683748
139900 -0.35173221061079574
140000 -3.5079887048955154
140100 0.04015359801804236
140200 -1.400850897485942
140300 -1.0554544532187977
140400 0.9187847883156948
140500 0.3072395254705525
140600 1.069696708991352
140700 -0.7338478629071077
140800 1.446569778059617
140900 1.4031317832756516
141000 2.1984988940886856
141100 -0.28262945743395973
141200 0.45948083916688015
141300 1.7792241171928045
141400 -1.6835550374087889
141500 -0.8424744397768702
141600 -2.3625193820559383
141700 0.17649098171448827
141800 -1.1932795722249416
141900 -1.415653264156127
142000 1.8022869255651
142100 2.0384188874280915
142200 -0.7646420686860207
142300 -1.4201411138550961
142400 0.7167480946439113
142500 1.3183389936115746
142600 1.076060942875243
142700 0.5036545748804637
142800 -1.53577717918163
142900 0.8103837319186213
143000 1.6027148328338454
143100 1.9316896862732458
143200 1.5885851748566477
143300 3.7541880340686644
143400 2.138458795976945
143500 0.46074621525706666
143600 1.6821026367086196
143700 -0.3160661438135774
143800 1.3339495178491514
143900 -0.6543973693796981
144000 1.9834016615541674
144100 1.469254522252483
144200 1.2858079825643178
144300 1.4449284493717485
144400 2.5987172084913626
144500 3.3562335518717625
144600 2.7776110579039934
144700 0.21015981817991417
144800 -1.7569526696927387
144900 -4.083623487863937
145000 -2.39058528805556
145100 -1.96266730782929
145200 -2.707438347884007
145300 0.6073801023330203
145400 1.1850864325584924
145500 1.6125423727658954
145600 -0.3998197763919199
145700 -0.0037373560490384095
145800 -0.6876686865938535
145900 2.215126124827806
146000 1.8858487868012317
146100 3.743647596777371
146200 1.0177830660042173
146300 0.054225777921922735
146400 1.769415705661916
146500 -2.184336848130639
146600 -4.2887319989445265
146700 0.6840736704299359
146800 1.2869933323615501
146900 -0.4495638942211168
147000 -0.26765003014395394
147100 -0.1867982292806343
147200 0.4339081445656843
147300 0.8172246387528648
147400 -1.729196194478244
147500 0.321559803302001
147600 -1.2168790990158012
147700 -0.4035278749597484
147800 0.005553547687814464
147900 0.9303275063249132
148000 -0.998565060311156
148100 1.8956148011209568
148200 -1.7808238396178193
148300 -1.9004865522263186
148400 -2.9384496425294664
148500 -2.734363202322457
148600 -0.633486464698515
148700 -1.5118997297258214
148800 -1.0161740690308492
148900 -0.7123267480116438
149000 -1.9041314653222499
149100 0.23332316010856474
149200 -0.39823132828839597
149300 -0.21411951577307634
149400 -2.1729012542589055
149500 2.966233240073508
149600 2.9992729339595248
149700 0.5026753147416112
149800 0.5432207809864251
149900 -1.2873014214267284
150000 -2.887219634700699
150100 -0.04069601707229961
150200 1.075361844665497
150300 1.3002398782687492
150400 0.7850718509246095
150500 2.191884957451065
150600 1.2315359132512316
150700 0.17599709253824647
150800 1.6528649071084776
150900 1.1954468166698167
151000 1.2710871603993719
151100 -0.6262990610947436
151200 1.084771248187339
151300 1.8199861126721533
151400 2.484123330707272
151500 3.5692590290819104
151600 1.217815661901252
151700 -0.2536851563539746
151800 0.7575946523391921
151900 -0.28830566222382564
152000 2.419067064587344
152100 2.621920996286238
152200 2.2357256156648773
152300 1.4856434426381127
152400 3.032501497635894
152500 1.5112239677786874
152600 0.4969370493844352
152700 0.7871746357275078
152800 -0.3226112583580792
152900 2.6955333922079903
153000 4.985897228133165
153100 3.796981391413014
153200 2.916312288211689
153300 -0.7854212916847625
153400 -1.9549312537685395
153500 -1.6823091526449558
153600 -1.2909044855726601
153700 -0.9188201236612856
153800 -2.8204007473417407
153900 -1.525321754394177
154000 1.454039829428872
154100 1.8794317159950353
154200 -0.6126137233726232
154300 0.4698729922062543
154400 -0.7511795299829451
154500 -0.8665578000028142
154600 0.19963180484074505
154700 -0.8438203716666883
154800 -0.728221482722585
154900 -0.10481447735789595
155000 -0.03231558860201114
155100 1.2454032390233425
155200 1.1256301881184196
155300 2.9539467197807427
155400 1.010348625619667
155500 -1.2130151653589312
155600 -0.9532757800447229
155700 -3.218735755811614
155800 -2.1121542280403065
155900 1.750352280003865
156000 0.1584853319336724
156100 -0.6880236098765524
156200 -0.04103977849373344
156300 2.979353723438838
156400 1.054199864290359
156500 1.93793769261843
156600 0.9683846348514287
156700 -1.2196636253544129
156800 1.1340513063756723
156900 0.6043311628891812
157000 0.35515042031376715
157100 1.0794905530169843
157200 0.19420679291491283
157300 2.6778615554976155
157400 0.7005624296920452
157500 -1.0106550734611417
157600 -0.06849632550286505
157700 0.5851103713095798
157800 0.09707059510202498
157900 -1.564721511602303
158000 -3.5525995144106215
158100 -1.3289988917394402
158200 1.459947049716564
158300 1.0524425629337084
158400 -1.2082360619716264
158500 -1.6694879922468386
158600 -0.7234904161839724
158700 1.2544607493819162
158800 3.1784053151017013
158900 0.9082884729847449
159000 1.0430284649650885
159100 0.08991614983460922
159200 0.6256957510633976
159300 1.2530466168289454
159400 1.7970922318342837
159500 -1.096209245251594
159600 -0.347744851381885
159700 -2.0185355238086573
159800 -2.0766898316389923
159900 0.02742667122205264
160000 0.6580240705788867
160100 -0.7640858193347677
160200 -0.6677043262383073
160300 -1.2057630055233344
160400 -1.5528474136818189
160500 0.03137158611136556
160600 0.5466578464944365
160700 -1.9349073631881464
160800 -0.01571029509113217
160900 -3.3768833808002996
161000 -2.7723494865215077
161100 -3.1373520487826556
161200 -0.6195386394524645
161300 -0.6693147010413865
161400 0.42115571409292163
161500 -1.2995193996840833
161600 -0.3186895967575988
161700 -0.17261893923333582
161800 -1.9162519322673588
161900 -0.5919397647560922
162000 0.9611108778241753
162100 0.5503621483512502
162200 2.578709432227518
162300 0.7951547421679164
162400 0.4295004573750889
162500 -0.5694350488536271
162600 1.1484455171540724
162700 0.48625993872018586
162800 -0.757839907545915
162900 1.3708568358616227
163000 2.1982951966015314
163100 2.325975904536077
163200 -1.1990564518954283
163300 1.898304137967633
163400 -2.0804983005101523
163500 0.7623069947330141
163600 0.02519504995164748
163700 -1.0293012875390348
163800 0.20267821802796598
163900 -1.8907677131859315
164000 -1.6671068268047027
164100 -1.112879687895969
164200 -0.26991102418279667
164300 0.4986872204713991
164400 0.27510016162501816
164500 0.7501963869776289
164600 -1.4402992738155482
164700 -0.11156265443717839
164800 -0.17581795182454707
164900 -0.44977180200520284
165000 -0.05060704799523735
165100 0.9833257608921582
165200 -0.6524891535766018
165300 -1.1699084724293114
165400 1.319941957483889
165500 1.58941402324071
165600 1.7000152589924107
165700 -1.0799065897635969
165800 0.7960797441248537
165900 1.003497369444661
166000 0.666279267719674
166100 1.5857396460258553
166200 -0.2146548118387947
166300 -0.23125524548173698
166400 -0.2940376887430098
166500 -0.022807857822826322
166600 -0.42142254481609204
166700 -1.229143369549497
166800 -0.6327849843378414
166900 -2.3819763625570354
167000 -0.7682415502238358
167100 -2.254290296614115
167200 1.3829772288351156
167300 1.44648220857693
167400 -0.8126152470069443
167500 -1.3203960178246217
167600 -0.6569916272804471
167700 1.951555801702763
167800 1.9579450278317039
167900 -0.49336087790283617
168000 2.8568312547328136
168100 0.9462100219982361
168200 0.23203783639977632
168300 0.1929483569477626
168400 -1.2023942910141725
168500 -0.48882073400411014
168600 3.8928194877421007
168700 1.8098064770371523
168800 1.0630807578665729
168900 1.0140766550548355
169000 -0.4791261255423644
169100 -0.6301191242203128
169200 -0.7612695170115631
169300 -2.5731780503046995
169400 -2.505159660079608
169500 -3.7119601231114907
169600 -1.524263017178541
169700 -1.9060812743176891
169800 -0.8207641863203308
169900 1.6933964094766598
170000 1.982071096303913
170100 -0.8731183837852825
170200 -0.2836226124008811
170300 -0.38378390765245046
170400 -1.5509261343516798
170500 -2.2225512080282046
170600 -2.561480676762732
170700 -0.3727506991768452
170800 -2.6747200218803586
170900 0.009476605110043362
171000 -0.2599356650026373
171100 -0.07843834894760668
171200 2.674899456799978
171300 2.632270315140139
171400 0.4231525022191048
171500 0.5960623435727731
171600 0.7701825207644355
171700 -1.7887016311652817
171800 -1.7314283245913435
171900 0.5860676923598775
172000 -0.8506169514924462
172100 -0.791161091418606
172200 -2.3563554057764167
172300 0.6104049664307934
172400 1.398571160398217
172500 0.2616763943498124
172600 -1.1878264164493373
172700 -0.6655338688651523
172800 0.8031434408083773
172900 0.16674863594810407
173000 -0.4669471053321956
173100 1.9345299756585848
173200 3.022574704275269
173300 0.285349616056163
173400 -0.11936547169285455
173500 -0.910300091304103
173600 -0.7999463475912874
173700 1.6191783701468745
173800 -1.4530948060163722
173900 0.11565555327859844
174000 0.8330173283747024
174100 -2.1191964721390346
174200 -1.031771770488807
174300 -0.5547940622732426
174400 1.8332365935873132
174500 -0.18842485052320962
174600 -0.12820422182748803
174700 -0.024317251361619385
174800 -1.4696537104093435
174900 0.31199065895371003
175000 -2.8304387640650015
175100 -0.4834073489403981
175200 -0.31123522511842167
175300 1.2038427508578349
175400 0.6326860337948119
175500 -0.898973357245928
175600 0.057718202341178804
175700 -0.26457947646180213
175800 0.3490402243299059
175900 -0.899670488654746
176000 -0.10451043459476228
176100 0.42266971255119196
176200 -1.5754646959737855
176300 -0.27902270480399627
176400 0.6081140513727189
176500 0.7285884267878557
176600 0.8116086488840211
176700 2.229392077197176
176800 -0.3400433412297883
176900 0.38413071904702595
177000 0.1545645541046911
177100 -0.13112721877357242
177200 0.14040538511628736
177300 0.4318350666008767
177400 0.04746790234999518
177500 1.2551383358411836
177600 1.2596714312768595
177700 0.10749519702309573
177800 -0.14563749521065184
177900 0.34965542956087825
178000 -0.04463430444367403
178100 -0.9489740965741178
178200 -0.769415821468352
178300 -0.2365489692953316
178400 -0.1751705195081637
178500 -1.8362127257650862
178600 -1.011129400001478
178700 0.3371748057609765
178800 -0.16538806482993285
178900 0.5764256227752632
179000 -0.7110095132945629
179100 -1.4341385983489678
179200 -1.603699921036265
179300 1.6138372931309128
179400 -0.16670656869435477
179500 -1.547711107020361
179600 0.6553568689243072
179700 -1.1488547094921218
179800 -1.536501276054145
179900 -0.6551759491737024
180000 1.1937483190528628
180100 1.9681888125503835
180200 0.6146335874724513
180300 -0.9124444377561092
180400 -0.451355353166691
180500 -0.21365328968571293
180600 0.11579665724243976
180700 2.30723444513212
180800 -0.6476705118990114
180900 1.106444595327086
181000 0.06294694909537274
181100 0.8414037370536154
181200 1.616684511710857
181300 -0.033656918757067944
181400 0.8468227284094774
181500 0.847448580158598
181600 1.9421192692150668
181700 0.0034930126643513137
181800 0.8176159578095676
181900 0.6584787596400563
182000 -0.5182905003354437
182100 0.9859753989205371
182200 1.3423299522650096
182300 1.6053437911953603
182400 1.172591385922376
182500 -0.5575919285544559
182600 0.13792694620542167
182700 1.4257871346578834
182800 1.6565875268069132
182900 0.3190909277226886
183000 -1.077514764987349
183100 0.16425802244649532
183200 0.26406969475657194
183300 0.9054373109180036
183400 1.1678053270481445
183500 -1.6635842504532106
183600 -1.1586638959380504
183700 -0.07512993003233737
183800 -0.6506162659571004
183900 -0.10406464707450153
184000 -1.6903545499873505
184100 -1.4130002793885177
184200 0.27421931664119703
184300 1.9407476591177064
184400 -0.7260216590932602
184500 -0.3270507753321739
184600 -1.8507368372827027
184700 2.6847391420981244
184800 1.0581289309654844
184900 2.4754983454361046
185000 1.700381271824204
185100 -0.6978768348560809
185200 0.18183995193963082
185300 -1.788548159423633
185400 0.6610932506378198
185500 0.1292057549709611
185600 -2.5047112001469736
185700 -2.0431780982379846
185800 -3.4299522893954024
185900 -1.083585147133702
186000 0.4255352240876574
186100 1.2812389275158815
186200 1.1048549918935076
186300 1.8553609171089414
186400 2.5054701331471643
186500 0.68155456008484
186600 0.6952052841982095
186700 -0.20065691096662924
186800 -0.35667141513444406
186900 1.497895339333504
187000 4.224053153009963
187100 1.6013454583588629
187200 0.41255906358211225
187300 0.009812477441633799
187400 0.9966417251406963
187500 -1.7467801315691593
187600 0.4110608752840731
187700 -0.10968852082459186
187800 0.7451844821348736
187900 0.26266809006893493
188000 0.2994496080657736
188100 -1.5026445702588247
188200 1.0254195441330698
188300 -0.05241491868381051
188400 -0.4720657888590672
188500 1.3463383242328015
188600 0.6157379863642396
188700 -0.3086048276355385
188800 -0.06725116907109863
188900 -0.7176942456535405
189000 -2.1581042076269346
189100 -0.1396340240018
189200 0.3345173053201055
189300 1.4915547224494234
189400 -0.5292026929162323
189500 -1.1802613289327761
189600 -0.10034056929641288
189700 0.2513731577654637
189800 -0.705010087412371
189900 -2.3343021017219114
190000 -1.0337362807323873
190100 -0.05160851533975297
190200 0.058551962339813746
190300 -0.5069963166860125
190400 -1.0419809389863115
190500 -0.9033385768203472
190600 -1.7262309764112715
190700 0.8571106414941223
190800 0.9833306678143459
190900 -0.0682287979640499
191000 0.1155313940911024
191100 0.4356498712900088
191200 0.2996763230903252
191300 2.1915160655382917
191400 1.163688606485194
191500 0.6969877639761222
191600 0.9356669242594164
191700 -0.10290596525766232
191800 -0.5256042716289243
191900 1.3565534346147667
192000 1.767496680985439
192100 0.6646076510935024
192200 -1.054672042207794
192300 0.8154874055318524
192400 1.3260833147203233
192500 0.14376559067221634
192600 0.5770720639637384
192700 -0.5181074209953673
192800 -1.3729793473950131
192900 -2.3617152682846587
193000 1.0816018544217703
193100 -1.2655764640112117
193200 -2.122857723019789
193300 -1.5503155910184474
193400 1.3555219571245152
193500 -1.6340236919666202
193600 1.1714951829919624
193700 0.9186125127982689
193800 1.0239912394797661
193900 0.46088097134430633
194000 -1.4113431209441767
194100 -0.4019816393563821
194200 1.132860547338501
194300 -0.20939413426404804
194400 -0.4891736851067907
194500 0.20813156510638484
194600 -0.10514239883647425
194700 -0.4571313421676446
194800 -0.05659877970437449
194900 -1.454595040200445
195000 -0.5207099085344744
195100 1.3764504020292148
195200 0.49733471121674905
195300 0.1778885487069431
195400 0.2444744455168944
195500 2.0360530113002135
195600 1.5642036849839742
195700 0.8883728182660007
195800 -1.9257163670914434
195900 -2.5967692728216005
196000 -1.358367536998478
196100 -0.0981893463622256
196200 -0.1439938988221734
196300 0.10895731561040412
196400 -2.938639585682883
196500 -1.598429404679685
196600 2.664287953847945
196700 -0.6366441312120033
196800 0.6745640541449004
196900 0.34220038636251254
197000 -0.19605798934488133
197100 0.7237262442894927
197200 0.15259783925087095
197300 0.2316767729646367
197400 -0.5816922110451888
197500 0.6864025676564327
197600 1.4704677310016332
197700 0.15218283311609276
197800 0.9208675796013153
197900 -0.14314697096567153
198000 -1.3051156627792613
198100 0.5866052976759444
198200 -1.9059046182032104
198300 -0.06295941656124582
198400 1.418832261634589
198500 0.6224581026089937
198600 1.959934578721697
198700 1.5547869314790714
198800 -1.3192906671649935
198900 -0.4193787995106738
199000 0.9254976123572147
199100 -0.34243175907758255
199200 -0.8428169211299934
199300 -0.4374908718743789
199400 0.531957617250781
199500 -0.5139176434515762
199600 -0.6849315989551723
199700 -1.0341651783408286
199800 -0.10918142045460505
199900 -0.26698221034406394
200000 1.2912602588651227
