100 15.471555602798542
200 17.681596262723886
300 16.514729167826392
400 13.970210685884744
500 11.69529907136168
600 11.680585748170882
700 12.82232901254741
800 15.611250308382449
900 13.638714957561103
1000 14.671557366314788
1100 12.109067189379921
1200 14.113954231438083
1300 11.310136520819535
1400 12.51346288507383
1500 15.740414805677164
1600 17.192713224385958
1700 12.11839804257092
1800 15.866050164343594
1900 13.458862336862543
2000 12.443429653521394
2100 15.234175634904208
2200 15.138251240864589
2300 15.722575835202855
2400 14.910515092356988
2500 7.169354465582694
2600 12.928077973563619
2700 15.242231631622579
2800 11.322213598878886
2900 16.92051825262339
3000 10.94217847555295
3100 16.041375779237228
3200 16.713154978199206
3300 13.84259274411227
3400 15.078250379141318
3500 13.115380378862605
3600 12.368839212780678
3700 13.617472669975182
3800 17.04116155288398
3900 17.329742561939256
4000 16.378431834226774
4100 11.106187914658221
4200 13.839151429277873
4300 12.721944857791772
4400 15.626988710271233
4500 11.519731026015293
4600 12.2294293070051
4700 9.710592330242408
4800 13.469516516682193
4900 12.459207865172578
5000 13.936837477899271
5100 16.095056025047487
5200 15.079282564526677
5300 15.258466931637614
5400 12.424750791108291
5500 14.641520195435184
5600 12.786791035853263
5700 15.292567001110218
5800 15.420881362410844
5900 15.08972849519922
6000 14.538640693680579
6100 16.20556895043876
6200 13.924373732859511
6300 13.351906586548404
6400 11.84408076406781
6500 10.25916125024207
6600 15.25412050806311
6700 14.570589519739586
6800 14.29508432354332
6900 12.940740317203106
7000 11.321576594381385
7100 13.45704652916082
7200 13.492607525872197
7300 14.587955441865583
7400 11.576000884925854
7500 13.214611058588476
7600 16.843692538253887
7700 15.175861328406118
7800 12.669546407774964
7900 14.535531327131714
8000 12.739849872274124
8100 14.450950006125785
8200 14.173741883099124
8300 14.996985682607203
8400 12.517316971874443
8500 12.965252639671913
8600 17.274564526967303
8700 14.721349344476664
8800 15.638583232008642
8900 13.396721072776229
9000 14.959042199017366
9100 16.40722981004011
9200 12.676720533795674
9300 14.102130581319468
9400 16.597193131969387
9500 14.787419872732297
9600 16.38947737090267
9700 15.479229642008443
9800 14.652786346907893
9900 12.472069848368596
10000 12.857708889347574
10100 15.392205621008694
10200 17.48376027613771
10300 13.175253315931277
10400 16.217687550389073
10500 14.39439387776183
10600 15.517945445117853
10700 15.069045422114966
10800 14.986613995240546
10900 12.750971256586379
11000 12.54021952124577
11100 11.788875090952539
11200 11.918670737978115
11300 13.939768457201644
11400 15.07159734379435
11500 15.5220114825326
11600 12.843907258757387
11700 16.222300068718905
11800 10.83396419555926
11900 9.82392158478138
12000 14.983476258219785
12100 13.484970474948028
12200 15.496677994232458
12300 13.156337551750745
12400 15.500187174264955
12500 10.696680738982364
12600 14.69712592781007
12700 12.962763092753372
12800 13.81228758136931
12900 14.413315391812242
13000 12.517288067407245
13100 16.009514995265842
13200 14.73010252903015
13300 15.57765600363645
13400 14.697953461067714
13500 15.24646240795448
13600 13.089969374512949
13700 18.95287345009935
13800 11.221046937907875
13900 16.64258716513484
14000 17.17182034228725
14100 16.292249891942447
14200 15.581901252234795
14300 13.378942168553595
14400 15.405600526840976
14500 13.794120619814734
14600 14.040813756042803
14700 15.352219930377974
14800 13.250065710384414
14900 15.603882207502608
15000 16.270348749449937
15100 13.817407926635331
15200 15.449668443324278
15300 15.99159998687826
15400 15.623871075752419
15500 13.239039498622136
15600 15.325041225685139
15700 14.573302902333634
15800 12.684607350545406
15900 11.190773748943974
16000 13.834307121025097
16100 15.916478078963715
16200 10.476778211253137
16300 12.142145286679662
16400 16.99284857016597
16500 13.943729732880731
16600 13.641613859693273
16700 11.0694351114046
16800 11.45289865372822
16900 15.710012033827962
17000 13.61203014741786
17100 18.334702887261734
17200 15.338312598063354
17300 14.274048374635706
17400 12.478904644089765
17500 14.783244577039882
17600 14.949630071604535
17700 15.618667027170162
17800 12.295003733635681
17900 14.257156196019187
18000 17.5637740438109
18100 15.97583336281498
18200 13.656204876408072
18300 14.287080326464867
18400 15.001874820483527
18500 14.633115805546138
18600 14.699564782637621
18700 16.420366172418127
18800 14.210034377637184
18900 14.885237504835361
19000 13.709537184124898
19100 14.907436496209073
19200 16.17310405008244
19300 14.724522141016134
19400 15.580056002515862
19500 15.535672868558985
19600 16.29669612476548
19700 11.897403400749193
19800 12.833996366210403
19900 17.56308123858598
20000 17.689464927930533
20100 12.910603225891434
20200 16.137298919668012
20300 14.472790145229252
20400 16.672408082011465
20500 16.192203171345934
20600 8.628141154200852
20700 12.79152462762555
20800 12.451110540742734
20900 15.24238166218414
21000 15.298281208576528
21100 17.110121438426944
21200 11.958935253379746
21300 12.968341735339411
21400 15.658120622495307
21500 14.187411714298758
21600 13.802361791536066
21700 13.963318472911766
21800 12.302663996827844
21900 12.6855286176993
22000 16.323632007099
22100 12.16648270459498
22200 15.748590926049244
22300 10.853195110572363
22400 14.799010799948292
22500 17.227005236811753
22600 13.609988275813805
22700 16.657864598304553
22800 14.361401287736868
22900 13.035173569705231
23000 13.068973047713074
23100 17.031394515828545
23200 12.89967560357568
23300 16.191875230042097
23400 14.58198117307723
23500 12.238615302761959
23600 14.485504111216747
23700 15.217564262212756
23800 14.316306611977927
23900 13.382702870329881
24000 13.71728111707735
24100 14.916326990115245
24200 11.701190798624314
24300 15.566444417348297
24400 17.287332471513178
24500 15.221835709995634
24600 9.269099107786314
24700 13.202670466391378
24800 15.140108746462724
24900 15.339555064618416
25000 14.926350335445296
25100 12.288520243032613
25200 15.00910743509866
25300 16.269729985988757
25400 15.892608945465495
25500 14.15163687394788
25600 11.743673402275368
25700 12.903688369149437
25800 14.411385881433016
25900 14.688314082091523
26000 13.7496355126896
26100 15.916252951447326
26200 13.503187111234737
26300 15.57547251250014
26400 10.960351997381645
26500 13.570838696387522
26600 13.064261683735038
26700 13.776840082312464
26800 14.822833844117595
26900 17.13042634947287
27000 15.478777359221896
27100 13.317307164801452
27200 11.015578285765992
27300 11.668249752280065
27400 15.645625774126573
27500 14.251297354573634
27600 12.33911834694454
27700 14.237317424567136
27800 13.766676623430332
27900 13.49229355830257
28000 15.846264862843718
28100 13.712164801879563
28200 16.712203593723743
28300 14.434742862240967
28400 14.60433297498654
28500 11.478293178630302
28600 14.900765680086847
28700 15.091621226122207
28800 16.167823629552814
28900 15.980325502232692
29000 17.055953026532105
29100 15.510753638476519
29200 14.160616430270258
29300 15.999135949208974
29400 14.756989957178664
29500 15.642750722651586
29600 16.090382687155117
29700 15.275650607233628
29800 15.004720269159643
29900 15.107186165222995
30000 14.54264088668292
30100 12.404389231143705
30200 16.06058828387918
30300 11.860765775360548
30400 7.862438434448048
30500 13.985044928401347
30600 13.68258587587061
30700 14.510175524310833
30800 15.380168437289457
30900 13.471289786254056
31000 16.23723654100852
31100 15.97106067149644
31200 12.248499346596816
31300 15.043701304365005
31400 15.36623077638329
31500 15.687384924493589
31600 13.478926897664827
31700 11.202519428682526
31800 13.698013858987258
31900 16.12443715639552
32000 14.320343241440968
32100 16.881861434940422
32200 12.614507948294518
32300 16.260307403226726
32400 13.184416763360764
32500 13.64257979631392
32600 13.39199635308721
32700 15.837587126940011
32800 13.638331587630992
32900 14.642985902266235
33000 13.867882902188132
33100 13.217696738531554
33200 15.609700136704374
33300 14.883498639088367
33400 13.345622785990605
33500 16.44932176815103
33600 11.496367652041467
33700 13.932184377761727
33800 13.234499824401809
33900 12.890482760365876
34000 13.257631225102868
34100 16.633636636362805
34200 14.899838519136248
34300 12.054231322338108
34400 16.497580249255282
34500 17.117701519543502
34600 13.018160990464363
34700 9.179146999818524
34800 15.926674727449
34900 10.453726512431732
35000 16.543347875936437
35100 15.734157167150927
35200 13.148484135061498
35300 11.853287036864144
35400 18.21226823274494
35500 14.274426554693404
35600 17.673942629566607
35700 13.647045863274938
35800 13.369353921998176
35900 15.372226463342793
36000 14.629336429648088
36100 15.153425181131091
36200 16.186120109667236
36300 17.230669403076575
36400 14.649875759630085
36500 16.93506491181967
36600 15.647040429230373
36700 14.158098296244631
36800 16.58152746165422
36900 15.467250434211929
37000 16.202066758998765
37100 12.807701329869795
37200 14.908898792432467
37300 14.288163939968644
37400 13.407909577342837
37500 14.946335429816953
37600 13.859734525447328
37700 16.533407975099824
37800 14.981363314827272
37900 14.186587757648823
38000 16.105080116538602
38100 11.071330963866293
38200 16.97227766378637
38300 13.749796719782935
38400 12.638198708079333
38500 16.392134353315182
38600 15.864043858810403
38700 15.341689970248177
38800 10.010254507442394
38900 13.912510242199987
39000 14.718237611379115
39100 14.25374622745776
39200 15.424870405249202
39300 18.533352540914958
39400 12.037648530752195
39500 13.723125565856812
39600 14.926916310251544
39700 14.301552829743923
39800 13.918172445553155
39900 11.797292620430994
40000 15.466955697398284
40100 11.325171275320258
40200 15.099284843122346
40300 16.75678262422754
40400 12.297609549719889
40500 13.004727653663016
40600 6.950520241020495
40700 13.34577609165264
40800 15.118808028217575
40900 17.952897246409545
41000 15.086074507322294
41100 15.02834284574996
41200 15.495925849855455
41300 16.362406077412622
41400 10.774120605039126
41500 15.769112005275131
41600 12.169700107455355
41700 17.762174953367097
41800 13.700975437111188
41900 12.095660590085275
42000 13.097319068726103
42100 16.14485391440469
42200 16.60775477066132
42300 13.581444650051626
42400 15.303076932510898
42500 14.795985333122411
42600 14.253595003115073
42700 10.781537563541066
42800 13.308552927649666
42900 16.594840927660528
43000 15.276481109621933
43100 15.255359529913278
43200 17.392540850369986
43300 15.622602078994372
43400 11.630165664483071
43500 12.572453651496847
43600 11.405069865226459
43700 14.389333775134345
43800 17.437636122819274
43900 13.509306135121998
44000 12.928806562832394
44100 11.672438484576729
44200 16.336731440560484
44300 14.059609331652355
44400 16.244639487620308
44500 16.39136709862168
44600 14.320842666633743
44700 14.243095590677353
44800 15.66771611840924
44900 17.105848420203195
45000 15.378153095203503
45100 12.036259900153691
45200 11.559636445526595
45300 15.901151315112948
45400 14.126904016677623
45500 11.506869238335717
45600 15.068135686253239
45700 13.99174097070278
45800 13.976856801461686
45900 16.404111824894294
46000 17.772556335295143
46100 16.735397672530606
46200 15.241117199496331
46300 15.0902514056948
46400 17.57154333409901
46500 12.712183825692286
46600 13.865826269230071
46700 15.147656847246543
46800 16.082324061277713
46900 11.126122704079851
47000 13.412626609833687
47100 12.594545961820158
47200 13.258350043996993
47300 14.375130664875233
47400 12.750124169424776
47500 15.353617225967877
47600 17.913547816605508
47700 14.452845288551075
47800 15.965792522055434
47900 17.22746064128481
48000 15.805495269733354
48100 18.256365890577055
48200 13.318112967874455
48300 11.717428264244894
48400 12.905424861013078
48500 12.428278571263775
48600 12.27546624008197
48700 12.01817219803501
48800 8.741177765792834
48900 12.454643407322607
49000 14.264627895468056
49100 13.883833428766748
49200 14.18542574154361
49300 11.341307603410282
49400 11.96176245974132
49500 11.217531577976125
49600 12.113109725049576
49700 16.42958917597262
49800 18.30656368763972
49900 14.572718892687943
50000 13.126347259492167
50100 14.269427556277725
50200 18.691690464445013
50300 16.85093810246796
50400 17.183506888505153
50500 15.873929428434524
50600 15.008228706538997
50700 13.930930616767142
50800 14.17794887843165
50900 17.591494427031215
51000 17.054153031701453
51100 14.460906803462047
51200 11.22042641054565
51300 13.309904632336194
51400 13.178631805404699
51500 14.8051736905398
51600 16.550772416998786
51700 13.101958553509839
51800 14.318925609413057
51900 16.483406123630644
52000 14.824414277267609
52100 16.29588355515543
52200 15.431282225702205
52300 15.835757832359848
52400 16.002667887425638
52500 16.8288478038331
52600 16.806642902197417
52700 17.149054129033065
52800 13.566717211087864
52900 15.528152344830602
53000 17.117184752836597
53100 14.559379497158275
53200 15.132086566203997
53300 15.115962485343827
53400 13.678014981092947
53500 14.601820080337331
53600 14.959446390630886
53700 13.979729214585733
53800 15.076844644077699
53900 11.963516182623854
54000 14.545740600621244
54100 15.15718322020539
54200 18.25712360517197
54300 14.284604444591343
54400 16.78718446973202
54500 15.681994826027532
54600 14.62514517467651
54700 12.917978338940998
54800 16.881785902988792
54900 16.433866463021907
55000 11.960452923769934
55100 17.67688589069479
55200 13.920252471917806
55300 16.354948569072334
55400 14.527493629711751
55500 15.210520184758371
55600 17.53368586405727
55700 14.560408142550198
55800 12.742324158110542
55900 15.282390398135655
56000 16.32483505163499
56100 16.27962292385511
56200 12.261465224454245
56300 16.174878668862732
56400 15.522778419274088
56500 11.341266317468328
56600 15.924741201431788
56700 16.539356234577422
56800 15.593030364864232
56900 15.356104954933135
57000 15.993660497155224
57100 14.377898352820148
57200 13.516966467335584
57300 16.1096237393226
57400 13.809210518753648
57500 14.83042140564866
57600 10.692921870342543
57700 12.970240045296912
57800 16.769997857975067
57900 12.34019187197346
58000 12.979355668443034
58100 14.10578855917096
58200 12.224028213089612
58300 12.197789072246383
58400 12.859290146209938
58500 14.97468509943186
58600 16.20675501636459
58700 15.105701581870228
58800 12.91993044067744
58900 14.64182810101667
59000 15.554849400002468
59100 14.659860854644837
59200 16.22966469715928
59300 16.109443191139757
59400 16.090261283591527
59500 12.487073230714266
59600 15.146571034361182
59700 12.83608698222518
59800 12.454245470724025
59900 14.366733155526877
60000 13.236244213304936
60100 10.11237868608457
60200 15.320356053682067
60300 13.664947907083754
60400 14.152919195237253
60500 14.434070064464521
60600 13.700873648239417
60700 13.672967715336826
60800 12.419053857069075
60900 13.064943738022864
61000 14.398373570292057
61100 17.257356492046252
61200 15.678603377991251
61300 14.004649939620126
61400 16.77702184666527
61500 13.812890733006281
61600 12.559337186782136
61700 16.634353873866235
61800 13.898468618910785
61900 13.455054201983785
62000 10.84039720415721
62100 14.903437108640114
62200 13.286937705811145
62300 15.600145555496
62400 12.419013735891614
62500 14.549222551867668
62600 14.609510290024051
62700 12.24497606630175
62800 14.86507817331389
62900 16.341752277357926
63000 17.078227072231705
63100 9.386679858525886
63200 14.828907582941605
63300 13.297987396024109
63400 13.61949461391047
63500 14.090396616137415
63600 14.022600764763046
63700 15.038326273572103
63800 14.950983380902644
63900 13.161226695070393
64000 14.37416719384575
64100 14.807047199067503
64200 15.248857774907533
64300 16.807608781081285
64400 15.363211242532921
64500 14.170189878399245
64600 13.344827195800333
64700 18.15177583752537
64800 15.708801509685154
64900 15.579762079704166
65000 16.33808233479143
65100 16.81565903570954
65200 9.147470140430512
65300 11.896202053692742
65400 16.062518829474698
65500 11.972040772092505
65600 12.895902271759496
65700 14.653764376298028
65800 13.775414132411823
65900 16.246844879258358
66000 14.541438286217687
66100 15.222222956203234
66200 12.486728974457781
66300 14.48002817647468
66400 16.029919286146267
66500 16.1151640427993
66600 15.713573340444144
66700 15.50733797068944
66800 15.439109175337089
66900 14.316137342730954
67000 17.138011884444413
67100 14.700389807662837
67200 13.303329804613794
67300 14.907184463537698
67400 10.276036179085178
67500 14.435035660313794
67600 13.878042951917807
67700 13.028760710326122
67800 12.323128933341636
67900 11.872621891611688
68000 15.56607341343983
68100 11.620705909959081
68200 13.338353307230769
68300 14.151842778395745
68400 16.450619353435176
68500 17.51222677383042
68600 15.69476750518699
68700 15.648125060653797
68800 16.58452248517942
68900 12.13520793041119
69000 15.062751239408554
69100 16.29180567051977
69200 16.2358030453117
69300 14.023641991154342
69400 14.208803447302472
69500 16.860579973503373
69600 9.0849039210793
69700 16.30081149818848
69800 16.364685940976628
69900 16.348858175761304
70000 13.971726978022367
70100 16.401069528115762
70200 16.014748692867588
70300 16.714548125141462
70400 13.037373903742935
70500 15.810093439277159
70600 9.577407215590028
70700 13.876571830571002
70800 15.213119708625117
70900 15.377009332163215
71000 15.490068016674151
71100 14.490248231921571
71200 18.14702856279266
71300 12.320103950619854
71400 16.270093859994823
71500 15.86317192190445
71600 13.604189240654081
71700 15.54378740962417
71800 14.594161040617983
71900 14.496904819510021
72000 14.511273598517542
72100 13.21761708852457
72200 12.733368193922855
72300 15.736859903945778
72400 15.383240596113035
72500 15.521416023895268
72600 13.940010668871128
72700 16.572590995906356
72800 16.579848297110505
72900 11.755712550325057
73000 14.345057029572342
73100 16.31774754799996
73200 19.430253048378898
73300 18.90568158448543
73400 18.050938704693444
73500 15.436390921525474
73600 16.485891147411447
73700 16.497070973749846
73800 10.985657120874182
73900 16.043735274432123
74000 13.02431040037293
74100 16.4861237334029
74200 16.55495327209743
74300 14.077902206584106
74400 14.087429390958537
74500 15.023906837285967
74600 13.933377514110504
74700 16.189796718546962
74800 12.730686896980083
74900 17.140892576790545
75000 14.907222844429086
75100 15.48192608163218
75200 14.69609636220968
75300 14.109664529847434
75400 12.587590105844663
75500 16.512505215946913
75600 14.356656034269538
75700 15.920192791141668
75800 11.716012066167966
75900 12.593911782030599
76000 14.605574104254435
76100 12.990278999719347
76200 14.823291552800855
76300 15.159377619755084
76400 12.897238266488394
76500 13.006622535838547
76600 14.551139477754608
76700 15.3189305062683
76800 12.282221214310237
76900 16.429883790071976
77000 17.377171177199052
77100 15.585684470921025
77200 15.434540574669665
77300 9.921172364644606
77400 18.458534980148546
77500 12.82381779435122
77600 10.972618927244316
77700 8.813810241481196
77800 11.12143329250384
77900 16.08994778674833
78000 16.460607890184445
78100 12.345457655228737
78200 13.980705677001652
78300 14.765263922775407
78400 13.617181258692266
78500 10.933944571532221
78600 13.426972467173801
78700 10.769361076401337
78800 16.37550377113738
78900 15.855271639935083
79000 18.69000716952339
79100 11.198560016578751
79200 16.207398319360554
79300 11.902736811346147
79400 11.849337644793756
79500 13.995017890455916
79600 12.429673829060887
79700 15.289585497093794
79800 15.027933926010407
79900 16.34908668058889
80000 16.402563445963953
80100 14.897475056680197
80200 16.640850734815725
80300 17.360229659523657
80400 14.650680172509938
80500 17.3120774966672
80600 13.824142817395504
80700 16.063792839209945
80800 16.249840775421216
80900 11.847191657430017
81000 10.48925701268515
81100 13.668445403738607
81200 14.616914452463249
81300 16.796402074974363
81400 13.68797365066289
81500 12.69915791640489
81600 16.178339212019274
81700 13.08616140625364
81800 14.292408717138695
81900 15.757106839446353
82000 10.255004523167349
82100 17.229309083439787
82200 14.951650485432785
82300 14.981329819958875
82400 13.841040660891462
82500 15.716576759713506
82600 14.357586434267198
82700 15.901006631278966
82800 17.55087870040745
82900 14.35931422503244
83000 14.891457784619314
83100 15.483927683722495
83200 15.547898649354355
83300 14.971944080468614
83400 14.759948643139623
83500 16.93007347810339
83600 14.43152928524644
83700 14.336036746496902
83800 15.33321590063595
83900 15.37680844936091
84000 17.840457298455263
84100 13.047264660096657
84200 11.967235743384798
84300 16.287115211041062
84400 14.783980397782942
84500 13.521215298447334
84600 12.953561932459824
84700 18.415902080183695
84800 15.00061846055411
84900 13.542090150043965
85000 13.91097918327232
85100 14.931566273182783
85200 16.28266840835431
85300 15.179735312270502
85400 15.446024695227159
85500 13.400314203212698
85600 13.117967204363328
85700 17.291221782830366
85800 13.427888302415273
85900 13.403959162966238
86000 16.684729881693897
86100 18.138396466453916
86200 18.26534447083185
86300 16.62455186942975
86400 11.994478921264848
86500 13.05822911737253
86600 13.06349423651383
86700 14.696912004967482
86800 13.005124415173489
86900 13.651521540786
87000 15.770817528717684
87100 13.959296485122406
87200 12.577455807438293
87300 13.938058531718507
87400 15.624533298171897
87500 16.72981384279599
87600 13.42270399015973
87700 14.67890690817283
87800 12.34155825345372
87900 15.978689680540269
88000 16.934711516956696
88100 15.671787682835756
88200 17.28201246967137
88300 13.642319365120361
88400 14.58851297934844
88500 14.316517793990588
88600 17.165405539385237
88700 17.56749319549671
88800 16.298546738165374
88900 16.323387896743235
89000 14.425827695297157
89100 14.931903077122527
89200 12.18920861570819
89300 15.376490337801163
89400 15.886783158389234
89500 14.80825396490494
89600 16.035430750548834
89700 16.48749518507562
89800 13.046180630561857
89900 15.273804553907585
90000 12.550892118114923
90100 17.148154976056365
90200 12.744979319336284
90300 16.485677610679875
90400 15.04048898335834
90500 15.389850995825864
90600 16.20752117712104
90700 12.51084338591273
90800 11.31248677060539
90900 15.853051712528654
91000 14.906690293433888
91100 16.32766882199405
91200 17.141309724055294
91300 17.96881311218944
91400 14.783374144681767
91500 14.157051239178617
91600 10.870730201103887
91700 16.26878901802818
91800 11.222300079298545
91900 12.964830875345891
92000 17.348773299395145
92100 17.01115234580364
92200 17.628990531966583
92300 16.758667532063694
92400 15.121168414132232
92500 16.286038814668665
92600 17.50903509770524
92700 16.781353417158847
92800 13.172516792546585
92900 15.479978962780809
93000 17.40505216880848
93100 13.060321665558035
93200 15.303997230974037
93300 15.036428796674707
93400 15.866107819212816
93500 15.976625673563449
93600 12.544137855505747
93700 14.84436082950831
93800 13.941761496696866
93900 13.62349991814828
94000 15.958869687933786
94100 14.926370211966903
94200 18.295610574785922
94300 16.165696936368363
94400 15.932436724700908
94500 16.326566038948247
94600 14.05168368059681
94700 17.108488822348832
94800 16.245554584202978
94900 16.7637475792137
95000 15.138933447945089
95100 18.5123468117162
95200 14.045520795542961
95300 15.340670181877343
95400 13.880261307982785
95500 10.52548858216727
95600 14.643522273589195
95700 17.549807011029895
95800 13.188282019751837
95900 12.772011076812946
96000 16.840708619298198
96100 12.53822409141693
96200 14.739822343231205
96300 14.320748835154445
96400 15.174332438982793
96500 13.051825360798597
96600 14.271158541804375
96700 16.129396614033066
96800 13.168475098736383
96900 14.754122157405902
97000 17.612991333007848
97100 17.228870093278434
97200 18.08987353235421
97300 13.739306035243045
97400 16.91476558172733
97500 16.34753664790369
97600 16.393519580507792
97700 12.753143777491738
97800 16.107701435940978
97900 17.019843934039834
98000 17.066947328218532
98100 14.877547985480486
98200 18.60490387326105
98300 17.34258057342393
98400 15.94200004375492
98500 13.498904586891403
98600 16.16568240311036
98700 14.056262850937896
98800 16.663109659932324
98900 14.725255960012099
99000 6.850739817963502
99100 12.693411659464301
99200 14.474864583081462
99300 14.75654734826612
99400 13.373902489063944
99500 16.38103160033338
99600 15.394330201110655
99700 10.661269505494547
99800 17.257237413947987
99900 13.010441465961703
100000 14.388739936114407
100100 15.507949968760792
100200 15.077000868840898
100300 16.513308089781933
100400 10.964537715943543
100500 14.891725700131389
100600 12.32560310492436
100700 14.871998221307944
100800 16.003222903176464
100900 14.238545946324596
101000 14.16362510323239
101100 13.882543077548487
101200 13.10570072567084
101300 14.38640726725195
101400 15.159701308796993
101500 15.664683759371858
101600 17.28411167523603
101700 14.19566222372669
101800 13.956193536263068
101900 15.861215040857758
102000 15.85555711164868
102100 15.753333644057369
102200 14.180871585385221
102300 14.89089243661681
102400 13.75259042592612
102500 10.761738751762747
102600 14.713582205142043
102700 14.296200272375623
102800 16.19606812688909
102900 14.013950271763171
103000 12.31337288775313
103100 15.567580045523487
103200 15.29820388844801
103300 12.716122486275744
103400 14.646843496669288
103500 15.147446023086564
103600 14.65748729291442
103700 10.8692189703285
103800 13.374162299018108
103900 12.902287391134966
104000 15.324084244103869
104100 11.73064570875863
104200 13.91955115850061
104300 13.342304590930516
104400 10.611065962626807
104500 8.821672143726364
104600 14.015751360140726
104700 14.431393517141467
104800 9.155082381199605
104900 12.498190897334824
105000 14.595660817308522
105100 11.368925130557349
105200 10.933599623924323
105300 12.220892870617838
105400 16.90265865913535
105500 12.674470760804612
105600 14.172132626194628
105700 9.736153860821712
105800 14.198604822379641
105900 16.688970512960918
106000 14.648165718036731
106100 13.954827025187724
106200 14.902320352625166
106300 13.65214821181212
106400 15.932608334528052
106500 14.815129296004644
106600 14.838550974793188
106700 13.03445314859328
106800 17.779747590230606
106900 14.788235566010162
107000 14.373238008862623
107100 15.692075575363818
107200 16.570585021953583
107300 14.528195926447268
107400 14.85006820246889
107500 13.989403211383515
107600 12.097382950304644
107700 12.784509579578572
107800 11.883066757934126
107900 10.582516966189422
108000 14.315873911003916
108100 12.647802305296096
108200 10.257649151295064
108300 14.303716664453422
108400 14.819970936763376
108500 12.09666931675319
108600 15.042935157486308
108700 11.342051915800598
108800 11.931526999206222
108900 12.934412314533558
109000 15.453084067767463
109100 15.144775833762244
109200 11.936247091061706
109300 15.925855875432871
109400 10.625277917935932
109500 12.391630498166176
109600 15.406185459060687
109700 12.132566303577967
109800 14.543779806932049
109900 12.60297424064571
110000 8.77929878621137
110100 11.854842189456871
110200 16.21879796599586
110300 13.006755704969835
110400 12.511167158133002
110500 15.054553604445521
110600 13.552175455000215
110700 14.513205666049698
110800 15.005345828936282
110900 12.243009658664606
111000 13.229013359942705
111100 10.069041476864943
111200 9.093420715854798
111300 9.213814575219441
111400 11.630750804347448
111500 13.958287489917057
111600 12.453795545113074
111700 12.452842755775166
111800 14.141982866225145
111900 12.496841191217753
112000 13.025641067735226
112100 13.291160807504536
112200 13.739281101926277
112300 14.15384561277393
112400 13.073815865717947
112500 12.283416048663655
112600 13.232742337690953
112700 10.853446696797768
112800 15.755200162106714
112900 11.624590646897833
113000 13.757222318988656
113100 10.920294096383616
113200 12.172985768645825
113300 11.977788480140122
113400 14.00353047985502
113500 13.189957614825442
113600 9.230887848013673
113700 10.842657382487024
113800 12.797983973489135
113900 11.465483083644354
114000 10.951086767666933
114100 12.791844124495018
114200 14.607099380977875
114300 13.488940055999326
114400 13.828670446236506
114500 12.466482487910438
114600 11.57731097603988
114700 16.14353112008713
114800 13.195146284564458
114900 13.769462236616217
115000 14.336381458346901
115100 14.390244352022835
115200 14.592774179507805
115300 16.35992320799214
115400 12.138651240315022
115500 13.422929059933136
115600 13.230621976419991
115700 14.412938100572605
115800 12.438337006083378
115900 11.964440827163518
116000 13.332990503401469
116100 17.869386773907323
116200 14.124713655087524
116300 16.773233846942944
116400 15.374423067286386
116500 17.2621134066369
116600 15.716750729501268
116700 18.05501456784282
116800 17.320399276542187
116900 13.99975231479803
117000 15.134982947824602
117100 16.238539852156006
117200 16.33003956346729
117300 12.126879889473516
117400 14.870210048971993
117500 17.648863214474478
117600 9.714299074245039
117700 13.24084148165117
117800 14.004332707140762
117900 16.100161490799707
118000 17.138639011555743
118100 16.343683502655583
118200 12.926661870953957
118300 14.35893347526403
118400 13.518231427867672
118500 16.268385671932073
118600 15.872154187809155
118700 14.778460038873824
118800 13.98793959150405
118900 14.809494782830816
119000 15.722863200535333
119100 9.700189039407823
119200 12.64480093990115
119300 12.226620595418362
119400 12.184393670728388
119500 16.210050983906825
119600 15.37015562529514
119700 15.46714884190276
119800 17.400050654760683
119900 14.200416397556847
120000 15.127782926718815
120100 14.81037586130371
120200 11.179647225212625
120300 16.50188539799907
120400 17.82463429407878
120500 14.817089998842079
120600 15.033412717289167
120700 13.438854984606976
120800 13.28441617677449
120900 13.944661921952667
121000 11.892160871400142
121100 14.161437820159493
121200 14.64728414511026
121300 16.423773692675557
121400 15.841679142434703
121500 15.373916836083426
121600 15.367697754212315
121700 15.844218362048041
121800 15.125407972241545
121900 15.57013733734172
122000 14.731549152138017
122100 12.102431816548439
122200 14.723536278914558
122300 13.745436590435636
122400 15.656090611829216
122500 13.345825779623564
122600 15.773370033961958
122700 12.980810461462617
122800 14.73985945577331
122900 12.508438626149156
123000 15.347864022368668
123100 16.7616372807832
123200 16.289281163955668
123300 14.56723809443042
123400 12.655803751606802
123500 13.949212737222865
123600 16.614350132501652
123700 15.807224768221854
123800 15.687327920073281
123900 16.636128117686784
124000 15.053373180433589
124100 15.65858175211414
124200 12.276452591768654
124300 13.59008162533369
124400 15.990091145986645
124500 13.68516668971996
124600 16.87096180105113
124700 12.676187799178933
124800 14.638574634880065
124900 18.00402700307109
125000 13.2323980972858
125100 14.502630589698471
125200 13.760191362574231
125300 13.673372363743853
125400 15.150044880657541
125500 16.762708575310786
125600 9.713583081826803
125700 15.619985913194357
125800 14.961871930818615
125900 12.26926293873796
126000 14.570742018994272
126100 15.43476074988716
126200 12.156002216523028
126300 13.772699194093219
126400 13.208384190438208
126500 13.616461217706517
126600 16.959986666537212
126700 17.170501015984122
126800 13.300252150669428
126900 15.082010823913814
127000 16.14908988688656
127100 16.655518405138434
127200 10.909193976336505
127300 14.117321177778768
127400 14.840284668630735
127500 15.54560180968998
127600 15.76463942098872
127700 13.87616930356224
127800 15.386834222841125
127900 14.44370859000323
128000 14.287165899730256
128100 15.365898428073747
128200 12.820156194659576
128300 16.595005171092954
128400 13.206601953592505
128500 11.490662120795644
128600 17.87942144040358
128700 13.927708815691236
128800 11.745420213173322
128900 14.796794123999106
129000 18.1158430787394
129100 13.8192583068742
129200 12.693892081885158
129300 13.24615434181059
129400 16.49659294930181
129500 15.925196173684148
129600 13.474711933607054
129700 11.826932368417452
129800 17.41008635854922
129900 17.84899211352283
130000 13.872151755246627
130100 16.4600080906303
130200 13.9215402897681
130300 16.985905011830944
130400 16.37537542095544
130500 17.61829198184194
130600 13.566122007731211
130700 14.811646096198231
130800 13.5714436096588
130900 14.492766054805962
131000 14.664935994300038
131100 17.520245347531286
131200 14.689098603689624
131300 15.942380155249806
131400 15.83183308135947
131500 16.48725674632395
131600 16.120215660725933
131700 18.298796426161523
131800 16.072058773961363
131900 18.885547672302188
132000 15.95442430817745
132100 15.592056934598553
132200 14.807633019810469
132300 13.482055336917119
132400 16.3659674901623
132500 16.619287016986206
132600 14.068588236951108
132700 11.848468091862012
132800 14.261170730263057
132900 14.491234218963246
133000 12.262522313725878
133100 15.800282376693328
133200 17.932957798701786
133300 17.669308638271122
133400 16.86413309678322
133500 13.905834528561424
133600 15.086405438189416
133700 11.350590578241396
133800 12.55775796090667
133900 17.700996892614757
134000 12.825919296250188
134100 13.736592857642528
134200 17.064965954340863
134300 17.6548593920416
134400 15.018148512519433
134500 12.071219316279057
134600 13.196632531576686
134700 16.22708119814741
134800 14.605269224172913
134900 13.65500111815268
135000 18.625698252698147
135100 12.900533050988932
135200 13.25424046512944
135300 14.930016650940587
135400 15.966075190385553
135500 17.226719887777097
135600 15.544884134216787
135700 14.551964114480795
135800 13.933754387329236
135900 16.624912131910644
136000 16.658425908603746
136100 14.972088621554729
136200 15.52484521174125
136300 11.666682950780046
136400 15.205821247486957
136500 14.959387880452663
136600 16.82734391786508
136700 17.156832350015385
136800 14.069383168159582
136900 12.445968416703234
137000 12.36891211185679
137100 17.518093261024937
137200 15.677321534835603
137300 18.267387955038487
137400 16.573677125599794
137500 12.48864190594
137600 14.93484143546127
137700 15.390511113449222
137800 16.73192025999628
137900 15.095256174799562
138000 16.980721707693448
138100 10.013011197401994
138200 14.271357465362174
138300 15.965190239113213
138400 13.151309856907764
138500 12.552186411681634
138600 16.45191243099319
138700 15.418278730513768
138800 12.955421442852698
138900 16.148428595550428
139000 16.02853178880298
139100 15.510673723373626
139200 11.317498331268391
139300 17.725335826684763
139400 14.280939166189606
139500 15.114061681723943
139600 15.327335236028032
139700 15.711224181767408
139800 10.26494851409411
139900 17.0258957658652
140000 14.63191454759808
140100 15.053054050681693
140200 14.162723687550978
140300 14.536937296584979
140400 15.377797387011476
140500 15.146738298294698
140600 16.505305041855685
140700 14.548130822946513
140800 12.782009102626091
140900 14.879969213176212
141000 12.877796555113349
141100 11.244018274297643
141200 14.706429633677411
141300 17.521789072773817
141400 14.433416467137114
141500 14.34278462826395
141600 15.207704531681298
141700 14.590882349155358
141800 13.78746527937838
141900 14.711480727753969
142000 16.51396555111387
142100 12.575189297128459
142200 17.124823801630072
142300 15.558091882613011
142400 14.053271468886967
142500 15.10065202236706
142600 14.102943278046725
142700 14.870357865081775
142800 13.913894620206149
142900 18.098624142036652
143000 17.575177166976584
143100 15.855312859670192
143200 16.21541828180091
143300 17.175937751984897
143400 17.933954738209437
143500 17.625973886540457
143600 13.379508540093523
143700 15.497693237092191
143800 17.76374030105014
143900 14.109136301292033
144000 15.902280173776628
144100 15.3758325740561
144200 16.723631073789573
144300 18.317045774880892
144400 17.359995270906694
144500 15.250782094258241
144600 15.380576246973362
144700 17.88815001845211
144800 17.519162856958907
144900 17.844475695237794
145000 16.33500584010369
145100 13.75836208941915
145200 15.620805660762647
145300 17.259207977902953
145400 16.331256268956114
145500 10.718305704930629
145600 14.848270478916382
145700 15.855389626930586
145800 13.790120519553941
145900 16.380974836965546
146000 15.534724224814559
146100 16.429461549598894
146200 15.510784221505984
146300 14.700933152602822
146400 16.009321136107765
146500 13.244271045900941
146600 16.31235529814728
146700 15.003434772044994
146800 17.283945999753193
146900 14.942272908739087
147000 16.46158419446744
147100 16.112464086282515
147200 15.353073117102872
147300 13.503972857930068
147400 16.29545807762168
147500 14.292931427544719
147600 12.708570405875601
147700 15.369568042485428
147800 18.333775584987677
147900 16.35304072809507
148000 14.155582194982566
148100 15.54798251361288
148200 14.199883471927537
148300 15.122930563139166
148400 12.267097451928219
148500 15.23674811169627
148600 18.399565948658594
148700 19.032084376330236
148800 13.649423204858687
148900 15.909512357278667
149000 15.982976068468092
149100 17.143233340980988
149200 16.64823177059496
149300 16.008403547398032
149400 15.445172548423823
149500 17.925812344519144
149600 16.84089314701041
149700 14.983001645395293
149800 14.7092623770981
149900 12.509988024742327
150000 12.24350764552751
150100 16.112698315367926
150200 15.219437128648783
150300 18.49716963518578
150400 11.33916380619022
150500 17.47090935482059
150600 16.896212266690753
150700 17.140740866155447
150800 18.20040238099637
150900 13.038466557113818
151000 13.484718269668877
151100 12.120459789321883
151200 15.77109944707692
151300 16.49411496736997
151400 16.758900411944712
151500 13.88170496599039
151600 13.268641860978244
151700 16.44920846898438
151800 13.716355132133948
151900 17.82570142758703
152000 15.926061671061879
152100 16.246983762799953
152200 16.98936561612317
152300 15.748567546866708
152400 13.631148276965087
152500 17.412910364947237
152600 15.641004178956582
152700 12.451984662572999
152800 18.866663994147498
152900 18.220672152103152
153000 14.747693176062416
153100 16.1147598613615
153200 18.104768635228467
153300 14.433487606497026
153400 16.16904116848368
153500 17.240868201527427
153600 17.96982179470093
153700 18.195931420729305
153800 17.927372913435086
153900 17.086529064466728
154000 13.098278911308482
154100 14.884647769002537
154200 16.454910495491184
154300 18.048714725824645
154400 15.902062839230574
154500 15.745967693763042
154600 16.27110698073969
154700 16.459887400003357
154800 16.772026874983077
154900 17.62599961131528
155000 15.904811061914561
155100 17.10179348064177
155200 12.66102967783657
155300 16.199945814002483
155400 17.251147672766585
155500 16.490040501012917
155600 15.360080514670976
155700 14.377435834349724
155800 14.924699285344651
155900 15.357483105132323
156000 17.022704260963188
156100 17.938832427699797
156200 16.341194298700294
156300 14.394129114763714
156400 12.021641208448553
156500 14.094790082344556
156600 14.936923223392457
156700 16.69916868842744
156800 12.423519709086197
156900 13.486580566844102
157000 17.041839297618147
157100 18.111286222080192
157200 17.08197946139554
157300 16.908768150451582
157400 16.309037463070293
157500 15.34863293204034
157600 13.116731890226335
157700 16.478062279397577
157800 14.278109336502826
157900 17.428494533736604
158000 14.730605375408604
158100 12.87917836170573
158200 16.56745801994815
158300 15.726025141831117
158400 15.196722835839246
158500 16.340124904716138
158600 17.605467743222114
158700 18.694618790361442
158800 16.095919697218147
158900 15.355063171028753
159000 17.42244831530187
159100 15.567048382534168
159200 15.800318322155022
159300 15.461317084706904
159400 16.498768780947774
159500 16.83173832768362
159600 18.67469645812365
159700 16.474978928622054
159800 16.458051933479013
159900 12.844197268374392
160000 15.201419352786562
160100 16.659038296238798
160200 11.715767523431461
160300 17.861937303645995
160400 19.29080959088072
160500 14.207409622385045
160600 16.45245796082234
160700 15.491328344401659
160800 12.621429442075247
160900 17.502096849978557
161000 15.18433162915444
161100 17.090121983869302
161200 15.00378835661037
161300 15.651945003683961
161400 15.935147595987292
161500 16.257940348219908
161600 17.52126508546117
161700 16.769967260991674
161800 17.669869755432167
161900 15.460068519824853
162000 14.905060679180933
162100 14.113982839139677
162200 13.785527709933277
162300 16.36524620387438
162400 18.47080706222547
162500 16.36804993398344
162600 16.725065242246075
162700 16.269728015452074
162800 15.883833631450068
162900 17.10182074173055
163000 18.42553092553645
163100 18.027096062941553
163200 16.62360088447042
163300 14.662923300712418
163400 12.726181197746818
163500 12.938301611073856
163600 14.406562400653414
163700 15.305377506281333
163800 16.52083336009125
163900 14.625720840969734
164000 16.316746368757777
164100 17.767895435069303
164200 15.84149574527349
164300 14.228735369057283
164400 15.82065016070068
164500 17.92753191655135
164600 15.526219914494202
164700 14.508628097361107
164800 16.943065468354988
164900 17.322368928728295
165000 13.714628148277729
165100 17.161340799275457
165200 13.046643725391895
165300 16.917729081640445
165400 15.671723608867163
165500 18.2027908760858
165600 12.88912976321545
165700 12.397326029058995
165800 12.523940072019434
165900 13.640887680938386
166000 13.46653765570238
166100 10.372697492843647
166200 17.95398036638444
166300 14.748671570891561
166400 14.965109742994784
166500 15.630360578502815
166600 13.056848250510104
166700 14.280458943186964
166800 16.46396247255042
166900 16.15855252478659
167000 17.837022207435393
167100 13.151503284773835
167200 16.198218779285146
167300 16.899175684507224
167400 18.14482370883522
167500 14.566191042740327
167600 18.347344894592766
167700 19.614126783580833
167800 16.53846672326547
167900 17.438739106635847
168000 16.775872910110493
168100 12.217255910916593
168200 16.207499933967803
168300 13.97951900434508
168400 16.701471335112537
168500 16.61324546237477
168600 13.713427782836813
168700 15.433727642102223
168800 17.432332668838228
168900 13.894555064380661
169000 16.307362216954196
169100 14.022660512887507
169200 17.283889569411397
169300 16.867931040399274
169400 15.495922589299791
169500 13.251681230385755
169600 14.218490203818408
169700 14.747834884339616
169800 16.88818725832525
169900 16.292092080325848
170000 15.682159679640115
170100 13.012583959799708
170200 14.93803302487706
170300 16.706479774800123
170400 16.732262422124535
170500 13.668930115282876
170600 17.523442620386053
170700 15.325639856602091
170800 17.570266618523018
170900 16.614366584855976
171000 16.331454550137913
171100 14.197120242527976
171200 17.546932681475074
171300 14.394418383791633
171400 13.219841988445694
171500 16.92274132300385
171600 16.608487525495654
171700 17.103555360435145
171800 16.584669439964237
171900 17.38985168150527
172000 15.679882253266838
172100 14.16997229520014
172200 15.857389746357004
172300 16.347942354379605
172400 17.141767667380044
172500 11.576038389605795
172600 15.995380758547922
172700 18.550988151879338
172800 16.233802084449035
172900 17.200550302499146
173000 17.48031271662724
173100 18.04297004614281
173200 16.81265606544458
173300 16.294942980518243
173400 17.359305033829486
173500 12.987883510482543
173600 18.93716330491576
173700 16.88077802787543
173800 16.018695190409492
173900 15.393801136325012
174000 13.920259672239423
174100 13.740380200801747
174200 14.515758500622246
174300 13.542154983300966
174400 15.177739110905629
174500 15.709428989400129
174600 17.160417307312386
174700 18.75835058137279
174800 16.787840423100224
174900 15.250449353323766
175000 15.748035651223597
175100 13.769081871041507
175200 15.261636184792895
175300 15.359575840254436
175400 11.636840939422608
175500 16.319058119777846
175600 18.629756512429722
175700 15.611575956513777
175800 17.29184334411727
175900 13.425780462635661
176000 16.6426125490964
176100 15.353969923537349
176200 17.77826408783463
176300 16.07356604612845
176400 17.349060463372627
176500 16.504337905776286
176600 15.963137550727643
176700 17.970376701094278
176800 17.77623282161976
176900 15.564528912035795
177000 14.965478731801744
177100 16.211194762472545
177200 16.117435742585595
177300 14.510425287777252
177400 16.7431368766315
177500 12.809696649739676
177600 15.863423223464237
177700 15.713510661985538
177800 18.904682383614382
177900 16.132024980566015
178000 17.337880436821166
178100 16.817643446039988
178200 15.47412100982539
178300 14.984702208683226
178400 17.73111241429395
178500 14.797763520903821
178600 16.244999458198134
178700 15.110549534507262
178800 15.549689207801697
178900 17.55918474039626
179000 17.30427780261935
179100 12.53603126930893
179200 15.202084831300978
179300 12.696157258404238
179400 15.434461561671748
179500 15.838989059288396
179600 17.07628790741392
179700 16.47810378242258
179800 18.222266669800128
179900 17.36366286563133
180000 16.252760481260534
180100 18.253784467589387
180200 14.365558598357554
180300 18.062448577315916
180400 16.909683130728453
180500 17.66360667762417
180600 10.828496466846977
180700 14.525591268062866
180800 15.861393144750744
180900 15.20095725249951
181000 16.093899547703252
181100 15.179417365481026
181200 18.524106621137665
181300 15.838460092043876
181400 17.067323288146007
181500 18.851003232168576
181600 16.707123143611128
181700 17.51409048507754
181800 17.071264426642156
181900 17.870700199165928
182000 14.917257083317066
182100 16.01555318488125
182200 16.39046306335317
182300 17.30309813371332
182400 16.597267930690464
182500 16.195715635113622
182600 15.775151410101355
182700 17.30576088245212
182800 16.533501328165546
182900 15.950216335426388
183000 16.836529258093044
183100 17.060012324396244
183200 17.013934135061863
183300 14.067821392829286
183400 16.71197623956446
183500 15.568849661284094
183600 17.471262721785607
183700 14.791923278377013
183800 14.717762034893388
183900 15.424021437460517
184000 16.84628488016655
184100 16.698335125930736
184200 16.357836634784928
184300 16.454744753375877
184400 18.107849916234194
184500 15.37216218654508
184600 14.836499592347554
184700 17.114368252238165
184800 17.952838757126226
184900 17.08283055640708
185000 16.45217954784472
185100 17.757851567383355
185200 16.679126445713088
185300 16.887724653403176
185400 15.288665125628965
185500 17.61871071974767
185600 14.118808058190778
185700 17.100281924522147
185800 15.482618361440267
185900 14.214106957943919
186000 12.69592263384506
186100 17.305269768627372
186200 13.378388483895016
186300 15.14545068937366
186400 14.611812798972784
186500 10.68502967377217
186600 19.19740355790741
186700 17.003262958436377
186800 17.042450899913618
186900 17.720820835217957
187000 18.52872542350454
187100 18.732035204305326
187200 15.854272332576905
187300 17.613445370466515
187400 16.10790329608691
187500 17.09789807088193
187600 16.454909105584957
187700 17.890991294301287
187800 15.670430147909597
187900 15.42104127465556
188000 16.722825414635277
188100 14.908371744879513
188200 15.279026625317254
188300 16.38788119709549
188400 15.669831830941497
188500 16.4427778277514
188600 17.5616260015794
188700 14.018379411429263
188800 12.955353437928782
188900 17.274862058821416
189000 17.331628174964887
189100 14.918310292296463
189200 16.597322679522637
189300 15.057455646300276
189400 14.773835014704824
189500 16.998872565793416
189600 17.043412493942387
189700 16.33803128766638
189800 18.22687107759142
189900 15.09265398429053
190000 18.147715864544892
190100 14.060267940581282
190200 16.88151333837517
190300 17.99722846843312
190400 17.67730813366291
190500 15.777837102287156
190600 16.821169500268233
190700 17.121911373914244
190800 16.50884578158659
190900 14.765886012764616
191000 14.541239128282518
191100 13.664581952866783
191200 15.328176042360525
191300 14.21853105699512
191400 13.187699686943612
191500 17.741914862622554
191600 19.028465648341832
191700 18.48765654970366
191800 17.123662236926847
191900 18.00882065903909
192000 14.0310345637292
192100 16.543453867047134
192200 16.641079989674505
192300 15.456208562046816
192400 17.203905384878027
192500 16.326957853741895
192600 18.208997797282425
192700 18.978585680072626
192800 16.912557598925748
192900 18.452254000174328
193000 17.609825471851472
193100 15.736593719624235
193200 18.529876715856727
193300 14.423348567583295
193400 14.946882581987111
193500 15.30579099495957
193600 18.200885672416685
193700 14.264297527698286
193800 13.782848117833678
193900 13.542895382699886
194000 16.371719885573462
194100 15.398426548870427
194200 16.57985954157764
194300 18.22562506580063
194400 17.938299292279414
194500 18.330621948713283
194600 12.905066229012972
194700 17.117865621999137
194800 16.31019005920771
194900 14.67647337077565
195000 18.889303011613848
195100 14.32510838093678
195200 16.93075423785498
195300 15.865708369640588
195400 17.834849922809994
195500 17.658267811894724
195600 18.191887290231417
195700 13.874007468164846
195800 17.533412460196605
195900 19.252882680129446
196000 18.056386921361625
196100 14.20662271172535
196200 16.947569389655108
196300 18.09149377390146
196400 16.919319734422928
196500 16.389119774576923
196600 18.48647220814604
196700 15.78606029820426
196800 16.418817648738504
196900 16.79412851462183
197000 14.79361776183463
197100 14.173899473208985
197200 12.611138419653344
197300 14.969854535559783
197400 17.508524614506563
197500 18.246890255629157
197600 17.50487064469693
197700 17.543050197805115
197800 17.339619081667912
197900 16.43967384110443
198000 13.99669783687872
198100 16.164400346034853
198200 16.705485804647083
198300 15.642199113487408
198400 13.441215047030118
198500 18.81794170132215
198600 15.830835566502255
198700 15.216175005681938
198800 16.468324332075166
198900 14.207434790361173
199000 18.048036169282444
199100 13.890992905777114
199200 18.2423709082855
199300 16.853082697429507
199400 13.727783695109611
199500 16.461428950464672
199600 16.911460995298018
199700 16.118541926059766
199800 16.349444307790787
199900 18.535463726711438
200000 18.538005526048487
