# Model = Qtable.(3^9x9)
# Num weights = 59049
# Learning rate = 0.001
# Env random seed = 111
# Start time: 25-12-2023(03:09)
100 -23.229112066007684
200 -22.878228894593807
300 -25.42413257178192
400 -19.85340698442783
500 -25.030120044791655
600 -22.076012308338033
700 -25.641613948486867
800 -21.698763167931894
900 -25.85806916874514
1000 -23.87102640526071
1100 -21.97236713928196
1200 -20.781912041754474
1300 -24.94835249427241
1400 -23.34845752821818
1500 -21.462652238880697
1600 -21.370667474781964
1700 -20.793848781300433
1800 -21.373301370795584
1900 -20.998053830752603
2000 -25.606674201511836
2100 -15.733545802902842
2200 -24.2664973110241
2300 -19.806189775712266
2400 -21.10466389118552
2500 -20.59433892557958
2600 -21.281475853598696
2700 -24.55939004997186
2800 -18.874972496107393
2900 -21.39623224154752
3000 -18.248222183693457
3100 -15.53137151806879
3200 -18.653441098645338
3300 -19.680611715902586
3400 -20.782399101777774
3500 -19.78157183150713
3600 -20.769376220941613
3700 -21.567069137638864
3800 -16.376211753947736
3900 -21.00511468351865
4000 -20.72426770935352
4100 -19.078741629361954
4200 -20.088929063574238
4300 -16.12626928255966
4400 -15.778062430299892
4500 -18.64243176258246
4600 -19.765571382068856
4700 -17.963867964771676
4800 -19.44884391575228
4900 -12.948941657826623
5000 -17.525637923920858
5100 -22.83156097292974
5200 -19.667072120025786
5300 -17.10262296974
5400 -16.431155935204902
5500 -9.68743327145642
5600 -14.590536191820286
5700 -15.149538060877665
5800 -18.877658229619595
5900 -18.632952049791978
6000 -16.698822293420854
6100 -14.138817969170974
6200 -17.60527135523454
6300 -16.71699267183392
6400 -17.721134045500907
6500 -14.474320827654855
6600 -14.511917178413364
6700 -8.342133926408328
6800 -8.641298365017937
6900 -17.01084489215529
7000 -10.12331764331762
7100 -11.691601487632274
7200 -18.26025368412019
7300 -9.832389787904667
7400 -11.975985762536167
7500 -16.27315147820697
7600 -15.855003950958087
7700 -13.515516610280379
7800 -16.484785297061677
7900 -9.958459269234725
8000 -11.596978877946711
8100 -6.440105291430719
8200 -11.64619975381253
8300 -10.114783858746952
8400 -14.340148679872573
8500 -8.528604048712683
8600 -14.28763267282655
8700 -9.978703001325826
8800 -16.501094711825953
8900 -10.874837668360037
9000 -10.298308914543812
9100 -9.424289850844609
9200 -14.606931868740089
9300 -16.3728928409551
9400 -7.165675231297223
9500 -9.00377190992111
9600 -10.577856032189146
9700 -13.990873583661367
9800 -9.736618650434018
9900 -14.721238428479802
10000 -9.88577384561666
10100 -8.211864382907239
10200 -5.979006834087161
10300 -15.221387036875766
10400 -3.587326561346901
10500 -17.410578797333006
10600 -10.149804891096206
10700 -11.361532398553459
10800 -12.444815266014308
10900 -7.618821619882041
11000 -6.433310497779621
11100 -8.813952689944024
11200 -16.336072900938827
11300 -12.575265162881701
11400 -4.177862183392529
11500 -2.502912318423061
11600 -6.917233565419428
11700 -8.883494993813896
11800 -8.873403369812316
11900 -10.096658666510363
12000 -4.242183705307739
12100 -8.8619711519765
12200 -7.19881412535798
12300 -5.540513717172858
12400 -8.323670361324563
12500 -10.007339494684226
12600 -3.334239220399834
12700 -6.6796612272610165
12800 -9.043937894367843
12900 -6.642805865814308
13000 -7.370112892655373
13100 -9.680706695815685
13200 -10.377365732472802
13300 -6.892782868194162
13400 -11.498259796139111
13500 -6.31689497910678
13600 -4.37910457697479
13700 -9.594478196601349
13800 -2.39704520134986
13900 -3.3825160540763646
14000 -5.314614275499543
14100 -2.0952882808770514
14200 -4.957775008084434
14300 -7.276915491200018
14400 -5.322751109298389
14500 -6.759206335257014
14600 -4.773739139842677
14700 -4.699718680307396
14800 -1.337815274687891
14900 -2.574979761889872
15000 -4.926225806174475
15100 0.8895229965171136
15200 -1.850108437070425
15300 -1.407022854841789
15400 -4.304133703057043
15500 -4.212069726682744
15600 -0.457256832406092
15700 0.06001282107589945
15800 -0.9723545338056253
15900 -5.147048464376947
16000 -1.4354492911699794
16100 -4.997197965841307
16200 -0.9328053523459253
16300 -3.408982222766654
16400 -7.52608804909689
16500 -5.193692597360821
16600 -5.994287927518609
16700 -1.6813883304641575
16800 0.08074641524713222
16900 -4.604454304246498
17000 -4.747662137474598
17100 2.9950436564595284
17200 -0.20827704449423823
17300 1.3566160137790955
17400 -2.823513549570598
17500 -3.7938050126541936
17600 3.754187257654244
17700 0.22319650339052702
17800 1.7039778978070954
17900 -5.398848975892106
18000 0.9946082230137651
18100 1.5235241893001108
18200 1.0795684973082904
18300 -2.4138897897173845
18400 2.4810724824059385
18500 0.7977257275458152
18600 0.38571274219838037
18700 -4.955663623623037
18800 4.15092691876418
18900 -0.9103900976372529
19000 -8.468243706191636
19100 2.1001186746083893
19200 0.5130781422006793
19300 -2.0296070249331772
19400 -1.0105025556163334
19500 -0.06912647956471274
19600 6.367087600601269
19700 1.49419961945897
19800 -1.6110493166668447
19900 4.141771042024744
20000 4.162945855883048
20100 -0.08000743712840563
20200 3.6642398732436123
20300 -4.55027662503186
20400 1.4689115167893876
20500 2.031601100352581
20600 -3.793309027338611
20700 -1.5652358765208938
20800 1.8996939254785334
20900 3.247668147624823
21000 -0.47039790406151694
21100 4.834552898901686
21200 5.9857886714460955
21300 3.6653335481016995
21400 2.7501145936104856
21500 4.340921567237648
21600 4.552473054895747
21700 -1.811016812334886
21800 -2.9887871673711057
21900 0.22524653516523296
22000 -0.19928888577777948
22100 3.358325635689497
22200 1.5512403109527604
22300 -3.429252940265006
22400 5.051025151510036
22500 4.598242954519767
22600 4.3027322246210495
22700 5.333957020261542
22800 2.651173796942579
22900 1.6458085396799769
23000 -1.0635088919705429
23100 -0.4369107284457233
23200 1.6577618558675011
23300 2.4467225490393822
23400 2.760270151261828
23500 6.416946442396831
23600 4.283537146444568
23700 1.4474091274236323
23800 6.671555529762927
23900 1.7189794254933237
24000 0.43460027760414727
24100 7.578353551414317
24200 2.0547635454250597
24300 2.3298371256960473
24400 2.3105656079795565
24500 3.4984386377168675
24600 3.8664877149852566
24700 2.1309828948619858
24800 6.612670576201053
24900 3.2629345695582734
25000 0.3391523120822897
25100 3.135557969968387
25200 2.4982511099034403
25300 8.494730011482881
25400 9.906229189869368
25500 3.963772930223866
25600 1.1987417239007931
25700 6.88116290575571
25800 3.61895254287399
25900 2.077476856817987
26000 8.328256273602891
26100 5.457630818166548
26200 7.143247068454707
26300 4.472592315933138
26400 1.690035430520405
26500 3.7122532203482557
26600 3.154356101428579
26700 -1.3469313157950475
26800 4.761928468816724
26900 5.255546765455078
27000 5.783972738319356
27100 8.017178291870648
27200 0.7311958507660943
27300 8.346643219390035
27400 6.398634095300232
27500 3.2797610212337234
27600 5.833323575720916
27700 2.265266823270983
27800 6.261521439652881
27900 6.872033972678554
28000 6.2516190684335005
28100 3.925681564739573
28200 13.356461382681445
28300 4.008568020249559
28400 7.190542343179953
28500 2.345811845312989
28600 9.06801778115001
28700 10.365346846650512
28800 4.721160549937915
28900 4.1310146383392645
29000 5.296543905464366
29100 4.548123069812816
29200 2.8411267106360785
29300 4.7800934060930125
29400 9.66570562304531
29500 7.8751790172837985
29600 8.047355204575862
29700 5.256368298270121
29800 6.2952510284060414
29900 7.490578396484127
30000 4.859397947612082
30100 -1.2694158904534936
30200 3.205333997877267
30300 10.350566276176101
30400 6.180762015785948
30500 8.92479806834907
30600 10.414895309053342
30700 7.575251584062124
30800 10.918906964835763
30900 7.924115595786854
31000 7.269682604254307
31100 5.500447933853062
31200 6.083573977823083
31300 8.51182533099523
31400 7.9025608626749415
31500 6.642658753983724
31600 12.72803544524545
31700 8.540126694263009
31800 4.126287095825634
31900 9.878572779947886
32000 8.451472877236183
32100 7.299278076989797
32200 6.460538764766512
32300 6.676231291764854
32400 9.580533343600045
32500 11.074954927304944
32600 6.25703108755517
32700 7.906868583075115
32800 7.968656114940747
32900 5.111341856526077
33000 8.390488256154208
33100 8.37397971290582
33200 7.822871816872272
33300 7.062605526033588
33400 9.554508927088891
33500 7.2194564453041945
33600 13.063905849547057
33700 3.7326758877243362
33800 3.7691897308128133
33900 13.390049585396977
34000 5.832065883214369
34100 8.852284621428897
34200 11.081265998465048
34300 8.99015936167916
34400 11.95338678259659
34500 11.259912857830422
34600 11.959318586526212
34700 6.764292280523705
34800 6.472259930511037
34900 7.771756034961908
35000 9.471137462699035
35100 5.54245935586566
35200 5.993252035197914
35300 11.267167643906726
35400 5.7540463815524125
35500 9.42014082542918
35600 7.538630603720385
35700 2.5782448490489447
35800 6.749245181093376
35900 9.943155494091785
36000 3.6133324043200927
36100 9.047921959152092
36200 9.573735934946956
36300 8.913512896576822
36400 7.203066624792913
36500 2.9663489148190045
36600 10.040741169865258
36700 7.562680034633743
36800 8.814261579363706
36900 5.006745866712665
37000 8.5627959415769
37100 13.892217650791345
37200 10.606054972238727
37300 8.035710772550946
37400 9.530011630983418
37500 8.56805977148843
37600 4.678999683119841
37700 9.566780778956254
37800 11.109572025839913
37900 10.48170455486602
38000 8.381865264280497
38100 8.592047638928694
38200 9.307079714319027
38300 8.429583277412835
38400 7.397238677782178
38500 9.244586965260206
38600 9.777740146309922
38700 8.168973129621282
38800 8.955377619986548
38900 11.159706351725657
39000 11.053702409726176
39100 8.20401517271768
39200 12.351453123493489
39300 7.6810568362421785
39400 12.240944030612848
39500 12.69065212049488
39600 12.174799410189749
39700 10.545477210222018
39800 7.631235859768471
39900 12.917534974823795
40000 8.767007598754075
40100 10.470013137827411
40200 7.253565624498764
40300 11.714869624575071
40400 11.058393219406964
40500 8.365977635570085
40600 12.69671244945103
40700 9.920257213992453
40800 8.453873857982112
40900 6.1481076350355846
41000 12.679833541927062
41100 15.011308984136216
41200 11.886636798901776
41300 12.328963890811886
41400 9.594392795531228
41500 16.50086302857297
41600 11.237951421524638
41700 11.318283808777675
41800 14.782984463124507
41900 12.286504093710002
42000 12.002867709004327
42100 10.741709488534903
42200 9.744185174270477
42300 8.142913523868607
42400 12.943244785667504
42500 11.178475372478848
42600 10.402139869357082
42700 12.242210683193429
42800 10.985199918858045
42900 12.276557843882694
43000 10.737453581318748
43100 12.64964302577922
43200 6.900386937442206
43300 13.18789828000334
43400 13.09640200519204
43500 12.950182490028311
43600 11.317117089946294
43700 14.212425544787274
43800 9.687736176619488
43900 12.433434973152583
44000 9.399605741388108
44100 10.315234210012328
44200 13.024876612255161
44300 11.732083319591997
44400 13.639886871490633
44500 13.81685653859927
44600 13.65511211418767
44700 11.027663086564827
44800 12.431681849100027
44900 12.342042554580994
45000 13.190370459145216
45100 13.513210627334432
45200 12.752826758987096
45300 10.712936251887172
45400 11.59871001795236
45500 12.497110499668995
45600 14.11610474198502
45700 12.059118537100982
45800 13.11246383166782
45900 15.023273173847786
46000 13.153032530343616
46100 14.608826374333686
46200 13.064008486886248
46300 10.220223880457542
46400 13.651193969296981
46500 14.157008854548723
46600 13.061597524625032
46700 9.961194019116277
46800 12.149045014008061
46900 14.34287646945018
47000 15.902744285951705
47100 13.859591689018766
47200 9.867056224242875
47300 10.680677578564886
47400 14.87203104305244
47500 12.829134800421679
47600 12.700326930166948
47700 11.635192878201753
47800 12.743023940296741
47900 13.045991794259063
48000 13.501269738786887
48100 13.773076647316852
48200 12.89923849226394
48300 12.37535075014726
48400 12.981200877978917
48500 9.624005617779135
48600 14.480769161572702
48700 13.630117478344076
48800 15.59611950681551
48900 14.56632643011001
49000 13.788944562974871
49100 12.562140745438471
49200 16.53995798948558
49300 17.231365911868004
49400 14.11291522286179
49500 11.15248684724516
49600 15.242220655497418
49700 14.532899912643973
49800 15.390696885867037
49900 12.483228331326696
50000 11.18956577152144
50100 15.587740916051567
50200 12.932644699073894
50300 14.178160832124735
50400 14.916270193658557
50500 14.060766578218288
50600 16.420271155076808
50700 11.789144196333888
50800 14.246754824846859
50900 14.332651689101732
51000 12.680807343791034
51100 13.679417999903821
51200 14.647832869580435
51300 11.225097423170354
51400 13.604845632611456
51500 13.63796519091892
51600 14.80940932646011
51700 10.795899223955974
51800 13.814387086067864
51900 15.566726213347152
52000 14.783059062025673
52100 13.476867009310709
52200 15.071691665025174
52300 16.14080165935423
52400 14.96737625040135
52500 12.82236348684301
52600 12.203975146707423
52700 9.032396971163395
52800 13.259878505495095
52900 12.563646867633453
53000 13.874806971398263
53100 14.908092550937164
53200 15.979588062323348
53300 13.634074870772364
53400 13.988320604005859
53500 16.001408493148215
53600 15.639099908801457
53700 12.235361494521053
53800 11.581442858917809
53900 13.992079741055779
54000 13.252686279866577
54100 12.347027205685878
54200 11.84296591157097
54300 15.17027489674469
54400 13.00390854552707
54500 14.630835626101623
54600 15.243079130983919
54700 17.06985368860907
54800 14.871753644791577
54900 15.10831001091231
55000 10.44495866732862
55100 16.024458986080173
55200 11.572442652156768
55300 13.376997195806336
55400 13.287332010744748
55500 15.618093346602656
55600 15.040094359559877
55700 15.008254561866174
55800 15.796139441523476
55900 14.593415630232506
56000 10.466343192572976
56100 14.288308873299176
56200 11.832789142174574
56300 14.794978204918191
56400 16.591374921083315
56500 11.183183418100555
56600 14.882515681043337
56700 12.241209645993463
56800 15.738810441513442
56900 16.3124395163392
57000 13.290268933982896
57100 14.606101845864034
57200 14.381140656474809
57300 16.742816223188033
57400 14.263094997480936
57500 14.951684253645695
57600 14.155599931107961
57700 13.024854291508081
57800 13.718922950132587
57900 13.46031078893721
58000 17.20287989315599
58100 13.275162186975816
58200 16.521500170691407
58300 13.554720839165363
58400 15.200510684535065
58500 14.934462355073025
58600 18.101592635496598
58700 14.865347443288707
58800 13.409788540270949
58900 11.742756075749362
59000 16.88240663671598
59100 14.27007653529342
59200 13.010972754402628
59300 14.693682953480344
59400 16.959102900028462
59500 13.827131976238228
59600 13.7544911959582
59700 13.344579274882413
59800 12.834112881494915
59900 14.216106252790851
60000 17.40393595476158
60100 12.750605277040107
60200 16.056941603014703
60300 16.314309694485438
60400 17.577467731856633
60500 18.6142069760281
60600 15.043454411712164
60700 14.521485867329016
60800 12.92457912884912
60900 14.784194614905338
61000 16.65110310451919
61100 15.706522915321393
61200 15.256437407577389
61300 14.624041038507066
61400 15.44982805629573
61500 13.399064084740468
61600 14.981445221353042
61700 16.54073132726462
61800 14.367111739525214
61900 12.262400357761928
62000 17.719089825328926
62100 17.088065021930994
62200 14.676094562334443
62300 14.609005835288174
62400 13.506669464288162
62500 15.646357542498878
62600 13.76629174747642
62700 17.153742606737588
62800 14.969016461159276
62900 15.277110609254645
63000 16.768762861283438
63100 15.493027194604094
63200 15.959562133821281
63300 13.86540523002745
63400 17.555911334292905
63500 16.540526040559683
63600 13.953240176685172
63700 14.134594098716967
63800 14.344334787743916
63900 16.59096087647162
64000 17.2582801050105
64100 13.052975641050429
64200 15.994851252263937
64300 14.962366926635934
64400 14.632927707144578
64500 16.36871583593367
64600 14.073462514377528
64700 14.410647772325046
64800 13.616185309520723
64900 16.966944028290786
65000 13.330588247143737
65100 14.32455826664675
65200 15.901412158880522
65300 17.048418109557012
65400 14.173677284162
65500 15.343867807266811
65600 15.62258785131163
65700 15.352758276936376
65800 14.968057670474026
65900 11.266507167889001
66000 15.634733269492198
66100 18.008218696304567
66200 13.882685339497009
66300 16.896387783719387
66400 14.082885337757077
66500 15.674432637748819
66600 14.005527568985839
66700 16.645802838925217
66800 16.54120306861054
66900 14.001859683065016
67000 17.292387538581092
67100 17.254231775866106
67200 14.88505798257869
67300 11.884745020487875
67400 13.707450715177124
67500 16.27120173878152
67600 16.7250305308388
67700 15.654538385365708
67800 15.584343691804344
67900 16.69990194451881
68000 16.579406338984896
68100 17.10766664271861
68200 17.507320410924365
68300 17.171154247688797
68400 15.600507622620093
68500 16.395947922600538
68600 14.559899654613266
68700 15.804463598821929
68800 13.41781879463194
68900 15.810592849339116
69000 17.2925063307166
69100 14.532357991705403
69200 16.400225709746287
69300 15.175381812531748
69400 16.942856651383003
69500 16.480481668646455
69600 15.242070045269262
69700 17.079477643626856
69800 18.31254471676153
69900 18.06506196433613
70000 16.60770277623248
70100 17.02382042281241
70200 15.344850054382947
70300 16.746237045585467
70400 15.502350348981578
70500 16.367445433170897
70600 14.78028351491471
70700 17.223507144489982
70800 15.974450969040966
70900 15.508939486353425
71000 17.373055446903685
71100 13.746073957507127
71200 15.751878904114932
71300 18.09116137868881
71400 17.254173473556456
71500 16.471933195164013
71600 15.541094666750547
71700 13.09052920771755
71800 16.037102379917222
71900 17.307349314287418
72000 15.048362655021585
72100 15.370629297833005
72200 18.256285102324178
72300 17.67822297683447
72400 17.045419461907827
72500 16.562952842599
72600 15.200367110108298
72700 14.989449121774648
72800 17.462694725521636
72900 13.668337224608564
73000 14.396120232193601
73100 14.427150744160008
73200 16.585093666919523
73300 17.554157044800323
73400 16.04718472452264
73500 14.980432493017123
73600 15.374355465441093
73700 17.52152754810756
73800 13.423800362866782
73900 17.179147998183968
74000 15.225619862223866
74100 16.986315662553423
74200 17.64870443396833
74300 16.460467044628086
74400 18.37818760599431
74500 17.833384184878007
74600 14.679281626763533
74700 17.119473168176885
74800 16.677029333351584
74900 17.750617741395736
75000 15.25119627313016
75100 16.324752468330146
75200 16.58410506544283
75300 17.536631320536117
75400 16.580000243613373
75500 15.967512535227339
75600 18.6101407525809
75700 15.912401793113393
75800 16.595121816991217
75900 15.772436334926093
76000 18.64289751836481
76100 18.72151781787004
76200 17.05330406366476
76300 17.126163754883564
76400 17.2667197551013
76500 16.97936704706907
76600 15.310613623456925
76700 15.307720208595477
76800 16.61508050718115
76900 15.410095419222962
77000 15.374303200832356
77100 17.040553842932926
77200 15.504695806585806
77300 17.692221434481173
77400 16.666897610710794
77500 19.174506923492803
77600 15.224175025647252
77700 15.22084533387468
77800 14.445558076908716
77900 18.854321586471087
78000 17.82807530147227
78100 14.162703606075043
78200 15.712345879552572
78300 17.15088581039301
78400 16.264812145731334
78500 17.687120327492018
78600 17.793599773662695
78700 15.424222252907159
78800 16.678730938901698
78900 18.43817772380776
79000 18.046966824324944
79100 17.949036827304905
79200 17.863010722981777
79300 16.321992003232953
79400 17.56947481389564
79500 17.221209661185995
79600 16.657054031702824
79700 16.212121531931896
79800 15.966039541817729
79900 17.43782759917151
80000 18.39834000103218
80100 16.693728305284537
80200 17.97097852124043
80300 17.228928274781754
80400 16.233899969279552
80500 18.24056816675279
80600 12.584374120220298
80700 17.213558688351394
80800 16.583367569395815
80900 17.234187485355914
81000 17.014210631407526
81100 17.36852738437554
81200 16.979279707368047
81300 18.40066501667754
81400 17.3515004198375
81500 16.3345709911215
81600 16.07779407848307
81700 16.45451088038491
81800 17.666529149079558
81900 17.005731016100953
82000 12.405069386893086
82100 15.501141833375671
82200 17.16348108580716
82300 14.004371271272067
82400 16.30888550109068
82500 15.019940372544138
82600 16.717810951459747
82700 17.895895584847423
82800 17.525559865136763
82900 19.230682463987346
83000 18.140595887418257
83100 18.271833483144096
83200 18.590747048596455
83300 16.63171780421367
83400 18.828066544795785
83500 17.408101368470636
83600 17.321954110098265
83700 18.129200638836462
83800 17.32681208995943
83900 18.295151007431855
84000 16.5154550417954
84100 18.938656761592814
84200 17.751492334382508
84300 16.9852470036974
84400 17.27265852777149
84500 15.717038467126258
84600 17.50714437450922
84700 18.519747501825798
84800 17.41347456351251
84900 18.694077142496333
85000 17.038011788737695
85100 17.447832395442084
85200 17.97474340249112
85300 15.823646528415297
85400 18.136563164226473
85500 17.64756357817206
85600 18.2998666012845
85700 17.19200977407817
85800 16.357530716692885
85900 16.695670325409875
86000 16.980327365267577
86100 14.598917538912257
86200 15.037100478642914
86300 14.847100407906867
86400 15.546281066908211
86500 18.367517287397348
86600 18.205007598877703
86700 17.753072790967025
86800 18.7368643086317
86900 14.902815601547053
87000 18.36033591623844
87100 16.025097513040404
87200 18.172898072969602
87300 17.89426325775124
87400 17.2120669943327
87500 17.652041461559346
87600 18.73686494566689
87700 16.550027863698904
87800 15.345176222558079
87900 16.92148501326409
88000 17.67902444319403
88100 18.85945040224011
88200 17.051294417708487
88300 17.108266843693617
88400 16.921871110382522
88500 16.207446380918327
88600 17.022057394381854
88700 17.994290997471
88800 17.40107264707071
88900 18.376815047295153
89000 17.211104853122265
89100 17.02666092412787
89200 16.780952036870566
89300 18.01935084740481
89400 14.54897209065358
89500 17.120069281038045
89600 16.944506970213048
89700 16.892490694562724
89800 17.356803575201067
89900 16.904733635212516
90000 17.34186226759722
90100 17.662104925599163
90200 18.166795725793214
90300 17.70693673820456
90400 15.824264603450043
90500 16.78765468953101
90600 18.32829483796199
90700 16.460684264453317
90800 18.260748085032645
90900 17.33800266154528
91000 17.939858986121827
91100 16.52777436321466
91200 15.544541079197355
91300 17.087587780406356
91400 14.786061757065255
91500 15.814936132656577
91600 16.96598486010283
91700 16.198105210840264
91800 15.804866031843785
91900 13.87013536479471
92000 16.060964517587813
92100 18.33252083556422
92200 17.138761512112435
92300 17.474791014393464
92400 17.74033503540468
92500 15.544286324949274
92600 17.494889730194586
92700 18.317751665046686
92800 16.369803266272797
92900 18.836145299047722
93000 15.313494633528485
93100 18.262234622041746
93200 17.29080077299534
93300 15.68791976204833
93400 18.730269501295513
93500 17.050813706280767
93600 17.123187105717964
93700 16.103685002385657
93800 16.852377426772573
93900 17.07680730199793
94000 17.762792462711772
94100 17.409365008782558
94200 18.66319669865411
94300 18.478835181918534
94400 19.129944641449125
94500 18.11228040299059
94600 17.457048563944166
94700 17.8154894877584
94800 17.304537171667516
94900 17.402579349925112
95000 16.3511367155426
95100 15.895801792949987
95200 18.601908357416026
95300 15.762692208099427
95400 16.26439154159305
95500 16.29390022042988
95600 17.787314378819097
95700 19.008941366235618
95800 18.612734617262536
95900 18.02515401627369
96000 13.951316926820407
96100 17.491915238815125
96200 18.053418614498334
96300 15.540289720238635
96400 17.65352806472008
96500 15.603006897027127
96600 17.507262391216816
96700 18.34897437033818
96800 17.674855339877915
96900 17.97403713188356
97000 18.427592420232152
97100 17.393783787185054
97200 18.77461417768399
97300 16.358002915025363
97400 16.883676788590087
97500 15.350997736048136
97600 18.81349932644541
97700 16.676531774475695
97800 18.24667232338667
97900 17.779937582133883
98000 18.925992099485157
98100 17.27935136326454
98200 19.46894820232169
98300 17.934348609874483
98400 17.87273508334365
98500 18.57788714304351
98600 17.559879654325428
98700 17.699676494308434
98800 16.993940576262233
98900 18.685734820810975
99000 17.597488989916837
99100 18.27982165652271
99200 17.16783335132375
99300 17.765344962230976
99400 16.90534508537172
99500 16.40770460640065
99600 17.940503983905018
99700 17.96487367758336
99800 19.137305710832575
99900 19.36411231648333
100000 18.086000494268433
100100 18.132332769554182
100200 19.04682940873004
100300 19.228113532647036
100400 17.80864690088969
100500 18.297149589008917
100600 16.41959366392058
100700 18.975176789269568
100800 16.84165366859932
100900 17.99361479688709
101000 18.381853504628097
101100 17.48384095043288
101200 17.366725782894413
101300 15.83866865710759
101400 18.159997501831437
101500 18.287662703277455
101600 18.551941077162198
101700 18.004715962155974
101800 15.610936740271157
101900 19.06750268130246
102000 17.392862778128723
102100 17.456555806421825
102200 18.96996593721432
102300 17.23623638006741
102400 16.48737068011074
102500 19.139878809319654
102600 16.98178883135663
102700 18.697947504665432
102800 16.404411534000065
102900 16.619286219001786
103000 16.627426335198344
103100 19.2623340479886
103200 16.901303975128563
103300 18.249905093732426
103400 18.418017751090645
103500 16.614447279298673
103600 16.895503780062338
103700 14.96923750525062
103800 18.166349373818985
103900 17.275677769793546
104000 17.864950780548103
104100 17.536994139719148
104200 18.033266888310433
104300 16.986057225376758
104400 15.835274753460643
104500 17.963157019405458
104600 18.534844053461605
104700 17.9076811110363
104800 17.38963464039106
104900 16.36566743928727
105000 17.42379601934962
105100 18.78439914376882
105200 18.797705866670718
105300 18.97324998508914
105400 18.593335561908454
105500 16.038911767355188
105600 18.116828895241664
105700 17.920744382595934
105800 18.60126850128105
105900 17.596727941133608
106000 16.860059579601455
106100 14.131113336250477
106200 16.52675301169262
106300 16.946467491381203
106400 18.60975131058466
106500 19.226500979182212
106600 16.639740769772605
106700 18.837878060253374
106800 19.19102323258209
106900 18.725493438736386
107000 16.889199824913856
107100 18.141176580606945
107200 16.915878569842864
107300 18.07628654951359
107400 16.19415202889061
107500 18.25454762993259
107600 18.671746721586054
107700 16.745087273735052
107800 16.179676473729284
107900 17.97346285225261
108000 18.739024175427588
108100 17.211629368826767
108200 17.555559342789472
108300 18.27747839663235
108400 16.026372897328713
108500 17.51071599776094
108600 17.209849402632635
108700 18.856947537662798
108800 16.495793166190218
108900 18.548615293323767
109000 19.035101105780758
109100 14.446786594346538
109200 18.65760877009867
109300 15.906666512601483
109400 18.175729928370504
109500 17.278684467991845
109600 17.301476996067727
109700 18.050399122782103
109800 18.06469678000239
109900 18.591740661483794
110000 16.9889775740681
110100 18.25137881507873
110200 15.807218124485743
110300 17.678293265525678
110400 17.82542885412941
110500 18.391190281611717
110600 16.409725673908397
110700 17.994903122743196
110800 17.46747194124179
110900 17.46455803701115
111000 16.18245441229429
111100 17.559383810979526
111200 17.89709483464587
111300 18.33405729891972
111400 17.47989729842089
111500 18.0016359571015
111600 18.424242300219518
111700 17.844716850604627
111800 16.35700527561894
111900 16.368189691350686
112000 16.783431752816295
112100 16.266509092863853
112200 18.252992125307113
112300 17.02659479041728
112400 18.430567344844693
112500 16.904303553419357
112600 18.42064914158963
112700 17.271426446289386
112800 16.754501220345144
112900 17.498409025984913
113000 17.86134772300744
113100 16.566152982459307
113200 18.179133505052455
113300 16.621438784672655
113400 16.889513556489444
113500 16.138351124599065
113600 18.772822640803582
113700 18.222451500013634
113800 16.777723394538327
113900 18.46078278502018
114000 18.283977940985018
114100 18.700841537355736
114200 19.230549556570306
114300 17.43443858200491
114400 17.83751870537723
114500 17.142999289646234
114600 16.329792191190478
114700 18.322758123160778
114800 16.115214380839987
114900 14.378027814706117
115000 15.763974552931733
115100 19.13660011187154
115200 18.140941807218763
115300 17.448188556205896
115400 16.389101393925568
115500 18.01272286184677
115600 17.722651396466727
115700 18.609869732635726
115800 17.983611487008016
115900 16.56419511675434
116000 18.623474913927375
116100 18.047560587816207
116200 17.785559020537075
116300 17.46173255322614
116400 18.213206301832205
116500 18.431622399662302
116600 17.914433777148236
116700 17.948437669738833
116800 18.15755181267716
116900 18.377235427038343
117000 16.902591232185472
117100 16.406124334166613
117200 18.25457873715734
117300 18.809955052635523
117400 18.86314946460632
117500 18.84287222137193
117600 18.037246105002158
117700 18.206713066722358
117800 17.160104653785833
117900 17.41313112700643
118000 17.129055467944863
118100 18.505324135448355
118200 18.046527439106622
118300 17.67104352807008
118400 16.097533843884783
118500 16.112988936389463
118600 17.183066827378507
118700 17.016955833495945
118800 19.05964391584248
118900 18.445726651683188
119000 15.463935010177268
119100 17.248982232690388
119200 17.855341463210838
119300 17.453259663318203
119400 16.399125183518986
119500 15.850681481799542
119600 16.561227010914155
119700 17.843891348466535
119800 17.688495126905483
119900 17.30159175308189
120000 16.036763732096833
120100 19.194015499992272
120200 15.848476227421813
120300 16.369053008995376
120400 18.14357424218978
120500 19.15361922956446
120600 17.434685772782615
120700 18.95453337242803
120800 17.425289559223657
120900 18.681823777524002
121000 17.707637174345727
121100 17.790552315702925
121200 17.81523143401768
121300 18.85145401558986
121400 16.711571534627478
121500 17.271012618708294
121600 17.056740885845063
121700 18.7523444779952
121800 18.496120121419093
121900 17.66497186501967
122000 17.08883914821889
122100 19.084196936096312
122200 17.21510869530561
122300 17.68014057630289
122400 18.016420937264627
122500 17.395802845133836
122600 17.7920037621862
122700 19.257423097769536
122800 16.569675602885784
122900 15.547785812436548
123000 17.384550947165472
123100 16.733849761990324
123200 16.61668483784424
123300 18.499303376661047
123400 17.536156885901722
123500 18.11901649352781
123600 16.357155607705437
123700 15.967588203398313
123800 18.81696749727158
123900 17.59400553746947
124000 19.161986223046476
124100 16.130596643650637
124200 18.294773632532152
124300 18.678435971110332
124400 18.48928467061057
124500 18.166146509474803
124600 15.811876315014743
124700 18.378784930087953
124800 16.78560746131144
124900 17.22428647074488
125000 18.8178363386571
125100 17.97730032431077
125200 16.73352066591379
125300 18.80117324503759
125400 18.021823116751104
125500 18.326485000084816
125600 19.257905491560248
125700 18.34016783079422
125800 17.683052891561324
125900 17.031161804666606
126000 18.350807012615704
126100 17.86511019105046
126200 17.777727418398516
126300 18.65396989509289
126400 18.350194465079642
126500 17.32893315280915
126600 18.298939808197723
126700 19.09658987890672
126800 18.01363419744302
126900 18.939006280249263
127000 19.457898913257768
127100 18.059077708732524
127200 18.946755407363124
127300 17.798468161587124
127400 17.75530606556201
127500 17.75263940184155
127600 18.433382958621586
127700 18.07640351191216
127800 17.31847826760036
127900 18.011323788914016
128000 16.35118455782974
128100 16.53342121196157
128200 17.150864315803897
128300 18.776954313016727
128400 17.344871040978568
128500 18.866267035192838
128600 18.52710752063977
128700 18.292700131936996
128800 18.704236665410683
128900 16.713808386612207
129000 17.87784054886885
129100 18.928986781074954
129200 18.265479443021093
129300 18.386708775415386
129400 18.677953169449044
129500 18.0784574125054
129600 19.039306608951893
129700 19.13619813596745
129800 18.682877161484157
129900 18.356397618842408
130000 16.76996195513919
130100 18.46536766195183
130200 16.836993544173826
130300 17.52158378682071
130400 16.823810511721707
130500 18.176287202676345
130600 17.219008605040337
130700 19.069294279601053
130800 17.01999916997923
130900 19.22144919704204
131000 19.029555125445476
131100 17.947776967303575
131200 18.063651754969246
131300 17.414396453655684
131400 18.865112227690265
131500 19.01881960885183
131600 17.80102656358991
131700 17.837737192185365
131800 17.972407430380372
131900 17.43557065185547
132000 15.040694589145668
132100 17.19697615504904
132200 15.407855481122713
132300 16.65884473218606
132400 18.54709912682084
132500 18.20447527702882
132600 19.544846682952734
132700 18.158038316371268
132800 17.00784470156372
132900 17.675973392675882
133000 17.244366913638476
133100 17.937413837529526
133200 18.88351783525288
133300 17.028488732191313
133400 17.577532940042815
133500 18.053810350645342
133600 17.22015419309633
133700 16.231429222092714
133800 18.815658366066884
133900 18.831402658686294
134000 16.861335034371084
134100 17.143151712099474
134200 16.93518273131799
134300 17.155950286473246
134400 15.681171371904863
134500 17.768085346932423
134600 17.00341468633429
134700 19.34245657438609
134800 18.121773223246258
134900 17.140079377812523
135000 19.153060489052095
135100 17.711526960756494
135200 18.732555578966906
135300 17.051620431290846
135400 18.47552424469288
135500 17.066001597718575
135600 18.03931644874264
135700 18.889698928597173
135800 19.559343861699123
135900 18.049728160874043
136000 18.745297698337037
136100 17.75606704442054
136200 19.457961174964208
136300 16.926157651904933
136400 19.304105771079776
136500 15.735879451714714
136600 18.61800643822838
136700 19.299830653302855
136800 15.129806723428567
136900 18.50312888383706
137000 18.38537783389484
137100 17.05848735718265
137200 18.266727048948994
137300 18.55061912833896
137400 17.24546978651945
137500 17.91435700613718
137600 18.073885070116507
137700 18.033281158159717
137800 17.07654758412426
137900 18.997554717572424
138000 18.819976803140364
138100 16.841094986609725
138200 16.560266282646168
138300 16.566452024899615
138400 18.729592502119488
138500 17.682743766981606
138600 18.98522381026128
138700 18.98898156596049
138800 17.420430199363732
138900 17.525727031332178
139000 17.257892707387487
139100 18.300395403839072
139200 18.73032674931833
139300 18.651125125990937
139400 18.992527119334046
139500 18.883740241633575
139600 17.153525859420203
139700 18.26762906882386
139800 17.699814644468166
139900 18.152821830399404
140000 16.296702718167676
140100 16.327053388489166
140200 17.764554970694824
140300 18.944077966523327
140400 17.818387152749562
140500 16.30522966932133
140600 16.740604874675846
140700 18.618712449712238
140800 19.322324026587953
140900 18.764188807160018
141000 18.55576789497718
141100 17.867604267477745
141200 18.44001981888337
141300 18.609668149988938
141400 17.85491390371014
141500 19.104240425336535
141600 19.259315072388137
141700 18.334178917265913
141800 16.899343941436626
141900 19.005257615710093
142000 15.430426529074083
142100 18.119476927552668
142200 18.579247695095606
142300 15.814811194288229
142400 17.408551032156268
142500 18.225673103841377
142600 19.100731529100372
142700 17.30605105817549
142800 16.158872786120543
142900 18.22161593464838
143000 18.06918017863802
143100 19.386022179657076
143200 17.968223369845024
143300 18.602741852672143
143400 18.015075929763476
143500 18.598702258198212
143600 17.09267183932021
143700 16.794851449914535
143800 17.520658515163394
143900 16.58061466670684
144000 17.600115960917677
144100 17.47143556528358
144200 17.903017263437913
144300 18.310081233095868
144400 17.088726975843457
144500 17.977033586549872
144600 17.59682902673632
144700 17.3569534424582
144800 17.512095826968707
144900 18.634182801076758
145000 16.183659481462065
145100 18.879661728747944
145200 16.893267820606315
145300 16.320658647909895
145400 17.43692745951578
145500 17.75441729909215
145600 18.30704818880644
145700 14.934819853627463
145800 16.79570610147623
145900 15.613892046641157
146000 17.555040088355796
146100 18.2340029245456
146200 17.984825614252603
146300 16.830158612170937
146400 18.435767399534637
146500 18.260183881653653
146600 19.497681865002477
146700 17.408983915452783
146800 17.861205886910415
146900 18.661378158242943
147000 18.029889258582287
147100 18.481034805002672
147200 17.848062175255272
147300 17.52883419512298
147400 18.770714196379448
147500 17.742434823562256
147600 18.544904658050733
147700 19.602850042689393
147800 18.811787563282277
147900 16.313219011741275
148000 17.313606475040597
148100 18.401534606336753
148200 18.41414331069742
148300 17.998251474824883
148400 17.373000870737158
148500 17.168115618753394
148600 18.830360428589568
148700 17.19547260921276
148800 18.46967428018039
148900 18.64244195843705
149000 18.0276341537814
149100 17.37195519626973
149200 16.653783999801725
149300 18.78370992444606
149400 17.806154931652078
149500 17.521204843560398
149600 15.746217673914899
149700 18.10995731612317
149800 17.14936914552095
149900 15.274615718831418
150000 17.756188374428916
150100 18.831962805702926
150200 17.69508159836985
150300 16.997569293031866
150400 16.88405057472081
150500 18.00832838339856
150600 18.369214051410335
150700 18.135048038638576
150800 17.684941037766926
150900 17.85968587897679
151000 17.138510792213573
151100 19.263225970154068
151200 16.67378776494468
151300 17.874147660925793
151400 18.262862512264725
151500 17.959183166057706
151600 18.80569239084707
151700 17.68600812528768
151800 18.78089211255598
151900 19.02677465026124
152000 18.847942638769723
152100 17.709663546715014
152200 18.258386438608827
152300 19.480175450387588
152400 17.4549669245165
152500 18.685159326482637
152600 19.114038757841822
152700 17.379699409387456
152800 18.016639462273417
152900 18.648081010978277
153000 18.38211032343501
153100 16.94464351507344
153200 18.18731417269336
153300 13.576266382901972
153400 16.361908097837055
153500 18.399638716520734
153600 17.975421413436
153700 18.485119776467176
153800 17.941010084150722
153900 16.565053002263078
154000 17.02063421861432
154100 17.325564777191666
154200 17.675021247637517
154300 17.427761257932236
154400 18.40053086360161
154500 18.332869284454446
154600 18.66138607341119
154700 17.810878800279628
154800 18.43599967568672
154900 17.242657959497258
155000 17.425490436172563
155100 18.766329205617684
155200 18.68570366621354
155300 17.941751003990596
155400 16.460606336760254
155500 19.036744095107434
155600 18.53573331501301
155700 18.731733817439668
155800 18.683632089921065
155900 18.46224982279624
156000 18.642972258761883
156100 18.948373116748172
156200 18.473182516762474
156300 18.716810136089144
156400 17.83078762533114
156500 19.09255317291118
156600 18.588089140890197
156700 18.506616573447594
156800 18.37935768583594
156900 19.022602928983734
157000 16.670453794279403
157100 18.815378951959577
157200 19.16278586468366
157300 18.059218277170157
157400 18.69618099119251
157500 18.234179743093417
157600 18.388917771522813
157700 17.435150622547628
157800 17.595434441315387
157900 17.10509841942946
158000 18.549345169766895
158100 16.110216202469243
158200 19.029018824633837
158300 18.319845864278474
158400 18.442137494354547
158500 17.525564175533
158600 18.700483023758096
158700 17.90037409830286
158800 18.41432673995151
158900 18.373500847944303
159000 18.78513279394547
159100 18.187106809646554
159200 18.371462103866396
159300 18.869789958385002
159400 14.463939760655458
159500 16.78883762129118
159600 15.174370772138642
159700 19.0865340173487
159800 18.407044729432954
159900 17.19505192817149
160000 18.289904444473635
160100 17.461412702900002
160200 18.088059598931718
160300 17.130549623649966
160400 18.331252365426028
160500 18.61180279540421
160600 15.707246817945096
160700 18.90856973989507
160800 19.65670061140016
160900 18.455571466101635
161000 17.569952629119204
161100 17.21464447395792
161200 17.49388367636043
161300 17.799877900390978
161400 18.268680123683446
161500 18.33000843560373
161600 19.22400393955485
161700 18.17080109010822
161800 18.531925293595112
161900 17.226504438990435
162000 19.10787849244
162100 18.28578038431685
162200 19.13120663019952
162300 19.034539164648944
162400 18.63228349964387
162500 18.15902680191462
162600 17.45857778383154
162700 17.95729077367418
162800 17.153092132442183
162900 18.015276860325322
163000 17.162109174371267
163100 17.858209669112068
163200 18.401905055612772
163300 17.90343461083393
163400 18.47072935544452
163500 18.82808268296437
163600 18.465237516612152
163700 18.54720839539023
163800 18.94226996178644
163900 19.147006397280812
164000 18.42839731858524
164100 18.978947060693432
164200 16.643705108429945
164300 16.400296167731742
164400 17.574079489848717
164500 19.078558767413682
164600 16.53018876587397
164700 17.64092400640149
164800 18.73154282458898
164900 17.568612130008056
165000 19.067439458369737
165100 18.14649346250463
165200 16.24827900322145
165300 19.301714191480293
165400 18.82037059328485
165500 16.90739119756035
165600 17.346888109483256
165700 16.924080008637244
165800 18.8496251391565
165900 18.45577069468843
166000 16.452007144460307
166100 18.320728507901315
166200 18.178633544203677
166300 17.797062943071648
166400 19.189105191847737
166500 15.265395134592715
166600 15.833528259550437
166700 18.617429031098013
166800 18.281208289722855
166900 19.51830478201871
167000 17.521750607076022
167100 19.3490152047508
167200 18.32611971432939
167300 19.242692462580976
167400 18.853450088223536
167500 17.898175607125857
167600 17.285878620744253
167700 17.15114728543842
167800 17.784643060215277
167900 18.564811890638495
168000 17.97503818479337
168100 18.171142396716366
168200 17.8660088608234
168300 18.269470009712126
168400 16.712949736102654
168500 19.03456734120041
168600 17.49182958927856
168700 17.391386335023025
168800 18.725717247335375
168900 17.153368816087863
169000 18.9009905368695
169100 18.446299058408243
169200 17.263693808170014
169300 18.117497726657085
169400 18.031906023730357
169500 18.49753010203096
169600 17.844933095086002
169700 18.621514727306884
169800 17.724615911113215
169900 18.190850180354424
170000 18.147294479966973
170100 17.021217682321947
170200 18.03636525903517
170300 17.65905519302466
170400 17.36381570062864
170500 18.097659812957875
170600 19.06050279094384
170700 16.957761901463144
170800 18.13033479980027
170900 18.808105632117165
171000 16.98684828883534
171100 18.349428714627884
171200 19.077884437030793
171300 18.60389558314679
171400 17.694722903477704
171500 17.039646798796596
171600 17.739519388409025
171700 17.892430182031656
171800 18.673201129160482
171900 17.490149721097854
172000 17.447391804451293
172100 19.158339026983548
172200 19.166948293021655
172300 18.861043226134097
172400 16.68363169461038
172500 14.542475598884247
172600 18.122290060696457
172700 18.159031207212205
172800 18.628667798587955
172900 16.787318716193724
173000 19.21194308003118
173100 18.94506907095355
173200 18.73669666594828
173300 17.795035704776094
173400 18.28453058981337
173500 19.065918636468382
173600 18.636075918397573
173700 18.210698263948675
173800 16.86838440525782
173900 15.96574972586355
174000 18.09604151709015
174100 18.369133283773262
174200 16.51264297179807
174300 18.542622863486557
174400 18.440928517921105
174500 18.69541166598478
174600 19.015207144455083
174700 18.472948800940475
174800 19.465625897981027
174900 18.316803413892742
175000 19.20614656345009
175100 16.57045283271039
175200 17.70821386535504
175300 18.400309390404146
175400 18.11847582174681
175500 17.797481773788817
175600 19.385758591826313
175700 18.21240887364373
175800 17.61496867990098
175900 17.207892336526058
176000 17.96281271465139
176100 16.742990196930847
176200 17.99087243070643
176300 17.20286916050825
176400 18.46699910530089
176500 18.80826399141811
176600 17.50346837340316
176700 19.111365639849996
176800 18.443544364338486
176900 18.74169723029306
177000 17.7499802597679
177100 17.2147588463712
177200 19.342076542375736
177300 19.134867612769174
177400 18.82437026033171
177500 18.468531572400476
177600 16.912161864700305
177700 16.955312701159148
177800 17.401437504082736
177900 18.778174447941982
178000 18.719113991920196
178100 18.38028302878553
178200 18.865894534203647
178300 16.000070658965274
178400 17.602253540743245
178500 15.737814351058535
178600 17.771987275579306
178700 18.27742457350982
178800 18.443823035048194
178900 18.061465610579315
179000 17.652611904707015
179100 18.599624186950983
179200 17.76238465316111
179300 19.421108205319094
179400 18.964018659421892
179500 17.794873634406997
179600 17.61825374704527
179700 18.406145684666335
179800 16.88776074151041
179900 18.169226866017418
180000 18.103459281179088
180100 16.899131269780856
180200 18.001701999495154
180300 17.491856152056023
180400 19.107134244348725
180500 18.572608782625732
180600 18.027842351769632
180700 18.39744825631174
180800 18.908181817525527
180900 18.951221180949965
181000 17.866634888002572
181100 18.922452107908526
181200 18.540617506898517
181300 18.39974693026504
181400 18.282973743788734
181500 18.549961274393194
181600 19.217405076141354
181700 17.924293580555666
181800 18.603319931577634
181900 18.2746453095492
182000 17.962933530704678
182100 17.319156068526798
182200 18.224118546298318
182300 16.648898991536047
182400 16.157406328450417
182500 18.927367182442996
182600 18.59007243273959
182700 15.281126852697792
182800 17.943790077116898
182900 16.855995542337297
183000 19.22488177744998
183100 18.327272336893603
183200 18.367412731079057
183300 17.77275448983239
183400 19.40202316601191
183500 18.50643291819381
183600 17.813762209062435
183700 18.163598733297
183800 17.899950775903374
183900 17.6032466089259
184000 18.279904186830393
184100 17.977877035272314
184200 19.19306076554542
184300 16.5257307833309
184400 18.68602825567974
184500 16.54635989341143
184600 18.368411432900793
184700 18.588894885264526
184800 18.207104730634516
184900 17.20589654750649
185000 18.732365436095538
185100 18.148547320228335
185200 18.090533643070266
185300 17.34461220767964
185400 19.128144094675413
185500 18.586193868586903
185600 18.459784344145554
185700 17.89769337014488
185800 14.797066376343857
185900 16.577023981528093
186000 19.210507748206965
186100 17.271138865808016
186200 18.70402095744262
186300 17.966684858321205
186400 17.24276844353773
186500 17.52982288415524
186600 18.03959249305253
186700 18.9737865831401
186800 19.05689514590369
186900 17.761077947402352
187000 18.47685443422683
187100 18.350323403531128
187200 19.368074203763495
187300 18.36729753345081
187400 16.781941770833818
187500 17.839412120069493
187600 19.66705971113162
187700 18.117755819055404
187800 19.48900396754974
187900 17.667967900462255
188000 18.730113517028837
188100 18.600226573195584
188200 18.02839493887602
188300 16.630649839493223
188400 18.500501544735627
188500 18.331318631880286
188600 18.360564869473095
188700 18.132643921319346
188800 18.48978763266585
188900 18.737226091688434
189000 17.43274712659721
189100 17.92716998125038
189200 17.2611894028976
189300 17.796479152083922
189400 17.695072371986896
189500 15.255187969165785
189600 19.273531877220282
189700 18.935803467728206
189800 17.40290781027202
189900 18.879643054511867
190000 18.758177739673098
190100 16.715873377369697
190200 18.58158769290827
190300 19.142906171196717
190400 17.82363502950174
190500 16.80486159986835
190600 19.010517522195517
190700 18.03233675201825
190800 18.055178154932722
190900 15.747171551690682
191000 16.331308180295213
191100 18.922375805856188
191200 18.5500065832384
191300 18.110670371822245
191400 17.673148744411126
191500 18.3538787385648
191600 17.302952979962008
191700 17.905596808598098
191800 18.58006671199716
191900 17.14282281074342
192000 15.666732997341692
192100 17.55695620373526
192200 18.404401958878605
192300 17.510488059899846
192400 18.34378955139797
192500 17.021472022172723
192600 18.52846564896617
192700 17.912801727940312
192800 17.710011751371177
192900 18.36180482255334
193000 17.854244466057864
193100 18.728784919429806
193200 18.592459263023823
193300 18.054051397625972
193400 18.399890967065552
193500 18.76740945543984
193600 16.729260644335064
193700 19.29798750903637
193800 18.611367883049617
193900 18.562112767827813
194000 18.57807187707358
194100 17.157662574151498
194200 19.226606472147076
194300 18.746849793856722
194400 17.74592014694756
194500 19.109074852185785
194600 17.996234478836257
194700 16.742197213833666
194800 17.590032591517197
194900 17.523260729834444
195000 18.52375100555519
195100 17.052712234746288
195200 17.906024847719447
195300 17.077536221387504
195400 18.114577468278803
195500 18.494749364557887
195600 15.6935711910283
195700 18.74858042309486
195800 15.997941824355836
195900 17.949304829607375
196000 17.791439845560316
196100 17.738960117684766
196200 17.965238358426145
196300 17.184408411433136
196400 19.435081627458327
196500 17.247718350750855
196600 17.944676146494153
196700 18.613912181384315
196800 17.806112668398708
196900 18.69435351023195
197000 19.05974622395559
197100 16.886227878532623
197200 19.14066629905525
197300 17.586118896773108
197400 19.40789259418901
197500 18.95100122079585
197600 17.126530090831857
197700 17.798089345972713
197800 16.906860100213752
197900 17.622057906712435
198000 19.348070815102822
198100 19.168435361362484
198200 15.917940506285067
198300 18.02962733056866
198400 17.282730735367277
198500 18.589882612322324
198600 18.63239655410708
198700 17.49445280206511
198800 17.244420770797735
198900 18.224535329757565
199000 18.84533488484362
199100 17.822809369464494
199200 18.924835905237874
199300 17.862747378277255
199400 18.498159011487424
199500 16.366831590805297
199600 18.28463623320522
199700 16.93393063920338
199800 17.199837953893116
199900 18.17222917253261
200000 15.691595474482346
