100 -10.518742385358594
200 -10.003349460061173
300 -8.75848343715566
400 -10.626185217694307
500 -9.840066442172914
600 -10.018524582000184
700 -11.451599442141411
800 -8.248970994974508
900 -9.64501860358954
1000 -10.546770891226005
1100 -11.163423669000341
1200 -9.266046366344534
1300 -8.96897618448182
1400 -7.997811450809773
1500 -9.417369332184553
1600 -10.611766030699886
1700 -11.605300516922188
1800 -12.424386344579013
1900 -11.061546746772708
2000 -11.757230583906907
2100 -11.44418461436915
2200 -10.379824592263379
2300 -10.922174293604177
2400 -11.187677797409899
2500 -10.643493905272832
2600 -11.692141204075176
2700 -12.168149972931065
2800 -10.787970172390953
2900 -11.972634435540886
3000 -10.448394694098592
3100 -10.095062852205942
3200 -9.877405929491605
3300 -12.144646621965608
3400 -8.446442659299922
3500 -10.143957765448318
3600 -12.99787723830029
3700 -12.373971294405527
3800 -9.355094017189712
3900 -9.727153085949281
4000 -10.271388614530702
4100 -13.14504383209495
4200 -14.23196589193036
4300 -11.951540438493518
4400 -10.673094204388322
4500 -10.700473304694752
4600 -10.048672069056293
4700 -8.509292230160394
4800 -11.943149428910631
4900 -11.553332008742176
5000 -12.474581387392554
5100 -10.179108456171816
5200 -9.896292227740556
5300 -10.097574701467645
5400 -10.19591678824884
5500 -10.248795972874156
5600 -9.086344300086171
5700 -10.11853776295163
5800 -9.86252209939959
5900 -10.487650001230087
6000 -11.805616171463429
6100 -10.23570058121104
6200 -11.280296701297148
6300 -11.962739991665197
6400 -11.25392991932433
6500 -10.933968375570908
6600 -9.853180634187783
6700 -10.345443441768907
6800 -8.087041940066063
6900 -10.400262988216385
7000 -12.221164377854745
7100 -12.013286643986255
7200 -13.189147576984508
7300 -10.970775787005962
7400 -11.684672729393442
7500 -9.724072105458367
7600 -11.326856202396932
7700 -10.485063452185994
7800 -9.384342101498394
7900 -9.380166832484374
8000 -10.477747989679976
8100 -10.184166215419097
8200 -9.027260655708066
8300 -9.527322880176389
8400 -9.874825511125364
8500 -10.926520210637413
8600 -10.811328470613857
8700 -8.983816346077461
8800 -9.76920559553181
8900 -10.038906789214552
9000 -9.929293116598807
9100 -10.247204048798006
9200 -11.67168104853247
9300 -10.252293997202434
9400 -10.87222006954989
9500 -10.029816468241497
9600 -9.311510293727281
9700 -11.217308862792562
9800 -11.149259127210328
9900 -11.58302712150513
10000 -10.683887203838005
10100 -13.013059146548725
10200 -12.87048330244035
10300 -10.444710104614217
10400 -12.180127802416957
10500 -11.034041226479756
10600 -8.172502217347116
10700 -9.61249024968528
10800 -10.915073066919648
10900 -10.663811693221021
11000 -12.146879282484027
11100 -10.225615190779234
11200 -10.372561176555594
11300 -9.945144722469594
11400 -12.655686070137014
11500 -10.085748166233785
11600 -12.127240253452694
11700 -10.121091690875009
11800 -9.93783963940429
11900 -11.657052841532202
12000 -11.56092792038507
12100 -12.429889411594905
12200 -11.836952602943265
12300 -11.129523297914556
12400 -9.643143629394977
12500 -9.548893501403318
12600 -10.419871026579708
12700 -9.637712238712053
12800 -8.949538095984732
12900 -9.656011648136477
13000 -8.242792758686083
13100 -9.628656828314755
13200 -8.65871773508271
13300 -10.272179577703323
13400 -9.177516767850607
13500 -12.23690831672724
13600 -11.952796561394612
13700 -10.774430244365146
13800 -10.557570710977632
13900 -9.292650795555812
14000 -10.99734526884111
14100 -9.661932603461922
14200 -10.573442165910182
14300 -9.41969307159758
14400 -9.798743467682945
14500 -10.414356999128625
14600 -12.279624552926943
14700 -9.959837382865715
14800 -11.787603355861826
14900 -8.95087015915385
15000 -11.430361141354027
15100 -11.621122860070423
15200 -12.688604341104346
15300 -8.108922313136077
15400 -10.763581863156077
15500 -10.00338052190263
15600 -9.906077141225918
15700 -9.27419128963615
15800 -9.291383034159942
15900 -8.560956747936451
16000 -11.085124135216805
16100 -8.930145720709179
16200 -7.803150241185837
16300 -8.97043052827795
16400 -10.455789134969162
16500 -8.743896876796057
16600 -9.545184600923912
16700 -11.092913972798529
16800 -10.592622904645529
16900 -11.91389609327041
17000 -11.332761632206791
17100 -11.537606712864097
17200 -9.730187495158862
17300 -10.59110112158763
17400 -10.77684223949356
17500 -11.706651238914608
17600 -12.804859526269668
17700 -10.940821118426562
17800 -11.800597995140729
17900 -10.74092239853849
18000 -10.45549105937403
18100 -9.55992686980656
18200 -10.526021523415187
18300 -10.522639060246497
18400 -11.970570279035094
18500 -13.438793855782892
18600 -12.280074890739158
18700 -11.144406637715678
18800 -10.15971873470165
18900 -9.533309598591792
19000 -11.747114598850152
19100 -10.854471263401294
19200 -11.043976210906056
19300 -11.153041173482206
19400 -10.193129807024008
19500 -9.203916661439543
19600 -10.878497302571693
19700 -11.206049797816826
19800 -11.39487476642757
19900 -9.970582178034586
20000 -9.581281132470995
20100 -10.054442921263217
20200 -11.659351635232184
20300 -12.51183248242939
20400 -10.167031586209184
20500 -11.604291255447961
20600 -9.346358027956537
20700 -11.833192096187489
20800 -12.951326235993841
20900 -10.775712808888263
21000 -11.059594460970244
21100 -10.46587544493558
21200 -11.700961995427546
21300 -10.980943979445525
21400 -10.96740015553574
21500 -9.888854353475839
21600 -8.228221653103276
21700 -9.236149579724486
21800 -13.353278331491277
21900 -11.793345408637226
22000 -10.232776082579521
22100 -12.253155340384847
22200 -10.672404754518496
22300 -9.520276382369182
22400 -8.695549493416047
22500 -9.475880653587549
22600 -9.059947306614166
22700 -9.480873569708928
22800 -9.296171345076832
22900 -9.19021166863487
23000 -9.713746405740164
23100 -10.29863002603268
23200 -11.39826912306225
23300 -11.73539730122425
23400 -11.042272966672932
23500 -10.972094036895356
23600 -11.289828151167706
23700 -10.680595918059018
23800 -11.136745869907324
23900 -10.18034147058375
24000 -10.52038036336913
24100 -10.528572460843444
24200 -11.3212031205252
24300 -10.440597222530602
24400 -7.796692225348947
24500 -7.868630865463421
24600 -11.358625948948989
24700 -10.997837531799235
24800 -11.627689792886073
24900 -10.541705150866964
25000 -10.538117675131774
25100 -12.023286393417994
25200 -10.650014735417193
25300 -8.745899599107902
25400 -10.483797757807682
25500 -10.291522070753338
25600 -11.907761536481923
25700 -12.714138271783963
25800 -9.274727795429389
25900 -10.139330156409985
26000 -9.272203589739911
26100 -10.434082014271624
26200 -8.752896171885313
26300 -8.973678345169942
26400 -10.587261372986724
26500 -9.619464950356658
26600 -9.55435584330973
26700 -9.112136120756423
26800 -10.393821771514014
26900 -8.951045861730062
27000 -9.506581999631369
27100 -11.940233966330972
27200 -12.88986339596051
27300 -11.991232908426039
27400 -9.499156565058405
27500 -12.164219060576544
27600 -10.916936108110798
27700 -10.746192146848909
27800 -12.145613263339797
27900 -11.98464933303057
28000 -11.627571061066643
28100 -10.650279106810064
28200 -10.501259353039158
28300 -10.674899898263078
28400 -11.028433119874284
28500 -12.405692556408624
28600 -11.085607683647849
28700 -10.905149223444015
28800 -10.498383511473078
28900 -9.343199935361216
29000 -10.489273328902923
29100 -11.880750988268849
29200 -10.423228248581333
29300 -8.945650896976197
29400 -10.035153980745328
29500 -10.312363565596227
29600 -8.713502671857805
29700 -8.675233639554307
29800 -9.154774646393593
29900 -6.219919011557055
30000 -8.251049280945919
30100 -7.494869527744946
30200 -7.293719851307357
30300 -8.310864958463721
30400 -12.317414380768742
30500 -10.99761483568494
30600 -12.212950745041516
30700 -11.410785993487131
30800 -9.74634053184701
30900 -12.180973907933
31000 -11.765018706125622
31100 -12.754788787107847
31200 -10.397141870766832
31300 -11.031780474563382
31400 -10.45608438252891
31500 -10.22004842740797
31600 -10.667976806778544
31700 -9.988869040480179
31800 -8.858410018416519
31900 -11.116738865101413
32000 -7.930424947987835
32100 -9.65063814552013
32200 -11.135831579553237
32300 -11.232562653636565
32400 -11.029214181424802
32500 -12.303153584708848
32600 -9.977325329745822
32700 -8.753171493690157
32800 -9.000899868476866
32900 -10.022674913726089
33000 -10.134312452564128
33100 -10.85064331152659
33200 -10.925403952349981
33300 -10.826470235700553
33400 -11.012933250358257
33500 -10.445612613216701
33600 -10.394930382425699
33700 -9.713514420902397
33800 -9.697590182183337
33900 -8.73848095182891
34000 -12.005117926174897
34100 -12.363397865263137
34200 -9.868936656606891
34300 -8.775309114870929
34400 -12.428376562993838
34500 -13.467172414636213
34600 -10.571700982853171
34700 -10.059414238371726
34800 -8.726484901687328
34900 -10.321693624867786
35000 -10.737381818930924
35100 -9.745751224160426
35200 -10.24342825850392
35300 -10.158968890261313
35400 -9.237675096944656
35500 -9.845575742647004
35600 -10.994698362630729
35700 -10.550037286065386
35800 -10.407546526794185
35900 -11.622540425854794
36000 -12.85257807447342
36100 -10.636676982080658
36200 -11.344677296299691
36300 -11.411754543872515
36400 -9.457771160660801
36500 -9.927285681843541
36600 -7.901185937589619
36700 -12.08297144943209
36800 -9.380469415460054
36900 -9.935440643497586
37000 -11.046351880989722
37100 -11.403886285150389
37200 -12.738190589600933
37300 -11.527233336324276
37400 -9.337477585666104
37500 -11.500944594382407
37600 -10.97343766657919
37700 -10.63225345902219
37800 -11.603943235357322
37900 -11.930567935639717
38000 -12.059077728863835
38100 -9.771623600941233
38200 -8.359824276311215
38300 -8.61219445453388
38400 -9.099115835322811
38500 -10.952475676420239
38600 -11.956100028960334
38700 -10.894902745763915
38800 -10.448118654359588
38900 -12.237060489484776
39000 -10.240781304451117
39100 -11.07198794997784
39200 -10.738343029123616
39300 -9.10034429929663
39400 -9.817971124250233
39500 -9.53439503634149
39600 -10.328019390850299
39700 -11.003865497346682
39800 -11.427640209969839
39900 -9.859794311178586
40000 -9.087155499275548
40100 -10.563975597419498
40200 -11.109523850432767
40300 -14.154797931949352
40400 -10.971592038539765
40500 -11.884749022898726
40600 -11.121070564921046
40700 -11.224911187623114
40800 -12.154212583472226
40900 -10.995273521389173
41000 -12.800226171245331
41100 -12.528079755181565
41200 -8.561801772331156
41300 -9.930490117951013
41400 -10.040943236686648
41500 -11.951171049854027
41600 -11.488180783634892
41700 -10.283404424595158
41800 -10.740201279339749
41900 -8.802345104358151
42000 -9.09246315522587
42100 -10.164295041303985
42200 -9.993567491684983
42300 -9.449055949095163
42400 -8.52901974950257
42500 -9.471353198924879
42600 -10.913419774177793
42700 -9.98651768823843
42800 -11.477978773988305
42900 -10.454391872499942
43000 -11.785812331044594
43100 -12.318275315587062
43200 -9.39951612533295
43300 -9.193546955567106
43400 -8.440988442574374
43500 -10.233256540014409
43600 -8.008449616341334
43700 -10.786114341201625
43800 -9.83667831117261
43900 -10.38761968053117
44000 -10.475866622363508
44100 -9.99397886585661
44200 -12.10363532370628
44300 -11.548046742547273
44400 -11.098917225025147
44500 -11.556871885092276
44600 -13.177999750852036
44700 -12.604167355145966
44800 -11.29287841143414
44900 -11.151146696709366
45000 -9.968012274430889
45100 -12.608487977862088
45200 -10.12556947333137
45300 -10.648801678973816
45400 -8.90622403140629
45500 -8.397237287133605
45600 -8.458161459201747
45700 -8.309097067478925
45800 -8.828999319720294
45900 -9.507958521933817
46000 -9.06361946662868
46100 -10.824240496323569
46200 -9.201768022830139
46300 -10.322464833854424
46400 -11.754180770851336
46500 -9.19597478714626
46600 -11.514574365702927
46700 -10.287520868772045
46800 -11.092388483314986
46900 -10.281535477818363
47000 -10.680039133942008
47100 -11.877806971826313
47200 -11.67583747581451
47300 -12.060485709072912
47400 -11.654565866683317
47500 -10.058479109637815
47600 -9.51192208711438
47700 -9.756966764452994
47800 -10.888599931649145
47900 -11.498097438670644
48000 -9.982206614892887
48100 -9.758243799194467
48200 -8.543384409650105
48300 -10.861981042732483
48400 -10.077221820351863
48500 -9.616639989568059
48600 -11.67648115078553
48700 -11.091569147870475
48800 -10.128201761856142
48900 -9.874894925870603
49000 -11.3295703570355
49100 -11.882101021079759
49200 -12.842916199571473
49300 -10.740240491809006
49400 -10.64902281968683
49500 -9.926304239979999
49600 -9.429847719013617
49700 -10.397165041860749
49800 -9.102245882950786
49900 -11.077268142103012
50000 -9.916765919840788
50100 -10.6807259440525
50200 -12.350100689238394
50300 -12.704851819065246
50400 -9.87647822771252
50500 -8.921717338266888
50600 -9.656583416508232
50700 -8.99063534585174
50800 -10.942940709375895
50900 -10.505432351224274
51000 -9.259568290598539
51100 -7.675632225749543
51200 -9.096912120155054
51300 -10.770414768310452
51400 -12.402901263238375
51500 -11.88961591190223
51600 -9.642085003135435
51700 -10.925759521764517
51800 -11.176883943043455
51900 -9.039450035021652
52000 -10.11852700597017
52100 -10.05734320698907
52200 -9.880889723970643
52300 -11.600424651815056
52400 -10.162921630243632
52500 -10.659974477115016
52600 -10.52013737163548
52700 -10.653790806735161
52800 -9.867111745617812
52900 -9.437334687342286
53000 -10.337045952488342
53100 -8.239281310567812
53200 -8.558614897616534
53300 -8.186079311726953
53400 -9.693289522656102
53500 -8.639036895517775
53600 -10.296385437846936
53700 -10.890534356070054
53800 -9.594855188717025
53900 -12.108774888794015
54000 -11.472905361413188
54100 -11.801022306416474
54200 -11.08055818537617
54300 -8.838005443542546
54400 -12.933228944762174
54500 -11.790770757243163
54600 -11.237166555188818
54700 -10.87284492750172
54800 -9.98408351415792
54900 -9.243259815627288
55000 -9.23042562275666
55100 -10.135504222277254
55200 -10.480907733148747
55300 -10.619063926124719
55400 -10.935807282407088
55500 -10.663036855298904
55600 -10.567287627029552
55700 -8.888381450028202
55800 -9.722125824566765
55900 -10.383616010407998
56000 -11.969741269788656
56100 -11.529248238276262
56200 -10.185720511951237
56300 -8.718023866419093
56400 -9.692016868584467
56500 -10.129248728080423
56600 -11.106055596572405
56700 -11.20141993877256
56800 -11.115937475832046
56900 -11.88220188380653
57000 -8.94972996875849
57100 -9.420762895747872
57200 -9.562787360533248
57300 -8.401294315524336
57400 -9.449668369160412
57500 -10.269881068319586
57600 -11.327693557993001
57700 -9.830862611916753
57800 -9.257751055530322
57900 -10.934316018415245
58000 -11.409696814870122
58100 -12.011989634705717
58200 -12.770805613903121
58300 -11.29059020146208
58400 -10.690887822766962
58500 -8.52249866726524
58600 -11.069818400725097
58700 -9.858516747990995
58800 -12.081625626784671
58900 -10.38934427630901
59000 -11.597774944237974
59100 -9.590906367584044
59200 -11.305476221888481
59300 -9.396340465418959
59400 -10.392246804556384
59500 -10.877143040125702
59600 -9.488597807984242
59700 -10.828022567951303
59800 -10.004422252274479
59900 -10.628704293040856
60000 -11.256169518799748
60100 -11.74114021789888
60200 -11.655697071062798
60300 -11.22415335929554
60400 -10.185802070304762
60500 -10.064508560179217
60600 -10.628362565651985
60700 -10.516283130736445
60800 -12.099150608577705
60900 -11.320969692206173
61000 -9.347970203339449
61100 -8.92561745128844
61200 -12.246342278663237
61300 -11.67954964380699
61400 -10.196414053942547
61500 -10.044500825550402
61600 -9.573851727706595
61700 -10.609115673299508
61800 -11.307017669727477
61900 -10.324499841842895
62000 -11.25765560167529
62100 -11.180282600103538
62200 -11.585625453159887
62300 -11.827663679515503
62400 -10.98255639476061
62500 -9.882816107633886
62600 -11.883919595151953
62700 -11.431179377195075
62800 -10.482361884957372
62900 -10.092484024792542
63000 -8.546484751185288
63100 -10.506870391020945
63200 -11.749481971406519
63300 -10.982412353445339
63400 -9.404040577090331
63500 -10.592951416935195
63600 -11.200175377395826
63700 -10.104411761545398
63800 -9.851924201374429
63900 -8.787438913464541
64000 -9.857555794623348
64100 -10.314188507052181
64200 -9.380317438400953
64300 -9.685354858539558
64400 -11.12154300024475
64500 -10.380700899030648
64600 -10.216139659792637
64700 -12.725044340297803
64800 -14.008612758942734
64900 -10.501609632326852
65000 -9.820755356043122
65100 -7.706976076580365
65200 -9.208131545259135
65300 -10.493478401373531
65400 -11.385546771905464
65500 -10.365744090715603
65600 -10.980679383997305
65700 -9.908994438561068
65800 -10.876015384822539
65900 -10.85154909612688
66000 -11.413025613054021
66100 -11.687773222895679
66200 -9.474785727597734
66300 -8.84160661653027
66400 -8.484411178099824
66500 -10.258993318134737
66600 -9.480019632766009
66700 -9.73075477779359
66800 -11.286878756964548
66900 -9.504910599115323
67000 -9.724820230366957
67100 -10.666540501480139
67200 -8.401146135167506
67300 -10.387962530278836
67400 -10.447171142061725
67500 -12.167834794383115
67600 -12.54041294434922
67700 -11.716257025754636
67800 -12.30343282824345
67900 -10.781406475261567
68000 -10.378317079328133
68100 -10.489945078839328
68200 -11.665591596945793
68300 -10.33076779364479
68400 -9.277650435757879
68500 -10.63021929075201
68600 -10.779544158631058
68700 -12.010335843208784
68800 -11.435812110805475
68900 -8.84184072223176
69000 -8.012795607219786
69100 -10.426001920126826
69200 -12.606885530900797
69300 -11.753284457045261
69400 -12.258394802354392
69500 -13.25495941992875
69600 -14.668887568427563
69700 -11.567079509870807
69800 -10.67091622477636
69900 -11.815134625074187
70000 -10.730900452103404
70100 -10.147927816635852
70200 -11.355073686726177
70300 -12.159121368526804
70400 -11.83368615558271
70500 -10.783976546592525
70600 -10.592846727297893
70700 -11.107287589428232
70800 -10.711627602078417
70900 -9.693574034256645
71000 -9.77269867831633
71100 -11.775587071699071
71200 -10.52364708646091
71300 -9.628161789849125
71400 -10.637021993228538
71500 -11.240160143205866
71600 -11.343340694054175
71700 -11.79314430804458
71800 -11.11180054530178
71900 -9.680451922167972
72000 -9.965068649900099
72100 -11.956164417820757
72200 -9.865589185969462
72300 -8.174268618790569
72400 -9.70027603498713
72500 -10.652445160262467
72600 -11.499692249930282
72700 -11.239557940816232
72800 -10.58773214969383
72900 -9.237827230940114
73000 -10.448077922237939
73100 -9.4245271382331
73200 -11.277190634468768
73300 -9.16281582276133
73400 -12.104741048398234
73500 -12.776312752259082
73600 -9.28438439526415
73700 -11.454189563835357
73800 -11.04768024838466
73900 -12.266314786258711
74000 -11.647289678389882
74100 -11.530486222055169
74200 -11.398931236604833
74300 -12.511150624252075
74400 -10.27110591667401
74500 -11.539482483757018
74600 -9.721394124716111
74700 -10.379269304416542
74800 -9.16693466080001
74900 -9.328712084581696
75000 -8.248396760884377
75100 -10.831801210012594
75200 -10.028973201352006
75300 -10.697636843207993
75400 -11.467599598949118
75500 -9.367835612860201
75600 -9.30145924108512
75700 -10.73503136409649
75800 -9.162280622096448
75900 -10.060951987872826
76000 -9.917439863618783
76100 -11.810819858172232
76200 -11.570841803207347
76300 -12.150690125903827
76400 -12.134387615494324
76500 -10.160681897654799
76600 -8.67828253607997
76700 -8.70833168481457
76800 -9.537768199873142
76900 -10.336015586621128
77000 -9.385534705646865
77100 -11.804330323293227
77200 -9.96302393580884
77300 -9.35569360753184
77400 -10.076576346824522
77500 -10.428584067581426
77600 -10.040749251624966
77700 -12.220069764737604
77800 -12.01698111709657
77900 -11.326510589462568
78000 -11.73765058265433
78100 -10.80963431470991
78200 -10.70723410581418
78300 -11.100749469570657
78400 -8.85565437911422
78500 -10.927925758931842
78600 -10.450975759248378
78700 -12.578165118397608
78800 -11.084779626316688
78900 -9.052026213007641
79000 -7.628599275875372
79100 -9.991566482733424
79200 -9.886613515691678
79300 -9.954380662943597
79400 -10.644148235475038
79500 -11.513449641585693
79600 -10.201084019897944
79700 -10.409296856750917
79800 -11.528698515884217
79900 -11.734238235061042
80000 -11.221630279921397
80100 -9.181732695330533
80200 -9.86921379177457
80300 -10.749802921344987
80400 -14.656196600666632
80500 -8.885589174661561
80600 -8.263333192780145
80700 -9.262394194050284
80800 -12.100484856243648
80900 -10.611889578903961
81000 -10.184991625404184
81100 -10.399637504941136
81200 -12.32940036419657
81300 -12.781283650101482
81400 -11.887517838690977
81500 -10.84340996270114
81600 -10.817950854320383
81700 -9.223533823674899
81800 -11.145522338743115
81900 -11.8669077290052
82000 -12.217188249971715
82100 -11.992357858333925
82200 -8.816774180252498
82300 -10.4869902629825
82400 -11.717106459502316
82500 -10.613824935575265
82600 -10.301322341852885
82700 -10.21658081751411
82800 -10.639801569306528
82900 -12.497690246220168
83000 -12.422588608781814
83100 -10.859588023641829
83200 -11.042685628180548
83300 -11.952330801317169
83400 -12.476231060045711
83500 -11.571142049291094
83600 -10.754886989885975
83700 -12.061324821332668
83800 -13.111185100999823
83900 -12.664486335564321
84000 -11.880034198356581
84100 -12.158266683102449
84200 -13.267496260447084
84300 -11.663144892857554
84400 -11.102628984189307
84500 -11.238502106707701
84600 -12.195840594828688
84700 -10.462807102250103
84800 -9.772381354666473
84900 -9.659013985963204
85000 -9.56992232548287
85100 -9.199501828694228
85200 -10.333331158174868
85300 -6.301927274074484
85400 -8.085582946292124
85500 -11.811219716751966
85600 -12.0585020628628
85700 -10.27593382196433
85800 -10.13140143258557
85900 -8.049481128206047
86000 -10.702244153911478
86100 -10.53655745689724
86200 -11.22655210387394
86300 -8.712416895594968
86400 -10.43891535801167
86500 -10.995079777088305
86600 -10.349015018881445
86700 -11.557388525991847
86800 -10.193384537015723
86900 -9.98534453517056
87000 -9.235327650363832
87100 -11.25158017231581
87200 -8.522553822254263
87300 -9.712775433167707
87400 -12.87473298870949
87500 -10.280643022539088
87600 -8.195440198744727
87700 -9.662107520505034
87800 -9.23148703906778
87900 -10.97444364945175
88000 -10.916615832501616
88100 -8.138246066757144
88200 -10.07214607158029
88300 -13.054675760725
88400 -11.180673798776768
88500 -11.64399676928455
88600 -11.220745802935102
88700 -12.241610557523744
88800 -8.22483323855621
88900 -8.777724349705407
89000 -7.901678682513744
89100 -8.089252658850844
89200 -8.509166602306534
89300 -9.49946309114281
89400 -10.634741063754097
89500 -11.858898959749402
89600 -11.72811369132097
89700 -11.542639482124383
89800 -12.554551329723246
89900 -11.345917540261677
90000 -11.59991729697668
90100 -9.31568478486838
90200 -9.273277140659365
90300 -10.474128306780166
90400 -11.598484767992623
90500 -11.14487463431081
90600 -9.657152306524596
90700 -8.40868491061828
90800 -11.156637270063314
90900 -11.014596675943967
91000 -12.191653636719716
91100 -11.42080411888101
91200 -10.6411188780855
91300 -9.039379887918663
91400 -7.769216973655538
91500 -9.056891754149376
91600 -10.013430746523374
91700 -9.669124505043575
91800 -9.058050032314608
91900 -10.462498752103173
92000 -9.539724627442599
92100 -10.447669542395397
92200 -10.076805416393274
92300 -9.10832352519392
92400 -9.064078962953518
92500 -8.64907325233269
92600 -10.322983628770707
92700 -9.000148372552275
92800 -10.978273391141904
92900 -9.563905504011624
93000 -10.619117994565121
93100 -10.250356814711663
93200 -11.053403482362038
93300 -11.200309770732199
93400 -11.033543891038061
93500 -10.113164288796119
93600 -9.770221944713551
93700 -9.238444756236458
93800 -11.474390858606034
93900 -9.32781192386231
94000 -7.099445390329627
94100 -11.165696870527142
94200 -13.090853896193309
94300 -10.613906634713056
94400 -10.473745523300774
94500 -8.23305799956673
94600 -10.016342648350498
94700 -10.437299634337892
94800 -12.97486236060324
94900 -12.027743055661116
95000 -11.564861822645435
95100 -8.97121773667427
95200 -9.262524639304395
95300 -12.406872011911151
95400 -11.092522476170243
95500 -8.325169655806743
95600 -9.79917150275068
95700 -10.016193312521615
95800 -9.202056379156366
95900 -8.757320435646482
96000 -9.056328122103425
96100 -10.162810625631463
96200 -11.847652842338645
96300 -10.04205354348713
96400 -10.003426098843303
96500 -10.398555988529035
96600 -11.287914411076017
96700 -9.534237677405658
96800 -10.297451448883775
96900 -11.90276750336345
97000 -11.771134804055626
97100 -10.272525724883254
97200 -10.570878016418211
97300 -10.201620619522425
97400 -12.130335946149781
97500 -11.68373022500543
97600 -11.807662545054766
97700 -10.365567254271406
97800 -9.118567658329894
97900 -10.148543027296403
98000 -9.036622531583808
98100 -9.750632344573647
98200 -10.136434482016103
98300 -8.275873922360585
98400 -9.634435123211821
98500 -9.287641385144425
98600 -9.50641929836098
98700 -11.529175372805344
98800 -7.654993147433953
98900 -10.428326386381695
99000 -10.47876468738765
99100 -9.99740796841095
99200 -11.093870270709171
99300 -12.363773754608976
99400 -11.481784388651176
99500 -10.523749375699706
99600 -10.958083664147289
99700 -9.88362926648288
99800 -11.35816000412569
99900 -8.43128767966969
100000 -7.986635819755928
100100 -9.519973486350514
100200 -11.72039852629465
100300 -10.161833798039439
100400 -11.167570623464545
100500 -11.94976796288947
100600 -10.06309210820694
100700 -10.015331143972055
100800 -11.87520123393446
100900 -11.058603681855534
101000 -7.745489247969347
101100 -9.351429528155496
101200 -10.726706211412596
101300 -10.78808570602833
101400 -10.801813815840255
101500 -11.746825413292315
101600 -11.418490345450143
101700 -11.188332784876735
101800 -10.068722751833064
101900 -9.403492149234697
102000 -8.58481466168281
102100 -10.840526076797818
102200 -11.438128346944069
102300 -9.690009675003912
102400 -9.049306310423459
102500 -9.587834566303659
102600 -10.268205032208758
102700 -9.734501028877169
102800 -9.663187821251423
102900 -11.512627670862758
103000 -10.815573109581186
103100 -10.897143328373234
103200 -11.979092901005407
103300 -12.00928262875594
103400 -12.664365237910436
103500 -12.401369427498322
103600 -10.058584095613494
103700 -10.515651517912467
103800 -12.70357758071664
103900 -12.078925153136073
104000 -13.22130361544123
104100 -9.104629343378628
104200 -10.876581200430548
104300 -10.76795265306933
104400 -10.499740403829149
104500 -10.866379801855143
104600 -11.062726212654804
104700 -10.713356775429231
104800 -10.325893871654419
104900 -9.960678416878375
105000 -7.940571980746637
105100 -7.346201933636232
105200 -9.77727179528309
105300 -10.498180899250169
105400 -11.36713690151644
105500 -10.425374160674385
105600 -11.874278719219367
105700 -9.644324433427094
105800 -9.992834225660625
105900 -11.165356672029093
106000 -11.313632565343786
106100 -9.841859533770844
106200 -10.60098050537417
106300 -11.33853353823669
106400 -10.924594182579
106500 -8.971244437499665
106600 -10.845967544100041
106700 -10.30664355530892
106800 -11.899805870059597
106900 -10.129985303736605
107000 -9.270511638120562
107100 -10.62355397894452
107200 -9.775650354343417
107300 -12.167581828789586
107400 -13.475993867211008
107500 -11.168001538000667
107600 -8.951858035478462
107700 -9.953865103167672
107800 -9.429114474987808
107900 -11.153818279244105
108000 -10.893600693943837
108100 -11.06537737565972
108200 -10.272829384115
108300 -10.017495380223954
108400 -10.814273935111197
108500 -9.142607489073619
108600 -10.395781819517158
108700 -8.796411092269558
108800 -8.27506520058172
108900 -8.24144278373445
109000 -8.406895273167029
109100 -10.06953625546365
109200 -12.332770739839527
109300 -11.10344517646015
109400 -10.398754753729916
109500 -9.971283221739547
109600 -9.980898180010414
109700 -9.442880436306467
109800 -7.4086589209324565
109900 -8.498042096662626
110000 -10.051961421307
110100 -9.607451052094016
110200 -10.282255866037508
110300 -10.99615883729047
110400 -10.656336248867165
110500 -10.13129333825267
110600 -11.950557872364488
110700 -9.332237444400008
110800 -10.186197351577093
110900 -10.484197833244528
111000 -9.118222275182504
111100 -10.128627138758725
111200 -10.113655495181318
111300 -10.964881016502497
111400 -12.191341421967367
111500 -12.235751365075348
111600 -11.736115416158567
111700 -12.97198017596357
111800 -11.605326251642808
111900 -11.12808106173414
112000 -11.995951695847296
112100 -10.05271388058936
112200 -11.357372155869987
112300 -11.706896024019217
112400 -10.30476496344284
112500 -8.45668499209929
112600 -9.605617230223483
112700 -10.211734613021724
112800 -10.543733027530228
112900 -12.18899379452294
113000 -10.2957451085791
113100 -9.509551784185755
113200 -11.573648315548384
113300 -12.123358714781528
113400 -10.069415047756866
113500 -11.500035213759784
113600 -9.816365743656982
113700 -9.43205259353813
113800 -11.266346664692003
113900 -12.360281491623963
114000 -10.39469600797231
114100 -10.03623033060202
114200 -10.677267688278969
114300 -11.49888172506165
114400 -13.030352846546688
114500 -10.80043527063389
114600 -9.564999641403327
114700 -9.941455354227156
114800 -11.874939558588054
114900 -14.486029648844925
115000 -13.146222622321316
115100 -11.281326850240578
115200 -8.841572894623972
115300 -9.287631822875166
115400 -11.904601363817251
115500 -12.188337225100915
115600 -12.754387849499054
115700 -12.185907818735032
115800 -11.857671897943591
115900 -12.179947162099417
116000 -9.17612558366237
116100 -12.034194666561504
116200 -10.435773344761195
116300 -11.343138175331466
116400 -11.31331899538439
116500 -11.893561313212643
116600 -10.39995092788334
116700 -10.210202565285995
116800 -10.04281013679364
116900 -10.000612450108559
117000 -7.562130141417555
117100 -7.7730400109653575
117200 -9.265997624378217
117300 -10.959879186868873
117400 -10.878803965998335
117500 -9.686726756520416
117600 -9.800544879339627
117700 -10.221725389382353
117800 -10.217791041693934
117900 -8.021322959243868
118000 -8.578071158740066
118100 -7.971248851414576
118200 -10.014235948606208
118300 -8.658815507023899
118400 -10.311019146393072
118500 -11.005117637973555
118600 -10.939045137529282
118700 -11.514137192564514
118800 -10.471187645086326
118900 -8.64696371414626
119000 -8.945288837435879
119100 -8.043333102297716
119200 -9.761714468314802
119300 -9.461167314162902
119400 -9.08887282773717
119500 -11.139766624241226
119600 -10.354597420171702
119700 -8.527057354796526
119800 -9.695065461987033
119900 -10.787785498400211
120000 -10.194544266998053
120100 -10.094800830819002
120200 -12.383581398637345
120300 -12.599024373399311
120400 -10.757470666666528
120500 -9.824239033723627
120600 -9.13205635376334
120700 -9.101347273112793
120800 -7.607967832778137
120900 -6.379629495066614
121000 -8.69165531379117
121100 -7.9211888626029765
121200 -9.368894396628445
121300 -12.13537288713881
121400 -10.625261381777147
121500 -11.702310185157145
121600 -9.244383282266758
121700 -9.07191999904229
121800 -9.098349321522077
121900 -8.75499172638595
122000 -8.318141545226917
122100 -9.049727876796188
122200 -8.133996993863551
122300 -9.501286622831923
122400 -9.740145233740877
122500 -8.892833034054956
122600 -11.210076615442429
122700 -10.259713380181212
122800 -11.014627174783456
122900 -9.737681349242054
123000 -9.91092729631382
123100 -9.325429341668185
123200 -9.029724531874848
123300 -8.24279279760269
123400 -11.048116849374518
123500 -12.421837912991961
123600 -12.058938444505179
123700 -10.521851991814247
123800 -10.079064025572512
123900 -11.080858533757482
124000 -12.081212731269042
124100 -10.90252498796842
124200 -10.195137721887004
124300 -9.725407604553995
124400 -10.692457923549293
124500 -11.533053291202114
124600 -10.74055643614419
124700 -10.831898657263144
124800 -11.025711277737853
124900 -11.292393166495103
125000 -9.619763743469823
125100 -9.953871131126483
125200 -11.659492161593167
125300 -11.777119801494754
125400 -12.884387825223643
125500 -12.309283012850901
125600 -10.926800416545412
125700 -10.187940127742664
125800 -12.148394523477007
125900 -13.010749160421055
126000 -11.695325317906407
126100 -11.306490824260885
126200 -11.481976722195345
126300 -11.159494947669247
126400 -10.628606211798791
126500 -9.726517034324393
126600 -8.763926266758212
126700 -9.121959196580011
126800 -9.379582844621911
126900 -9.796295739435319
127000 -10.917565833473338
127100 -10.872335768609876
127200 -11.49965696164583
127300 -10.37891429852794
127400 -10.296601872939858
127500 -9.547330289530603
127600 -6.8203926326977715
127700 -6.220992577668628
127800 -8.50313028171292
127900 -10.927124864887988
128000 -11.970279402528075
128100 -11.814662645104526
128200 -11.099032331536801
128300 -10.435199637937302
128400 -9.065157487401342
128500 -10.07502033971076
128600 -10.289758709149769
128700 -12.751311328805672
128800 -11.116420467570228
128900 -9.952967115457975
129000 -11.108144414613774
129100 -10.003969770704927
129200 -9.319150028973098
129300 -9.607234782077338
129400 -10.952767429243847
129500 -8.84240704953341
129600 -10.29452383967152
129700 -8.221033949598105
129800 -8.509286137323729
129900 -9.711218094381339
130000 -11.21060266352525
130100 -11.642647585740274
130200 -12.18346192255533
130300 -10.896802625154999
130400 -10.47952477447381
130500 -9.916091231378543
130600 -11.304589749019636
130700 -10.270046555428625
130800 -12.887445570106633
130900 -9.601985093074756
131000 -9.68902900440652
131100 -9.94800019083528
131200 -9.928630288286765
131300 -10.177697192970387
131400 -10.333830210798547
131500 -11.505949050840144
131600 -11.18216751427377
131700 -8.406751262068985
131800 -10.315818218631907
131900 -7.973828804112878
132000 -8.808470627790909
132100 -8.880416183841465
132200 -8.684177047964551
132300 -8.790980455502968
132400 -10.512551337588807
132500 -11.088708879326592
132600 -6.501781113135864
132700 -10.216136608517585
132800 -7.364478729554169
132900 -8.654364220942782
133000 -8.647704590104203
133100 -8.98546955497053
133200 -10.491945760087562
133300 -9.504710089293326
133400 -10.014093134747924
133500 -9.570789795298483
133600 -11.251045748699239
133700 -11.127166799786647
133800 -9.276228659242213
133900 -12.23303373766545
134000 -10.020753241084849
134100 -10.984492155827077
134200 -11.074341790758677
134300 -10.201019416879504
134400 -9.943524744781246
134500 -12.487384071651842
134600 -10.485004891441637
134700 -8.580942108524335
134800 -7.972224706505129
134900 -10.753590121127123
135000 -9.690654788618634
135100 -9.994722127213668
135200 -10.808410879070005
135300 -10.130537528523464
135400 -11.524689293802307
135500 -11.092898629958745
135600 -8.962079323324769
135700 -10.686797873696463
135800 -10.138875217884165
135900 -9.270617378658967
136000 -10.321107205509701
136100 -10.536415682025634
136200 -12.539331805297177
136300 -8.815047484876896
136400 -10.748382842518932
136500 -9.671011752082368
136600 -8.555725583981571
136700 -9.726365445105735
136800 -11.432630113841055
136900 -9.043159584681538
137000 -11.00082083668055
137100 -9.715176835651187
137200 -10.908797535708283
137300 -10.045699050120819
137400 -10.20906560721947
137500 -8.469624741005163
137600 -8.551676324177283
137700 -10.886711765983582
137800 -10.120448254321376
137900 -8.40073259341415
138000 -9.858951126065149
138100 -9.094072886635791
138200 -13.066609066869312
138300 -10.526447644722284
138400 -10.023383832948701
138500 -10.793892804269113
138600 -10.237396862379109
138700 -9.908034439770969
138800 -10.357001610887934
138900 -10.554177200416026
139000 -9.421620021823907
139100 -8.586363854306589
139200 -10.324558764858569
139300 -10.936851586752772
139400 -10.331682687684735
139500 -9.050406868974116
139600 -9.893046948807305
139700 -12.475727228508397
139800 -7.69542098081613
139900 -11.221682783306717
140000 -13.123527912811706
140100 -11.040684694277408
140200 -11.576947630927211
140300 -11.520369967912414
140400 -11.139690785517313
140500 -8.638599694813617
140600 -8.337506756903826
140700 -10.447387920633313
140800 -10.672979987197088
140900 -11.007878568198826
141000 -9.377907152620807
141100 -12.480263466873277
141200 -11.692229708433297
141300 -12.222552290437857
141400 -10.375331653359662
141500 -10.715936369286261
141600 -10.029960961324075
141700 -11.66008115288674
141800 -10.089391471176164
141900 -8.925039625306209
142000 -11.072912849783132
142100 -10.986282744661603
142200 -9.845739411718494
142300 -10.556233784281837
142400 -7.464688385120731
142500 -10.307072530259115
142600 -8.236340398310453
142700 -10.631343621813055
142800 -11.245618363049932
142900 -11.816772524729668
143000 -8.969467393836874
143100 -7.9660680882408235
143200 -8.864049454280577
143300 -9.446505870555065
143400 -9.041768525882091
143500 -8.042365954498983
143600 -10.186129679959008
143700 -9.35938367012511
143800 -8.4666847700347
143900 -8.878669768469381
144000 -9.277779158537012
144100 -10.255991880834317
144200 -11.611072557153497
144300 -11.198056530706634
144400 -11.00741564812564
144500 -11.80956817569415
144600 -10.485101510325528
144700 -10.619007609409316
144800 -9.464777589231401
144900 -7.479082320730194
145000 -9.833925377967452
145100 -9.173875583129622
145200 -10.846553915345725
145300 -9.270470524500045
145400 -8.289208293469569
145500 -9.599736676069446
145600 -7.700230360626919
145700 -8.903321601267217
145800 -8.59617565304594
145900 -8.936190347891882
146000 -9.224791684803257
146100 -11.314710103871777
146200 -10.452644862467373
146300 -9.804348658572252
146400 -9.624375715054708
146500 -9.136668601806193
146600 -9.864927964055017
146700 -10.999085174681122
146800 -8.396965192532754
146900 -9.559411203128539
147000 -10.629384903564675
147100 -8.087250396747665
147200 -8.403250675345602
147300 -12.87222220642596
147400 -10.533258878415824
147500 -11.688678766812183
147600 -11.053648847031159
147700 -11.966624282985665
147800 -8.173354845374588
147900 -8.056621784808343
148000 -8.250535519543181
148100 -10.353381589349935
148200 -9.633204923486682
148300 -8.465260049968514
148400 -11.458808589780253
148500 -10.67111269859061
148600 -9.472666472517412
148700 -8.635139086038787
148800 -10.288772037749755
148900 -11.693652546838287
149000 -9.480053691877146
149100 -10.253675669280952
149200 -9.901400503101987
149300 -10.86235538352605
149400 -9.558680650447052
149500 -9.342557756314935
149600 -8.522530509834615
149700 -9.824787808815708
149800 -9.293140885474607
149900 -10.016763396516332
150000 -9.894571621336915
150100 -10.438184531724236
150200 -10.436795019378865
150300 -11.465915522148569
150400 -9.811258142238978
150500 -6.695455848641163
150600 -8.476646014792749
150700 -12.335264340713175
150800 -9.80331275731938
150900 -8.861860164140781
151000 -8.00040647102225
151100 -8.95910025700886
151200 -10.546780765794054
151300 -10.753817483325882
151400 -9.594525858281312
151500 -8.84440436402646
151600 -10.558428745883909
151700 -10.22735102238688
151800 -10.881342862651119
151900 -13.332836522476134
152000 -12.766795576630601
152100 -10.831039231534284
152200 -8.705210936265734
152300 -10.681764608124316
152400 -8.885745454501025
152500 -8.682825827646784
152600 -9.444732386522539
152700 -12.395148044996287
152800 -11.841448551092538
152900 -11.27906814254265
153000 -9.466292907165723
153100 -9.82078368953902
153200 -8.765125755813118
153300 -10.88462886942775
153400 -11.48312459342899
153500 -10.034704551150512
153600 -9.66859463495204
153700 -11.212035835156755
153800 -11.102373494602764
153900 -11.83006404605018
154000 -12.190713789421341
154100 -13.149411078788008
154200 -10.701066932115546
154300 -11.07743996233091
154400 -9.013594598757615
154500 -9.600886587027285
154600 -10.136141283461168
154700 -9.68878100294259
154800 -10.221621013022105
154900 -9.623358177209244
155000 -10.606098631674032
155100 -10.839681379498948
155200 -11.25271836642066
155300 -11.082108022191314
155400 -9.45634731922
155500 -10.317677280006937
155600 -11.502904006912555
155700 -10.004207279282191
155800 -11.028837924875926
155900 -8.831232299613152
156000 -10.558709412405534
156100 -11.858291515548094
156200 -10.245454995192462
156300 -9.564236924450467
156400 -12.206849646308163
156500 -11.465388565424888
156600 -9.636420470238743
156700 -8.921377119880807
156800 -9.480983917791159
156900 -9.679066165626827
157000 -8.10839335859483
157100 -9.28250874142579
157200 -10.630476762244115
157300 -9.816311968124717
157400 -11.864556753168776
157500 -11.805589963183012
157600 -11.523998333104219
157700 -10.701251099427093
157800 -10.12671871194192
157900 -9.996439706644617
158000 -8.214108390821599
158100 -8.896832670510888
158200 -11.16635920608731
158300 -10.375113281181424
158400 -10.840462909433914
158500 -11.036334276815088
158600 -7.892700255488044
158700 -9.276143253923737
158800 -9.201903809241498
158900 -10.770845820761897
159000 -9.731682599453872
159100 -10.206930803445129
159200 -10.365066964485496
159300 -9.702585509653348
159400 -11.496643880580983
159500 -10.408451961145168
159600 -12.036949623645416
159700 -11.102208857143632
159800 -8.707954202392134
159900 -10.458471245028425
160000 -11.54790842269865
160100 -11.649712361547707
160200 -11.459005107739506
160300 -9.939785830357197
160400 -11.21735719142804
160500 -11.516398407900617
160600 -11.561089364945852
160700 -11.84338694881447
160800 -11.542888937983568
160900 -10.668833088958053
161000 -10.311401943468484
161100 -9.724515627267026
161200 -8.465603231176134
161300 -10.493262982434269
161400 -10.244445692657411
161500 -10.359991537507657
161600 -8.761782818295774
161700 -9.840389355085472
161800 -9.59506331103543
161900 -10.188617046461184
162000 -9.391633246111018
