100 4.661101315420937
200 3.194471458936237
300 2.890360379876814
400 3.819336974727777
500 3.004139019759988
600 4.6959529632580495
700 3.909256763761097
800 4.754073372304956
900 3.696704882761506
1000 2.2786945574814714
1100 2.8148651437317347
1200 2.9449490521130155
1300 3.6603127340383748
1400 1.9080946744252725
1500 2.681039342653744
1600 3.210010364900446
1700 4.737159418082271
1800 4.282079776537188
1900 4.629718373938137
2000 4.24089979865515
2100 4.5857928428927135
2200 3.635402656697791
2300 5.136199951440377
2400 2.9536426178584128
2500 4.923571504354613
2600 3.6545132297584764
2700 3.7535893680238126
2800 4.735751502808888
2900 4.420307353292143
3000 4.3134189791660065
3100 3.511328412030274
3200 3.261106983630467
3300 0.993660617045953
3400 3.3689949928426564
3500 4.204915198250779
3600 1.7667773254135168
3700 2.9358805567918815
3800 3.7858592244178166
3900 3.517625937717534
4000 3.944825871839308
4100 3.410284739535905
4200 5.718576301469735
4300 5.1186201273713925
4400 5.86344298105431
4500 5.809640554679175
4600 4.649632907107479
4700 2.43778961312796
4800 1.1673536530331083
4900 2.87707294903927
5000 3.9319625581711466
5100 2.7222472728385148
5200 2.3202552769613582
5300 2.314879925194245
5400 3.765669298548094
5500 3.652021770507757
5600 0.6581365576201708
5700 2.4540188754025762
5800 4.853981654545109
5900 5.456372491906112
6000 3.6357233267241758
6100 4.00003923250998
6200 3.2503612743055363
6300 4.2210740096017965
6400 4.611846792056849
6500 4.135391286796006
6600 3.148865778487759
6700 3.693402101685588
6800 3.083229668730421
6900 2.754747840155771
7000 2.2143573561210146
7100 5.824838683187528
7200 5.57467223819835
7300 2.244577875602517
7400 5.514549705900815
7500 5.336514922917073
7600 3.418846414951431
7700 3.513582367153537
7800 6.016903747782004
7900 4.420469922240164
8000 2.515292925452888
8100 3.1391678062025576
8200 4.053668306838821
8300 1.9159837396069896
8400 4.68954481847615
8500 4.383247217595569
8600 4.918666691482481
8700 4.5414730726347345
8800 5.0354729561142175
8900 3.6813810946099665
9000 4.336926172832315
9100 5.279226910774401
9200 6.497256053625639
9300 1.824189128462821
9400 3.049639089968158
9500 3.5257337993771993
9600 4.553752773932698
9700 4.165576059179668
9800 3.267672958466236
9900 3.6484208539216496
10000 4.492882975720114
10100 5.435361216993311
10200 5.049878146913114
10300 3.7606489463932538
10400 2.8036488192076527
10500 4.138921917170917
10600 3.786438400720586
10700 4.392258104492637
10800 3.26638382881735
10900 2.9335418173630274
11000 4.147401760772194
11100 4.699526037271509
11200 7.142640955821148
11300 4.288810714695401
11400 4.202179569626131
11500 2.6335973739106295
11600 4.484264659476468
11700 2.3295205142081823
11800 4.457611405666773
11900 3.0980616427490517
12000 4.535890807862234
12100 4.260234708762315
12200 4.967145430516209
12300 3.4509486648695082
12400 5.527665884344185
12500 2.883744906662746
12600 4.574291539792644
12700 3.9486068987482628
12800 5.133563293942168
12900 3.5675381335182297
13000 3.2090126975516866
13100 4.441748358202753
13200 4.17182618317865
13300 3.049609152295914
13400 2.5117421017104604
13500 2.0338366323765062
13600 3.2604805627080102
13700 4.4644236332694955
13800 5.763748441670793
13900 4.245186394123864
14000 5.531742990508313
14100 4.2788804602544275
14200 3.749044630201671
14300 3.7597889665647015
14400 5.3621603641591475
14500 4.276178012463535
14600 4.654930282974396
14700 4.050806217022875
14800 3.9580466123507274
14900 2.5902395436544734
15000 1.8318305699952064
15100 0.6540102533514869
15200 4.582904190648009
15300 3.942216799202776
15400 2.3356806820165876
15500 2.3326559788120798
15600 2.4594184580311302
15700 3.574044470723552
15800 5.159485544916361
15900 5.354180404878701
16000 3.162138811630036
16100 4.8136977742331135
16200 2.706087542295391
16300 3.64511682782
16400 3.3463437947872343
16500 2.847182143712893
16600 2.288563980365051
16700 3.759643694230176
16800 2.1936392574406014
16900 3.090438500408764
17000 3.553389413159747
17100 2.631334385382693
17200 3.8161753467557435
17300 3.369312719389712
17400 2.6998092073557514
17500 4.60967503062103
17600 3.7954369874295506
17700 4.04377000145596
17800 4.21974365721509
17900 4.6327487533923275
18000 4.899444833775107
18100 4.764251337859524
18200 4.260266345033064
18300 4.862019389433338
18400 4.111919899517149
18500 4.179105149526616
18600 2.2425483395662895
18700 2.9907372564819004
18800 3.9109671795971743
18900 2.918396407736748
19000 4.413128125013607
19100 2.3637450359953642
19200 2.8515058324390776
19300 2.964195770548135
19400 3.7538003654256555
19500 2.299896979865593
19600 2.087138706414675
19700 2.1294073640727356
19800 3.623774779024433
19900 3.3758016729340468
20000 4.025810638821663
20100 5.3272609982810915
20200 4.561887144183696
20300 3.5359351881056584
20400 6.145181061614638
20500 6.06197198730178
20600 4.319316326476955
20700 3.088950174511597
20800 0.810079201142095
20900 0.6364058986256838
21000 1.5756008525813445
21100 3.0687718229845116
21200 2.820495464643271
21300 7.5192732980542445
21400 8.205029605712815
21500 4.243199238147385
21600 5.109127695681142
21700 2.305175321960807
21800 2.4283535451347347
21900 4.225339541503253
22000 5.197749694471397
22100 3.4552225401212584
22200 3.838909700573862
22300 1.9506511286858512
22400 2.5935099718968155
22500 3.280947910393419
22600 0.5285412348224108
22700 0.8361234460977143
22800 4.401720261024694
22900 4.575598201937586
23000 3.0172340382301748
23100 3.9943937137110037
23200 2.180087252584906
23300 2.81941403311509
23400 4.514255742094105
23500 2.5281152579417845
23600 3.24880485064301
23700 4.495130826608514
23800 2.5546689113700802
23900 5.996581783240152
24000 6.619640597598159
24100 4.13095870374769
24200 4.236262814431031
24300 3.1550746914559507
24400 3.0211964780056193
24500 3.6834376933177637
24600 2.751110691617533
24700 1.300850359398196
24800 3.1645723450247094
24900 5.132841309379412
25000 2.2280280145873035
25100 4.535147213099562
25200 2.122033644178528
25300 2.3196899871856673
25400 0.9881806862412807
25500 2.175779859936344
25600 2.767737578702546
25700 3.049216821686449
25800 3.129049126975093
25900 2.651267846143988
26000 2.9897999577169165
26100 4.960313310879572
26200 4.5727581175183545
26300 3.21574763014267
26400 2.409241262080681
26500 3.183791108909035
26600 3.864235849514257
26700 4.310085192008313
26800 3.217271766255751
26900 3.195904004171362
27000 5.840972752069945
27100 5.626601705870318
27200 2.458094534967904
27300 4.855417296434508
27400 4.585084402288308
27500 4.908546264172812
27600 3.3427428307615576
27700 2.610595991669938
27800 3.513045904998706
27900 4.976297088668326
28000 4.155603860576319
28100 3.490716399157384
28200 2.5442578315834106
28300 5.483865121457232
28400 3.387689188393634
28500 4.736760475982465
28600 2.290176632319089
28700 3.083476408942103
28800 1.4229563344574627
28900 4.803426605591738
29000 4.387831656472649
29100 1.902007489422623
29200 3.468766783238886
29300 3.582517861320236
29400 0.553643112301778
29500 2.788623277128109
29600 2.6228949778206925
29700 3.9260430864401226
29800 4.094842736835111
29900 2.429214612640361
30000 4.290724789530438
30100 5.051624214291708
30200 6.085831793872328
30300 4.886964342849407
30400 1.9521729514186585
30500 3.8158979182327477
30600 3.869856714673103
30700 3.895866880779648
30800 4.189931616719558
30900 4.055669960346017
31000 4.194454057400106
31100 4.363120788327119
31200 4.723532766302484
31300 4.5555211649011325
31400 2.9226817977235964
31500 4.014534628750792
31600 3.6094787651866556
31700 4.0984442917960235
31800 4.499204306372875
31900 6.353469886892964
32000 4.302391168869539
32100 4.627277982335374
32200 2.9080141874513603
32300 4.148500726591571
32400 2.0912073489136325
32500 2.1235374143187298
32600 1.7052083572588235
32700 3.460371535081582
32800 5.652798062177513
32900 3.5427401926454443
33000 4.937246364292991
33100 2.7141444250342395
33200 3.947086847915916
33300 4.450244667686993
33400 4.4121427579988834
33500 3.5801971609304846
33600 5.318722833096017
33700 4.213843040730503
33800 3.128208952372131
33900 2.146281165837474
34000 4.53439696527254
34100 4.28710721090159
34200 3.49607226205996
34300 2.78072584900425
34400 3.724755417015051
34500 4.195433251231135
34600 3.0237116890280036
34700 1.76446973303735
34800 1.748523807952504
34900 2.420521514729376
35000 3.4030019942529255
35100 2.8640469383335114
35200 4.007557866156651
35300 3.4057221047107338
35400 4.837492652329281
35500 5.40676735991527
35600 4.410958215500554
35700 4.169780361533456
35800 3.270941076298228
35900 2.6929212556459485
36000 3.0531233952378343
36100 1.0191113853800102
36200 4.284741172321838
36300 4.500049199224534
36400 4.544840233665968
36500 4.3354815058999385
36600 3.376431805946089
36700 4.337242727201785
36800 4.997927986749784
36900 2.553134901815965
37000 2.927902737885093
37100 3.513285260101465
37200 4.468376623955625
37300 1.5064790489428876
37400 2.3694392275986744
37500 2.973509307325492
37600 2.991399605800523
37700 3.5535951910994066
37800 6.74321809898242
37900 5.591435528127105
38000 3.9116448854942814
38100 4.019023317889697
38200 4.158463330092735
38300 1.8145539998945672
38400 2.4575647172099995
38500 3.4837050978453226
38600 3.795566955885744
38700 5.075642508052091
38800 4.334779575759532
38900 6.9042099247807105
39000 4.318100509570205
39100 5.892465144135948
39200 3.6590738362084125
39300 2.3268164679866117
39400 1.303718405116116
39500 3.6041501715162503
39600 3.350237658526341
39700 2.796097654740655
39800 4.054037736547393
39900 4.358624883222556
40000 4.906695877585191
40100 5.499266193306739
40200 2.9489842337269625
40300 1.8634245526706248
40400 4.857554449756102
40500 5.725578940995641
40600 1.778658513688176
40700 4.785029767786036
40800 3.2053519483754935
40900 4.343207594641009
41000 4.836224407859981
41100 3.831803239759223
41200 4.665623183107281
41300 5.388263837590588
41400 4.246730497265398
41500 4.727907950030509
41600 3.270978361599651
41700 2.469743642797363
41800 5.1826297114971425
41900 5.38689426221615
42000 4.832116972881388
42100 2.953051531635645
42200 5.1855547978621175
42300 4.102882214633475
42400 1.9030236114295456
42500 5.344279082944263
42600 4.4893040375585676
42700 3.7702256362761952
42800 4.241252500505915
42900 3.269811552733043
43000 1.6443453762954645
43100 3.639426960674122
43200 1.9649969576978341
43300 2.1247882317067703
43400 4.159839684883511
43500 3.5137419548232476
43600 5.531972218708026
43700 3.8817442740718153
43800 4.625970521661025
43900 3.68603125257157
44000 2.6780903361709076
44100 1.8325145831214176
44200 3.9219614888118737
44300 3.3553542512381824
44400 3.500583405810211
44500 3.872444736663922
44600 4.3044244728627215
44700 5.031996067737249
44800 4.639094254282471
44900 3.0434161228596226
45000 3.7681540754710685
45100 6.703097252840888
45200 4.679568753287649
45300 4.739587188064747
45400 5.427762250919025
45500 5.110391153083581
45600 5.500632817216127
45700 4.6984040925536315
45800 4.0472451363878506
45900 3.0049581408637187
46000 3.426052461265089
46100 2.9074020656476347
46200 4.471827151560371
46300 4.668041458851189
46400 2.7699236772143663
46500 1.149799091981943
46600 2.575068044630256
46700 1.9032183482648886
46800 3.854022481765613
46900 1.6981294843326211
47000 3.7143845123358648
47100 2.2520109844935
47200 4.708899750217995
47300 4.7367752591860715
47400 5.611537268127938
47500 4.828012514783429
47600 5.1424097412648395
47700 5.717289721224273
47800 2.4111297554927975
47900 5.034757086910359
48000 5.530869407356391
48100 5.031602042433372
48200 4.180490612324359
48300 4.102961994104203
48400 4.053000292965347
48500 2.889440848096931
48600 1.3819376107674883
48700 3.778090005186944
48800 3.396262080827414
48900 2.899902297638527
49000 4.667052201658741
49100 4.242099475569738
49200 3.1965157635614454
49300 3.8667299207625048
49400 4.0233511321445095
49500 2.612053005864696
49600 3.9235368427035198
49700 2.913775357220992
49800 3.784612231179475
49900 3.606347024559453
50000 2.8330914292785567
50100 3.916701635895536
50200 2.755119932256126
50300 2.1999741755073603
50400 3.220498682424869
50500 4.049148824945614
50600 4.47916606208271
50700 4.520743603732607
50800 5.24997878427521
50900 3.766642350068848
51000 4.4765388627281935
51100 5.494875859160645
51200 6.329674425274549
51300 4.355984874014413
51400 1.9874441338665905
51500 4.0554567806987585
51600 3.8394051815896093
51700 6.39269315536074
51800 4.472970650394242
51900 3.7261224405510047
52000 4.923313024351852
52100 5.853733940542263
52200 4.878956182692945
52300 4.817064627085512
52400 2.775822167227043
52500 4.6901413332207165
52600 2.840193997347866
52700 3.1203095987753913
52800 4.466561196358791
52900 5.446460646800589
53000 4.776023449843912
53100 3.610716473775782
53200 4.659404716507713
53300 4.822586337795659
53400 3.855668890102187
53500 3.6532283032225172
53600 3.1305683861935862
53700 4.64407372081058
53800 2.678341944588671
53900 3.0890649282493565
54000 3.0946177093527596
54100 2.6482163201016236
54200 3.1732498643938403
54300 3.0302352487123767
54400 4.768744537441405
54500 2.746790279795017
54600 4.635801091627103
54700 3.910361817531094
54800 2.26290250305668
54900 2.3735965257770277
55000 0.8606827119248783
55100 2.3062753016636584
55200 2.3328876101985014
55300 3.3546954608658526
55400 1.3785030132338303
55500 1.266610246463457
55600 3.6459528151689984
55700 5.056155875479552
55800 4.0228729811417505
55900 1.5415041364326605
56000 2.469732653740943
56100 3.667662991328865
56200 3.877416755486151
56300 4.299405292590137
56400 3.274437886954103
56500 4.025144268317705
56600 3.1744671813925947
56700 4.04756010465361
56800 2.9160773608528254
56900 3.8590121674217563
57000 4.830832491231044
57100 5.2101758558418005
57200 4.367910407640815
57300 2.6865995230570205
57400 2.450233659287131
57500 2.5637330117115655
57600 2.3732009440499247
57700 4.402555739353166
57800 4.823449246549556
57900 6.129645170080579
58000 1.944904409524595
58100 1.6409520377170885
58200 5.456115560483632
58300 5.5088938340488145
58400 6.136214930510393
58500 4.779897717753289
58600 3.2422606846181776
58700 3.80635236089574
58800 6.552623639948441
58900 3.907639134148104
59000 2.5162520924904634
59100 4.137700754377486
59200 3.0895525662726695
59300 2.4962644939345737
59400 4.355699630415888
59500 3.8149781239044627
59600 5.858744065669584
59700 5.501291890269212
59800 4.000069782789525
59900 5.612612906239935
60000 3.793055556395243
60100 2.231237853180578
60200 2.367597064357674
60300 1.5224565970015687
60400 3.674366049383168
60500 4.048771645274001
60600 2.8336966693735195
60700 4.125526633264174
60800 3.308228172510458
60900 3.7467780852044705
61000 4.204039097587746
61100 3.169806742778323
61200 4.7310391374529726
61300 5.282044603169228
61400 4.05302012298531
61500 1.3860428879353168
61600 4.309761015001981
61700 3.4678179762406947
61800 5.333419532532948
61900 2.6754191437529355
62000 4.084720146192505
62100 3.7988798516902857
62200 5.062046095318121
62300 1.081674897310178
62400 3.5673732033880494
62500 1.6016615406568895
62600 2.8296969088798334
62700 2.3824723713510116
62800 3.606651412385567
62900 5.1421295650509675
63000 3.771239456811454
63100 2.9894830684948053
63200 4.170472435189714
63300 3.123245753657882
63400 5.750028255216701
63500 5.454614089134487
63600 3.9878868446402653
63700 4.551637456691717
63800 3.2247759916074363
63900 2.502665325657432
64000 1.5021402329642977
64100 4.649687996524281
64200 5.072646316462659
64300 6.484806830121638
64400 5.459033098496905
64500 1.7929552638595827
64600 2.065852941762099
64700 2.1438811108461744
64800 3.5869158115916564
64900 3.9830467536200858
65000 2.6845004345523478
65100 4.657300568681111
65200 5.747493171833276
65300 4.43289909744722
65400 5.375002862743002
65500 5.540358012169037
65600 6.984713640346569
65700 7.1213560508402205
65800 6.0069461983408905
65900 5.424064602389442
66000 2.0201713680763462
66100 2.553480790621191
66200 2.5313272287654645
66300 4.957258822642826
66400 4.455196697524272
66500 3.7793417294895373
66600 6.089183713328304
66700 3.454713216830994
66800 2.9168479671004284
66900 3.7946034219074023
67000 4.284555898577333
67100 3.060562066416784
67200 5.328889363218918
67300 4.85183975371001
67400 5.277938642042556
67500 6.182249777444811
67600 4.076027098636025
67700 3.7749626316633056
67800 3.7543961284935614
67900 1.8790137741132449
68000 4.012693167144023
68100 3.866564661234294
68200 3.2902572041687685
68300 1.4594835204417063
68400 1.5101960805061818
68500 4.135233073540871
68600 3.092241089347998
68700 3.2176660545882587
68800 4.18379229163873
68900 5.739474748265631
69000 5.85937182781898
69100 4.966455272203878
69200 4.056525167160078
69300 1.4732939682369706
69400 4.33726633816452
69500 5.481508672234304
69600 3.9231805053415756
69700 5.464657389940555
69800 2.2860651642430354
69900 3.1169984902515884
70000 4.179558714955403
70100 4.139975201742748
70200 4.979215083528237
70300 4.8456380317129595
70400 4.585918547264938
70500 5.81781502022674
70600 4.066671246512855
70700 5.677426419255019
70800 4.628392593926381
70900 5.737420070081054
71000 4.82763450923817
71100 2.477083069940364
71200 1.1805173363857562
71300 4.511880993445567
71400 6.071732048019646
71500 3.2762153006804446
71600 2.104481498363684
71700 2.2819638027393023
71800 2.528847301159837
71900 4.734658863065141
72000 3.8109816866051407
72100 3.634772717292363
72200 4.254859851118238
72300 4.963442129679482
72400 4.379712964125426
72500 4.596535647036401
72600 4.911442554214424
72700 2.056467810507796
72800 2.070503813245157
72900 2.1299092160951605
73000 5.739505725431717
73100 3.915281083563361
73200 2.928625795801535
73300 1.6756738922021988
73400 4.771773883934965
73500 4.008374271858361
73600 4.984768190261549
73700 4.048516927954511
73800 3.4249726404917515
73900 5.016978595143964
74000 3.9996678470020397
74100 3.762186855372834
74200 4.661490004364213
74300 3.110482866175509
74400 5.776030908755438
74500 3.5670621720282827
74600 3.333474896991111
74700 1.192994210426912
74800 4.7668275118995265
74900 3.25051541460439
75000 4.995830481734018
75100 4.087243450720743
75200 4.559057040729158
75300 4.4283369218758155
75400 5.257305151712389
75500 5.597881793199694
75600 4.454991941399076
75700 2.8450932398047724
75800 6.386816482063164
75900 3.3869166590473667
76000 5.04987468975397
76100 3.8719865889483884
76200 3.3635128345421283
76300 4.296647553240506
76400 5.04130348195974
76500 4.600658486295746
76600 3.9328647349015
76700 3.910002254246522
76800 4.873047916528654
76900 5.557083777288384
77000 4.6624433093551945
77100 4.130986334695335
77200 3.142227563970774
77300 5.029201870893258
77400 3.1835712170187893
77500 5.207389472241086
77600 6.855054981242234
77700 6.336547966802289
77800 3.8784697071263237
77900 4.131314649091025
78000 1.5035419165221113
78100 4.315156527979647
78200 0.7664873426386953
78300 3.9630770092219443
78400 2.102986024981078
78500 1.2330578903666267
78600 2.8632493058830004
78700 2.7164834740825516
78800 3.7268053632848708
78900 2.0702067236637527
79000 1.0901769206292835
79100 0.773065800257019
79200 1.9036060493065834
79300 3.0754324997743567
79400 4.087322662604199
79500 4.515166421263627
79600 3.496509155337932
79700 4.217513594672176
79800 3.923697631225651
79900 2.5504240591482015
80000 3.242259348040623
80100 4.422440084574414
80200 5.074028802275929
80300 2.976731657640974
80400 2.8756319067846228
80500 4.204114658358395
80600 3.544063420167381
80700 4.779505458289176
80800 3.8484816603999406
80900 3.247659426742168
81000 3.702932071765752
81100 3.465843551773473
81200 3.8453470433525654
81300 4.212319662407605
81400 4.772009562542277
81500 2.575018142906557
81600 2.7086597495423437
81700 1.9583697047979831
81800 1.8192333656185284
81900 -0.4372478640213167
82000 -0.5705375006472746
82100 4.024695921149757
82200 4.359362184042913
82300 3.066377645636447
82400 3.8557429815965283
82500 2.954379278146664
82600 5.356152601764791
82700 3.204863554312595
82800 4.45417085335773
82900 4.46785186699798
83000 1.8637865831703764
83100 4.044203570452405
83200 3.2585359821377757
83300 3.9227835961710644
83400 2.7053033658234513
83500 3.0638981274707193
83600 2.3961325289515387
83700 2.5593879646465356
83800 5.493184712641236
83900 3.7433540893921236
84000 6.160806162495247
84100 6.336279100655772
84200 5.500266726878538
84300 3.067690520185093
84400 3.3549168767125597
84500 4.39128385522554
84600 5.31767304351602
84700 3.154856391007385
84800 3.566355481512674
84900 4.235208516936911
85000 3.628138632425352
85100 2.706988756848587
85200 2.5227849650190963
85300 1.990975243427603
85400 4.300085149142129
85500 4.227117260084589
85600 3.3684793080040434
85700 3.863320462461618
85800 3.5781609311035165
85900 3.1662045438575057
86000 3.119491800711939
86100 4.21009574876759
86200 4.461744536189243
86300 4.864968848676998
86400 3.2149451194525356
86500 5.271192992813548
86600 3.3154065524602223
86700 2.8613707803061197
86800 3.7301386405944945
86900 4.199556583882138
87000 3.079220168539663
87100 3.379717982594782
87200 3.9826114016305216
87300 4.9399486823719565
87400 3.4307327468745856
87500 2.9268293098712417
87600 4.616705417161937
87700 4.18767795886121
87800 5.23054060494669
87900 4.492074964043233
88000 3.4609001561757773
88100 4.505031420235841
88200 2.796596527255015
88300 3.202035790249023
88400 4.330075553653586
88500 6.480733346975702
88600 2.9244774307314962
88700 4.9000609444990655
88800 6.012752336133457
88900 3.2058624146941597
89000 4.696894545353436
89100 4.251444087436402
89200 2.4682099936724913
89300 1.16156522375062
89400 2.2828467421632945
89500 2.5607927545667644
89600 3.750941810541082
89700 3.1034993381143154
89800 4.0826096121437585
89900 3.4124726030629713
90000 3.3810022701564533
90100 2.604195336063092
90200 4.830676738501989
90300 2.2017742871067734
90400 5.728225069627941
90500 4.142563264784374
90600 2.102397166760778
90700 4.869862442542361
90800 7.621794017984481
90900 2.135145307796281
91000 2.6244350884818695
91100 3.142208951258409
91200 3.53362352751624
91300 4.650728748021858
91400 3.4455947010176295
91500 3.9663668664531313
91600 3.8689053742660926
91700 2.2468018141276724
91800 3.5791577509667487
91900 4.67588971845462
92000 5.213346554840115
92100 5.241084233914115
92200 4.452922639300493
92300 4.740735997110427
92400 5.080108320465489
92500 4.414500998285463
92600 5.28380262699779
92700 1.8230512771401715
92800 5.275020450208838
92900 4.734120152528132
93000 6.329650882589378
93100 4.05518729479713
93200 3.9437858001470905
93300 3.671280397703401
93400 3.727392731026852
93500 3.016085963474437
93600 3.3220292678924377
93700 2.9755122721348983
93800 3.3352522237527458
93900 3.9524060552348885
94000 3.104108300069984
94100 4.057177485202265
94200 4.15938062494632
94300 2.9432760210834275
94400 6.155062194874401
94500 4.216258242590279
94600 4.035150080706557
94700 4.139696964806959
94800 3.5864490827201982
94900 5.029129715266387
95000 4.581278267581067
95100 5.9757470325563995
95200 5.133915988488044
95300 3.7574675987772546
95400 2.0891425986356813
95500 3.206706013958302
95600 6.767392367748104
95700 2.624630831130395
95800 2.8841833177577447
95900 2.905513237096362
96000 5.131320781905955
96100 4.859845818717785
96200 2.5842533888478605
96300 3.4404105008351675
96400 0.9272045143770198
96500 1.4691794179074207
96600 2.820007671101139
96700 3.481167436956019
96800 5.016432678010945
96900 6.221718576683732
97000 4.11384835159219
97100 4.184051082535714
97200 3.1667052801079603
97300 4.181349178361035
97400 7.25936492197926
97500 2.5833276765465043
97600 3.0572254410075046
97700 4.438005424009703
97800 4.581958936813718
97900 4.52041401225106
98000 6.026657072442298
98100 5.043513606707738
98200 4.8231474227420055
98300 3.092693460361492
98400 2.5410751873166455
98500 5.5039215260618475
98600 5.353794656091658
98700 4.162138697157734
98800 2.1262107175857623
98900 3.9756019341098128
99000 5.333668728463827
99100 2.6640124625306765
99200 4.283909066161907
99300 3.4051764777786633
99400 6.092106054098005
99500 5.260059517123774
99600 5.44280575501742
99700 4.0987632765603985
99800 2.567777702006571
99900 0.334910446150005
100000 4.953034811612358
100100 3.4102682916593485
100200 3.5661728513678455
100300 4.926038718373494
100400 5.557332214730151
100500 3.37392308070908
100600 4.239320826650923
100700 4.175176803588893
100800 4.488740546871286
100900 1.453174829583362
101000 1.971515977401198
101100 2.506463595435894
101200 3.165102347921697
101300 3.0937892595553174
101400 3.3689675604296703
101500 4.5195609980257005
101600 5.433440886583641
101700 6.799777695013506
101800 7.312818964563262
101900 5.537363297067932
102000 4.717292090188458
102100 1.8716961323758747
102200 3.6600645583226727
102300 2.843955162267605
102400 3.4679425790120146
102500 2.790544297400401
102600 3.058326509881306
102700 3.582685769202777
102800 1.5523610305979243
102900 2.410713616251992
103000 3.6271217433665197
103100 2.517481979232164
103200 2.079064958509801
103300 6.51439437488718
103400 4.096762614734287
103500 5.216307650797103
103600 3.913522681062354
103700 4.2792553952412655
103800 3.1062420392109384
103900 1.7456685150347526
104000 0.7348134894208171
104100 0.08285096805837894
104200 3.1753329744645162
104300 4.793142193887401
104400 3.902163837347249
104500 3.74056711444214
104600 2.6424146847386134
104700 3.8522910327410593
104800 4.430962363502757
104900 5.224239454929988
105000 4.817981469752558
105100 3.9801950198341505
105200 4.4597377802571145
105300 5.242853297506047
105400 5.889449744567485
105500 4.193526696448764
105600 6.5085053172931815
105700 4.04584488409951
105800 3.875142122470339
105900 3.8728758857778045
106000 4.764949778626275
106100 1.73659369915498
106200 3.852917050625856
106300 3.46046619465807
106400 5.440969104232448
106500 5.205398341544914
106600 4.111875943717914
106700 4.550014359488276
106800 3.799173486623061
106900 2.9082579076832276
107000 2.7264010866696036
107100 4.528336575851226
107200 3.7124317561336655
107300 3.4673058909668546
107400 3.171966488341699
107500 3.623838845021221
107600 2.9831259963153562
107700 3.217199869994896
107800 4.578332502329291
107900 4.682069372417239
108000 4.297440659768037
108100 4.211265458414905
108200 3.8579951659697556
108300 2.755878908443201
108400 2.4841365823291435
108500 1.2381720304811992
108600 2.969028837569498
108700 4.403795560493891
108800 4.567328271269689
108900 4.749371617071039
109000 4.114392189269205
109100 4.293226113387951
109200 4.04186330013752
109300 2.188086150883117
109400 1.4387419450500618
109500 3.4661601305358074
109600 5.771973084646758
109700 3.9061919032512056
109800 2.185987355212218
109900 3.3585662657118003
110000 3.6221002484545792
110100 3.23655906381574
110200 1.3234240613295856
110300 2.15943653076063
110400 3.271927332533278
110500 3.7015273537693894
110600 1.9268465468088687
110700 4.533884224008389
110800 3.4896558876955743
110900 3.3638444061932216
111000 3.203526398531044
111100 5.491634101409061
111200 3.4555025581856293
111300 3.4480121823107455
111400 1.0919264708075849
111500 2.7402011559205213
111600 4.379051025319515
111700 3.714693022808097
111800 3.861984415258627
111900 4.773326913209802
112000 3.412061414036657
112100 2.3938204787854747
112200 1.4685400154168646
112300 3.3792844363403156
112400 3.2124824464668302
112500 2.934611892181039
112600 3.2407024579201327
112700 3.3726646017550785
112800 2.640735963071326
112900 4.620474258881238
113000 5.1416278268043305
113100 4.106972908667504
113200 4.484172450136313
113300 4.209473286514957
113400 5.40406240974448
113500 1.9053850040071538
113600 1.2669201558535967
113700 2.095484378973571
113800 1.4500723798132225
113900 5.0202675348326835
114000 4.487888580958663
114100 4.960313031439796
114200 2.393806883296192
114300 3.8960123386226377
114400 2.627269066992928
114500 3.2940809380551377
114600 1.691746472595607
114700 3.231878761580604
114800 3.5063611693566687
114900 5.1348919821054775
115000 4.247044104097321
115100 2.6027147700262168
115200 3.7225807608816157
115300 3.704658983723617
115400 4.472944131450653
115500 5.464647549451731
115600 3.769497763718683
115700 0.31636972700162586
115800 1.5547225778720348
115900 3.1318500844819313
116000 4.435818845044333
116100 5.24710676849304
116200 4.88338725856893
116300 3.90444852027555
116400 3.3792369682638306
116500 3.7546093239227094
116600 2.052407035796622
116700 1.2120734373412527
116800 4.222635093097646
116900 4.623509879053686
117000 2.571210515107601
117100 3.0566447367042144
117200 4.6896482603756775
117300 6.167996198317645
117400 6.016481780424406
117500 4.516371219314416
117600 3.073996263268862
117700 3.2205711740089704
117800 5.241931634180072
117900 3.805957837680115
118000 3.357888051143423
118100 5.616458638874512
118200 5.588211840898683
118300 4.2759927740688495
118400 4.797631240492293
118500 0.5553168928978487
118600 4.120281530553996
118700 3.6621404346810684
118800 4.067023964971038
118900 0.7901125579974642
119000 2.9088912380844074
119100 2.058860777895252
119200 2.8529259982056048
119300 5.0012424449719015
119400 3.597866074516135
119500 3.6404082629422
119600 1.498104300368533
119700 0.9689814117377167
119800 2.8293233493291354
119900 4.569226886460556
120000 6.676802945069637
120100 4.979775292465345
120200 5.181886246778657
120300 2.367428764840091
120400 2.7096080138802265
120500 4.136868436052445
120600 4.154401446342232
120700 4.201440688551933
120800 3.10469765980079
120900 3.7953168173970124
121000 5.76121873835961
121100 5.237842882954204
121200 5.076290530164813
121300 4.83573269715055
121400 3.4599331485546467
121500 4.08762241853051
121600 5.543645933735112
121700 6.474891168975289
121800 4.817058880504957
121900 3.0704269023387964
122000 2.6896024834361096
122100 4.947625217608243
122200 4.622929904037307
122300 2.2384549411859527
122400 5.132422784640299
122500 1.9698593448876742
122600 1.679361590938697
122700 1.8022347337398312
122800 -0.9827164110454734
122900 2.7792749311242892
123000 1.8628732013095641
123100 2.7648313237749833
123200 1.4480455274034
123300 0.4719868889253963
123400 1.957286775237055
123500 3.2900296053375224
123600 3.3068938476907785
123700 0.9556231431529192
123800 1.836742141892579
123900 2.0283937175364355
124000 3.977248513649166
124100 3.2609058579305454
124200 5.561882192056545
124300 4.053512500760871
124400 4.751732328048662
124500 4.0342141783065895
124600 4.076534204493606
124700 2.454546514494987
124800 -0.11614397665030766
124900 4.088712243034033
125000 4.010740763285686
125100 4.395043748254741
125200 3.981232616695685
125300 3.6053818762404344
125400 5.243257366241836
125500 5.91150678309074
125600 5.009578452165975
125700 4.694750233755943
125800 4.918775867312413
125900 2.144632171819462
126000 2.466514849093326
126100 2.8262871291626266
126200 4.261135776857457
126300 3.5791546677304784
126400 4.284539861189191
126500 4.40247362901533
126600 3.2531387093010773
126700 4.661977950422041
126800 4.813559195297145
126900 5.434445972301229
127000 7.023493489951013
127100 8.175553561426357
127200 7.437468322892101
127300 5.403563375193425
127400 3.4485470397907223
127500 5.296468754448571
127600 2.5508139123624898
127700 1.5763147354866116
127800 2.4196796262352547
127900 3.26442199932982
128000 4.302154852799814
128100 4.378223470946373
128200 3.403761007118657
128300 3.9484682863167078
128400 3.567539795890796
128500 2.432547719126546
128600 2.6650394364065018
128700 4.04644452318411
128800 4.652004363432923
128900 4.810866645326162
129000 4.548982378590977
129100 5.69365728474352
129200 2.0492910842167005
129300 2.1424128077618962
129400 4.227853236712054
129500 1.3509882910545163
129600 2.7549456120972105
129700 2.050051021803627
129800 2.3831128053762
129900 1.7309583850244445
130000 3.713934095171582
130100 4.4808162002344645
130200 2.451086494863379
130300 5.081994056577126
130400 3.5003012601579306
130500 3.0366139577635973
130600 3.999012325500395
130700 4.778877526193686
130800 4.601730708478177
130900 5.063383040902707
131000 6.533413139470281
131100 5.0145297791130465
131200 5.423487449001003
131300 5.906097601729551
131400 4.745793069532785
131500 5.1284803998588755
131600 5.410701312358429
131700 4.35213189629563
131800 5.031316940979423
131900 4.863701322307208
132000 5.260366258682415
132100 3.1662616947216664
132200 4.6597298011925306
132300 2.1031806018535817
132400 2.6396660056548917
132500 2.863668469062342
132600 2.261542750782589
132700 2.2337989317419784
132800 3.0117692745778935
132900 0.008405477385084764
133000 1.5448968464590562
133100 1.6409864742664797
133200 4.747060206788291
133300 3.946444988462127
133400 5.2269578523464135
133500 6.69412885095522
133600 4.525856306069809
133700 2.281100894048291
133800 3.1458425860507058
133900 2.6223350513900994
134000 3.7482665812677465
134100 4.386208471063725
134200 4.348981688509776
134300 4.908163363327983
134400 6.329609202938838
134500 3.5825114389542296
134600 5.187196689658051
134700 4.378836932851365
134800 6.675868039102917
134900 4.870224193486582
135000 4.558773923752048
135100 3.724360951571644
135200 6.549039667518677
135300 5.923969919034271
135400 2.7629980837765435
135500 2.2767040100126494
135600 2.954159106097513
135700 4.7734180670439645
135800 3.341468665811304
135900 4.85550516707
136000 5.234545103538024
136100 3.366252837587461
136200 2.6091142878405433
136300 3.920403997522024
136400 4.7909290778233125
136500 3.5988376294256548
136600 5.241295139236156
136700 5.856058638458249
136800 2.4677055075053382
136900 3.380003710790141
137000 4.269964931524039
137100 3.9728446095445884
137200 5.80515839173967
137300 3.1770654825995384
137400 3.2511842510737012
137500 2.1906753307390474
137600 3.639226775628325
137700 2.9014926428491523
137800 3.1910532930716013
137900 3.595656553683405
138000 4.6698149381980665
138100 3.6550082902547243
138200 2.771864799298707
138300 4.659648257475821
138400 3.1940902021600426
138500 1.4442355055943918
138600 1.8297528431006322
138700 1.5605214999411754
138800 2.688849830672413
138900 3.1983391551065874
139000 3.141351646500519
139100 3.536673334423333
139200 2.8887612859988048
139300 2.45555682915566
139400 3.7748597299727082
139500 0.6964861775104515
139600 3.191866957238434
139700 5.025239597515775
139800 3.3744399370251217
139900 2.236570160251926
140000 2.8385086162180553
140100 2.48102911785466
140200 2.7814939936590966
140300 3.173933082097652
140400 4.273804067842637
140500 4.382755520610349
140600 3.7033561233136663
140700 3.9682408573672348
140800 4.0854430917484885
140900 4.626835065456668
141000 3.050057205062227
141100 1.41324517121939
141200 3.8158369605475766
141300 4.289920916295909
141400 4.402970545302736
141500 3.6550680574514707
141600 3.2870203279452626
141700 3.2916554367182833
141800 3.325418485935578
141900 3.156949066714162
142000 4.987128708183297
142100 3.0245719283209644
142200 5.074606533005642
142300 4.161144063381024
142400 2.5642488675012842
142500 3.073225226671178
142600 2.850243008090465
142700 3.536309509083498
142800 5.016218853669809
142900 3.3172929177264914
143000 3.2340987059551742
143100 4.986238415387266
143200 3.02305618990571
143300 3.780665355176269
143400 1.999016860451991
143500 4.647084395253735
143600 3.3326609443066766
143700 2.281303887468652
143800 1.7741378575885036
143900 3.8456194876868195
144000 3.411224792772443
144100 3.461261088891067
144200 3.6673872292453376
144300 2.9100295640120932
144400 3.7883179893892023
144500 2.675720439608979
144600 1.9934619725004603
144700 4.796869459599906
144800 6.090058244320115
144900 4.47572674458481
145000 4.141937066875634
145100 3.018481794761955
145200 4.066129121607656
145300 3.485427336831045
145400 4.272649014047251
145500 5.54488472131243
145600 4.220167007509423
145700 3.8550865848863864
145800 3.2934843407174452
145900 5.1067533996306205
146000 3.4717651814125774
146100 5.301138120890249
146200 4.180012195078378
146300 4.211286772900257
146400 4.264055422283584
146500 3.3981317010734653
146600 1.0128443166065382
146700 2.627306926927106
146800 4.327518568557652
146900 3.484611038399727
147000 2.533745211895317
147100 1.7756200334437224
147200 2.7603674464405055
147300 1.0846033059507159
147400 3.7853347256554466
147500 3.074183241608266
147600 0.16515539154728381
147700 2.552163275681834
147800 2.2527494160073944
147900 1.7961397893396303
148000 5.2351137822754366
148100 3.572212173428966
148200 2.536495061199287
148300 -0.12181968776381433
148400 0.6333971059645198
148500 3.7869362864878413
148600 2.6231283618006334
148700 5.300707201227042
148800 6.159062135581684
148900 4.956363117095901
149000 1.7611213563474237
149100 4.027552841675486
149200 5.197076297952723
149300 4.224418306204565
149400 4.508273307843826
149500 4.691790710688863
149600 2.3087216037545577
149700 1.9216772619899645
149800 2.2592536300252344
149900 3.3507017401365524
150000 2.33998111785829
150100 4.579953624901383
150200 6.7932899150395425
150300 7.482269532142738
150400 6.900291254322476
150500 4.4160412053857065
150600 3.05272973953429
150700 2.903437676639243
150800 2.065051247499129
150900 2.7452675168456295
151000 3.827035227442514
151100 1.493383140084576
151200 2.200282502925011
151300 0.6625427527059713
151400 2.9251885793464507
151500 5.455197816799915
151600 3.536246382263758
151700 2.7600213317802336
151800 3.20492608274494
151900 4.842585064303948
152000 5.188824453521225
152100 5.812208156653892
152200 6.349136540844829
152300 5.8104780643791125
152400 5.961419551739818
152500 3.5205156525212966
152600 4.9437758082396215
152700 3.8543204191826046
152800 3.200827594126159
152900 2.4725535566491685
153000 2.8662802418701365
153100 3.011508703740846
153200 6.181206729037652
153300 5.466184098877989
153400 3.7449270655222335
153500 2.46260160586411
153600 5.228592399404657
153700 2.9897727094557496
153800 4.566104325296453
153900 4.917319542889702
154000 4.8163332371652485
154100 4.3569813365720504
154200 5.394955099948082
154300 3.363512839676366
154400 3.3042898157223406
154500 3.6098313185668536
154600 4.400355446790711
154700 4.276198301198392
154800 3.588181179962049
154900 4.608432364841261
155000 3.0783272857260893
155100 4.151771088451975
155200 1.65119059294865
155300 2.5119501289334965
155400 4.1538497988291825
155500 5.133590754494987
155600 5.88533450422874
155700 5.380227789276172
155800 3.593847544119852
155900 4.089695224224022
156000 3.941771572096833
156100 4.7147152444061105
156200 4.670941110408048
156300 4.6973559165985606
156400 4.782278529635578
156500 2.410421707864817
156600 2.76525057949405
156700 4.687655942303587
156800 2.1165676157390108
156900 2.2228290956419454
157000 3.5541250789553382
157100 5.999010173617433
157200 4.740364090020264
157300 3.775962934360721
157400 3.394540685614414
157500 2.4631120121775054
157600 3.747570372747214
157700 3.39601707746213
157800 2.580850235158794
157900 2.4723127983185647
158000 4.1096975690705095
158100 5.268221716094636
158200 4.597662427379008
158300 4.387713149210515
158400 4.2698390040190635
158500 2.3876826908111375
158600 1.6904316205401049
158700 3.008773572716121
158800 2.7096169622751076
158900 4.2689053568998245
159000 3.3268644833731793
159100 3.346740396787055
159200 5.442480587255232
159300 6.722154880252758
159400 3.792056145423773
159500 5.130441308070026
159600 3.338181487633078
159700 3.9583557219152823
159800 2.920462286384627
159900 3.02442826218479
160000 2.699454895164476
160100 2.6623356508686093
160200 3.698298584009621
160300 4.034569673240042
160400 2.0317068606084727
160500 2.73996188879847
160600 3.315454176154488
160700 4.103532302524939
160800 3.4720718759938567
160900 5.7909709371338804
161000 5.5932252861190515
161100 1.833836906466212
161200 1.923083341817152
161300 3.987868851077614
161400 0.9063313978611947
161500 0.9649484548065899
161600 2.6677571933418536
161700 2.862523473419157
161800 2.276854339924198
161900 3.2397597344750086
162000 4.051143119602978
162100 3.3966299110529183
162200 4.177601421117183
162300 5.368426938595856
162400 5.081667119099418
162500 3.849797343724086
162600 6.071785498858484
162700 4.49229998073579
162800 4.658854749989714
162900 3.51747930427484
163000 3.605279840372246
163100 1.8392469146851382
163200 5.512407548308387
163300 4.611817608695271
163400 3.5185895617432563
163500 2.941753685232107
163600 4.188199601604975
163700 4.304526713976749
163800 4.795304120570286
163900 4.317229744328607
164000 1.3942206648094084
164100 1.7457808833367239
164200 2.3076901039206232
164300 3.5222928342777737
164400 5.003164068296017
164500 4.017076411437995
164600 4.953625477490046
164700 5.493866175396627
164800 4.0827925931053874
164900 2.2832508399472564
165000 1.8372000545002842
165100 3.7138813221504776
165200 5.385044162215515
165300 3.354510525264017
165400 3.934245939866568
165500 4.477513372675
165600 4.836256289143563
165700 3.8818766777282643
165800 4.756974470077842
165900 5.115811112559562
166000 5.187748519786989
166100 5.708466947948712
166200 6.966519706363877
166300 3.8637811117577234
166400 4.26479825341065
166500 6.241153517500684
166600 1.763812032108934
166700 4.720865280790962
166800 5.070834140643251
166900 3.727947941774812
167000 5.244392550848957
167100 4.943198983652787
167200 5.142609513010615
167300 6.811811800395485
167400 6.650511337211251
167500 3.8008862744596836
167600 3.146893575465526
167700 2.6966027027453823
167800 3.4361019917364093
167900 2.801627885206062
168000 2.714828985562635
168100 3.837540164187412
168200 5.191017874797429
168300 3.7964112349971457
168400 4.314751658453233
168500 3.7379286756110073
168600 1.4745193328513742
168700 2.4707536147078337
168800 0.7271973967533514
168900 0.9925626561877829
169000 1.9383107571326612
169100 1.9488221763538849
169200 4.650777137934767
169300 3.6494641338136464
169400 2.23661669298086
169500 4.461843203309873
169600 2.444007187780711
169700 2.939982717904951
169800 3.927734815915975
169900 4.576750325939897
170000 1.692714708419493
170100 1.9565249626868655
170200 3.256733109813193
170300 5.003942520268284
170400 3.4652357836202263
170500 4.549843917704965
170600 4.563873777554638
170700 3.9711008522534086
170800 3.6344936186659913
170900 4.622788077499538
171000 3.26996856402453
171100 1.8866427640836088
171200 3.222046919280197
171300 1.8086753831847053
171400 2.3586124138688476
171500 0.8531323692629711
171600 4.1792333326359135
171700 4.45104367369788
171800 1.8568623575012764
171900 2.896867542504814
172000 4.106461831594167
172100 4.262941351320148
172200 4.798501718394011
172300 5.499609721971053
172400 4.659680007454527
172500 3.4542090556493497
172600 3.064965751515105
172700 2.7553786927634456
172800 4.013017950322471
172900 6.580650947256186
173000 3.2285213309522716
173100 0.34224803301329726
173200 3.012444857234604
173300 2.2937649282465147
173400 2.6477250458483077
173500 2.800237683832949
173600 3.3878989084133866
173700 4.417143864881911
173800 6.049797858208285
173900 7.389281138941933
174000 4.385570586258628
174100 6.075588670205733
174200 7.504730971817279
174300 4.721038065179468
174400 4.3427601791619095
174500 3.8841512397961875
174600 2.3384656818729384
174700 4.051624634602868
174800 3.0636705439814507
174900 4.494084479513733
175000 4.403482844634252
175100 2.8108069785436274
175200 2.920577297644434
175300 3.5544169601740605
175400 2.447030901007088
175500 4.266138381847577
175600 3.3679253240919445
175700 5.401013721520412
175800 3.6387605452074845
175900 2.6032435055976673
176000 4.441318322991132
176100 5.49031763114748
176200 3.358275566440063
176300 2.660327688319365
176400 3.943278116585141
176500 3.5172799005966566
176600 2.75024258540601
176700 2.692670151719172
176800 1.3096399153195586
176900 3.40873422909383
177000 6.238017968889786
177100 4.8516424446549955
177200 1.7323120186392051
177300 2.007789586207251
177400 3.710774088770802
177500 0.8639994855942155
177600 2.846062551448704
177700 3.626761832559864
177800 3.9972023504124
177900 3.865742937314049
178000 3.449496526933165
178100 2.4476662644158753
178200 3.6138687212404115
178300 3.473536694902808
178400 6.44106829145153
178500 4.384992165124622
178600 4.056466336865507
178700 3.6081634154931783
178800 4.93509582686648
178900 4.617348928832738
179000 4.93094914708668
179100 4.935668292678684
179200 6.291976535597104
179300 5.456328207445657
179400 3.0325899315609304
179500 1.2462316196707877
179600 3.840612261190734
179700 3.6623930462015255
179800 3.9705334880059606
179900 4.9748586287598995
180000 2.34981126612577
180100 4.0654210812608165
180200 2.955631957009211
180300 4.664504874809741
180400 6.842495732629496
180500 4.79709430352128
180600 1.947494231889083
180700 4.955036697245196
180800 4.5034063125077015
180900 4.287003305748436
181000 4.545759893988282
181100 4.6538980922164095
181200 1.9194103902476838
181300 -0.27619059568478904
181400 -0.47008037874977826
181500 1.8509788988511786
181600 1.5153504720266164
181700 0.7940582179525753
181800 0.619111493000047
181900 5.36854505027498
182000 4.227493022851422
182100 4.6945112850885815
182200 4.174522778535753
182300 4.231086839347306
182400 3.985962077104445
182500 4.703055786835168
182600 3.464597753233612
182700 4.395007593051378
182800 2.75422104288634
182900 5.502573725963955
183000 2.998558008211604
183100 3.03481522734712
183200 2.8040120375831776
183300 3.4034467022873285
183400 3.700096407343279
183500 6.320937778128654
183600 6.076567314460711
183700 4.709525667673954
183800 3.9251707310423996
183900 2.238981720227398
184000 0.432036731018508
184100 2.2789802022515233
184200 3.6899611917001938
184300 3.160658115624583
184400 4.060674388825484
184500 7.0329210061832494
184600 4.297758838674463
184700 2.9471617637685754
184800 2.5049920335081644
184900 2.3984629575143233
185000 -1.3223636969331132
185100 0.6278707933996306
185200 4.023725322826542
185300 3.644074213356754
185400 4.5314507371475425
185500 5.325697409857604
185600 4.234949780415703
185700 5.857784242248887
185800 4.223706543135375
185900 5.596647274724899
186000 4.294027266359316
186100 6.643875859719853
186200 6.041235117699379
186300 4.943228419840135
186400 3.4188898239188674
186500 4.505359167302111
186600 3.33722279003977
186700 3.090643225530302
186800 3.692322436956778
186900 2.9353258399196163
187000 4.112775844223252
187100 3.6799780936024655
187200 3.769780015568857
187300 4.505724691348329
187400 4.483754968800312
187500 5.178685345401254
187600 3.145441377011271
187700 3.0000911304777267
187800 2.0226808994494445
187900 3.153663889492426
188000 3.868769521892048
188100 4.137215270815197
188200 3.8576734354746347
188300 3.661629035256409
188400 6.393471408960764
188500 4.213521214302322
188600 2.146567232904805
188700 4.514456319599746
188800 4.921793144176387
188900 5.224878806000475
189000 3.4166815465695555
189100 4.921153757291066
189200 5.233580751945299
189300 5.7275530958908565
189400 2.9515699215703997
189500 3.680429295866645
189600 5.763099434711629
189700 5.548546637355781
189800 3.8265993457707372
189900 1.6188466991263495
190000 2.700080409016953
190100 3.5993887142094705
190200 2.0646459512921718
190300 1.4788776389656229
190400 0.7807789772762386
190500 1.8663585897296264
190600 3.9846040089868424
190700 3.852990690960195
190800 3.071130906686809
190900 4.1292872221023424
191000 4.484994215149917
191100 2.5277626137113263
191200 2.534214654340879
191300 3.4587720758104092
191400 3.296016381292728
191500 1.8556948408218992
191600 3.0652740193155767
191700 2.4308673432042767
191800 3.185042730889093
191900 1.0725878046562827
192000 4.306070635196399
192100 3.0321586607415756
192200 5.416983851111019
192300 5.861160501741459
192400 5.112788511800126
192500 4.083113628007332
192600 3.4634720988863172
192700 4.1249394155169945
192800 4.712192395209223
192900 5.969137372150091
193000 3.607348586246654
193100 3.9020697053810807
193200 5.820392735424112
193300 5.838283489906637
193400 3.603771101144845
193500 3.2751526828775317
193600 3.292820033515675
193700 4.073557640478654
193800 4.078615384201722
193900 2.9644915011191513
194000 3.9977712946896506
194100 4.565209502500304
194200 3.7975065910767536
194300 3.401994701124752
194400 2.663637412498388
194500 3.2827497681484474
194600 2.743378321732989
194700 2.4334675639178776
194800 3.390241399372712
194900 3.6487704029020254
195000 4.000985593796879
195100 6.301296451292435
195200 3.475611112296002
195300 2.3598626941987044
195400 4.865622331119337
195500 4.83827512058548
195600 3.632394913970398
195700 2.907443898067787
195800 4.522453146983876
195900 3.1538934459308057
196000 5.283460651908263
196100 3.850979636050897
196200 4.490659153891301
196300 3.6236768214690818
196400 4.811100882801042
196500 3.2949743822889395
196600 1.5499443048098709
196700 4.106613582111151
196800 4.871880137575344
196900 2.2816034583734557
197000 4.269847977937904
197100 2.8886020507839416
197200 1.5205050060768448
197300 3.875696114739977
197400 4.88209996588811
197500 2.7584971015443873
197600 4.50773994948929
197700 2.992940939005324
197800 5.93502995326219
197900 3.356095655869706
198000 3.309320204436834
198100 5.227101247720559
198200 5.828587486213056
198300 5.002497913592766
198400 4.900694038662095
198500 2.960211540926784
198600 2.8219578175669815
198700 3.337944906069703
198800 2.7814724378718805
198900 3.762225792557923
199000 4.17031790186629
199100 3.4812788027052886
199200 4.517620115976072
199300 6.2704407419629264
199400 6.991598058418548
199500 6.214112637976445
199600 5.893793137983143
199700 4.06256728381268
199800 4.52838436352069
199900 5.915277437538057
200000 5.2593203801890365
