100 1.748060483514881
200 4.233268990385956
300 3.691758527067841
400 4.489406806413583
500 4.459331124673631
600 3.908496116319468
700 2.29773780920454
800 2.448118088132274
900 1.4701374155599027
1000 2.921289356578352
1100 4.401083872433584
1200 5.032789517378506
1300 5.255895947888577
1400 4.531850205125396
1500 1.5481701014852565
1600 3.3522550226603447
1700 4.136159125828264
1800 3.543650163904958
1900 3.8776976552451394
2000 1.53587445549471
2100 3.1061432613766016
2200 2.9765674826233033
2300 2.8978246635157094
2400 1.8386447857642716
2500 1.30725983821693
2600 4.890946737583817
2700 4.708572810584307
2800 4.584320521598163
2900 3.785491455068491
3000 2.9176754238062923
3100 3.0945191218034487
3200 4.737555981841438
3300 5.1462534432227365
3400 5.209461975221295
3500 6.3642134366700835
3600 2.90138848817146
3700 3.9100943271851722
3800 3.358446664376151
3900 3.4548067692516877
4000 2.9784070790712134
4100 2.3508486464385183
4200 0.4126636868123074
4300 2.0262796700141568
4400 2.352039605312946
4500 2.90760059325106
4600 3.72693761695029
4700 2.1476460147538994
4800 3.963944311609733
4900 6.023269954066837
5000 4.123319029010989
5100 3.2699004473661586
5200 2.8896733490370634
5300 3.451856895372079
5400 3.820601303328906
5500 4.943366694901218
5600 4.85710665961117
5700 6.458748788454665
5800 5.593226824132132
5900 5.051598344355084
6000 6.467434870055386
6100 6.7894071751976846
6200 5.415421159005498
6300 5.066453329313621
6400 3.5800251153441205
6500 0.6975735721374927
6600 1.6853914935478196
6700 3.059333376242673
6800 3.1328489909612944
6900 2.4278414936495083
7000 2.103713969102429
7100 3.3247065465273846
7200 2.1203413393983808
7300 5.151668629748458
7400 4.63046475703162
7500 2.748154776309466
7600 2.1104244041427007
7700 3.773735951742245
7800 4.997347296113902
7900 3.8101186801974203
8000 3.16262862206839
8100 2.409609934876348
8200 6.112895722726134
8300 2.9896565597289806
8400 4.340076804246137
8500 3.534455487515275
8600 2.6509474707456295
8700 2.396007426162962
8800 2.7220023455222395
8900 2.4560092108998313
9000 2.6333124794290503
9100 1.1138065237169006
9200 4.3779707420581655
9300 4.162902774750204
9400 2.7640654285666035
9500 3.6281594090938003
9600 2.813776055170319
9700 1.0997378873323775
9800 4.246037921957505
9900 3.6185588429167512
10000 4.343230365416181
10100 5.860759923875258
10200 4.456529384421299
10300 4.677256616302215
10400 5.629208723678744
10500 4.791046108079506
10600 5.66070904928041
10700 5.976710811312565
10800 6.08769515903063
10900 2.232621804396399
11000 2.3650912055475306
11100 2.7845122294584805
11200 4.701282522633881
11300 4.698437792730432
11400 4.495159900391776
11500 2.9910640876902854
11600 3.2220288965596966
11700 4.03228927676529
11800 3.5135557243276376
11900 3.5901001726522304
12000 4.038240179686237
12100 8.488760209804086
12200 5.21933678111879
12300 3.706144701721758
12400 4.205419518234005
12500 3.853167821728826
12600 1.0349338829414425
12700 -0.16500832816921968
12800 3.2254191384190904
12900 4.4794229587815355
13000 5.087290764082557
13100 3.922720244467456
13200 1.2274368445409782
13300 1.0122898434547303
13400 2.4148975482549453
13500 3.3490947212896742
13600 3.0154043577815193
13700 4.320940867891641
13800 4.661127147237466
13900 1.414616197628592
14000 2.339379217886528
14100 2.7210701426312953
14200 2.5444437850565174
14300 4.006683028315806
14400 4.1172170698588335
14500 4.451774784976014
14600 5.946150207564843
14700 4.02208763346823
14800 3.0710181638318197
14900 3.720964038692777
15000 3.6353978544634127
15100 2.9172271443632356
15200 2.658562436996782
15300 3.197625851340081
15400 2.3247459927904965
15500 1.1338537575140275
15600 2.327161970302828
15700 2.285877622163088
15800 2.20517265644585
15900 4.589297647603177
16000 5.145661097867627
16100 4.634531029232333
16200 4.357968171918231
16300 2.729712207528085
16400 2.6902251371929022
16500 3.352533052649323
16600 6.260208079052928
16700 3.203539104397083
16800 2.9017959194011
16900 3.254529054552856
17000 2.852220174814207
17100 3.125140680978043
17200 3.3310023534406215
17300 3.8037057919495676
17400 1.8804545404430704
17500 3.7819256802842207
17600 3.8826819067724534
17700 1.6760992059722923
17800 -1.3949986116607618
17900 2.4052980414595306
18000 3.6721089423263242
18100 3.6027218270276786
18200 5.01990921018446
18300 4.963617513159649
18400 4.6071289982720085
18500 4.444737830514268
18600 3.0984652687668888
18700 3.913772636079064
18800 3.833433173095173
18900 4.811983210388253
19000 3.8348125888815847
19100 3.772139211279869
19200 2.2981447449509
19300 4.6353095757875895
19400 4.7909435166449885
19500 3.0296288579591306
19600 2.091795680468731
19700 2.7971905957071392
19800 4.770977579614802
19900 4.552605236125064
20000 2.2507741722326573
20100 3.816872897050776
20200 4.206441666978048
20300 3.6761061607966217
20400 3.3895574784682143
20500 3.988349712289022
20600 1.3852503950780213
20700 3.8015349574316524
20800 3.9104900343188844
20900 4.302535176288982
21000 3.010285967435883
21100 3.848440896327701
21200 4.108436300377097
21300 4.274653067909804
21400 2.5279783964993343
21500 4.562829647156178
21600 5.888524718099854
21700 3.019365396719996
21800 3.868047033624516
21900 1.3169464404984408
22000 3.3654966619951256
22100 2.6695549241398604
22200 2.8203786993706776
22300 2.6397299246849393
22400 2.9162303461818975
22500 5.595040084869765
22600 4.9160414500138865
22700 5.264053167502539
22800 5.490925402281658
22900 2.671721329658959
23000 2.7546148042634675
23100 4.668378020572625
23200 4.162194729061139
23300 3.0823586009551978
23400 1.8949922857383166
23500 2.488936076149164
23600 3.2646433284740084
23700 4.341913613709255
23800 3.2124004069115606
23900 3.678958648870797
24000 5.580971226928103
24100 4.6687266571261485
24200 4.752165551344821
24300 4.490543007753879
24400 4.97710524518044
24500 5.567577507617637
24600 3.4227329473634436
24700 4.538677539117
24800 3.158766999935742
24900 4.808501651743339
25000 3.0667744516522863
25100 3.6577602623157097
25200 3.238043751879068
25300 3.169450925630011
25400 4.147842810661164
25500 4.981067884896278
25600 4.635087076275516
25700 3.6612021893478133
25800 4.310323314464301
25900 3.106967242084931
26000 3.4333891712765876
26100 2.6142338986083855
26200 2.8219183237734202
26300 3.35503094600892
26400 4.272932052925691
26500 1.9457990985445914
26600 4.313265819519691
26700 3.3985585995585454
26800 4.392121098252449
26900 5.350860361511909
27000 7.2610747005074545
27100 6.175958998926864
27200 6.187313904515874
27300 5.996717982556822
27400 3.072211552240742
27500 5.177998467957837
27600 5.654833740707964
27700 4.364566550529765
27800 4.258297436403277
27900 2.1561334021006857
28000 2.265580892755855
28100 1.3000690356789337
28200 2.1656798848789336
28300 3.4947303572723567
28400 3.7864902010543164
28500 3.5571459396591694
28600 5.101911763380061
28700 2.3811114710269603
28800 2.7415146215815507
28900 2.873320657639229
29000 5.069492151891727
29100 5.1774963654762205
29200 4.524293412667287
29300 5.207936743889008
29400 4.172150387675262
29500 5.349083809494093
29600 4.514029762584051
29700 4.544517552539304
29800 3.847233712480941
29900 3.1120944580029044
30000 3.3031764160656665
30100 3.466770269007336
30200 3.6356089518056325
30300 3.9164169351116236
30400 5.201941024065212
30500 2.92764457553471
30600 2.705863137511211
30700 2.362989977529925
30800 3.527770425131392
30900 0.9964230881136438
31000 0.6063382543361021
31100 2.348718859213412
31200 3.4379790504680097
31300 3.3629315225402854
31400 3.178615212628163
31500 4.538826369187512
31600 3.2864572271034778
31700 2.8028016791763926
31800 3.442468500594063
31900 3.0661570491252306
32000 2.4410315051145726
32100 3.34937241574744
32200 3.775909668969277
32300 4.357589177998622
32400 4.203606171525301
32500 4.174748702754276
32600 3.260692119941143
32700 4.304152924146697
32800 6.5837110325965655
32900 4.154002486155968
33000 3.080272261587436
33100 3.595760075479597
33200 1.8903274824399479
33300 3.678913253521667
33400 4.665625577036184
33500 3.762874906898892
33600 4.407529142668319
33700 1.1553309819353548
33800 3.4012062958317166
33900 2.7158327959253477
34000 3.1882250403742534
34100 5.063057370421541
34200 3.4928566878901317
34300 6.304664459503297
34400 5.702172574357985
34500 5.66454879216751
34600 5.685344769666568
34700 6.197460200525081
34800 3.5664664951223526
34900 2.524934740075258
35000 4.232107090009415
35100 4.225885382769142
35200 3.3461216833273872
35300 4.242877120156955
35400 2.6797815742385995
35500 4.4562608346674075
35600 2.6704677749968186
35700 4.526401558523139
35800 5.45502017303869
35900 5.421811080420177
36000 4.465149202813008
36100 3.6368568703166755
36200 5.431066118800425
36300 5.566304821622119
36400 3.0035801503092725
36500 4.453342983364847
36600 5.095429775461357
36700 4.925689550536064
36800 6.138758409193744
36900 3.8502879489763204
37000 4.287320219610425
37100 5.014968979274749
37200 3.506086509187259
37300 3.783895490445037
37400 4.622003424413511
37500 6.5369296538987935
37600 3.490497330080279
37700 3.5617589030113326
37800 5.643939879274411
37900 4.560504167204401
38000 3.3527261455880852
38100 2.615347386515047
38200 2.810742330007216
38300 5.9699147777691435
38400 5.045015368329222
38500 5.828531674619593
38600 5.238034975064989
38700 3.2243902442033985
38800 2.4821177845610363
38900 2.4416238732117748
39000 4.345517063111632
39100 4.559500499113991
39200 5.400689362723932
39300 6.436130424614513
39400 5.821490067442921
39500 4.888854416000891
39600 5.879232757167539
39700 5.754431980482793
39800 8.058905691080966
39900 6.359182210591801
40000 5.160272813574105
40100 5.658612647753305
40200 2.666102980124571
40300 3.0855212884520387
40400 6.334484494038726
40500 5.237157631278893
40600 5.085029403821703
40700 4.598440273944302
40800 5.640229788430374
40900 3.2048510172206757
41000 1.8784499965735166
41100 2.6170151984189807
41200 4.380310215232792
41300 2.673163549516862
41400 2.179159219294
41500 3.5555086911128693
41600 5.592746235690415
41700 3.6910618874539565
41800 3.802368700790382
41900 4.143662389040727
42000 2.1017654938133963
42100 1.875119222661097
42200 2.967068724880268
42300 1.6927304826225056
42400 3.3671847568254276
42500 3.9418933378616448
42600 6.711735327752796
42700 4.857624901928739
42800 4.545392174488588
42900 3.447470894065844
43000 3.6010083895262524
43100 3.382180524247795
43200 2.0398575178309706
43300 1.33123381885023
43400 2.405164366777826
43500 3.9380484792429744
43600 1.6032563305363146
43700 5.224961741568809
43800 3.6321253078055786
43900 4.6368204531788475
44000 2.6966325060437577
44100 3.317655794151792
44200 5.776546313740473
44300 4.688829028687197
44400 4.748861509400677
44500 2.326354002217331
44600 2.2576774451351906
44700 4.67400724275154
44800 4.406334057600631
44900 3.6759022114404063
45000 1.295090356368568
45100 1.9279481490236694
45200 3.5164675503953817
45300 3.7400069107651475
45400 5.165961572877718
45500 5.148170331111891
45600 2.057792907557671
45700 1.570761877712846
45800 0.9823346169163796
45900 4.501956526776076
46000 4.76141757177956
46100 4.3780379249015775
46200 3.209721965796766
46300 4.270108595384345
46400 3.2113426845397224
46500 1.5399152842142327
46600 2.5313191056735285
46700 4.321300685729211
46800 2.0917156116177034
46900 3.1378431831914813
47000 4.361006507610708
47100 3.0125566400437385
47200 0.9744559239200761
47300 3.150238371699956
47400 1.1391169701941783
47500 4.151654121844292
47600 4.607587795536863
47700 4.095327864243622
47800 4.7816589865196715
47900 4.182443407369594
48000 3.1101411900484908
48100 5.367219045938557
48200 2.4043746078991166
48300 3.3248604297582607
48400 4.607397447504996
48500 3.353452550359442
48600 3.5326942454313315
48700 4.462904871564049
48800 5.534701430243713
48900 4.445929896845002
49000 4.421467317590445
49100 1.724666724953791
49200 1.970567527619085
49300 4.647271207651818
49400 5.001663765460079
49500 3.759291579050391
49600 6.841023034792521
49700 5.035470649927223
49800 4.729909976282705
49900 5.1084716964815
50000 4.374094262994072
50100 3.2728594043899224
50200 3.566270556836656
50300 4.471430514994282
50400 3.4524086207430806
50500 5.880770110247901
50600 4.164087564276497
50700 6.078999374068932
50800 4.085442870588789
50900 4.552751519120889
51000 3.7372776714315092
51100 3.877218483556634
51200 4.076448295905924
51300 2.002162827175764
51400 3.082534910413651
51500 3.9888094612302214
51600 3.6929036721829434
51700 5.595840904384846
51800 5.827494500454421
51900 3.5130763787533006
52000 4.743134526429718
52100 2.630142965377466
52200 2.2533932629808024
52300 3.5613172302862517
52400 4.956238704446445
52500 3.7342463751144295
52600 5.200935412829082
52700 5.298252685341963
52800 4.46470231400963
52900 6.214785122341824
53000 5.725295518572069
53100 5.611374919509135
53200 5.525299068342683
53300 6.152782143825979
53400 6.794555941794435
53500 6.311568509364387
53600 2.402008969905614
53700 2.2260136144072464
53800 4.5774011067772635
53900 5.1722308822128875
54000 3.871688072399648
54100 1.993903559232309
54200 5.865041005138034
54300 4.021807354456551
54400 5.69329240915841
54500 4.526027419530032
54600 1.4986163349386565
54700 2.325420808621521
54800 2.3588680808031333
54900 2.475866427305609
55000 4.872085060020584
55100 4.7150129689107825
55200 3.212182654524491
55300 2.9327379390373047
55400 2.7956034306675557
55500 2.540108223845383
55600 0.6308222939663182
55700 4.216696561170269
55800 1.877876618829917
55900 3.293067243948031
56000 2.97426095588115
56100 3.8004759473640157
56200 3.336695326917221
56300 4.081643622921271
56400 2.9556390827841468
56500 5.6195269746479575
56600 6.481067416454116
56700 6.068639716417013
56800 4.896099999305467
56900 3.916116428342675
57000 5.832316759069142
57100 3.453012459875831
57200 4.039268319214464
57300 2.439293883496459
57400 3.037894376198779
57500 4.288884890277666
57600 3.402861298170464
57700 5.341174001531959
57800 5.238831926851519
57900 2.7540784259502558
58000 5.496836662801374
58100 4.248717869391042
58200 2.782442528011311
58300 2.3845937828399277
58400 4.859980647881817
58500 6.096099520280613
58600 1.7377489449423642
58700 3.6078699923357513
58800 6.193939838179043
58900 4.048392954989273
59000 2.944504981788996
59100 1.3638335493342912
59200 2.3553716590604363
59300 1.8363711664663966
59400 0.6059141678589448
59500 1.7747698268060812
59600 1.8801604785689892
59700 4.542264269195776
59800 3.626105629389564
59900 3.689034782868011
60000 5.741528383227605
60100 6.846647660825922
60200 3.2627367899765876
60300 1.2598212053218323
60400 4.12035029941644
60500 3.9781244228320918
60600 2.7812940225089213
60700 2.876089044202482
60800 0.9325568774604938
60900 2.868512786901287
61000 1.4557523005047948
61100 2.1764347744071726
61200 3.275436499026773
61300 2.4804149063418595
61400 3.8029567263729245
61500 4.974513407271609
61600 4.5043795776787
61700 3.6458062715090658
61800 3.5554056403618355
61900 2.559672952426666
62000 4.772067015688831
62100 4.895412199558681
62200 2.4672819590502204
62300 2.544064767437624
62400 2.9143465117466656
62500 3.4537690134082872
62600 3.3088526771712385
62700 4.422691527377958
62800 5.501108245476695
62900 2.3825214414668157
63000 4.988847653018144
63100 2.8247975215833967
63200 3.3723243019400524
63300 5.010124845570288
63400 6.772041079570941
63500 6.00472936493932
63600 4.478655655269336
63700 3.3487895086205635
63800 2.9857360233055976
63900 5.186392164788561
64000 4.776956471170774
64100 4.066834026414772
64200 3.1632897215186184
64300 3.834924948286321
64400 2.8663666175419547
64500 1.7277772938578533
64600 2.731758409581001
64700 3.8659613215596056
64800 3.4691342725450003
64900 5.395978499194041
65000 3.2221612946194935
65100 4.809001829120774
65200 4.788012989546114
65300 3.350483748004318
65400 3.4076634143169713
65500 3.467110601921761
65600 3.398625036013365
65700 4.436332036568422
65800 5.341423449306908
65900 6.345591957695437
66000 5.652212202599434
66100 4.813978766840779
66200 4.264643259341406
66300 3.247834868473178
66400 2.6900112568738987
66500 3.8772819292093192
66600 5.080210367789026
66700 2.565297518126413
66800 2.3454335852450674
66900 3.177148194422104
67000 3.701376507534268
67100 1.1352532527934596
67200 1.9797969118689467
67300 3.311478511926993
67400 3.7226109346197713
67500 3.2583289233166806
67600 4.536386918175325
67700 4.435324547309349
67800 3.859069371152338
67900 4.101740469587203
68000 3.847335745178049
68100 4.1833703568347005
68200 3.401364733590168
68300 3.77894434855765
68400 3.484260771600461
68500 3.7984023161157237
68600 4.517810275633264
68700 3.3064557077029852
68800 2.91331238469504
68900 3.3055482635667173
69000 2.9841364862035364
69100 2.8853573697178474
69200 4.970112729501796
69300 5.561355759351294
69400 3.0581453910689698
69500 2.9902056403382185
69600 1.8565504931927133
69700 2.529198986039217
69800 1.8122295266494806
69900 2.731258059822271
70000 1.8831906147352377
70100 3.643552495299317
70200 3.7195631917759457
70300 3.338600790868189
70400 4.683779404937449
70500 5.581183052034145
70600 5.434875045126647
70700 3.1748736550510754
70800 4.4313259551817925
70900 3.084187347832484
71000 3.636217266445649
71100 3.6079122530797854
71200 5.3323659910410175
71300 3.1565159990341134
71400 1.5350431620766802
71500 3.1263364722856344
71600 4.108313552471245
71700 6.023492744494685
71800 2.9368904650219814
71900 3.0338763215374662
72000 3.059715959456614
72100 3.1733550099709475
72200 2.1688321107125708
72300 2.4945544154663706
72400 2.5248010122302627
72500 1.924543975219713
72600 3.238804920147367
72700 6.0743924112839105
72800 5.329482814523937
72900 7.540914597549959
73000 5.963770988781917
73100 3.2745771148383094
73200 4.736051389162693
73300 5.478338191852676
73400 3.984934384054311
73500 6.058132761262389
73600 6.365170098579516
73700 6.976808772914355
73800 4.385201848452364
73900 3.307197448484365
74000 2.225390157346985
74100 4.9098752926903595
74200 4.894246912557421
74300 3.9202193919656105
74400 3.616083199104362
74500 3.122846789659582
74600 3.8061712152528218
74700 3.368305787285581
74800 3.550646515411193
74900 5.725855034892917
75000 2.928705167062218
75100 1.3193756883663463
75200 2.890137429597164
75300 3.6473800276039983
75400 4.3592640631692925
75500 4.350726483416561
75600 4.168191206719741
75700 4.332988262678463
75800 4.887088469774731
75900 4.185827133123476
76000 2.2147740302331447
76100 4.705422296973678
76200 3.215370055843188
76300 2.6575889117584377
76400 4.951050463072364
76500 4.689966084097286
76600 1.718221264076519
76700 3.0545759399430334
76800 2.38433623025835
76900 2.1701709676626186
77000 0.5774767253430368
77100 4.045503823437852
77200 4.168922046666517
77300 3.2421472944262266
77400 3.293295441731975
77500 3.0322416876788485
77600 3.0433835090924886
77700 2.7592260229735346
77800 1.6364246374136853
77900 4.609669363740611
78000 4.548121018084284
78100 5.059776468948285
78200 2.7894032131609574
78300 4.569739506564461
78400 2.576138392351647
78500 4.6655247177069095
78600 2.861390680715677
78700 5.123084569785194
78800 4.0729465731011
78900 3.057702741675688
79000 3.8060700322431593
79100 2.6523758675386135
79200 1.4414179394216797
79300 0.5247387623785422
79400 1.4240231680098852
79500 3.2430884704389036
79600 2.984489014763405
79700 2.5587384543921936
79800 3.4504145804333697
79900 7.132430758730448
80000 5.037142613553649
80100 4.058623648607772
80200 0.13828963392391
80300 4.095958619060396
80400 4.272420480938147
80500 2.6723278533963284
80600 2.6757711286472006
80700 2.035420335287138
80800 3.1879819069019972
80900 4.69058295184766
81000 4.630722465486388
81100 4.308156284062352
81200 5.290707368007839
81300 3.956635239835649
81400 4.408798081342705
81500 5.410709671882371
81600 3.602555129981726
81700 0.5872626941367736
81800 2.2470068562329253
81900 2.443155855814003
82000 2.3670912495784124
82100 2.7923251914683527
82200 1.7212269181573
82300 4.922530805606695
82400 6.027481361753873
82500 3.967959176060859
82600 3.0045314938505268
82700 2.480944232423679
82800 4.352137088599463
82900 3.2582786367666965
83000 5.887581380680677
83100 4.574557740580974
83200 5.561533947884615
83300 5.987812160505114
83400 6.614880884586599
83500 5.555561509816693
83600 3.540501170554813
83700 4.702270005410979
83800 4.667251257379678
83900 5.730654157603224
84000 3.7989559331618685
84100 3.6604555565348664
84200 4.466143097161651
84300 5.9830703596660815
84400 3.4663191847649966
84500 5.055148507454477
84600 4.86374174459484
84700 3.142553569178325
84800 2.4434576451036074
84900 2.244126115087939
85000 3.6339787111759154
85100 3.9016376432987068
85200 3.0589355567528997
85300 1.3139707844137203
85400 3.637663989318994
85500 4.513387367801123
85600 1.4201101330970611
85700 4.662216913497579
85800 3.14678389986955
85900 1.8638155750467826
86000 3.5879380338439244
86100 6.062104304755859
86200 4.460146239473506
86300 2.013645889312985
86400 4.9195666248567855
86500 6.538995349655274
86600 5.980439513097298
86700 3.8850509438687513
86800 2.984311825111272
86900 3.828074137023438
87000 4.5411778344153815
87100 3.2399225021710154
87200 3.300088984829233
87300 2.1180313217040676
87400 2.3821421132921015
87500 3.6289653243974365
87600 4.729442662991309
87700 5.701129323162217
87800 3.917146733793791
87900 4.196973888142605
88000 3.3800907762924495
88100 3.6786507108985536
88200 4.358575291206411
88300 3.7029217194331765
88400 1.9061679192699466
88500 2.143585692030514
88600 2.628394466628946
88700 3.762675377798574
88800 6.357854447406633
88900 5.059513664256565
89000 5.464522878241001
89100 5.699274463973653
89200 3.508611242803109
89300 3.965145346263981
89400 3.29036412847218
89500 3.768949202073568
89600 5.69154035635396
89700 6.284322519620022
89800 3.74494718815846
89900 1.4804349375835095
90000 4.580778025871475
90100 5.429818188629972
90200 4.346739278321849
90300 2.939631458919342
90400 3.1607811512143362
90500 3.8140158514746174
90600 3.9924203454452964
90700 5.327913969159858
90800 6.36844000457025
90900 5.054184911401404
91000 3.215834802157011
91100 2.108982618132797
91200 2.2917595581748142
91300 4.211060725309698
91400 3.080125205199548
91500 5.071032095226573
91600 4.329762719970057
91700 3.6756341703060595
91800 8.069427108446773
91900 5.012773032405888
92000 5.449865124183686
92100 3.403680012185939
92200 3.610384893787062
92300 6.341305270920357
92400 6.350155461813162
92500 6.072039749211079
92600 5.011966759360294
92700 3.362046968314889
92800 5.327961413188281
92900 2.776117156710367
93000 3.7204696233739925
93100 2.929328928055145
93200 1.6941388296709803
93300 2.9514391158781725
93400 4.240608174022445
93500 3.8650541656302773
93600 4.258634387604218
93700 5.805044724053656
93800 5.51512737734208
93900 4.232029548750748
94000 4.434375532341834
94100 4.533815509249404
94200 2.7765282881195175
94300 1.0539309423010097
94400 3.7160751913936916
94500 3.2189683216395726
94600 3.4375464116939196
94700 3.934410043541511
94800 1.2788083329316928
94900 2.1044300075803406
95000 2.660718996768955
95100 3.8722298456785835
95200 2.570438687225339
95300 4.1516149196290515
95400 3.267040783627334
95500 3.4440610249723367
95600 4.4224989035217
95700 1.5337772857599288
95800 3.048845538900822
95900 2.5721606582758776
96000 4.101949963618274
96100 3.867221860621298
96200 1.2997576272679856
96300 4.00735849299562
96400 5.395528024160124
96500 4.3958615715275045
96600 3.059033697059257
96700 4.78234965022832
96800 3.7219355902433473
96900 4.1528450677127
97000 3.145922080805993
97100 2.4658647761646115
97200 3.1012630021183765
97300 4.101662210178766
97400 5.240096735569527
97500 5.484323632139589
97600 6.216575737536872
97700 5.829971135545877
97800 5.517815750030519
97900 4.880421364594998
98000 5.538514921130388
98100 5.158736046767535
98200 4.012747085693187
98300 3.0164483946351224
98400 2.36660159638077
98500 3.4314633876978182
98600 1.5171993607308798
98700 2.860104235763317
98800 5.241950721120561
98900 5.352081042176151
99000 5.245676258655309
99100 3.3767889213060847
99200 3.9594116462323474
99300 4.622829560640501
99400 0.5005646372128713
99500 2.0725453768925677
99600 2.9655501066957184
99700 1.4635128842299303
99800 2.606658442265636
99900 3.0503901371983027
100000 3.9631896252438965
100100 4.448924635665476
100200 2.1032674887011398
100300 3.1547863466192942
100400 4.557436608520509
100500 1.67254895270299
100600 4.881019074769152
100700 4.801267814707843
100800 3.7857409059695515
100900 3.8465465320158723
101000 4.285865169625547
101100 4.0194442235848635
101200 4.0946241671281145
101300 1.1382993855970738
101400 2.508231272058907
101500 2.5957177882291744
101600 1.771808307544226
101700 4.1747404626989395
101800 3.910612625316525
101900 4.4113459910760895
102000 2.984155409242826
102100 3.145475492972501
102200 4.0910921212920455
102300 4.177849992027369
102400 2.4945183688048838
102500 4.022101533268505
102600 2.9689279305635186
102700 5.505494110154934
102800 4.297995014195816
102900 4.436025211418615
103000 4.9866011986530845
103100 4.198997603629429
103200 3.5507085627291395
103300 2.2079902252061383
103400 2.54096997214574
103500 5.167873811656871
103600 4.668939787863922
103700 3.9515667275136868
103800 3.668827145079887
103900 3.1106749849077415
104000 4.2394983973689335
104100 3.299058032356545
104200 2.6094117861518837
104300 2.968664919322853
104400 3.3582427686943674
104500 2.1485590555654506
104600 0.7725090899969704
104700 2.204452244386315
104800 1.9248281574270132
104900 3.0475406167701067
105000 3.174549781440718
105100 0.9824418298959565
105200 3.277782071646177
105300 5.2920292034407455
105400 3.854231943748016
105500 2.4245550216039984
105600 2.5205686863563845
105700 1.9875159409158607
105800 3.411964149005286
105900 3.281618514143055
106000 5.457066315612984
106100 4.707528500950509
106200 4.593085852318341
106300 3.267046752460241
106400 2.5439346793189603
106500 2.052717405104008
106600 0.8778167633844931
106700 3.8243556183536134
106800 2.5072798239604914
106900 0.44426795269172803
107000 2.6476633115619483
107100 3.699540661191889
107200 3.5529159835677735
107300 2.715046254822763
107400 3.571874023608823
107500 4.7230270572610555
107600 2.8833830047826687
107700 3.8970565931932244
107800 3.1868643953420484
107900 3.063507861754193
108000 3.5331592881617673
108100 2.267556840546296
108200 1.9488138869679996
108300 2.953094248322517
108400 4.313696156605343
108500 3.490594720377047
108600 4.34212784488771
108700 3.69032244456829
108800 3.5888965206416485
108900 2.4575964498305307
109000 2.915291936139587
109100 3.557521742245467
109200 4.236102452192805
109300 3.287068672329325
109400 3.1039418147939726
109500 3.0467637141219215
109600 3.833181339058367
109700 4.370125734496396
109800 2.113205701505863
109900 2.0298480405742905
110000 4.811661817399568
110100 3.4630649602117556
110200 3.19584725250725
110300 0.6795202854749253
110400 3.29353368665848
110500 1.436008264849533
110600 2.8417306885837013
110700 3.0822285296325163
110800 1.2261467795315344
110900 4.902170797938968
111000 4.646111997354119
111100 1.9191689906387437
111200 3.631077082750728
111300 2.3115078564655267
111400 4.906662286238725
111500 5.256235968602095
111600 4.215329312896151
111700 3.013648867013206
111800 4.461477115690029
111900 4.720407051340695
112000 2.535947396027873
112100 4.627225735701704
112200 2.924167094162229
112300 3.075533013346137
112400 4.305639822698318
112500 3.1894259580810376
112600 3.9205290583435075
112700 3.1788233539806443
112800 5.162720962880752
112900 4.440875975161931
113000 2.564606705106344
113100 3.9371720662164935
113200 3.668774610330991
113300 4.350914272874834
113400 4.189794803892738
113500 2.739804153084778
113600 3.2318943688899484
113700 4.664745274793363
113800 5.937020389283087
113900 3.171955479086248
114000 3.7753983381974345
114100 2.139627895109851
114200 5.981763872749165
114300 6.26022914258375
114400 5.750075748690479
114500 4.287000617147352
114600 3.1033047428696725
114700 3.94336315125038
114800 3.2978389213023975
114900 3.5436002870758383
115000 5.226177593054281
115100 2.944095636799195
115200 2.9612590126848226
115300 1.678349786996624
115400 3.564944060296451
115500 -0.58426709154883
115600 4.7545508950682915
115700 3.6261506578278686
115800 3.4907738655224634
115900 2.237310553080454
116000 4.556096277684726
116100 5.463787756164841
116200 5.7190045990323215
116300 4.0279606034238995
116400 4.361523838160538
116500 5.5823413068481145
116600 3.578557384983459
116700 3.503513957317218
116800 4.751528216898891
116900 3.6909753455887913
117000 3.801290268970045
117100 2.5579912116939973
117200 3.3670796373041725
117300 6.590537619045059
117400 4.209453188474901
117500 3.9986937131570683
117600 3.342743346644289
117700 2.7744810286572354
117800 3.183795652388607
117900 3.3425034659280524
118000 2.4208354959575615
118100 0.026788056093352247
118200 2.6999792043485655
118300 3.7153324920212376
118400 3.1429778504971777
118500 3.600772904020241
118600 2.35440586782652
118700 3.5049363074317124
118800 4.847130378968222
118900 4.639945588007065
119000 3.4559669031193545
119100 4.351591641947059
119200 3.450338992452096
119300 5.479120320897095
119400 3.339690249564397
119500 5.959667356972847
119600 4.531122154638875
119700 2.621085287927548
119800 1.9215227864101807
119900 3.12560725764951
120000 4.898853518532768
120100 3.736949294099083
120200 2.07876833959119
120300 2.5063763818046256
120400 2.2879855146614356
120500 3.895614222860414
120600 4.778198871091836
120700 3.630535541923612
120800 4.656272445731147
120900 4.719438181761035
121000 3.5408296844995935
121100 3.675186110465408
121200 0.9296167133195106
121300 1.7059828713984455
121400 2.361759729455844
121500 0.8087580763435287
121600 3.3940555855534575
121700 3.0539738395455878
121800 3.2912269484024654
121900 6.046872369167533
122000 4.516708984558135
122100 4.199627235245253
122200 2.532243945340702
122300 4.0869818642227145
122400 5.312629582094665
122500 3.5907660049465417
122600 5.671631117724215
122700 2.160015921884511
122800 -0.5287567839651361
122900 3.966304320932582
123000 2.8185678694258827
123100 2.733614277016441
123200 4.486264075264456
123300 3.5874068496194975
123400 3.9300789884060694
123500 3.368400246949694
123600 2.0399001749810917
123700 3.892012741196908
123800 4.7420759008805975
123900 3.4842920254386676
124000 3.7513267253848075
124100 4.151382494751256
124200 4.306908937953271
124300 4.473018940269898
124400 2.59658799575014
124500 4.904612906835238
124600 4.402007622382097
124700 4.0219624610075115
124800 1.7002513981801002
124900 2.6792407438405568
125000 3.2154665706287076
125100 5.243253855539997
125200 4.659115101294846
125300 2.037808476721495
125400 4.692537233434604
125500 5.368417185356092
125600 3.595852483860506
125700 1.8890968507097077
125800 3.7109761496557088
125900 2.6032748823089618
126000 2.630347319952181
126100 4.218881334030126
126200 5.337431774956719
126300 5.408455652504955
126400 2.960763739853012
126500 5.7094145888823
126600 3.181709772380237
126700 4.9992582036965265
126800 2.899171366611505
126900 4.316806817682265
127000 3.465062687414825
127100 5.414507448270629
127200 2.680211133292124
127300 4.378608078827458
127400 4.308151186943598
127500 2.4293126591719214
127600 4.402099584904648
127700 0.7825428768064568
127800 3.673388634771857
127900 2.1058029333681767
128000 3.290259716525418
128100 3.409434330298723
128200 4.453108875368072
128300 5.9451889356945165
128400 4.846191822024497
128500 5.17447309694107
128600 5.160570651813013
128700 4.17758316472169
128800 4.55310415125213
128900 4.5061397066576765
129000 3.6925026385317863
129100 3.01486919348105
129200 3.6434586683675807
129300 0.8435864193138187
129400 2.8767138980184006
129500 4.472482174665465
129600 2.9928753395231023
129700 4.9047473978784035
129800 5.498209138702103
129900 4.39950824282354
130000 4.005364380076726
130100 2.472855041008202
130200 4.54447733890474
130300 4.34073509240984
130400 1.4648823266751863
130500 1.430204208001622
130600 1.6937806334218202
130700 4.888882340720966
130800 2.8318970660784464
130900 4.229667981807679
131000 3.178326511560242
131100 3.415920191234009
131200 2.8194985105392636
131300 2.15656183261612
131400 2.7556161949273417
131500 4.100285387484678
131600 2.8573948581021473
131700 2.9989906676361526
131800 5.052385155447115
131900 4.984598044989192
132000 5.522544019102938
132100 4.561822233725342
132200 3.69853173760002
132300 2.2663567022179003
132400 5.316009835967244
132500 6.078380653821825
132600 4.627416961337001
132700 0.9715784040872613
132800 2.0580334537957428
132900 3.5367666997412823
133000 3.8481006197784287
133100 4.849662752733367
133200 4.865079726794249
133300 4.010947242721803
133400 4.361778982210359
133500 1.9090629310513951
133600 1.3712516923886096
133700 2.5745536395093644
133800 2.627794213181213
133900 1.0834656011076371
134000 3.606521898853837
134100 4.503975036123771
134200 7.183161312475284
134300 5.7199961965775215
134400 4.77646113977296
134500 3.1742363761030377
134600 3.962737479280365
134700 3.5609814742282255
134800 2.6683779275275445
134900 2.566994871702593
135000 1.2397370777994092
135100 1.3509161971185508
135200 4.34802111879379
135300 3.877351645715942
135400 5.425529511451544
135500 4.417909514312871
135600 3.7851661546270474
135700 5.479235904140894
135800 4.486373133046759
135900 2.412637823000109
136000 3.079784659524253
136100 6.07888512295087
136200 3.0629728627242283
136300 3.857092013824402
136400 3.114522313123987
136500 2.2505451956017826
136600 3.1593234166519277
136700 1.4728641477415128
136800 1.6008566862341733
136900 5.336967433827291
137000 6.863221247726941
137100 3.070913908140186
137200 2.127410560286662
137300 2.62715315208259
137400 3.301689249636511
137500 4.020334153370595
137600 3.7229128500157014
137700 4.681288306224681
137800 4.9964666441601135
137900 5.211955103953945
138000 5.482282708186526
138100 6.207242651910494
138200 4.8219466817078285
138300 3.515795460973151
138400 4.474969290211303
138500 2.3889096231139915
138600 5.2975304896267
138700 5.442789870337474
138800 3.2028155992675615
138900 4.819063638620562
139000 4.530516953543983
139100 6.583203769449005
139200 4.655320287141153
139300 3.9425339911410355
139400 5.60422318478125
139500 4.176989334352153
139600 6.209659215316717
139700 4.709662046970658
139800 3.248971265502331
139900 2.6770325126601144
140000 1.3648228334997476
140100 3.3116049712208024
140200 2.012371673597132
140300 2.7629238029918772
140400 3.8697820538344514
140500 3.9494362412371142
140600 2.486887611899858
140700 5.224531265869696
140800 3.1067444247590426
140900 2.5202429081132443
141000 1.4346457770910253
141100 2.9173238932342263
141200 4.583419239397826
141300 3.891675138718319
141400 5.50457133975256
141500 4.1452946943712154
141600 3.0338748519289767
141700 2.8542820416398293
141800 1.245233992210865
141900 3.0332620774714565
142000 6.268823858053599
142100 3.508625018338977
142200 4.988633609785675
142300 2.4791715321322148
142400 6.58519459642994
142500 4.372575953031209
142600 2.0252011641122927
142700 3.4618348278256708
142800 4.892423316522478
142900 3.3081504737147465
143000 1.945019590841478
143100 2.4103936463948896
143200 3.7582092930125466
143300 2.170487994303946
143400 1.9669870254222928
143500 1.6934226944038244
143600 2.7759351782750854
143700 4.6475779052258765
143800 6.261390488179375
143900 3.2302726738392926
144000 4.059263201242234
144100 3.875310280357164
144200 2.36963117588692
144300 3.019295088690674
144400 5.255961396461197
144500 3.326947343391563
144600 5.140770249924721
144700 5.318971362526434
144800 5.326571082659357
144900 4.880841176182888
145000 6.380409316546947
145100 5.7772123600791
145200 5.294242397281778
145300 2.740187024406812
145400 2.774079301878015
145500 3.7857686954491467
145600 4.239394090443932
145700 5.8259984122960065
145800 2.9627200862780017
145900 2.3158546825670583
146000 2.958295325014323
146100 3.5021434389820203
146200 4.19845339102316
146300 3.9783995905916107
146400 5.401667477994889
146500 5.483280494949569
146600 4.519783353094833
146700 3.88174482267117
146800 3.795390836916442
146900 2.606011560159758
147000 5.437286778808502
147100 4.8910280805414
147200 4.381809977244974
147300 3.1082564954748406
147400 3.5156304478980984
147500 3.3922280259403124
147600 2.0254761705189646
147700 3.8601898721439656
147800 3.065323536901224
147900 3.316607636071192
148000 2.4878572959172405
148100 3.214477947197298
148200 3.292328771735426
148300 4.320383552368172
148400 2.7169140220895063
148500 4.257334465744413
148600 1.650424806077682
148700 1.6932032665544354
148800 3.2966539696259884
148900 3.145963029290912
149000 3.5154487853183416
149100 1.8952839565229447
149200 3.238459550684651
149300 6.349473936751128
149400 5.702069612202951
149500 3.970181186535936
149600 2.935701329909626
149700 4.3284052472914265
149800 1.7366010521874728
149900 2.861770055029749
150000 3.2240934633346416
150100 0.6663925962238613
150200 1.7265628604508567
150300 1.998331225349182
150400 2.15799283564023
150500 2.043093018905016
150600 3.217979546459102
150700 4.529857647471209
150800 4.45222851462455
150900 4.762591053876921
151000 3.767365578026521
151100 5.4046612001857905
151200 6.7430696820227585
151300 5.322473947266426
151400 3.1379908012846274
151500 4.862535800575115
151600 5.371740069615481
151700 1.1368692572402381
151800 1.8869443314684828
151900 3.2927400363895902
152000 2.6532053989331827
152100 3.8194126333570755
152200 3.3942420570755862
152300 3.1857556709071835
152400 3.075149419688872
152500 3.1482611626573105
152600 5.115767169726774
152700 5.78023991822881
152800 3.1087259228649824
152900 3.6797903545158688
153000 5.541514650449989
153100 6.158571493142588
153200 4.338192982798936
153300 5.247402343780567
153400 5.58084984264701
153500 3.3250007271274713
153600 2.903016384557444
153700 3.189243544506164
153800 3.5456068416664785
153900 1.1978766192133863
154000 2.241864913146633
154100 1.9412129634261894
154200 2.7702479731338543
154300 4.690228345215491
154400 4.663608345237168
154500 3.503465364533529
154600 4.518192027177412
154700 2.160185521201417
154800 3.0650348709707154
154900 1.3070649165566552
155000 4.954354006000214
155100 3.0445734332431287
155200 2.652426470751168
155300 2.6991899403492496
155400 3.4927842260722466
155500 3.5115429625100223
155600 3.212139856171004
155700 4.047612328752247
155800 3.709550804973232
155900 5.378690597965194
156000 5.164018971929905
156100 5.878846798192079
156200 3.694094486050979
156300 5.8958461778182665
156400 5.42069456805083
156500 4.993847030426359
156600 4.069805627626705
156700 4.555707060693477
156800 3.6929563180548177
156900 3.457776610882658
157000 3.123006266577812
157100 3.0024534663613855
157200 2.738094702133317
157300 4.311124188538427
157400 4.53100085542064
157500 4.185427703567079
157600 2.315910191581396
157700 1.023815832047525
157800 5.18831527002947
157900 3.8269204358370907
158000 3.7713730388115625
158100 4.9395137805658225
158200 2.7633296557414586
158300 5.493182724661794
158400 3.928056668468164
158500 6.336913715156736
158600 4.260636910948884
158700 3.436719536993771
158800 4.898963260774798
158900 4.910684928540102
159000 3.1609657986194315
159100 4.317513746352941
159200 4.591110391505832
159300 4.465788692621182
159400 2.168969979622361
159500 3.15420785827326
159600 4.394549260506862
159700 2.8322877850978014
159800 5.435180282894686
159900 2.8818673338099985
160000 5.66713905530724
160100 4.188486481815989
160200 3.039817196875914
160300 3.3003879542053634
160400 3.141308676506099
160500 4.171250953854579
160600 2.0801263575202196
160700 0.9923291770644692
160800 0.8715658714421961
160900 3.3909089274692295
161000 1.4637329155638352
161100 0.894620061124435
161200 0.3918003792937668
161300 2.964351978866212
161400 3.3571027763618186
161500 4.749635705227574
161600 2.7777796009891347
161700 2.3581699545680124
161800 4.7102849608196875
161900 2.626380842366261
162000 4.550071781296526
162100 5.38097035417037
162200 4.060201015606825
162300 4.912613855968916
162400 4.938699527706024
162500 2.5664954423012043
162600 3.634260665164828
162700 4.011722307301826
162800 4.319920023986077
162900 1.951391057455284
163000 2.84318598854791
163100 4.451940558884136
163200 3.035309323038731
163300 4.7095716466478885
163400 3.6711900242636744
163500 4.83389539809489
163600 2.552134388318064
163700 4.681053877881278
163800 2.797337100435038
163900 3.5045835754590695
164000 4.623977139592462
164100 4.5466683466043545
164200 6.889038660721118
164300 6.802113777117924
164400 5.68943259958218
164500 3.6902250553482823
164600 2.563560340101549
164700 3.4264301619985016
164800 4.625349514322215
164900 2.8835178295606987
165000 4.202977494148822
165100 2.5358400200961904
165200 1.8573685321730327
165300 3.0929992191017357
165400 4.02491782935095
165500 4.243654215073571
165600 2.2841091830268367
165700 4.442568884570869
165800 2.7802393596223838
165900 3.8250885766839064
166000 2.3893578990500655
166100 3.6671830609050478
166200 3.5761139785437814
166300 1.8386435987165342
166400 4.630908147407795
166500 5.2278392239429925
166600 3.35493880342973
166700 3.1101751046527757
166800 2.6649687862760487
166900 2.2090330255821975
167000 2.6759692233979724
167100 2.3968315507532765
167200 2.548609815168205
167300 4.527209036528094
167400 6.3417913310157354
167500 6.599361957118417
167600 4.396677748808459
167700 1.8077548654899964
167800 3.1930059480613746
167900 4.261643631286575
168000 6.384166980273047
168100 4.58842781537503
168200 4.106720225750437
168300 3.270557343328811
168400 3.9054184645014534
168500 4.4152714881657005
168600 4.165823607530447
168700 3.9560372752813144
168800 4.194328317643581
168900 4.467463772813394
169000 3.4221850186587237
169100 2.6956740268790367
169200 3.465645304872071
169300 5.097053469290533
169400 3.3523413159743787
169500 4.717029638891457
169600 2.7727914343451983
169700 2.6094502576957246
169800 3.1669994196841964
169900 2.8635982366244863
170000 2.3282157348145183
170100 2.6138928915924615
170200 2.237664839234541
170300 2.7771332951146515
170400 1.0658183864317872
170500 3.3082983931510994
170600 2.2892787658235316
170700 5.224949159204688
170800 4.479431026323648
170900 5.5699630229699855
171000 4.555983674821761
171100 1.7312029787847243
171200 1.9117046099850186
171300 3.734250082645102
171400 3.063568909505737
171500 0.9715815351975718
171600 1.1408061586193419
171700 2.095726115566516
171800 5.137549537561232
171900 3.827641014459709
172000 5.089695943358328
172100 4.3264909801375016
172200 3.3356309450055193
172300 5.144667227902485
172400 4.852242774103491
172500 4.036283066914283
172600 3.7489201030765575
172700 3.9817771819175407
172800 4.252754565987217
172900 3.701323386967855
173000 2.6065792208745875
173100 3.450550611497514
173200 2.9208059702445257
173300 2.472734588401361
173400 3.023765810056702
173500 4.202595813824942
173600 2.7299447856443284
173700 2.839437682769587
173800 4.402555244184973
173900 2.5473071447588764
174000 3.585141143491156
174100 4.081627666250173
174200 2.116186435115506
174300 1.3178980643870524
174400 4.847108807050041
174500 4.472636167880475
174600 4.282982482642395
174700 3.351756607530422
174800 4.460089457499756
174900 3.346886158663998
175000 3.991009947074179
175100 1.8787266612801001
175200 1.8750611898775762
175300 2.5662588572508267
175400 1.8268448701765465
175500 3.3064267848217055
175600 4.156655456065909
175700 3.8479065449312024
175800 4.342144437103686
175900 2.4851539801254012
176000 2.196366855386466
176100 1.7216176887511119
176200 3.4889065614391126
176300 2.8716068301395543
176400 3.9735125240892364
176500 4.755438217083732
176600 1.9788877075320734
176700 3.5172733815809254
176800 2.600582975236298
176900 2.609185167536985
177000 3.2786704573755916
177100 3.4094190072114343
177200 0.628342155228784
177300 3.4463858489403525
177400 5.272674911072103
177500 2.6184064479459748
177600 1.6808747024474742
177700 2.706933806160821
177800 3.5408346908802066
177900 2.237023685552311
178000 3.779291109739236
178100 3.4885388093107985
178200 1.2860536300008192
178300 2.6074283847165587
178400 1.431528430535704
178500 2.0445000113538905
178600 3.984531612437356
178700 2.4204091325632917
178800 2.0256837521618953
178900 0.05913889889650781
179000 4.125856787151249
179100 2.0067147319824694
179200 2.866737424872487
179300 5.839176173531454
179400 4.999980205060146
179500 2.694467885065394
179600 2.5918492970060054
179700 5.488011682711463
179800 2.597888092835495
179900 3.6845268604459447
180000 1.5376069753308517
180100 1.721192895114589
180200 0.9314004127889226
180300 1.2988030373121664
180400 2.1754384460958742
180500 4.925539531781464
180600 3.3163878142629764
180700 5.044015551905024
180800 5.040451600161034
180900 3.1848842199361975
181000 4.386910146181074
181100 4.686327549625331
181200 5.159591640674867
181300 4.276235540426352
181400 5.859809193983797
181500 5.409238372885123
181600 4.241637898955963
181700 4.33998976479562
181800 4.475971785137108
181900 3.658327403762353
182000 3.172802766784538
182100 6.0222106893720815
182200 4.444851380920584
182300 2.1061228112778694
182400 2.168676089728081
182500 2.4576756686265706
182600 2.6535564003964374
182700 4.540108324709724
182800 3.6214333230818236
182900 3.069236196234109
183000 2.855097258561426
183100 2.3109504811571417
183200 3.491922832723601
183300 3.1041073262706305
183400 1.9959938013039775
183500 5.528372340302724
183600 4.598829643702603
183700 1.188255031323234
183800 3.1678166369588747
183900 0.31352381915330635
184000 2.197980804817422
184100 2.3544744906281356
184200 5.688758537288508
184300 3.7367046967948414
184400 4.192709106565683
184500 2.1813497504502513
184600 3.6752590693537197
184700 4.184396347194654
184800 5.649094479917612
184900 4.9276811067481106
185000 5.094756591320234
185100 2.713093730850378
185200 3.7182683409833936
185300 4.179983460935409
185400 2.6433222699417374
185500 4.079770754514215
185600 2.8944841323062684
185700 6.2067060347020995
185800 5.475010902196284
185900 3.2743622818463067
186000 5.102103571111792
186100 4.931258579901014
186200 2.5805159832014133
186300 3.1170240963819573
186400 3.976272858583539
186500 2.055149793995358
186600 2.7897065938600405
186700 3.7526074552130275
186800 2.1869335919692
186900 3.863214723590616
187000 3.5041839110024795
187100 3.1889849318003756
187200 2.7198908051897104
187300 5.493836052770495
187400 7.202928983464474
187500 4.281547183125495
187600 2.1874951292756077
187700 4.059254159848738
187800 5.886076076292317
187900 4.8482883963271295
188000 2.557110175397594
188100 4.137036293174963
188200 1.5435623300823444
188300 4.329030675719866
188400 4.964404815295025
188500 3.9662647139794354
188600 1.5065008307483785
188700 2.1651232242912464
188800 4.227507445905129
188900 3.0804349452667963
189000 2.685267854227021
189100 2.706184092041618
189200 3.1095757812216647
189300 4.567347328551278
189400 2.907578568748251
189500 2.7822671135780226
189600 4.71676007800151
189700 5.5348087299721405
189800 4.613782870299249
189900 2.1521719042325356
190000 5.357177405242985
190100 5.6339037894248944
190200 4.809337627418229
190300 3.8874360532095107
190400 6.049763760454787
190500 3.6860729034469926
190600 3.3955657966077326
190700 3.7267886241706054
190800 2.7490054755987803
190900 4.011986871625221
191000 4.024572066647576
191100 2.678620999382559
191200 4.4226346522967015
191300 3.520191459325458
191400 5.263781556840731
191500 5.479185258499638
191600 5.281528528140304
191700 3.606725599194939
191800 3.7943588508331825
191900 3.5142694477775906
192000 2.4354457919818304
192100 3.466918090667088
192200 0.9236098820113676
192300 2.7312711858646868
192400 5.842964267737463
192500 5.384686247034725
192600 3.6550086999590543
192700 4.229462012557856
192800 5.157978394099159
192900 4.313467261230375
193000 5.73738685464062
193100 5.493790825203992
193200 2.61868152183602
193300 3.234658309539467
193400 3.0193869343044204
193500 3.305039377729171
193600 2.8110040955904054
193700 2.8695074419639774
193800 1.3066929388886157
193900 1.811611237092356
194000 1.3508017719788508
194100 2.5263569520230353
194200 2.7370968716992157
194300 3.0451367069186266
194400 2.530470055650699
194500 1.5898012189537287
194600 3.7631502289870293
194700 3.52963808890341
194800 2.212404774940829
194900 4.43513521973192
195000 4.390198671947669
195100 2.6697553378685845
195200 2.4068891141519115
195300 2.2205996049032524
195400 2.086907770624155
195500 3.7355617966799546
195600 2.4028753597756927
195700 1.234290943855193
195800 3.201137096962803
195900 1.5960835184821442
196000 2.686405388610645
196100 2.9469705378653805
196200 3.703748967284007
196300 2.763216004759629
196400 3.863009394970062
196500 5.2143874283404195
196600 2.865488294090373
196700 1.9294068782321998
196800 4.3910984831666955
196900 1.2572068719065945
197000 5.1345180398648385
197100 6.038989520006508
197200 5.303984776827976
197300 4.062305120889881
197400 4.359770127159898
197500 2.3980023192146462
197600 3.209436744729317
197700 2.9666158250590065
197800 -0.5972134415437899
197900 3.0988287189573778
198000 1.9377813685094079
198100 1.3220681885032368
198200 2.2673000913702697
198300 2.2008356141325955
198400 3.7685130297187013
198500 5.197465753765977
198600 5.369015306241886
198700 4.7020434548958
198800 5.178619548293656
198900 2.4250869712096415
199000 3.5970895113521832
199100 4.101220348330329
199200 4.403376319298205
199300 4.860573791404859
199400 5.916054027643226
199500 3.84283261842981
199600 4.676937169532714
199700 3.8875878043134193
199800 3.537485382338259
199900 3.306554038936219
200000 4.174491490213594
