100 16.872241774557466
200 19.610057248663544
300 17.075565098056522
400 15.697056521609117
500 18.92846771944796
600 16.439106445316355
700 15.25186050801777
800 19.061422819420542
900 18.884137338334124
1000 18.79368029623313
1100 19.320391497362237
1200 15.971578561648387
1300 17.183860420669184
1400 14.710018480766697
1500 17.39105634973959
1600 17.27838466489106
1700 18.494120088604447
1800 18.03948216447874
1900 17.775623573890265
2000 18.017932376760406
2100 14.803323976625045
2200 18.49993754919703
2300 15.320863522675785
2400 18.40472031504378
2500 18.860117986978203
2600 15.672407249913748
2700 14.288820696012538
2800 17.620051812195562
2900 17.113680443165713
3000 19.0193025622083
3100 17.24253101427146
3200 18.756771613259506
3300 18.593882346314075
3400 16.514947855111583
3500 14.888232792691547
3600 18.95523589520061
3700 13.910181997860027
3800 16.52711167454035
3900 16.37511339819386
4000 18.041715353875734
4100 17.860374281705813
4200 17.038190878407242
4300 14.254988910947514
4400 17.662155375204065
4500 16.68154177269651
4600 15.47150804169193
4700 17.960525394254653
4800 19.64831886425351
4900 15.0021840154564
5000 16.831474706646116
5100 18.12642111498197
5200 14.926922341313402
5300 13.122064658096594
5400 13.13370837371262
5500 14.001924164936783
5600 19.02253385356181
5700 17.521067876713417
5800 12.833088322710765
5900 15.743023588257165
6000 17.789891346101676
6100 18.081067646562232
6200 19.565516449433655
6300 18.129457734160507
6400 10.549406868362937
6500 16.644285552019582
6600 15.515141240485564
6700 17.26833217465644
6800 18.981298802177154
6900 17.887175791380546
7000 15.863789340120316
7100 18.713013457124465
7200 16.37867584816463
7300 15.88358859354021
7400 15.158019421946552
7500 17.760633270955044
7600 18.586288226142486
7700 18.617524719122613
7800 18.998287580880962
7900 18.993835468653234
8000 17.406325742024865
8100 17.829062613823265
8200 17.75513561947278
8300 16.263005295595487
8400 18.495492815353636
8500 15.26650482777647
8600 15.815390242738337
8700 17.323844472470242
8800 15.98420213458807
8900 15.807786841569364
9000 17.745415079839542
9100 16.847611249691795
9200 16.029513004297556
9300 19.444101215242764
9400 18.592553473229444
9500 16.232451724039176
9600 14.353949800027252
9700 18.5780984461421
9800 17.53773897120453
9900 18.246520864980397
10000 19.064345245209704
10100 16.535978821305363
10200 17.498534449589034
10300 15.820342993425964
10400 18.68385251100239
10500 19.520060349277706
10600 17.7301404058275
10700 17.058122100490372
10800 18.61888954778439
10900 18.268762224327908
11000 18.52577931012105
11100 18.51735106860426
11200 17.824701200561062
11300 17.4688337454624
11400 17.128618941082223
11500 18.02260312496804
11600 16.047371910292707
11700 16.780072919785272
11800 17.12952595024417
11900 11.73845199926483
12000 18.797981911200164
12100 16.885167047027323
12200 18.64018905626958
12300 18.161653279336665
12400 15.082079631636113
12500 16.549720646206126
12600 17.940480906321536
12700 18.505318169254245
12800 16.546209062091222
12900 14.964099257962353
13000 19.598189423256507
13100 14.04290993275651
13200 17.841339891768147
13300 18.89470568635589
13400 17.121341644987712
13500 17.649745080889033
13600 17.45188770983669
13700 14.939535660067571
13800 19.592000511022544
13900 17.965066583121818
14000 15.434795077830527
14100 15.985767603223733
14200 18.31384936093173
14300 17.22775321687543
14400 15.144347619354269
14500 15.784211017251636
14600 18.5885706309071
14700 18.151090522608445
14800 16.980105041079238
14900 19.559792244874068
15000 17.10190304437816
15100 19.059146710942482
15200 14.016668042431995
15300 18.74929783790631
15400 17.292153585333278
15500 16.944058576764768
15600 16.438149390496314
15700 19.112503268191766
15800 19.118084733538314
15900 18.62171487519356
16000 18.17071815297328
16100 18.185246026194136
16200 19.05455066854869
16300 18.89257643925376
16400 18.745244778501753
16500 19.782773411566374
16600 18.534670330931924
16700 19.198690488646548
16800 17.73128868681161
16900 16.136073166424634
17000 17.937064723230982
17100 16.685115961596043
17200 17.840705824524825
17300 18.924159769288902
17400 16.203529052377256
17500 18.124735484213723
17600 17.734211616952962
17700 18.48920976934833
17800 18.120125680844236
17900 19.086723242109592
18000 18.60354385680902
18100 18.2524364682117
18200 17.69496170128853
18300 19.11030447513533
18400 16.869863696963414
18500 15.928495317893773
18600 18.782829042642845
18700 18.358396171428904
18800 16.75603749102125
18900 19.450800187746182
19000 13.361391972202902
19100 17.777863689602935
19200 17.043607334960186
19300 16.611673490798278
19400 19.684131102211417
19500 17.158297875584978
19600 17.24565674889508
19700 16.753309200847706
19800 17.283712693343357
19900 17.826607905182694
20000 16.365143519854858
20100 10.982031517462616
20200 12.417601503619899
20300 17.61188745609579
20400 18.173362968294615
20500 16.804524151311654
20600 17.739675806822305
20700 16.99992045969107
20800 18.39760789434382
20900 17.06691149997615
21000 19.222102186152927
21100 18.419103608684082
21200 16.277865353476287
21300 15.608509409378986
21400 8.852717539670511
21500 12.915728408416706
21600 13.997532472527594
21700 15.329042897269584
21800 16.51332491528298
21900 17.585362988464556
22000 15.93042575808925
22100 15.324608915817274
22200 18.787035268838864
22300 17.89629781332993
22400 18.717222630636016
22500 14.813848412904951
22600 17.841045380850865
22700 19.034960953557956
22800 18.68097973657969
22900 18.079652476085553
23000 17.96769751589856
23100 19.136130382696475
23200 18.62989692711821
23300 19.500421511234418
23400 18.82596475532026
23500 17.308426890341355
23600 19.409217689252557
23700 17.018116741405485
23800 19.411103622835586
23900 18.273725886413818
24000 12.327599836881502
24100 16.248752032879583
24200 19.74104793781257
24300 18.647215551190868
24400 17.288258678659904
24500 15.239214110488378
24600 17.807467851130756
24700 16.9167696204918
24800 18.837370621162048
24900 19.222588224380946
25000 18.4538699511161
25100 15.27752311372251
25200 16.787537063249665
25300 14.945547591009268
25400 14.808937106677979
25500 13.061400147602017
25600 18.356647704508855
25700 16.48194562605571
25800 15.905912441790113
25900 15.703394009798943
26000 16.757565807027927
26100 17.974377078547136
26200 18.064487326575147
26300 19.42071317736052
26400 19.032851505508773
26500 15.533019399487976
26600 17.088493786979143
26700 17.76550921606964
26800 17.39544639196326
26900 18.66393322953287
27000 15.126609178400322
27100 17.413469053284224
27200 18.488263208909782
27300 17.24518860133528
27400 18.498133081180832
27500 19.2006440117183
27600 18.005554729347363
27700 17.670379395841096
27800 16.95800898822359
27900 17.367752622395702
28000 18.330279193299233
28100 18.813875501449573
28200 18.03065077843627
28300 18.165283359462666
28400 17.946886832136126
28500 19.629282303142375
28600 19.419887428893993
28700 16.65304270071193
28800 17.03678891138201
28900 18.93165123717752
29000 17.976372948747255
29100 16.50697570553798
29200 17.11579884602418
29300 17.301809436153587
29400 17.922587984355964
29500 17.89798273643705
29600 17.817260803915808
29700 16.01460376211162
29800 15.926958371446727
29900 17.476690232840603
30000 17.487135919694786
30100 17.299631284404107
30200 18.59025594541825
30300 16.122194528201337
30400 18.414197917433672
30500 17.16588587020969
30600 19.06220502265581
30700 17.554895681518374
30800 16.646155248162227
30900 15.744538343128703
31000 18.062803937945027
31100 18.487720029797213
31200 16.306355654673677
31300 17.125378673102045
31400 18.925477980860595
31500 13.248051847900868
31600 19.135094556430197
31700 18.509619984608918
31800 18.977080751806888
31900 16.436939379425205
32000 17.162942163338446
32100 18.73398004191318
32200 18.20827815471732
32300 18.642121066024835
32400 16.628009988451613
32500 16.479172481180694
32600 12.867424062040797
32700 17.050073408972462
32800 15.981048974525338
32900 19.536425270146243
33000 18.18910631256617
33100 19.55780805826266
33200 16.064738088011392
33300 17.560627492842585
33400 17.56702874599766
33500 19.23416884256132
33600 18.80842645136145
33700 17.849536201931272
33800 15.79642349309741
33900 18.369747615922833
34000 17.53204330053691
34100 17.957494051943
34200 18.263386146858867
34300 19.236748256165605
34400 17.874171824377687
34500 16.273405414791526
34600 18.555699371248142
34700 17.685292605243863
34800 13.660382859056568
34900 17.00520302850375
35000 17.144790835884372
35100 18.613017758913273
35200 19.667091366934727
35300 19.034302810956348
35400 18.560319696521663
35500 19.425260287324605
35600 19.416995424484934
35700 17.83583065950604
35800 16.256151728741614
35900 18.456556749084537
36000 17.10537978518044
36100 17.426253263203478
36200 19.249389366618296
36300 17.35662877467964
36400 19.124579162309725
36500 17.489468109304795
36600 17.872267863283056
36700 17.119017079108733
36800 16.547748186985697
36900 17.68166732036742
37000 14.748840646912289
37100 17.050296796003764
37200 17.795908259927025
37300 14.601873342961692
37400 17.242871673082526
37500 17.42327510327337
37600 18.20372489408924
37700 16.241883836112574
37800 19.37605068382978
37900 18.724851316733044
38000 19.50910210396717
38100 16.286685564121445
38200 19.185461239034606
38300 19.61089557776268
38400 18.32733708602386
38500 13.855958402018523
38600 16.127193178784307
38700 19.217784909036308
38800 18.086674784330462
38900 15.591312242178605
39000 17.563060521632636
39100 19.250129542431498
39200 18.0443619460501
39300 15.806298580141757
39400 18.888570418703313
39500 18.867874389799383
39600 18.18902994081085
39700 19.581665537474898
39800 17.940625279416118
39900 17.985371543375344
40000 17.9796161928294
40100 16.221278954553632
40200 16.293415631343873
40300 16.0535562215091
40400 16.99344806629672
40500 14.96674383207982
40600 16.07410592317012
40700 17.532073918644198
40800 12.274428133824557
40900 16.285882802151722
41000 19.07670122767714
41100 18.271454941582483
41200 16.507504163971397
41300 17.313120572756695
41400 18.272736655702204
41500 19.08427226413175
41600 19.333994078859174
41700 18.956975878684922
41800 18.398873054806657
41900 16.913979540226673
42000 17.243218151575718
42100 15.361398069824967
42200 18.716674432326005
42300 16.35667523492744
42400 14.742822157189336
42500 14.967504845827774
42600 16.078178121015128
42700 17.292284851113358
42800 17.144876879768553
42900 19.632263957916678
43000 16.985580169579347
43100 16.670388839206595
43200 16.616035283348577
43300 17.333908718511925
43400 18.209167629093788
43500 18.122380849095507
43600 16.569912231291855
43700 17.748737883223836
43800 19.425424131064847
43900 17.70627440972967
44000 18.280338375104563
44100 18.34680321905301
44200 17.673299500131964
44300 17.319136691122416
44400 15.279720042653063
44500 17.001848504106523
44600 16.917104599503727
44700 16.24751541170881
44800 17.039863525132812
44900 15.926103128345813
45000 18.363793659564625
45100 18.608029491310766
45200 17.705983731724164
45300 18.627064315657584
45400 17.573720843583914
45500 17.484036764019788
45600 16.043618378386014
45700 15.515647867040588
45800 18.91064398251894
45900 18.068632738166535
46000 16.856664239933075
46100 18.418278111759378
46200 17.204439422387466
46300 17.318728217820652
46400 19.11785515703505
46500 18.799584191190355
46600 19.81401856950163
46700 17.46157084286371
46800 19.204552466402493
46900 18.818561830583935
47000 18.33293880148613
47100 17.60742522690508
47200 19.36832470858081
47300 19.622318443368727
47400 18.36910853405103
47500 17.304649811094748
47600 17.955019307871627
47700 17.65430240368357
47800 16.771135517172404
47900 17.730935478657017
48000 17.900363287935694
48100 18.032089280093714
48200 18.331831113896364
48300 19.7370989317856
48400 15.664984940325377
48500 14.391663886386123
48600 17.779515843203242
48700 18.6671480077557
48800 18.713452219395215
48900 18.706563613503228
49000 17.372417887756505
49100 19.098918891676348
49200 18.264880166050194
49300 17.262370022305543
49400 18.354093175908424
49500 17.999518495898457
49600 17.078697567424932
49700 18.413750881539716
49800 17.51266675192985
49900 19.087590474226804
50000 16.817102202200733
50100 18.88086803722485
50200 17.310977858008545
50300 19.38679120519745
50400 15.498977136099331
50500 14.438735638604145
50600 18.138189271853225
50700 19.11038507571065
50800 17.641189198330686
50900 18.448460206175078
51000 19.158736245767926
51100 18.90625356463822
51200 19.16890460778761
51300 17.7023243984918
51400 18.07820021915793
51500 17.88306858332739
51600 18.868862664614213
51700 18.821268016361806
51800 16.429020043262767
51900 18.23775496543107
52000 15.811356582383585
52100 18.821565084496214
52200 18.700836904452146
52300 19.528374569539174
52400 18.70180921062902
52500 18.47695885637336
52600 17.604042471215266
52700 18.657439577652106
52800 16.60416309492183
52900 17.895773146680437
53000 17.590226463796842
53100 16.07505120405583
53200 18.743505342160883
53300 17.918493450213322
53400 17.46245373800499
53500 19.760754266977887
53600 14.641142943565322
53700 18.76169454460049
53800 17.09572285980141
53900 19.106285119459624
54000 19.957501616060078
54100 17.08197721162756
54200 17.979467022941286
54300 16.667029271912238
54400 16.041620743491567
54500 19.483482859313398
54600 15.798653913988439
54700 19.179536117155205
54800 18.23272449896376
54900 17.114088200135633
55000 17.150517634399463
55100 17.074491866272364
55200 19.25927031697806
55300 14.59770007670967
55400 16.950104617692826
55500 16.506452167556546
55600 15.79309745543296
55700 19.073377597207937
55800 18.521270648987798
55900 18.159730953194593
56000 17.833405350203037
56100 17.462529605135483
56200 17.913105668502475
56300 16.703877122103055
56400 15.39236361435056
56500 17.10021805335114
56600 17.75684850785478
56700 18.569377377010206
56800 17.07434483448417
56900 16.36085214307206
57000 18.06907104277901
57100 18.983355239501154
57200 18.11244255492487
57300 18.400615746875925
57400 17.32719636841866
57500 19.57436791365454
57600 18.386734830758815
57700 17.944529912726786
57800 19.31209431059321
57900 16.25051816972145
58000 18.019105518388773
58100 18.987408469830406
58200 19.628883066301302
58300 19.113346420020953
58400 19.46735157285963
58500 17.75311912080525
58600 18.42387887558032
58700 17.69566108205839
58800 17.641984207481407
58900 19.015257762295672
59000 17.134391886310656
59100 18.48191646075056
59200 18.741803740188182
59300 17.367468784516767
59400 16.32211993182015
59500 18.95188883942251
59600 17.300268921954167
59700 17.782755208727604
59800 15.536873155711362
59900 18.99439169077729
60000 17.718134291430587
60100 16.104163146099204
60200 17.26349267631805
60300 19.752229897821046
60400 18.483533739287008
60500 15.505124648915272
60600 18.549295300218837
60700 14.780143816370474
60800 19.01783207398826
60900 17.44000247056997
61000 16.557647650405276
61100 18.603168944217604
61200 19.11296684224507
61300 15.922410490550444
61400 15.742875144115846
61500 17.95986060518204
61600 15.45324043716409
61700 18.034099352600332
61800 18.759992309455257
61900 18.315646236551753
62000 18.908413439067864
62100 19.785751454613827
62200 18.8814718290557
62300 18.863731166756587
62400 17.712139174550764
62500 17.96218836536472
62600 17.48603759219576
62700 15.365912697427204
62800 18.221869098322735
62900 19.586362062515235
63000 18.81022106243751
63100 17.746246324698067
63200 18.1395022508372
63300 17.327205962770176
63400 19.162574995586844
63500 18.194508477565073
63600 17.57735291535575
63700 15.361185715783481
63800 14.37472873769041
63900 18.72735058232303
64000 18.333324046161852
64100 19.261687729763047
64200 17.537531511122396
64300 17.663693312056512
64400 18.16314800151586
64500 15.552796437936424
64600 17.93322652926387
64700 16.105993776926518
64800 18.57509608681907
64900 13.703783597149554
65000 17.227807547638204
65100 18.050304638248317
65200 15.623172821236547
65300 13.036228885056916
65400 18.378037490560438
65500 16.129289934256217
65600 17.409506801479093
65700 18.99004661857815
65800 17.259121523952057
65900 16.95251543197295
66000 16.709940620423637
66100 16.44691756211841
66200 16.92807164476277
66300 18.690449568769633
66400 16.75789924228774
66500 19.12117064607496
66600 16.802224114093818
66700 18.323770746433976
66800 17.77792441424719
66900 16.267330450302815
67000 17.511928696640478
67100 17.31692430765859
67200 18.16199994185686
67300 17.511533191038335
67400 15.051552637393293
67500 18.19718793687026
67600 17.503010180215217
67700 15.36202443731419
67800 15.380179572854924
67900 19.109565569267275
68000 16.15653574768548
68100 18.481701123566506
68200 18.353999935113766
68300 17.862627692185907
68400 16.5321143130753
68500 17.86514030209254
68600 17.811248214367467
68700 18.32100746152362
68800 14.631799867476763
68900 16.646515527059346
69000 15.914907766273618
69100 19.13561487550114
69200 17.77814128728036
69300 19.69854904087685
69400 18.307193309494355
69500 19.476806010970268
69600 18.150696491016564
69700 18.99788658966679
69800 19.098915635523294
69900 16.08488044101464
70000 18.60973633575707
70100 18.318283044174688
70200 15.333530594771224
70300 16.311016333466664
70400 17.403227601241927
70500 16.410102625749456
70600 19.07257850536467
70700 15.950800568088395
70800 17.81600316036138
70900 18.633919797065438
71000 18.577163521997402
71100 18.04263029354457
71200 12.16230008037342
71300 17.744441662170807
71400 16.677160381266727
71500 18.476947150508817
71600 15.892206742952423
71700 17.277690690037733
71800 17.00711457485863
71900 17.894207526148854
72000 17.930741672259344
72100 18.416956462094685
72200 16.31418798801555
72300 16.129678202926744
72400 18.122596788604724
72500 17.76716768730632
72600 19.401452689079406
72700 17.920738363568372
72800 17.614972205603912
72900 18.80568719263276
73000 18.773184789503205
73100 17.46896632814469
73200 18.581022837990716
73300 16.985462849747915
73400 17.563722508057047
73500 16.22452954707407
73600 18.492946070504082
73700 18.317625206818846
73800 15.839410350273482
73900 17.195869483351846
74000 17.608205678867773
74100 17.287590468046602
74200 18.415332504495975
74300 19.554721717758483
74400 17.505464501863226
74500 14.635155194191679
74600 18.571142349704566
74700 18.110075168922563
74800 16.31073417083901
74900 17.979936334327704
75000 16.190209671505947
75100 18.434143306081264
75200 18.572826007301085
75300 16.375038801398897
75400 17.38629060507395
75500 16.949383300981825
75600 16.615878581209994
75700 17.596499456089553
75800 17.296241107266066
75900 18.35146378617866
76000 17.12990317559516
76100 16.047691658069287
76200 17.27681375503707
76300 17.170568787342532
76400 18.478370496200746
76500 18.389024152745826
76600 17.934464410866774
76700 18.888321661561854
76800 18.963929444222007
76900 19.717452527469884
77000 16.811052735866753
77100 18.38214215235153
77200 19.130771385124397
77300 15.167741225992446
77400 18.440861162721777
77500 16.93538594356604
77600 17.433382348095368
77700 19.30783723210474
77800 17.557960342374464
77900 18.242454975559717
78000 18.103842366563974
78100 19.909832949108246
78200 16.418737651404943
78300 18.839941738419363
78400 16.676490144794442
78500 18.161696047824268
78600 19.11727526458941
78700 15.852195281237151
78800 17.64470336454276
78900 19.000029294956214
79000 19.68852007550693
79100 16.035890144495937
79200 15.762950880863972
79300 19.110993309741357
79400 19.288224355414354
79500 18.936807471334784
79600 19.06320831124503
79700 16.89586598509358
79800 17.563437033995932
79900 18.029464663429618
80000 18.300438816236618
80100 19.74664374937383
80200 17.92626427665503
80300 17.96754233461367
80400 18.11588361414268
80500 19.102308728421168
80600 17.730946539552203
80700 18.2205818206572
80800 18.31937296656564
80900 19.1865247182226
81000 17.627273876516384
81100 17.541587642274898
81200 18.076618744805156
81300 18.137529654262682
81400 17.856684973797257
81500 17.809123008685386
81600 19.044450548469
81700 19.426456966972207
81800 16.79156589729862
81900 18.68530698142534
82000 16.584903270257968
82100 17.492960549582772
82200 15.060664114012928
82300 16.225879295499798
82400 17.705581110534045
82500 18.088857321339905
82600 17.11569802274985
82700 17.947614254478427
82800 17.39316584317197
82900 19.03543408124115
83000 17.390373305254812
83100 19.6750403772649
83200 17.47776206546084
83300 18.706668646976755
83400 19.248698507042807
83500 16.949021965388948
83600 19.1390480794861
83700 17.801965004427025
83800 18.58554802302017
83900 17.86579224854049
84000 18.267725257441995
84100 18.0466737103388
84200 17.96288032990364
84300 16.233919269188362
84400 18.47402438904539
84500 18.041065364984668
84600 19.480003123896203
84700 17.37513761754929
84800 17.336562353571548
84900 17.608351738156685
85000 18.79971138234379
85100 16.396247045940996
85200 17.467816122442812
85300 18.973235388431014
85400 18.067859642875387
85500 17.62160017804983
85600 17.583075533286838
85700 17.68759454487053
85800 17.75561022929578
85900 17.42574429153677
86000 15.98802206877168
86100 17.683783925255245
86200 16.947185076991374
86300 17.080025181801563
86400 18.200302620718443
86500 17.824714163956795
86600 19.593309083778184
86700 18.260424376460477
86800 18.633674306688942
86900 18.073225745470754
87000 17.95814481191206
87100 17.554469351109695
87200 19.53310581279953
87300 17.40509135486609
87400 17.174807350054593
87500 17.905322517719963
87600 18.75531783413372
87700 18.084555583024187
87800 16.485750771553207
87900 18.106825021352595
88000 15.91670988858382
88100 15.814172493253327
88200 17.14302236197944
88300 19.86414354822535
88400 17.080913990188627
88500 14.18169424479738
88600 16.9481425065856
88700 18.390870454842073
88800 19.41658110173782
88900 16.835038499958976
89000 17.423203156050093
89100 18.556598907011384
89200 18.49358728494694
89300 17.418375613654785
89400 16.748534963664977
89500 18.170088093290815
89600 18.40014804666189
89700 16.616367929161424
89800 17.851608057528885
89900 19.60826101177128
90000 18.962582786152314
90100 18.111440325730594
90200 17.92294968713987
90300 18.919690937843228
90400 16.090202694997117
90500 17.12625304337191
90600 17.276368928734534
90700 18.48572078593057
90800 15.46651422857649
90900 17.821068889361527
91000 17.619805172179205
91100 17.457582367198135
91200 17.130672344001365
91300 16.747993719967777
91400 17.245037531359024
91500 18.975265189768486
91600 17.924846517255304
91700 17.34026851566119
91800 17.05556375928068
91900 18.0484369878006
92000 19.907198284395488
92100 19.356294237930317
92200 19.123855036586967
92300 17.48378134308221
92400 19.799776678874093
92500 17.905217537562557
92600 17.88119748258812
92700 16.71998743181956
92800 16.245599195619587
92900 15.306082323223368
93000 17.701750970939013
93100 17.108668780979368
93200 17.49676890101765
93300 17.842590473209516
93400 18.275435530984875
93500 16.538882152127947
93600 18.69811487562446
93700 17.025599017932027
93800 19.4664478960553
93900 17.330535708054892
94000 19.873060278100716
94100 19.66917511205033
94200 19.886275691086134
94300 17.452799922746625
94400 17.871866242472436
94500 17.986342068942186
94600 16.84276544806905
94700 18.768893995734736
94800 16.270168076526318
94900 18.111544959601147
95000 18.880889916876423
95100 19.289466772742472
95200 18.484664964076657
95300 18.824891477653356
95400 17.55718601683608
95500 17.739679536388547
95600 19.517104200896743
95700 19.385936154204728
95800 17.654115885236937
95900 18.193763467037655
96000 19.243225834386276
96100 18.80083244648548
96200 18.615787887673235
96300 19.555972182977122
96400 15.30707700024094
96500 17.829421763055073
96600 17.86836926108806
96700 17.542194898332184
96800 16.22925479853632
96900 16.61751012892278
97000 17.337141598803594
97100 17.92445948666603
97200 18.261685542798624
97300 17.10749767640863
97400 17.41111030748387
97500 18.045288570226596
97600 17.92137892289852
97700 17.460470906711862
97800 17.45339975538666
97900 15.579231059733255
98000 19.0170238120013
98100 18.95088200910503
98200 17.25556406850947
98300 15.92124065197286
98400 19.806044763777138
98500 19.70307089121911
98600 19.98588027620144
98700 19.687534345143234
98800 18.070863971237817
98900 19.529400013233573
99000 19.204910150073253
99100 19.047413714752405
99200 17.752489751442408
99300 18.276501416558187
99400 19.14308412558173
99500 19.72221584613584
99600 16.92424326204076
99700 19.18867414299534
99800 19.847306374252504
99900 18.555577553612434
100000 18.53000568365907
100100 15.766651827225543
100200 18.136805702527464
100300 15.91708481795045
100400 19.12283841604341
100500 19.95828876682707
100600 16.374247164943498
100700 19.314713176033766
100800 16.889816280219055
100900 15.099430830293255
101000 18.17592186594289
101100 17.286453526212163
101200 17.447580447618083
101300 19.187363327743533
101400 16.911613296800507
101500 15.33433387571639
101600 18.855778722920753
101700 18.416137879097768
101800 16.734331954502217
101900 18.60066437750393
102000 18.314555038024
102100 16.762971363095055
102200 13.602856117695161
102300 16.453082740746527
102400 18.627660594587894
102500 17.151484009640846
102600 17.97103010880141
102700 15.4929434579178
102800 15.871873403686662
102900 14.340780757981895
103000 17.1428808810617
103100 17.90651827361952
103200 17.31070060253634
103300 17.428944238853553
103400 18.058082660554412
103500 17.328859159756576
103600 19.109018292233074
103700 15.265759143379842
103800 16.65570708750854
103900 16.688749330178936
104000 18.099754279045086
104100 15.954549433329234
104200 18.350439595926073
104300 18.063291888454803
104400 19.468065753995127
104500 17.250429027402518
104600 17.282999102942444
104700 17.360031617904504
104800 16.04457175374976
104900 15.492143384262663
105000 15.473245344298638
105100 18.629188144227687
105200 18.24425098054272
105300 16.73586055179016
105400 16.308348486896893
105500 15.970239562419453
105600 16.959836885171057
105700 18.060206681988756
105800 17.82208155564129
105900 18.35060737223444
106000 16.9574136425699
106100 17.407002575408992
106200 16.138748037570835
106300 17.267592585421205
106400 16.739454236385296
106500 16.343454524395618
106600 18.109541479795904
106700 13.963563349959822
106800 13.692879329398314
106900 17.064472029988323
107000 18.591278046274013
107100 17.292690228141243
107200 17.59202122516181
107300 18.721030811372614
107400 18.56761168451835
107500 18.214801587701743
107600 17.35182201350634
107700 19.016213912854234
107800 16.398686254907034
107900 17.391062435735236
108000 16.529903650034576
108100 18.38613464105537
108200 17.563190256857247
108300 16.456279844152327
108400 17.67403459756009
108500 15.572049005211126
108600 18.76297645882452
108700 16.55480543902169
108800 17.567933682519325
108900 17.54535202906375
109000 18.70091439573628
109100 18.214389329986638
109200 15.34600494175888
109300 18.384327742820545
109400 19.244065670799017
109500 16.391654597498107
109600 16.49148003610735
109700 15.853574038545291
109800 17.64543772081368
109900 15.88199245000645
110000 18.422040063343573
110100 17.42409932233994
110200 17.53895535645688
110300 18.377280354533053
110400 18.84256306865397
110500 19.291464975297906
110600 17.28384455325981
110700 18.702517493668662
110800 19.119531116587037
110900 17.67414371189985
111000 17.485762755841975
111100 16.32734993105664
111200 19.825356278489362
111300 18.8567270041702
111400 18.527705032800853
111500 16.714259580076604
111600 19.02477935583023
111700 17.08048000376487
111800 16.322931609799483
111900 18.76470988727312
112000 17.185827766162927
112100 18.639372299890297
112200 17.608163642049295
112300 15.9219244722699
112400 17.734297310728024
112500 17.597020090569313
112600 16.32239949350016
112700 16.398607760408595
112800 18.18735668618988
112900 18.27751011045831
113000 18.383331145857603
113100 16.95262034001282
113200 17.704211171275208
113300 18.811257664892235
113400 17.229244110513072
113500 16.640059450196873
113600 12.434271639530214
113700 17.430748839854434
113800 18.45298532548996
113900 16.885685233926196
114000 15.63765042657032
114100 18.322708972641507
114200 14.148174526669498
114300 15.923661055120009
114400 17.674996144172297
114500 14.850050189322484
114600 15.502784028412078
114700 14.12095024173915
114800 17.914646986818127
114900 18.019064232268484
115000 16.049392789248387
115100 18.936567730004196
115200 16.26778543491816
115300 17.03754368093221
115400 19.303548118137254
115500 17.785535809135325
115600 18.42916842492185
115700 18.946048602885732
115800 18.20803320182763
115900 18.47333242568135
116000 16.62592843785951
116100 18.13445301571211
116200 17.221276714835607
116300 16.764590250990256
116400 17.925535725630468
116500 18.656601219348133
116600 19.131236246478558
116700 17.34648326852453
116800 18.54548808306955
116900 16.455263194088683
117000 17.29609120698563
117100 16.678120764144
117200 16.577244038581387
117300 18.246438693744107
117400 19.484175906171803
117500 17.7032701514403
117600 17.87947685697419
117700 17.262785658411456
117800 19.61513958993496
117900 19.227496756038317
118000 19.347597196814842
118100 19.30485645772009
118200 18.59598835804484
118300 18.424162155419733
118400 17.43625563589902
118500 19.656860287738922
118600 17.891745757683474
118700 16.983840819465676
118800 17.25148453514304
118900 19.601552885194145
119000 18.71777581164325
119100 18.504065744822448
119200 18.36063735994037
119300 16.358356928429323
119400 15.86088786182011
119500 18.02795942869074
119600 18.565488982229287
119700 18.092811744897404
119800 16.88641857727082
119900 19.753948638911563
120000 17.7601124373791
120100 17.190360850399134
120200 18.432554245805
120300 18.11555318963885
120400 15.843825483392246
120500 16.371715814958524
120600 14.945880826012523
120700 16.82741038863572
120800 19.375755989105016
120900 17.71124504701873
121000 18.518323690304175
121100 18.61052568951999
121200 19.93392701183877
121300 14.486346144416384
121400 14.453423519547878
121500 16.123102528781132
121600 18.495278925257505
121700 17.99446856109127
121800 16.26009936561518
121900 15.400124684938309
122000 16.95940174810696
122100 18.53419687131564
122200 16.755239281030406
122300 17.754956781150703
122400 19.064472985167114
122500 19.780717533314963
122600 18.072591370347762
122700 15.364700987475056
122800 15.557778919630724
122900 18.099880323237706
123000 15.417235684459113
123100 17.060223070781106
123200 19.86020623427442
123300 18.70888819808942
123400 17.91828073462065
123500 19.620183613780732
123600 15.749372282309276
123700 15.745736811954728
123800 18.3328870732366
123900 17.931520210406717
124000 16.041398971634564
124100 18.054602601862157
124200 16.96839258049828
124300 16.20654011269696
124400 13.713452674052004
124500 18.025323541685218
124600 18.733331083182332
124700 16.167276889368523
124800 18.844140917261377
124900 17.32658324570955
125000 17.49728931055319
125100 16.898288733201557
125200 18.944868594049122
125300 18.144528217567427
125400 19.553371980546306
125500 17.8999311316126
125600 18.66976695089218
125700 17.663696639772972
125800 18.92985701076715
125900 17.716056631356462
126000 15.502281687002496
126100 16.75769494516064
126200 19.17962628889283
126300 15.444712026539312
126400 16.29555088434915
126500 15.977214715171687
126600 17.94738021762482
126700 15.805417747241554
126800 17.259146445050764
126900 15.371651745841758
127000 18.49935184528584
127100 18.44049354557913
127200 18.309072340949466
127300 18.198409937577125
127400 19.069984465986586
127500 18.314630777922453
127600 17.084501080070368
127700 18.005473880118476
127800 18.599714179043232
127900 19.595928897342908
128000 18.671440384784617
128100 19.83084165120916
128200 19.82749071780477
128300 18.90480320799123
128400 18.424667445279812
128500 18.64612603574057
128600 18.736070170863986
128700 19.798664950237853
128800 18.32939605243445
128900 18.66945256960232
129000 17.6326180764782
129100 16.64426402169833
129200 18.326930969469615
129300 19.212510177621702
129400 18.887602065155615
129500 19.660004521970706
129600 17.4361306067669
129700 18.28107515659243
129800 18.5393544802477
129900 19.733098577598696
130000 17.926360707770694
130100 19.812679564902126
130200 17.348687193186468
130300 19.008843839389687
130400 17.303044081752788
130500 18.403519231772584
130600 17.367764059614842
130700 18.70027880149672
130800 16.266885501584024
130900 17.007281598139205
131000 15.130745399753966
131100 17.57320380320474
131200 18.02476219905654
131300 18.157201469534854
131400 17.150199423238156
131500 19.20158639872113
131600 18.084225952041013
131700 19.47875836428835
131800 19.327554590561036
131900 19.337359523892122
132000 19.460729854494883
132100 18.607642687307596
132200 19.01664093852027
132300 19.77303694353056
132400 18.091166912743674
132500 17.5338702938977
132600 17.902264734493624
132700 18.15459406895042
132800 17.19050778927537
132900 18.29789653693131
133000 19.566867377290222
133100 18.86487736702821
133200 19.10021020579638
133300 18.07478575335102
133400 18.162937412722012
133500 18.009249226620362
133600 19.823709585797694
133700 16.45924023275629
133800 18.92887839348168
133900 18.20796405771544
134000 19.82915255301202
134100 18.472614976875928
134200 19.381158704393652
134300 18.638964593514494
134400 17.787418775919953
134500 17.08616613170487
134600 16.7431563390725
134700 14.267571638077774
134800 17.061580942820946
134900 17.19634049498754
135000 19.212848745728746
135100 15.428701974652036
135200 18.469249658287342
135300 18.11216288912863
135400 19.29011458730309
135500 18.372061382126066
135600 19.650123906608425
135700 19.19580074528423
135800 18.79750812796731
135900 18.38833621519204
136000 18.839263049411727
136100 16.641910944795022
136200 18.36971020637885
136300 17.103124650393266
136400 16.87413541531276
136500 14.965716808966313
136600 17.20607876598134
136700 15.889434547181951
136800 17.771272505747866
136900 19.715351375941914
137000 19.59383950189048
137100 16.46346193510602
137200 15.625397674869594
137300 19.208503602610065
137400 18.360761985402952
137500 19.367155616069876
137600 18.01851035917189
137700 18.548487317488846
137800 17.56394879483311
137900 15.90755610302783
138000 16.752024242471617
138100 17.568758763395277
138200 16.34718317451069
138300 18.752267329168582
138400 17.56560105967923
138500 19.773548569989668
138600 18.19701830411659
138700 17.303876502672637
138800 16.537538386631034
138900 19.18865724783124
139000 18.65283074035622
139100 18.274319122226903
139200 18.43814260160131
139300 15.500666054225272
139400 17.767156746109663
139500 17.4491034408301
139600 16.517941711112222
139700 18.708499362328244
139800 18.636766960621415
139900 18.36465502486244
140000 19.493367996838888
140100 17.42041527927791
140200 17.455713154275003
140300 18.02227591094696
140400 19.128426253125486
140500 18.817700802793695
140600 18.291350321164508
140700 17.928508567342963
140800 14.467896298920335
140900 16.326725659217345
141000 15.13129151220363
141100 16.12097474183616
141200 15.39400953337312
141300 16.441142678664193
141400 17.599735945574277
141500 17.426193480575343
141600 18.45826579878299
141700 18.258021279108885
141800 16.579052535013332
141900 17.834675980264603
142000 18.73656123222384
142100 19.24747521181497
142200 18.889438128337837
142300 18.146296140112906
142400 16.629207852106994
142500 13.468596119036574
142600 17.278604387713354
142700 17.204100812561457
142800 17.250475545893803
142900 16.198424095428173
143000 14.386523185719032
143100 16.001166390467805
143200 15.627557658437922
143300 16.83183564444898
143400 17.828097638600536
143500 18.946782313336065
143600 18.720131185663494
143700 19.185603730006846
143800 19.5814876632877
143900 19.24297352629215
144000 19.536639193355963
144100 14.97847203041945
144200 18.060613096371952
144300 19.066858201894703
144400 19.432329355543057
144500 18.378418776607802
144600 18.93928334133191
144700 18.391309016600207
144800 18.558291687303218
144900 18.69995079160703
145000 16.500885533491687
145100 16.887277099653637
145200 18.985055325797152
145300 19.525046364555582
145400 18.324261096685692
145500 17.30304960318406
145600 16.77308363100987
145700 15.855344258540375
145800 18.703811851678314
145900 18.929826337271404
146000 15.641024786249947
146100 14.246250717832334
146200 17.8754332714155
146300 18.47743450307121
146400 18.301341963083196
146500 18.55224074817383
146600 17.071158294175483
146700 16.342144845884473
146800 18.834706612819478
146900 17.761456983781674
147000 18.708579968419883
147100 18.325198843238635
147200 15.470956545750795
147300 18.553150174606472
147400 17.04733285040084
147500 19.402306229597844
147600 16.948106567719403
147700 18.555349889121146
147800 16.97099165037111
147900 17.474082735457458
148000 19.584009934654492
148100 19.660374987208673
148200 19.788956434043854
148300 15.211322044750824
148400 18.583734650083755
148500 16.542809168875824
148600 16.249614566178277
148700 17.8523486747785
148800 19.505185850541768
148900 18.760526576741032
149000 18.26415108838508
149100 17.751890272282274
149200 19.092253903808423
149300 18.57806340376353
149400 18.99480584613266
149500 18.042958304598297
149600 18.29919392144223
149700 18.312446383129608
149800 17.905045887403393
149900 19.13434475317935
150000 18.999382633010203
150100 17.19817863206294
150200 19.866766367195623
150300 18.253319127747805
150400 17.605860950420546
150500 17.35570990041152
150600 17.15199296139138
150700 18.043122160981707
150800 18.704950416019905
150900 17.73902232887274
151000 15.306010033626574
151100 16.985925870688984
151200 19.109563203745783
151300 19.099946780862837
151400 17.98075921992496
151500 16.471987132376665
151600 16.58707574489584
151700 16.359432072735252
151800 16.37543343719077
151900 17.138715268095087
152000 16.44908406656371
152100 15.593336032686116
152200 15.776277946029495
152300 18.784444264675283
152400 18.637404091816954
152500 19.128177536773975
152600 14.625874657069437
152700 15.906370621262683
152800 17.188049048622148
152900 18.87160752079748
153000 17.090919160593
153100 19.548949888134857
153200 17.64202797506434
153300 19.13953131755045
153400 18.269605545639212
153500 16.633093390112155
153600 18.65471824004073
153700 17.50223948259147
153800 19.59164765984268
153900 18.291467447047957
154000 18.464755833920453
154100 18.377599606810858
154200 18.330673689445952
154300 19.550450987961852
154400 19.490728648108174
154500 17.680777276938482
154600 16.889088843074497
154700 16.734783662928972
154800 16.49784593775256
154900 14.413533508177844
155000 17.543748663949465
155100 15.173261417621037
155200 17.5153373744011
155300 18.432838138678083
155400 19.127248987915902
155500 16.49962206915941
155600 15.352786254479271
155700 18.865549748572615
155800 18.170886679284376
155900 15.85400368889551
156000 19.43529953588718
156100 19.40718575051643
156200 18.177705279298586
156300 19.60848894176334
156400 18.710202202134482
156500 18.54397253956487
156600 18.425189658276523
156700 18.82538037877247
156800 19.391545523818507
156900 19.90097210797741
157000 19.21332958565161
157100 16.54870337075948
157200 16.376154625425787
157300 17.616390370423776
157400 19.44444596440529
157500 16.85763902578937
157600 16.820487329800347
157700 19.077123351173547
157800 17.36932671180898
157900 17.576730037562555
158000 19.22865066628624
158100 18.054889207813783
158200 17.86716189399709
158300 19.071332693104377
158400 19.041180119223753
158500 19.258649949146733
158600 18.74187284697175
158700 18.845000619696204
158800 17.9225228569172
158900 18.559883466627372
159000 17.66663304803324
159100 18.608216825871878
159200 19.152100227281593
159300 18.399617241291292
159400 18.037844804811133
159500 19.662327944937665
159600 17.209397934121398
159700 18.48255738980103
159800 17.990378405818685
159900 19.467504181842497
160000 15.555559863279816
160100 16.217713954987055
160200 18.332254595088777
160300 17.710998968714915
160400 18.380983862889902
160500 17.65042825666174
160600 18.68759034628165
160700 18.151984444697018
160800 18.388459402163733
160900 15.79890187054656
161000 17.1488981773279
161100 17.60037205164811
161200 19.614338388776545
161300 18.280773299711818
161400 19.49633352153334
161500 18.366822096642064
161600 17.174529125218584
161700 18.441262465346085
161800 18.616116831093787
161900 18.310306176057022
162000 17.848276436470357
162100 17.93591012415915
162200 17.8350673886061
162300 17.426264592800358
162400 18.143881849943302
162500 17.82594622827891
162600 18.108634778974334
162700 16.604062809045598
162800 16.181242837907316
162900 18.161166370010754
163000 19.019616944708133
163100 18.241245263046384
163200 18.92064920247064
163300 18.090852527729467
163400 17.814284582538647
163500 19.126551841886617
163600 17.1056386688156
163700 17.860912710196285
163800 18.587627752094104
163900 17.457366772731103
164000 18.814543641896762
164100 17.470772911156295
164200 15.89227665548138
164300 17.730140708350145
164400 18.1957360551833
164500 16.245823433334234
164600 17.20870074618911
164700 17.888934737762362
164800 17.368067721677324
164900 16.13538907229716
165000 17.041674676502126
165100 17.414483114940996
165200 18.47999482698768
165300 19.02459046188834
165400 18.35902479785263
165500 15.989970441148026
165600 17.7168065855728
165700 18.027051209823416
165800 18.87407806137652
165900 17.208563134262512
166000 17.202846613341865
166100 19.193037484333647
166200 14.194839210519175
166300 16.347927400169723
166400 18.57357339559425
166500 17.28584381526328
166600 19.158476065973556
166700 17.55059724801855
166800 17.539022913008832
166900 19.423083605030627
167000 18.24332532356375
167100 17.897774195926495
167200 17.436970670724616
167300 19.72640194951117
167400 16.453555337924627
167500 14.423736772878893
167600 17.871753388121224
167700 18.317130110682985
167800 19.05962176873327
167900 17.228490141800936
168000 13.64571151391005
168100 12.365208724708515
168200 16.279212228105383
168300 18.042790043133476
168400 18.017250639591186
168500 17.736836363378416
168600 17.68463180727137
168700 18.35875271896797
168800 16.602219798643866
168900 18.86332116680894
169000 18.909738526517867
169100 17.31365706321343
169200 19.520542948073103
169300 17.76224545331344
169400 17.560861370577125
169500 17.715322553623288
169600 16.951823721450747
169700 17.512628607081933
169800 17.878712874635053
169900 17.395736419437736
170000 16.969656177073293
170100 19.28918847717034
170200 16.66149066037574
170300 18.033608329479396
170400 19.622143381107886
170500 19.905230798498174
170600 17.097827038253516
170700 17.82807817169121
170800 16.524264198073567
170900 18.79406196883212
171000 16.421091851005087
171100 18.42703187505891
171200 16.243649580244128
171300 16.476953061666798
171400 17.403080462956282
171500 17.05021717431477
171600 17.579232399287832
171700 17.73160092875055
171800 19.25934187855274
171900 16.661044688101804
172000 18.59176629367491
172100 17.407798825928896
172200 17.362250806982356
172300 19.790418696909605
172400 19.21494164758636
172500 18.835989035614205
172600 17.77040710325536
172700 17.920506661501914
172800 19.060533559186908
172900 19.12528827762619
173000 18.02551045665376
173100 17.315193691374812
173200 18.49372652417807
173300 16.704667246930438
173400 18.833144136892823
173500 19.471902352541104
173600 16.05124946815703
173700 17.035752800749076
173800 19.668059143477077
173900 18.61427486648505
174000 19.340572811779705
174100 19.84140900708906
174200 18.479979074242227
174300 18.770889486942117
174400 17.220239207936153
174500 16.527663916341076
174600 18.365375147666178
174700 18.656767046463347
174800 18.4764572004369
174900 16.600609886660198
175000 19.558410157927277
175100 16.483374737073355
175200 18.437590921604983
175300 18.680986942180823
175400 16.095289504695277
175500 18.390308151719196
175600 17.68352499083763
175700 15.679503347580189
175800 17.503875227180476
175900 16.15388297566467
176000 16.448318843730124
176100 16.142084746658053
176200 12.674188469289096
176300 14.370538655053107
176400 19.238036721641212
176500 19.94765257246685
176600 15.243943628723759
176700 19.374393207091693
176800 17.629671467211214
176900 18.261733909458112
177000 17.64971004283349
177100 18.772221904532802
177200 17.54958576319918
177300 17.535796459567553
177400 16.80495879832895
177500 16.715286614501956
177600 13.490473547833869
177700 18.45471982168497
177800 15.586573719411964
177900 15.84691861971086
178000 17.874756870771602
178100 15.777994466323424
178200 15.950318803339952
178300 17.76599302865558
178400 16.509705826145037
178500 16.047053373934354
178600 16.56831132621726
178700 17.676403902843173
178800 17.95395709111497
178900 16.73022444641292
179000 15.603798656243098
179100 17.373618284435747
179200 16.06252005861238
179300 17.21519472744835
179400 14.865443919105243
179500 17.174097832410393
179600 15.72471390796701
179700 18.61283964631325
179800 15.442122377075371
179900 17.79750018309716
180000 13.583700757347353
180100 16.82427561958265
180200 17.620560510978475
180300 16.948199664855228
180400 15.435944645778283
180500 13.987393437192313
180600 18.044343990184593
180700 15.183887690063603
180800 17.295323258947615
180900 17.235917031098428
181000 15.649374952073938
181100 14.125900522200576
181200 16.441656473502746
181300 16.802290247834353
181400 17.489909064869032
181500 17.398273228187005
181600 16.40759598186276
181700 12.795998254898018
181800 14.742073628764514
181900 17.30178702868703
182000 18.55264679446226
182100 13.995846401510741
182200 17.029915060491746
182300 14.434073827863859
182400 14.390448918395219
182500 9.279551690781421
182600 8.286873055974851
182700 13.006716322910554
182800 14.703128489483422
182900 16.232382398402112
183000 16.084439790178077
183100 16.84680267494966
183200 16.15954087405117
183300 17.097412677924154
183400 14.82423278218274
183500 16.569527109041303
183600 14.765699082488034
183700 16.76160970888544
183800 16.963237959851316
183900 17.22749011296508
184000 8.795528544939629
184100 17.43778767876991
184200 18.138678786759602
184300 18.170261556250896
184400 17.724892897253575
184500 19.25371721230646
184600 18.467975008743316
184700 18.25728872477785
184800 17.432323328911856
184900 15.954081474232568
185000 18.872924427932997
185100 18.154969632304738
185200 17.388882339243597
185300 17.168782522162815
185400 17.794954510416055
185500 17.65360587231618
185600 16.59017513239425
185700 17.254689803442098
185800 18.406053092171984
185900 15.935982964186023
186000 16.01830021302684
186100 14.891262415278433
186200 15.778734569397916
186300 16.060918542928256
186400 15.55423263224062
186500 14.87016340224495
186600 16.866314389980705
186700 14.286683173114657
186800 16.86410718011893
186900 19.066814103735165
187000 16.56882980729008
187100 16.37789445018845
187200 17.662360456381872
187300 16.505911984805007
187400 17.98425522023446
187500 19.230804147189588
187600 13.557015008951687
187700 16.640969722691256
187800 16.526683215318606
187900 17.902765946112027
188000 17.16857739022506
188100 17.948091297730674
188200 16.02625384939252
188300 18.65743236458019
188400 18.216264471250195
188500 14.382201017508931
188600 13.062689134148028
188700 16.65842298862408
188800 15.717743166382315
188900 18.044659905651976
189000 18.488449837457036
189100 17.311539094869485
189200 17.395682860802047
189300 18.09611559472555
189400 14.8689940908706
189500 13.338581170902751
189600 18.564949991647104
189700 17.677208405708736
189800 17.26646877745293
189900 18.959379031476907
190000 16.149622065072244
190100 16.891320229057946
190200 14.630133399241776
190300 17.023608461714105
190400 14.539206984517643
190500 17.412377885560627
190600 18.40449535304451
190700 15.684595389821988
190800 16.960287446355455
190900 19.641549282134147
191000 17.398283032127612
191100 16.243810245642795
191200 15.541859738371043
191300 19.78800424987634
191400 17.552703770991844
191500 17.210099023303076
191600 16.776774608094914
191700 18.64305598914993
191800 19.182367059312586
191900 19.654528983275394
192000 18.505345340301538
192100 17.933690299843033
192200 17.1830221283122
192300 17.361375804932162
192400 16.942433965160877
192500 17.978024741656828
192600 15.695251435775752
192700 17.09112571297519
192800 18.544788063583777
192900 19.071725573874847
193000 19.01541564988715
193100 17.59552091821335
193200 15.297739189719284
193300 16.79048809440291
193400 15.244478297445406
193500 17.20690084968081
193600 16.81675207187052
193700 15.988582111077834
193800 15.90714433785604
193900 18.266929062909117
194000 19.66566374435112
194100 18.692938987335975
194200 16.40821397408429
194300 17.26670585973014
194400 17.915774656526466
194500 18.155291492491077
194600 19.735759841903448
194700 18.701955665349185
194800 17.884340076107527
194900 19.52819227907045
195000 17.15120007580974
195100 17.163335425143078
195200 18.710817626722967
195300 19.208248306710345
195400 18.961338900282307
195500 17.419759506495026
195600 16.09718596907284
195700 18.02999903423818
195800 17.25134584647108
195900 18.858953053230973
196000 18.891323630341912
196100 19.723951032734067
196200 18.249716829699295
196300 18.97924668237013
196400 16.96074654209838
196500 18.348525913440263
196600 19.043196130278442
196700 18.925398164508156
196800 17.873950068162316
196900 18.579525383077907
197000 17.365074131026063
197100 16.065134182193407
197200 17.85900070827174
197300 17.52408219130189
197400 15.90039398447345
197500 13.539914162153465
197600 18.051513883953017
197700 18.36326097291968
197800 18.461977511325898
197900 18.615235355250192
198000 17.649654015289798
198100 18.255207758219374
198200 16.06484966646415
198300 19.315561264711043
198400 18.268901417591685
198500 18.651348157543456
198600 17.603986589721412
198700 18.17466771173624
198800 17.645245398970353
198900 18.980978805408714
199000 17.968835244872228
199100 17.412924217403603
199200 15.918126888857348
199300 16.79251484772784
199400 18.250451664435236
199500 17.649508385038487
199600 16.657674647425168
199700 18.622901868804192
199800 16.329021272158275
199900 15.151722856433947
200000 18.69275799879466
