100 10.443649363848994
200 10.10587203698019
300 15.266144594311083
400 10.554794399468408
500 8.644805865998194
600 10.922401929430551
700 7.609999974812526
800 10.938002650926306
900 8.119394258342213
1000 7.985308058668617
1100 7.683660936619137
1200 13.749115290799827
1300 8.58118229244245
1400 8.465829960000436
1500 5.12574028131142
1600 5.747258817505198
1700 5.9269565622646265
1800 10.251377744657196
1900 9.624099455563941
2000 13.712591810495734
2100 3.0078654364257007
2200 6.813598126276917
2300 10.510284493279695
2400 12.854667151474484
2500 12.104610100297414
2600 9.815523469140437
2700 10.444330900244786
2800 13.058678095200213
2900 6.365512629551193
3000 6.740051730740511
3100 11.429963827224778
3200 12.105073250909344
3300 10.860818383274
3400 10.619679335624316
3500 8.346249294366114
3600 9.202731639308432
3700 13.501046233972538
3800 7.517380291398818
3900 10.835579482788939
4000 11.822197640525065
4100 11.688636028503991
4200 8.48829725890807
4300 10.55284843283293
4400 11.3193322945434
4500 10.035468799164407
4600 10.22590718739151
4700 10.68146729870859
4800 5.341261306105345
4900 10.3215783105098
5000 9.212802230202351
5100 9.439274406085259
5200 10.226272544697528
5300 10.919045532523675
5400 9.74096805249437
5500 5.791519049463929
5600 12.630168266236595
5700 11.56730542763106
5800 11.743488503913849
5900 9.06902541935929
6000 7.4282250735570425
6100 12.389275251186367
6200 10.072862853087207
6300 11.257653464725811
6400 11.869728447543807
6500 12.54701165134276
6600 11.35774760854657
6700 10.817916970448852
6800 7.488335848080445
6900 11.87156997388816
7000 11.987352911668435
7100 9.32646451068114
7200 15.278447641179127
7300 9.25935711208227
7400 8.506572941462153
7500 11.921296053585396
7600 10.796474046207093
7700 9.836800799254311
7800 9.179895030362761
7900 10.830067938561617
8000 6.946318974006114
8100 10.964767462231254
8200 10.812208804309625
8300 10.223286868980605
8400 13.79127766905312
8500 9.17778240489858
8600 12.782117358251242
8700 9.7026008395325
8800 10.953076829835627
8900 12.318839335117813
9000 8.88493450066078
9100 11.620498659381346
9200 8.74584203285817
9300 11.805102918546659
9400 10.64398760479574
9500 9.171003568210526
9600 10.089111547583505
9700 10.298675068527672
9800 7.934921404339412
9900 14.71081739142017
10000 12.003450740664368
10100 10.616523986518768
10200 15.246337294150242
10300 10.979442815592645
10400 14.135491092583019
10500 8.930927071708515
10600 7.868103257931952
10700 10.948205974621823
10800 10.153031466636241
10900 15.081486292866835
11000 7.486942237200705
11100 13.308920131649561
11200 6.37073790933223
11300 10.244780067975627
11400 12.151309164826975
11500 9.559624748053485
11600 7.783892100611437
11700 12.041119380794955
11800 10.829170725869888
11900 14.581195585446665
12000 9.16674595659958
12100 7.984066017051245
12200 6.09820171953453
12300 11.85869515383317
12400 13.221941192895953
12500 14.612447906144226
12600 11.070038724451354
12700 8.141604167910476
12800 13.482565333763178
12900 10.07518764277027
13000 11.264445410989714
13100 13.450383245107394
13200 13.01959556819132
13300 14.661902648820702
13400 13.285323812054283
13500 10.130578791708865
13600 11.22096888420154
13700 11.352600713822143
13800 10.080042955038582
13900 12.396178521384227
14000 12.469661177492142
14100 14.41439719255104
14200 7.898780180627657
14300 5.204069325975726
14400 9.675001345734124
14500 10.068436682103144
14600 13.170802152443652
14700 12.310011660308428
14800 8.225852082746163
14900 11.836066300592778
15000 8.123721650323043
15100 10.294820686491496
15200 4.104948616907406
15300 9.598443843095666
15400 7.960234676469035
15500 8.840421010230006
15600 11.94360534921371
15700 11.426314072664827
15800 9.048049068716942
15900 14.13116873515019
16000 13.977639991420885
16100 7.815263673360681
16200 6.438503392817667
16300 10.869539396600524
16400 9.656129255197273
16500 9.639919287267672
16600 13.224692989027938
16700 9.605413021659208
16800 9.774805720105542
16900 6.889337791505676
17000 10.21934433767415
17100 11.302694595901583
17200 8.200782916302073
17300 11.79143434199548
17400 12.239706920264313
17500 5.472657895302753
17600 11.708259990968077
17700 12.579279207126989
17800 8.257944558158263
17900 10.707792879996585
18000 9.129762335872075
18100 11.968607711601326
18200 13.897177464828102
18300 14.304534407871497
18400 6.204272214623172
18500 9.840349962129984
18600 9.86380637718989
18700 12.449169875874365
18800 10.516228147130983
18900 10.65775772171513
19000 11.38081996408043
19100 12.158670464904159
19200 10.269777206822612
19300 9.543448224126871
19400 11.19201295324968
19500 10.003268874858419
19600 6.499210000628748
19700 12.93132485749694
19800 8.69707203287893
19900 12.794890720841556
20000 11.262370116356209
20100 4.748506928889968
20200 10.124548783771978
20300 6.390344602216514
20400 13.029963261765987
20500 10.10276650970414
20600 10.64611262454732
20700 8.89945882098571
20800 7.019658676321966
20900 9.321368517373093
21000 12.946191912739543
21100 8.81651785963167
21200 8.794063614673007
21300 10.844912834809472
21400 6.086662040109716
21500 11.383845378136746
21600 9.062049892166408
21700 10.904837501484568
21800 9.092714186573339
21900 8.661089872237676
22000 11.060808900850617
22100 10.63620044150525
22200 9.183908902729534
22300 12.300129165026762
22400 9.603279823151915
22500 16.74087090500037
22600 10.225105530309113
22700 7.08147767365981
22800 9.921330221075639
22900 7.059479763623761
23000 12.479539836824769
23100 12.889222092852723
23200 9.68731458545066
23300 13.238656068035219
23400 14.37712475411886
23500 5.579910691391319
23600 9.350102312286928
23700 5.852044600858482
23800 13.557634674538722
23900 11.454292779926856
24000 8.339035413909395
24100 12.179114348195304
24200 12.514759028080142
24300 10.902216490818136
24400 8.551378613048806
24500 13.002391709787387
24600 11.167189228415756
24700 10.037008736780974
24800 11.860221577332872
24900 13.433249835318259
25000 11.319683243857979
25100 9.507833223274945
25200 11.536850729187158
25300 12.243999595591006
25400 7.96621744945703
25500 8.003968620329454
25600 7.717365024984334
25700 9.005050713225366
25800 5.532503240395041
25900 12.300277884620023
26000 11.5581151312021
26100 11.095222459906763
26200 10.754716787264877
26300 6.860457930594348
26400 8.766652730314469
26500 9.045752145915282
26600 13.208282377745554
26700 9.140778676706883
26800 11.592511358353702
26900 12.117576270617388
27000 6.711429503927713
27100 10.817120742653286
27200 12.234202520124422
27300 7.704568337955972
27400 8.354016967846034
27500 12.466444156917307
27600 12.976577650593278
27700 10.778005538163667
27800 12.913018473977706
27900 13.158635085399187
28000 12.849264360921149
28100 14.555380992946674
28200 11.066504763421669
28300 13.183618018765966
28400 9.998496481931724
28500 13.799693017199568
28600 9.720594054650073
28700 12.47275671612274
28800 13.818855676458853
28900 14.836633987750487
29000 14.226253538169564
29100 11.309182126816266
29200 8.788856909911024
29300 7.698652656933418
29400 10.526603301949097
29500 12.796213457488196
29600 11.609186271234934
29700 12.762498078831149
29800 11.59328623943414
29900 10.688989120498753
30000 6.2740389112650785
30100 14.057725245803294
30200 10.98879304063175
30300 13.062604424627624
30400 8.24133252663496
30500 13.195854563308277
30600 12.713387439551317
30700 11.432030228654007
30800 13.361510501839554
30900 7.552348172148456
31000 11.478637585068377
31100 16.76185820725404
31200 6.872797800855755
31300 12.610456256334837
31400 12.632618300142717
31500 7.910565265263277
31600 13.646085970651988
31700 9.644062306651769
31800 8.619176572919507
31900 10.4531865372982
32000 11.030637343075743
32100 12.366802670985395
32200 5.7912049837453345
32300 10.04257513394816
32400 6.333030296127889
32500 9.350446804708623
32600 8.945085164575858
32700 9.217443927702085
32800 11.743705724352788
32900 12.380861171147155
33000 8.27747587634569
33100 11.793632472907273
33200 10.06171165423779
33300 12.591546930586253
33400 14.747709540056931
33500 12.121934112570077
33600 10.257960198786014
33700 11.90239432497038
33800 9.747824218495621
33900 12.97647976527449
34000 12.490695751508591
34100 7.226557707368829
34200 11.944920920626206
34300 11.809465578784243
34400 9.577986015959711
34500 15.962924674738886
34600 10.72798835076663
34700 9.436353090793311
34800 12.18993761762113
34900 8.921466109075586
35000 15.519361022935287
35100 11.398851707917027
35200 8.575476176833659
35300 8.499742381212453
35400 8.983465090342499
35500 12.227828823168837
35600 9.240909789963018
35700 6.8976252166032355
35800 8.512816318768973
35900 12.726175073889683
36000 9.71914678882795
36100 7.218255628835705
36200 11.498344532725245
36300 14.151683436069987
36400 11.809570581365417
36500 10.502385576031383
36600 9.333878114206398
36700 6.83441215940165
36800 11.280062215805561
36900 10.106531316493788
37000 13.14513702542186
37100 11.152429660378937
37200 8.197331587019704
37300 12.429118128408613
37400 12.910176554917339
37500 7.702013919452309
37600 8.376854228742003
37700 6.591932779931364
37800 11.273530970996847
37900 12.835476242625347
38000 16.76022369505388
38100 14.394527683054218
38200 14.359879956597732
38300 11.843136362538779
38400 8.15950827271814
38500 8.985823289708586
38600 13.548695647491797
38700 9.888583887015136
38800 14.404554792754382
38900 14.490474684795458
39000 8.265533867978464
39100 17.031241305838886
39200 12.599556056505925
39300 6.787074453680709
39400 8.423684092497231
39500 10.380449893851255
39600 9.992347923928374
39700 9.215524293699549
39800 12.366916014992302
39900 12.197073335268248
40000 10.615372683667951
40100 8.419020541918295
40200 9.331708373607906
40300 12.413565378215495
40400 13.30370391865487
40500 13.372211499016744
40600 13.204592974925914
40700 14.760746306600565
40800 9.778066123598478
40900 10.911742359106201
41000 11.996936770354147
41100 9.167063440928569
41200 9.142395026876526
41300 13.429176173628276
41400 11.31714569529165
41500 11.81602643192725
41600 13.008572395654898
41700 12.606418000038861
41800 13.025864449844436
41900 9.598709530625365
42000 11.268646416014848
42100 11.387282779108693
42200 10.901341454451357
42300 11.828744627666644
42400 9.714329429381138
42500 5.204950087990255
42600 8.431388137458097
42700 12.583896529578931
42800 14.721412240727314
42900 14.470460112607933
43000 10.57797495438754
43100 10.167801561147286
43200 9.305328443419915
43300 10.778491515789275
43400 8.952609713036042
43500 8.214323392488266
43600 13.143260682161804
43700 13.43440155217748
43800 10.126542130641509
43900 15.39473603803379
44000 13.962420594893866
44100 12.450190867275662
44200 13.450134251118305
44300 5.926534307372085
44400 15.483644049832929
44500 12.300128889537387
44600 11.622681998489833
44700 10.758119699298845
44800 7.5990002441388595
44900 6.016874772869301
45000 11.0286258259145
45100 6.837760105418403
45200 10.133985466761244
45300 8.959980128747148
45400 11.856606416448217
45500 10.412829576721386
45600 10.810155002131298
45700 10.664201047015093
45800 4.6250100919395365
45900 9.602651304651497
46000 8.71800414099081
46100 6.153376654190625
46200 10.34512905189893
46300 10.442336712450519
46400 9.665376734569612
46500 11.412668654861111
46600 7.904576358805238
46700 12.094720337398396
46800 13.762025408725847
46900 11.575978525147743
47000 8.607236845270853
47100 13.161893618273773
47200 8.996850266596457
47300 11.017472107939062
47400 6.463735544254727
47500 7.5492729009897355
47600 11.666629266845312
47700 10.00307967833767
47800 5.326903760435645
47900 10.175919929395397
48000 11.40318855332787
48100 11.271241979854791
48200 12.193825674588325
48300 11.398815067361737
48400 10.752978665145518
48500 8.455087580172469
48600 13.016655078041627
48700 9.023138916518851
48800 4.736618473075284
48900 9.882529311316151
49000 9.932681456785852
49100 11.950374729102492
49200 12.488692338334547
49300 12.690825444279184
49400 6.785714217971687
49500 10.979224410464484
49600 9.235516197112803
49700 10.06043377269736
49800 10.94048178467734
49900 8.181802971982348
50000 6.9264567881483945
50100 7.863737579668518
50200 12.299757905204224
50300 10.432322953160606
50400 6.653420505711431
50500 12.050658636725812
50600 6.880269890908586
50700 13.40019532519695
50800 7.764008041347233
50900 10.868860891802484
51000 11.941724598594192
51100 8.99492374638559
51200 13.609160248077613
51300 10.554958421078448
51400 9.121584237107173
51500 7.082498123497743
51600 10.131074456975986
51700 11.8057665151458
51800 11.3152221491222
51900 8.825784057165874
52000 10.826709387956647
52100 10.524372448033867
52200 9.291567052881295
52300 12.988336293327606
52400 5.982334520475561
52500 9.400272871101361
52600 5.186674553989587
52700 11.23995181980068
52800 10.499553742970148
52900 9.424658817797583
53000 7.4676802335616435
53100 9.757286677986631
53200 10.255770253449557
53300 8.82804547300442
53400 12.094668686267473
53500 10.067918162011084
53600 12.156376921983663
53700 6.5255672708648556
53800 8.490249488483327
53900 12.309608014346052
54000 7.669110856644835
54100 6.466075638590261
54200 7.54750550507864
54300 9.080721446269239
54400 8.618085467838956
54500 7.661978135664351
54600 10.464637839791608
54700 8.559564851240992
54800 11.211612564097749
54900 10.267917776546007
55000 12.147335185107279
55100 11.827967558287918
55200 7.04426916288457
55300 9.08569511591427
55400 11.788279002973832
55500 7.326190189633859
55600 10.894257557058843
55700 10.532766773993123
55800 11.769507981005942
55900 4.954928947731198
56000 11.547914017144652
56100 9.446411261110264
56200 14.319006612284653
56300 11.752613351739988
56400 12.110767384765674
56500 11.439306474110138
56600 11.47345557563558
56700 10.141566876235302
56800 9.44761948077129
56900 12.547648672221587
57000 11.822627780885437
57100 8.84335451400504
57200 9.366422573368707
57300 4.312623588589041
57400 13.449637117297023
57500 10.425146890302392
57600 10.464575651101939
57700 11.718839280054894
57800 10.828766610572682
57900 12.85444865982304
58000 11.403937513699907
58100 10.639247167705514
58200 5.812160952985861
58300 10.968865942862982
58400 10.218528848668083
58500 14.261519951958372
58600 9.441799486286182
58700 12.01148557983866
58800 13.399577780493694
58900 8.185227510954203
59000 11.343740356108896
59100 10.885926311635247
59200 10.744145717416608
59300 11.807636934955275
59400 11.00938172690843
59500 8.85927026836254
59600 10.913027662112944
59700 11.068047175838299
59800 10.380004634272039
59900 8.480410443354128
60000 12.374240703698353
60100 7.600730367025101
60200 15.061753549445992
60300 8.248586591554485
60400 13.142113474574144
60500 10.38073532169039
60600 17.285666303792635
60700 9.410465037723313
60800 12.93815442973735
60900 11.17807070767682
61000 11.10217487245792
61100 12.178517558204424
61200 12.500983198491566
61300 10.915870728768327
61400 8.663558278390063
61500 11.169914608585474
61600 11.563369114350085
61700 9.08115759380691
61800 14.221427584847804
61900 10.908263016980518
62000 8.986758108669198
62100 13.145263216833555
62200 10.897669543312125
62300 10.127841094055029
62400 13.595444822093711
62500 12.718014091658503
62600 12.51370088542662
62700 8.051901081063889
62800 11.182148119405193
62900 12.30551808266786
63000 12.036385657179672
63100 13.143834690864912
63200 9.015611448186649
63300 10.632773360826683
63400 12.67082196995503
63500 12.121410049994127
63600 13.63326957648269
63700 13.864243248533391
63800 11.431964379958995
63900 14.054938786370293
64000 12.234579090023312
64100 11.45616842910192
64200 14.21493804556631
64300 10.53265324933662
64400 6.214729278732553
64500 9.178205854505647
64600 9.609120703812948
64700 8.567619010794527
64800 8.006551396133949
64900 12.871586258246364
65000 12.646458420767999
65100 10.533092379133315
65200 11.267751691376954
65300 11.851745213492489
65400 11.859952154032873
65500 11.831340158633111
65600 10.192975662252099
65700 11.0810663043272
65800 13.552926193588519
65900 12.410721262580587
66000 10.220429918272766
66100 11.785473549011133
66200 17.084140744319775
66300 10.004287122771231
66400 6.592259391686787
66500 10.27210754603483
66600 9.990302275808638
66700 8.760155420506258
66800 10.67763560253967
66900 9.348501929989057
67000 8.226027287401491
67100 12.644686063588479
67200 11.174397506943922
67300 12.862041550673675
67400 9.947749721077267
67500 7.7906495228574695
67600 9.135027490509138
67700 11.953754033877818
67800 4.7293494822789395
67900 9.535606793424343
68000 11.343525590642766
68100 9.022521313341237
68200 11.874348214782206
68300 12.582944723419073
68400 10.150371217953607
68500 14.612096439145775
68600 10.389865451803244
68700 11.311951590512754
68800 5.388418759068166
68900 13.526256528513057
69000 11.37436674360576
69100 10.09823457698027
69200 10.634271570205284
69300 12.039831318431355
69400 12.838392480119827
69500 8.070651304079725
69600 6.627963225160311
69700 10.759780864921245
69800 6.189679299104504
69900 9.617520927014002
70000 13.621769389962813
70100 13.045268624793207
70200 8.553425098292884
70300 9.927810637135655
70400 12.010698068292726
70500 10.131860637487334
70600 10.882107078889476
70700 12.76695500726355
70800 11.881892849659884
70900 7.770823430971468
71000 11.991723860695526
71100 7.531020330659314
71200 7.713737288271529
71300 12.65413668832236
71400 9.342913108211578
71500 10.822346831237082
71600 8.356803956798442
71700 12.896073527556162
71800 7.254480110403445
71900 12.884388274170055
72000 11.220345633964843
72100 9.545557735822612
72200 7.288839515996958
72300 11.792370786664256
72400 12.032368050003159
72500 11.696019886437023
72600 12.39822659171623
72700 10.302038493106252
72800 8.710747313239501
72900 11.898318073867197
73000 12.22106335580939
73100 16.486852454800303
73200 11.72343275048077
73300 10.549570240835717
73400 11.925787584257836
73500 12.238053291143105
73600 15.132375006304022
73700 10.945889561119504
73800 12.18802202332966
73900 13.334983832189948
74000 11.486302523916239
74100 10.149136415049687
74200 9.432723733744977
74300 11.971014680869958
74400 14.149589638835899
74500 11.957077463413723
74600 12.072468748775462
74700 7.69382451441476
74800 12.197149156053444
74900 11.767891555977645
75000 12.203801807421877
75100 10.425423846714189
75200 14.455274193906652
75300 10.965607321574678
75400 11.027289232477743
75500 12.370344846238801
75600 9.69356471572411
75700 14.608471201443074
75800 9.783866777582135
75900 8.723958365442744
76000 10.441983014995671
76100 14.710236569339816
76200 12.237259702746114
76300 7.250417565870063
76400 11.115658430344537
76500 8.254054605314993
76600 12.957098138837097
76700 9.973301793058965
76800 9.976949276072741
76900 11.731014985028867
77000 10.39504296815188
77100 10.054053061947384
77200 11.47444559041447
77300 8.458537659741754
77400 10.559797098004756
77500 10.763075161618062
77600 14.863325884156081
77700 9.389687329024637
77800 13.181765664886981
77900 11.647707053078529
78000 9.27085920963203
78100 12.842920102989234
78200 14.275452133932498
78300 15.732257348412515
78400 12.767885608906658
78500 14.905281585415818
78600 13.059231290605036
78700 12.045786434488086
78800 13.178170425879381
78900 12.893588114013902
79000 7.7285141424095825
79100 12.698831479950753
79200 10.486882752719447
79300 9.101729432601951
79400 10.511112769804582
79500 7.654198260209553
79600 13.38916128524698
79700 12.344518444643281
79800 11.422451411503312
79900 12.99600813395415
80000 6.073553959255397
80100 11.71449182910923
80200 12.730743320319455
80300 10.7067045763835
80400 10.216448420658676
80500 8.711112934574954
80600 9.666496854516325
80700 11.22006469624899
80800 10.217290087305264
80900 13.38175161515452
81000 14.126752760934941
81100 13.038728961304253
81200 12.364133464636021
81300 7.819537926094455
81400 8.32925961063658
81500 10.028866715198012
81600 10.83489304145916
81700 10.740732811291208
81800 13.083215752278528
81900 7.789505841945502
82000 7.17021320127695
82100 14.137227602771906
82200 9.248491840558362
82300 13.612401231022458
82400 7.607864975466028
82500 11.160861819486747
82600 13.970065194761576
82700 11.596053651374708
82800 14.239349670465108
82900 12.70000236725029
83000 9.11021154133898
83100 5.95668569511185
83200 8.088742074628396
83300 9.643705270419872
83400 12.115998487384417
83500 11.006273314315672
83600 10.329390878247874
83700 6.561744790889767
83800 9.205571647850293
83900 15.57635587032139
84000 9.821187828568819
84100 11.869628548909994
84200 9.037565786266327
84300 15.870009258016184
84400 9.232513372661915
84500 14.464525706815866
84600 13.733289279586845
84700 15.370654005014439
84800 13.374324065528182
84900 13.624887245023439
85000 9.798894125723482
85100 6.936250569305017
85200 12.818460768241708
85300 12.369325804343099
85400 10.218655459884022
85500 10.62072510320326
85600 10.651680966899296
85700 10.8638267715559
85800 14.89304857280509
85900 12.391908748799816
86000 11.326714357157622
86100 8.75651288826576
86200 9.827688486989365
86300 10.235263555973148
86400 6.879628344205027
86500 10.721121522606257
86600 8.062040515529688
86700 13.510462464504757
86800 8.08002971678062
86900 10.932611571416551
87000 13.728813863579482
87100 10.289636510545284
87200 8.932020419148172
87300 7.39543303442405
87400 13.742224321399684
87500 13.755831542295383
87600 12.554603867024879
87700 9.89506308211846
87800 9.808295754344206
87900 10.972943256576192
88000 12.920297099614757
88100 13.798990934772606
88200 7.273236775072355
88300 4.9459569159087895
88400 12.118030564668473
88500 10.825573765291036
88600 11.073294922926063
88700 7.82433322031778
88800 7.687798693175304
88900 13.068090480641134
89000 9.782473111536454
89100 10.90920396885271
89200 11.807110524890398
89300 11.044444782210803
89400 11.59582617690747
89500 10.739389594709486
89600 9.977692495406274
89700 12.000054350994567
89800 10.990136464663923
89900 12.95461201448833
90000 11.239175393186661
90100 10.155069999041421
90200 10.6189240314772
90300 9.948430032191913
90400 8.626456973453793
90500 8.368741027029037
90600 13.61431949087413
90700 7.46373021735722
90800 4.6759961060841455
90900 8.791060575897506
91000 10.096994122019508
91100 7.862161948227327
91200 10.236071558435034
91300 7.592922920498147
91400 8.57962440027694
91500 11.592646085826683
91600 5.594585894055933
91700 10.64234469790925
91800 10.07412289209411
91900 7.212572897348323
92000 6.991852823765766
92100 9.028441904513175
92200 8.717030068996419
92300 11.033958153713922
92400 6.17300679458112
92500 8.524167952636251
92600 8.273313313030913
92700 10.133842613111225
92800 11.062906772259701
92900 8.18719935069125
93000 14.789320601292642
93100 9.316885573524491
93200 8.994705027333467
93300 11.552079036879649
93400 10.272649257352548
93500 6.3464616609051685
93600 8.96296766947933
93700 13.001358269809868
93800 12.120278651507439
93900 8.968185991854732
94000 9.634695347857912
94100 15.013398581341109
94200 12.006972676510868
94300 11.138709333180884
94400 12.475638279023771
94500 14.44178908660431
94600 13.393608403634497
94700 10.223479805501187
94800 9.733690965428936
94900 15.862130509152154
95000 11.887959455977844
95100 8.95093276011214
95200 11.349275637817941
95300 12.191247088333967
95400 10.677327775049383
95500 12.171610787051566
95600 9.276440655499165
95700 10.42663829258133
95800 10.280634713540278
95900 12.43632914865652
96000 9.903370019841546
96100 7.06925676437427
96200 12.796378775129357
96300 10.879274275775302
96400 9.464804673900458
96500 13.818404264607082
96600 11.885580709107101
96700 9.688520831305626
96800 11.863460384928658
96900 12.699007698743365
97000 12.861072189719588
97100 5.179936913880822
97200 11.421392121803207
97300 12.2763081634842
97400 1.9230047152206953
97500 12.302982029766206
97600 12.272970767914543
97700 14.287656026399505
97800 11.641930923806273
97900 10.264396335847536
98000 6.240383171346687
98100 12.774926734662339
98200 11.961654874813915
98300 5.316954071875223
98400 9.549557882369228
98500 10.018666100952196
98600 12.80568962552634
98700 8.218810388620128
98800 10.376639516888957
98900 9.019397721705028
99000 9.784864365124045
99100 11.30552034763269
99200 11.73396347712473
99300 14.564062852861511
99400 11.47724899204915
99500 9.56871075346443
99600 8.396118690588727
99700 12.53972679126456
99800 10.577099291653205
99900 8.827815422661018
100000 12.326218390265002
100100 13.331544360486
100200 6.488216181887527
100300 7.814463975892169
100400 11.887347134232707
100500 14.502209628039811
100600 12.56754130803069
100700 11.740158526232582
100800 8.531648471209406
100900 10.20723008099039
101000 11.983414139152675
101100 12.434902773048163
101200 12.155822838449826
101300 12.560104820898944
101400 12.226005218178534
101500 9.069959985528909
101600 11.003503245625403
101700 10.329806443968673
101800 11.140436079436432
101900 7.5121245211756955
102000 15.627943547649144
102100 10.907047433955396
102200 10.355670244352925
102300 10.75319035867657
102400 11.999227588312483
102500 11.495075351579988
102600 11.014967522119331
102700 9.596098340470139
102800 11.141767994035689
102900 9.43472518600892
103000 13.548209843860173
103100 10.706478272984068
103200 13.345935295378423
103300 9.810462937027795
103400 9.575577057477904
103500 10.24528876984223
103600 13.010533473971691
103700 9.49915763587106
103800 13.196958789619703
103900 9.568336887864618
104000 11.384954573065887
104100 13.817968174018503
104200 14.713556785300433
104300 10.265667983610241
104400 9.410441647888664
104500 9.313424406203847
104600 12.237187250812422
104700 10.32523324250419
104800 14.217554079591917
104900 13.940588548323744
105000 9.312274325716812
105100 12.338779822832299
105200 12.63677760847319
105300 9.229036498105968
105400 13.528800082346931
105500 9.001795888275447
105600 11.383845264891221
105700 6.698286777372973
105800 12.63110344926496
105900 9.314699641703577
106000 13.12148861150269
106100 9.991893376508534
106200 5.721505033088077
106300 7.639761492295362
106400 11.055837591225856
106500 9.478712596923652
106600 9.928054345912889
106700 10.268982628816742
106800 10.6691816600863
106900 11.574775146842907
107000 12.325256060438765
107100 11.292388424295575
107200 11.393189346887747
107300 14.726175882236646
107400 12.80529043198774
107500 10.932718669819412
107600 9.321352738736394
107700 10.656654414237376
107800 11.774314542430584
107900 13.6692487602432
108000 15.937279042685319
108100 6.751657008772424
108200 7.901691973617105
108300 12.640663234625027
108400 11.40892585625384
108500 9.317882236125609
108600 12.352779867648618
108700 8.385069015977834
108800 14.06383157020605
108900 12.532955088987297
109000 14.425128135634372
109100 10.605411682770182
109200 11.541735806181
109300 11.529638119807663
109400 8.989499875159227
109500 9.1082037719902
109600 11.340335938534775
109700 10.7506702904854
109800 12.681753956202556
109900 8.682783140424181
110000 13.21221581459745
110100 8.332589106083377
110200 10.47212569247206
110300 12.497907233695498
110400 8.921722247307734
110500 13.75909403630782
110600 10.556065781729362
110700 11.528615039406201
110800 13.883130063695129
110900 13.027788272934544
111000 14.12476494375459
111100 9.368230446138375
111200 12.925063470706212
111300 6.026279075505396
111400 13.38094274551897
111500 13.58445292810804
111600 14.436270845652441
111700 6.859158538994608
111800 6.434334098638332
111900 7.048092497616133
112000 10.6370495904232
112100 10.25408765878408
112200 7.280717156242526
112300 13.782446271619342
112400 14.282599096615744
112500 9.650847540026398
112600 10.306653832534167
112700 12.47480603212212
112800 9.29875004381952
112900 11.749287221618795
113000 12.088048731455606
113100 11.028165084090027
113200 7.723777784512006
113300 10.624312830577193
113400 7.683314632165189
113500 9.505741037593268
113600 13.229076314179371
113700 12.299042545014638
113800 12.083461577427126
113900 8.563614585244713
114000 8.656968727399189
114100 13.79074112434524
114200 14.351691263855086
114300 12.821623944426346
114400 10.091506107470858
114500 13.387929695862876
114600 8.383403281289068
114700 10.349196884128444
114800 11.383893493028845
114900 13.082988648389389
115000 10.16833093902099
115100 7.947718124406526
115200 14.538915595555597
115300 12.877619856241234
115400 13.024574651309152
115500 9.519713312528244
115600 11.521798601380866
115700 7.720725538066768
115800 10.5145845979222
115900 13.217262187909473
116000 6.898801526091178
116100 11.216492722084515
116200 11.9762960314999
116300 10.642162786216872
116400 11.023327663071507
116500 12.117085030656785
116600 10.400867760002205
116700 13.913093813230526
116800 7.021161972862691
116900 14.434805119355573
117000 12.566781137162367
117100 9.86435891463106
117200 11.554256999682202
117300 12.677045021301463
117400 6.415315168807109
117500 11.850588964357454
117600 6.489717808097143
117700 13.7544000415037
117800 10.371047863613208
117900 13.436911877392197
118000 10.46392868806316
118100 5.058238143417293
118200 7.3871755983780325
118300 10.116679648472335
118400 11.644846349703876
118500 7.917642683606679
118600 7.960980745935303
118700 13.723659514099175
118800 10.538778867490347
118900 9.42077360127904
119000 9.874986667263741
119100 11.253456952038427
119200 12.642653910378923
119300 1.9698870259827936
119400 12.60228847663213
119500 11.488039417747974
119600 13.395088877398093
119700 10.435166143757433
119800 8.001049967243423
119900 9.92329233756497
120000 10.581875466754088
120100 13.0352054973368
120200 6.192085324462958
120300 12.965775271050873
120400 10.910804872011758
120500 11.88022946494686
120600 8.284693329655362
120700 9.54200122283609
120800 11.25671876943038
120900 10.847159703140093
121000 13.199710410664878
121100 10.383886720425691
121200 9.752093902241691
121300 12.322072566767932
121400 8.567921006607802
121500 10.823177370043819
121600 10.210088074303682
121700 7.26820558368807
121800 9.453724464497004
121900 11.771171818679674
122000 10.805918386402674
122100 11.171034288879392
122200 14.849876752513394
122300 14.239333291085629
122400 7.4334752355389195
122500 10.98908230112746
122600 12.630115582875442
122700 8.160965725292014
122800 7.706635881787922
122900 9.437405482670622
123000 9.854384915405898
123100 6.629102948610515
123200 11.995862297799839
123300 8.455492539821229
123400 10.741724498248713
123500 11.393813923445109
123600 12.269981470891171
123700 10.100040636381667
123800 12.29905076785371
123900 8.615393386274112
124000 9.229107316653113
124100 9.692724812726956
124200 13.744957770927714
124300 9.816953279420915
124400 9.872257339932993
124500 10.883653656113541
124600 10.335312665699288
124700 10.99190856746234
124800 12.010612978799484
124900 9.491878048290832
125000 10.04045471073811
125100 7.868501664954227
125200 8.498898656935317
125300 13.075369125312708
125400 15.878396650470068
125500 10.721210806420162
125600 11.999743750698233
125700 10.237150902371729
125800 13.648684449994347
125900 12.375759556818863
126000 13.816011764483909
126100 14.539141073087878
126200 9.138215769614469
126300 9.382584528511346
126400 9.21314969921791
126500 11.43767234119559
126600 9.111111776218467
126700 12.430065960948227
126800 9.596463020709079
126900 8.960415597413988
127000 10.490815060422129
127100 13.62686759129917
127200 12.221663474023186
127300 13.4986785212699
127400 4.26779400604962
127500 11.925740942731677
127600 11.03878785569477
127700 11.081041418068176
127800 11.63907662675597
127900 13.450330998978192
128000 7.980120972555609
128100 9.885567904540123
128200 12.796501515054626
128300 10.548250020166519
128400 11.415771688565691
128500 10.470278805800552
128600 11.844357541694981
128700 9.1304772396577
128800 12.1193402560012
128900 11.80261766107733
129000 10.390943106234888
129100 12.426535583471118
129200 14.250089951253297
129300 13.334993948155994
129400 13.304292450599702
129500 8.418587182191215
129600 9.983126395417647
129700 8.074130876322203
129800 10.692168193742614
129900 11.295365947907277
130000 12.025031880118176
130100 12.05138236032103
130200 15.298598811365592
130300 11.878699545118936
130400 10.337699138768938
130500 9.100354242327832
130600 6.650143482185098
130700 11.99292908132228
130800 13.39500911395873
130900 11.486240357278263
131000 10.718324468887479
131100 12.160348663574663
131200 10.147089690013507
131300 11.823020376493938
131400 14.056791176110131
131500 13.88334309570885
131600 7.909522135402896
131700 4.701729036583497
131800 9.615423301850363
131900 13.700862049521529
132000 13.767464909486737
132100 7.698790714580172
132200 12.269819480674451
132300 11.638703621413239
132400 14.457387647466469
132500 13.304741731669269
132600 7.533581150738525
132700 13.942974309153925
132800 7.666497938418723
132900 13.114041457581589
133000 10.201228712274217
133100 10.24734015307105
133200 10.571553450111294
133300 12.98151660873069
133400 8.444943990597219
133500 13.895748959182104
133600 10.336406830768444
133700 12.294501742890722
133800 9.786398460437914
133900 10.914979631204343
134000 10.943732215443395
134100 12.49129064755251
134200 12.005572149500303
134300 13.491927856566402
134400 13.279481354940042
134500 6.817814485426657
134600 11.354798735562063
134700 6.787477384859496
134800 12.272762076973693
134900 11.615777876173324
135000 15.259259295907661
135100 11.408081729876509
135200 12.245957974059499
135300 6.418879895843591
135400 12.207713310962095
135500 12.056398507153492
135600 9.90948874182323
135700 8.876337897609579
135800 8.077111191213957
135900 11.822433165310724
136000 11.89432516869818
136100 7.221519481362172
136200 11.297882590496428
136300 9.690575262695758
136400 13.603133199917187
136500 15.171726206875894
136600 15.852737522113527
136700 15.137177339610805
136800 13.730967627300585
136900 10.725349316222573
137000 14.363027386496203
137100 10.501385588988875
137200 14.961847715035155
137300 9.565990810189746
137400 7.207747689000236
137500 10.250483924323449
137600 17.18366726941295
137700 14.269447126333478
137800 8.197680217909276
137900 13.454404757001853
138000 13.064022864897778
138100 9.878587652066201
138200 8.53886936402011
138300 14.127436961522049
138400 11.7353951952915
138500 13.77553284316529
138600 12.727899846208272
138700 13.291635696239876
138800 9.807276257786835
138900 10.684612212105504
139000 13.203283779504076
139100 15.077474446614461
139200 10.688639394629094
139300 8.32123458059599
139400 10.899147430447725
139500 12.086274124683323
139600 12.7727217749876
139700 14.213899184232025
139800 12.23831103280888
139900 11.332136975341008
140000 7.858651232966059
140100 7.2488820678308254
140200 11.552888073398123
140300 10.603745913771819
140400 12.327357264582583
140500 14.395047349267157
140600 4.947198756064836
140700 14.050604060983636
140800 13.281344261108789
140900 9.900436751210373
141000 10.637634373659429
141100 10.540280396258108
141200 11.296852892080516
141300 10.345065159330414
141400 14.999191083363101
141500 14.273046148132845
141600 8.564767487995322
141700 9.939293781129125
141800 10.73664726890592
141900 14.203796576036497
142000 9.810031152117295
142100 14.352767013198697
142200 11.762637207664792
142300 14.439422995795717
142400 13.128769457781532
142500 12.050662486890475
142600 11.247424157328815
142700 12.009415335078646
142800 12.789303327055574
142900 12.932972822198119
143000 10.261054908607644
143100 6.285392872550463
143200 12.92597281193078
143300 11.76993018054379
143400 14.234101109065737
143500 16.654467083296247
143600 11.540606501754594
143700 11.929526409012665
143800 13.663756303188276
143900 13.24693722207994
144000 12.129587929886682
144100 7.98843995805044
144200 13.752545908358398
144300 9.28778814873042
144400 11.94727683631152
144500 10.53446796954579
144600 15.715679924804355
144700 13.968171445380959
144800 12.381120123564502
144900 6.429238994318963
145000 10.409815645509234
145100 13.459423629773568
145200 13.687178779813376
145300 15.709337626015177
145400 11.355919294142854
145500 10.369069351678313
145600 13.076652967561442
145700 15.662794180962155
145800 13.24366838908051
145900 11.267986194227893
146000 11.65832729365259
146100 10.475252152811375
146200 11.839529615595886
146300 9.396435687714119
146400 12.021378096326384
146500 11.711810571046989
146600 11.93484211343406
146700 7.801519028660957
146800 10.286455844897146
146900 12.84536294529641
147000 10.157727098732439
147100 8.17347364259146
147200 8.637385529409269
147300 10.039487069559348
147400 14.634204811349406
147500 14.741242272389256
147600 12.878353561003127
147700 12.951456714453185
147800 11.708314159208701
147900 10.713379152137692
148000 7.7111502164922845
148100 11.026453254627993
148200 11.00216972708359
148300 11.967431039720628
148400 14.097574368038728
148500 10.998034271693719
148600 8.144301223326087
148700 13.942086288649268
148800 13.883968763802189
148900 9.169738786919906
149000 16.763782626428387
149100 14.454156508216455
149200 6.702218188046718
149300 10.519969703725769
149400 7.670480183767971
149500 14.49928198271183
149600 11.356027229586775
149700 15.105704603399838
149800 9.697585633026897
149900 12.735062661749676
150000 14.003217314908053
150100 10.847958937126274
150200 10.448969906402992
150300 9.93075074276026
150400 9.758473465326439
150500 13.814171562084486
150600 14.73695988342938
150700 11.368131317019317
150800 11.16249646315028
150900 12.197403124166476
151000 12.250648242368928
151100 6.411527679943006
151200 12.171676404540069
151300 11.33634134754972
151400 14.756793091121121
151500 6.289771550255272
151600 9.893437734357553
151700 13.115064038688583
151800 13.663470645838276
151900 7.824452562553633
152000 10.989109516756765
152100 15.378194995846997
152200 12.51640360647591
152300 10.132845937118423
152400 12.58568455790894
152500 9.505056583062643
152600 9.312932140652894
152700 13.719796370217109
152800 11.523047258899643
152900 7.8278088933999825
153000 13.52337736253911
153100 8.986947112236859
153200 16.64721848454927
153300 14.307015034297578
153400 10.29922367516544
153500 9.414233769071638
153600 11.118752337440203
153700 14.420590470553101
153800 8.575883025723959
153900 8.659519809761713
154000 10.358307476380263
154100 9.786168519408456
154200 10.325942147813764
154300 11.069395071718207
154400 11.315280862786805
154500 12.15280540252864
154600 14.920156533577972
154700 11.47851631657463
154800 13.365750508391988
154900 14.628801310090946
155000 9.692837355189722
155100 11.273757228611691
155200 7.834058803701412
155300 12.14608946150701
155400 11.262064707549484
155500 12.516921955853373
155600 10.575479836026025
155700 12.046876742777126
155800 9.550711526930808
155900 11.784581282683902
156000 10.230009075337517
156100 13.209768607597129
156200 11.539514662641063
156300 13.216625398537412
156400 10.005105936613667
156500 15.42557747661564
156600 12.766265306371647
156700 9.623732017172667
156800 11.675146395236311
156900 11.832113105271006
157000 10.758635585641738
157100 13.669075215942023
157200 9.254104311700553
157300 17.343515653346188
157400 11.185510108302262
157500 14.92156526353876
157600 11.86001441633946
157700 13.920504210014611
157800 9.41185110407708
157900 11.760006508145116
158000 12.29139140635428
158100 10.382344523401224
158200 8.34427553803807
158300 7.700492645211668
158400 13.96293425579642
158500 14.107222965405935
158600 13.466962750687648
158700 9.08480038097633
158800 11.46758839469091
158900 9.742406226648612
159000 12.192418061321911
159100 11.439318489677007
159200 13.974508341273989
159300 14.997810964453361
159400 9.343399747001264
159500 13.126801975819122
159600 12.897060312888526
159700 16.13089553990947
159800 12.461348628219662
159900 11.880737438778999
160000 11.750808709576676
160100 11.454286053415856
160200 10.114368116480398
160300 10.709790511598365
160400 13.042837049636573
160500 9.9990695314335
160600 12.810863986626154
160700 8.917441422440616
160800 11.7134775117754
160900 13.487532883476975
161000 12.302464976705092
161100 15.21992041038947
161200 14.443075132222864
161300 15.355517499756438
161400 12.75955525026458
161500 11.953893405962152
161600 5.576329905485122
161700 13.28520718182784
161800 11.59974375734826
161900 11.286111062654172
162000 14.127749283117208
162100 11.432504756858343
162200 12.793090342763325
162300 15.160438723094249
162400 10.692507143498228
162500 15.015614060238693
162600 10.205245027686905
162700 11.543492508447299
162800 8.46613861205617
162900 11.60398389496001
163000 14.070893399826916
163100 8.919423821032693
163200 8.167792325786776
163300 12.433016353850538
163400 11.934043795030483
163500 12.171746740903911
163600 12.568598342254612
163700 12.788555231443164
163800 12.872929982451407
163900 16.449813373826963
164000 14.853890788695344
164100 12.27210043026539
164200 13.809184395916558
164300 13.76963396972854
164400 11.989759708260168
164500 16.109906207946377
164600 11.452314430505403
164700 12.209652331901374
164800 13.835503692782067
164900 11.264085395706953
165000 10.495916911287576
165100 7.252681275139482
165200 12.648970792834774
165300 9.685683476692661
165400 11.522730758182163
165500 12.388380599721893
165600 9.15365206425215
165700 14.27242539603827
165800 12.496707393040607
165900 9.236262254769116
166000 9.554910308700638
166100 11.724867059595192
166200 15.694771059222836
166300 11.951468093148655
166400 14.976444899158896
166500 12.097321814204188
166600 8.070207915834112
166700 12.583003061783636
166800 14.03263490274164
166900 13.298682824439267
167000 14.909052621113421
167100 15.80305492092629
167200 9.17460236611117
167300 10.30172466087875
167400 13.974976952547173
167500 12.098311728708241
167600 11.29817507439753
167700 11.980064938814131
167800 11.136814233862383
167900 10.269220979668761
168000 13.217896469576962
168100 13.580886935461615
168200 10.504861891604591
168300 12.75126472241021
168400 9.914288465054875
168500 12.149222085200668
168600 17.2116031998443
168700 13.937065940902878
168800 9.778412148274658
168900 13.90146346335815
169000 12.450011387657502
169100 12.408338170374185
169200 13.1377894747602
169300 13.445647611072692
169400 12.237688067985227
169500 13.471237017625054
169600 10.857223723969186
169700 5.210941593869093
169800 14.738475851785044
169900 14.950631135170571
170000 14.271588310404303
170100 13.76166163177758
170200 11.03753115311004
170300 14.692386549661006
170400 8.21653182718448
170500 14.063346211113126
170600 17.33985677991662
170700 11.839721174596697
170800 10.060639497145027
170900 11.87945114698525
171000 12.17566977314539
171100 14.617758158432993
171200 13.313015081739561
171300 15.295958374071548
171400 11.620724951923252
171500 11.165437513206214
171600 14.624994049144522
171700 10.973785028391353
171800 12.260502039109237
171900 11.815716573123794
172000 10.527567830299683
172100 11.322623439637326
172200 13.541973579068427
172300 14.395695101364607
172400 12.621608112033256
172500 11.956639282840197
172600 15.320890433826785
172700 13.976225086787926
172800 9.383023703883072
172900 7.08424237427417
173000 11.597976999814117
173100 17.008180628924563
173200 12.327841782494149
173300 12.027343773040192
173400 12.959034854396316
173500 13.190247940659896
173600 6.011678277762474
173700 10.882776161549632
173800 16.551678460031628
173900 11.261171661641933
174000 12.214302336123202
174100 12.059049923252067
174200 10.790300541485815
174300 12.366028213463952
174400 8.728770750418793
174500 16.1555346258992
174600 13.542660237858026
174700 8.29891588472905
174800 8.737361992278581
174900 12.14069506279263
175000 11.429992396327801
175100 12.141045900457742
175200 12.327379192130016
175300 11.613714041530262
175400 15.206250106881841
175500 12.24304074177379
175600 15.28058545349586
175700 12.671767367971537
175800 10.77559789919345
175900 10.93692154862084
176000 10.467314191481076
176100 12.050620920137506
176200 12.260239051193441
176300 8.73959663742215
176400 9.331206611890991
176500 12.717766150221012
176600 12.832798760518408
176700 10.369782659608733
176800 9.926262712449049
176900 17.093023789961364
177000 12.899482862185117
177100 15.564627946652656
177200 13.572378924403845
177300 15.230902271500518
177400 11.849758775060323
177500 16.04618591942687
177600 12.926527368670625
177700 14.505127827424033
177800 14.827806077967796
177900 11.785660425618959
178000 11.657280018838021
178100 11.405076821713905
178200 10.166674117086192
178300 14.409918831597981
178400 12.587423958985978
178500 9.05699861279848
178600 10.168473433622989
178700 10.470324736250952
178800 9.958278465070412
178900 8.714878415160236
179000 15.24027122306181
179100 10.494242296510812
179200 12.44855902423355
179300 11.317658573914617
179400 15.380674476436052
179500 13.45325524790267
179600 15.306557846738624
179700 13.892096981492891
179800 12.495410256276156
179900 9.994909468496783
180000 10.851635845431337
180100 12.615919066874497
180200 7.636973965098529
180300 11.50883155800628
180400 11.877756142402767
180500 9.206446679232078
180600 14.16133641692457
180700 14.58140938148737
180800 12.1771398186898
180900 14.528040166753943
181000 9.536091331221249
181100 11.921328201780081
181200 9.32719346656358
181300 14.11513312167234
181400 13.435861796488549
181500 12.154374879096393
181600 9.438004526260242
181700 11.06536296377283
181800 12.417304463579807
181900 15.095539276882477
182000 14.165766462733101
182100 13.10597354491952
182200 13.143690901679925
182300 10.5980698709433
182400 12.017701009097935
182500 13.207586546314209
182600 12.02570126370627
182700 8.27768025043092
182800 9.10777486229496
182900 12.158353925460924
183000 11.082179594948297
183100 15.56835312677509
183200 16.645844955079546
183300 12.085197711044156
183400 12.606979484602705
183500 11.121687301907224
183600 9.258421185177118
183700 7.753294514178584
183800 12.202563374536119
183900 9.783464421212768
184000 12.795798141772872
184100 13.903797961610891
184200 9.89014561651741
184300 11.717123056943697
184400 12.363382864436687
184500 12.073734300458762
184600 8.05225261564919
184700 11.829414545477873
184800 7.836765241769253
184900 15.45602117485912
185000 11.231032101007628
185100 12.327826263241425
185200 12.642878243682084
185300 13.26779653354831
185400 7.926575420929519
185500 13.339084417709572
185600 15.848890778355024
185700 9.823407764536046
185800 12.132536104584856
185900 13.170049949803026
186000 10.1478340120841
186100 12.560347423216028
186200 11.810195339765862
186300 9.492096691813538
186400 13.403399286434393
186500 9.79628037913626
186600 12.598966960746107
186700 9.644578870900697
186800 12.919994097298225
186900 12.276440796482952
187000 7.447142494443357
187100 8.17012036586931
187200 11.466993614417698
187300 14.348399754992895
187400 11.090351362543018
187500 14.649497380886219
187600 11.574147334871762
187700 11.363292210488407
187800 17.34261171375758
187900 6.43342243055521
188000 11.804780636731753
188100 14.091664573801351
188200 12.05848384407353
188300 16.15476968747964
188400 15.112502521316742
188500 13.009582603354437
188600 11.623321004633928
188700 10.95857421220512
188800 10.199558408606835
188900 12.588593541229503
189000 15.57759519933804
189100 12.955817090236867
189200 11.352293925935443
189300 9.540810772868161
189400 10.752975046516841
189500 13.490838118151075
189600 9.410662860849659
189700 10.377725078957418
189800 15.23601232704808
189900 9.706437922344854
190000 9.153241354787275
190100 5.048525809997511
190200 13.42638464201262
190300 12.682649834706016
190400 13.100279379327207
190500 14.010221137078233
190600 11.968862473844826
190700 11.358498357230822
190800 15.709992628615177
190900 15.45890013689219
191000 12.543822784303494
191100 13.545500473561741
191200 10.80837455016139
191300 10.598754014806653
191400 14.520306589244806
191500 10.444614841040172
191600 13.19311275298994
191700 11.701855330406543
191800 14.595709446146305
191900 14.327745441270936
192000 13.083912388894772
192100 13.101972479502779
192200 11.515311870689969
192300 14.240457207042601
192400 15.66500110017872
192500 16.509446826256696
192600 14.222243429874226
192700 13.271403056068406
192800 13.856881052613442
192900 12.38714770947201
193000 15.360176034728964
193100 14.763249978582962
193200 14.55869593565594
193300 10.049970199211627
193400 12.135857399589094
193500 16.8215455526884
193600 12.069424508298253
193700 12.013468317095873
193800 16.20644690125055
193900 16.171731716264333
194000 17.185385864069072
194100 13.684845724888797
194200 16.913529380838856
194300 14.824596897200847
194400 15.251279221317953
194500 15.29053837659931
194600 12.966987907275259
194700 14.513697341813424
194800 13.293950713642083
194900 13.554882850359391
195000 11.14469567279109
195100 14.180673017082057
195200 12.009132970325695
195300 12.800068062226467
195400 15.695106866575395
195500 11.688234638266817
195600 13.265319803726012
195700 9.864627896411973
195800 13.944743985600244
195900 15.137371915933727
196000 10.830637634590424
196100 17.104331294901456
196200 15.691308966838799
196300 12.82018583602482
196400 13.624039592289357
196500 14.82463117959824
196600 10.291502721818665
196700 12.225836626186036
196800 9.709442142626813
196900 10.674787625455153
197000 8.517159729292745
197100 14.706791122040096
197200 12.635231971275156
197300 11.149850481622323
197400 14.515373590669672
197500 13.813233937332065
197600 17.641505468146043
197700 13.967464850871748
197800 12.16826578278796
197900 12.495148336018952
198000 14.036946127260762
198100 13.15053600500275
198200 14.033268988607347
198300 15.420401917381522
198400 13.455604099718277
198500 15.752958528889579
198600 12.058787671442662
198700 13.150020448694658
198800 8.862258621908536
198900 11.629167278187635
199000 10.503493558153497
199100 13.197323616856693
199200 15.383698495119019
199300 10.834206505785353
199400 14.011203394650076
199500 13.71259256170208
199600 13.98237111018957
199700 14.852026437327597
199800 14.09027140378637
199900 12.426395284812665
200000 15.724723182347393
