# Model = DQN.(9)-32-32-32-32-(9)
# Num weights = 3648
# Learning rate = 0.001
# Env random seed = 111
# Start time: 29-11-2023(19:11)
100 -25.175200516507324
200 -26.297388028730808
300 -27.368101187839383
400 -26.2257836551121
500 -20.254273449709494
600 -21.506011432925973
700 -19.609639247587815
800 -18.724944537778875
900 -20.115336353222215
1000 -19.151706988217736
1100 -18.55591581257114
1200 -17.166942995965936
1300 -5.240792477308199
1400 -2.9625593022394567
1500 -2.6869805975738
1600 -4.569140110232697
1700 -3.997224747639274
1800 -2.0745573768095493
1900 2.6302225050235633
2000 0.3057824553261234
2100 -2.3563988935101374
2200 0.6921740202930156
2300 -1.7228651655007168
2400 -2.497442399160081
2500 1.5402245477213043
2600 0.512495811244035
2700 2.749416783047711
2800 5.324014490145088
2900 2.662592051529208
3000 2.339794022163809
3100 3.0924073565549266
3200 0.6021647009940908
3300 4.658088140903586
3400 2.7563982715050708
3500 4.174557123842036
3600 4.715526389904345
3700 -1.1524029798952298
3800 3.121515671099531
3900 4.219704256856406
4000 4.9286230321740865
4100 3.3397605323180315
4200 -0.16146625971779516
4300 -1.8771076068774462
4400 1.6075754370074669
4500 1.1414621198662802
4600 6.729738667989461
4700 6.384743933253625
4800 4.679439693062794
4900 3.0027638121421836
5000 8.18186741042316
5100 5.75318332112902
5200 3.3164897522935526
5300 4.412960517437714
5400 -0.30321482950318307
5500 5.571811364894432
5600 1.3886621212298929
5700 2.4400157621784357
5800 6.080455523504291
5900 6.092413333064337
6000 6.01904469788993
6100 3.278170301628046
6200 0.5697005624654004
6300 5.074328303698574
6400 1.768149227386504
6500 3.338839802402297
6600 5.193954946786163
6700 1.9965088087718752
6800 3.964731614135772
6900 0.05965275428228345
7000 0.16770005829099155
7100 5.638976223929014
7200 2.469502773669361
7300 -3.157675087135608
7400 3.4958854993327697
7500 5.446370036216083
7600 1.126160901016354
7700 2.2415913577306137
7800 7.481119907211111
7900 3.353206000526461
8000 3.0373642935039067
8100 6.68359200963966
8200 2.1242764938444485
8300 3.9094414481768966
8400 7.983012817799812
8500 1.2070811985861727
8600 4.503557872925214
8700 3.250081345358459
8800 4.462635115164598
8900 6.780128760635867
9000 6.544039040724812
9100 4.898595362430994
9200 2.525659166339027
9300 -0.5265437726565808
9400 2.1303732604872048
9500 2.0726018868118734
9600 7.148714879958775
9700 0.7167471814494518
9800 3.207844191105768
9900 0.9957673232844952
10000 1.8416556142345706
10100 3.3571492692531777
10200 3.8528780032886973
10300 0.4393813298170399
10400 1.87398456980109
10500 6.614512096265404
10600 1.2925169571671675
10700 5.86631269997029
10800 -0.9092818060339969
10900 1.632067468190619
11000 -1.152719774413113
11100 3.171651105870044
11200 3.7410852207536642
11300 3.5214003769546416
11400 6.504391114146719
11500 3.710475858206828
11600 2.1217658191875683
11700 4.235210058202158
11800 5.360928608766653
11900 2.8057529212530845
12000 2.603158556717501
12100 -0.05886958573515205
12200 4.2572707397169784
12300 -1.164211982433276
12400 6.873940794722709
12500 4.9027553073209456
12600 5.267016371977822
12700 3.7626054918856027
12800 -0.28544493724533715
12900 8.204353306643181
13000 5.1393558699727775
13100 6.55994982586613
13200 1.8876842062928356
13300 6.725904689092227
13400 4.548018565816654
13500 7.436173739909948
13600 4.7332897613740315
13700 3.8300107432769117
13800 7.37044984063014
13900 6.850113694123744
14000 7.204056952505944
14100 11.38050403572058
14200 11.340667769271825
14300 13.47661154832688
14400 13.99362458325141
14500 14.735102401802287
14600 16.262088330231407
14700 14.66993868844408
14800 14.466479547274789
14900 15.086739140007783
15000 14.30471806567168
15100 16.433769380084225
15200 14.415490150718938
15300 15.271390582527351
15400 15.127758644975115
15500 13.881872240247121
15600 15.799191219063468
15700 14.01138496505994
15800 15.038984072897293
15900 15.092943333984485
16000 14.992534247836756
16100 15.60388351531606
16200 14.397937528472848
16300 15.013873885988737
16400 15.236712171587127
16500 15.792873732123892
16600 15.13301740492584
16700 15.419742654167274
16800 14.799952787857222
16900 14.988844127449534
17000 15.132011747070415
17100 15.660594382857889
17200 16.112095082994067
17300 16.17859401423868
17400 15.806601231078128
17500 14.022983498133744
17600 14.876669092870173
17700 15.888972149719072
17800 14.291866783388215
17900 15.017395708887687
18000 15.769567951694711
18100 14.265556977071011
18200 16.41000398332915
18300 16.16178241787428
18400 15.34802741703152
18500 14.645033210974931
18600 14.10156852761206
18700 14.848234559070624
18800 15.074559300325882
18900 14.577338364866051
19000 15.231619456608149
19100 16.02393135432858
19200 14.352642745700905
19300 14.559574781295685
19400 14.989374212984636
19500 15.145167927551903
19600 15.326498239693155
19700 14.577972119828772
19800 15.10806046282577
19900 14.495837973073405
20000 15.635429594544181
