100 16.15446537477058
200 16.12015876285946
300 17.915613632292985
400 17.015881225653306
500 14.319014645290281
600 18.09393408116565
700 16.226306371188663
800 17.843945320416463
900 16.215500066627595
1000 15.988296773957321
1100 17.99838577988251
1200 17.009540522266064
1300 18.130042702165174
1400 18.79278550976236
1500 18.14365124965543
1600 17.920828038460517
1700 16.353987639417078
1800 17.342121394670713
1900 16.330824642022467
2000 18.13903888795561
2100 15.445163352827906
2200 17.976548613307507
2300 14.969795183874151
2400 18.155114683774727
2500 17.11067496041664
2600 17.03797563485202
2700 15.198224418354394
2800 18.50620584128916
2900 15.802184816793497
3000 15.267888453674368
3100 17.836352681905144
3200 14.26974194543319
3300 17.57994183398502
3400 16.567001176698884
3500 17.417097314665416
3600 16.372549352826365
3700 17.245978811378144
3800 16.16659014463963
3900 17.69585807258502
4000 14.31397841217478
4100 15.632567819369552
4200 16.087184359856504
4300 18.809432164825385
4400 16.73514941973824
4500 16.70678787222507
4600 15.245630322110555
4700 15.521826775548703
4800 14.592685778117529
4900 16.951023209752265
5000 18.90566531804365
5100 16.870110057376166
5200 17.797591666121495
5300 18.10693195954692
5400 16.457262138871013
5500 14.285379144705427
5600 17.167241982372303
5700 16.889297026993198
5800 17.355648177875853
5900 17.359769494030697
6000 16.681362198825536
6100 15.225728221666781
6200 17.348738878076222
6300 17.449557094086202
6400 17.352507333557853
6500 17.912179513930113
6600 15.852986580845249
6700 17.3475552625126
6800 16.39804094481436
6900 15.439222129694512
7000 18.582546048151393
7100 15.346100377038606
7200 14.648599643331645
7300 14.719435186491408
7400 16.21638873714267
7500 18.24740675509267
7600 15.754798879419823
7700 15.50805274736623
7800 17.424980613050252
7900 18.23473766597168
8000 17.51769091451778
8100 17.57169042283657
8200 17.620782546846165
8300 16.458057438708195
8400 16.349597776931212
8500 17.547618752343034
8600 13.91365903870862
8700 18.73580203227531
8800 15.89852080057875
8900 11.956634926552214
9000 15.160680345015995
9100 17.576308985375622
9200 15.909336943791747
9300 15.182380177079294
9400 15.498485494005951
9500 15.530950315616282
9600 18.156306753025678
9700 18.110808242152785
9800 18.290122319082915
9900 14.99259544820364
10000 19.064491817335636
10100 17.3761446231761
10200 18.89571838157435
10300 19.051568496810766
10400 14.30469348553202
10500 16.94235271814936
10600 16.008695655322047
10700 15.405959550861306
10800 18.25986548450606
10900 13.319783650303432
11000 16.794041488454667
11100 17.90332971918476
11200 15.77908779430885
11300 18.12995462098434
11400 18.17296170684573
11500 17.634956972215676
11600 16.608378017726324
11700 16.74040609584225
11800 16.58701308833367
11900 16.5926274237482
12000 14.30534665417642
12100 14.786570329355989
12200 16.914452457474674
12300 13.065437649815316
12400 15.495671563826969
12500 14.836975962437258
12600 17.18449741834532
12700 16.195121054327647
12800 16.513958705897775
12900 14.108410839231066
13000 17.085754409123975
13100 16.29960569810171
13200 15.435792616873892
13300 16.78969713356878
13400 14.098608718208252
13500 19.193885981506433
13600 16.89176027385237
13700 17.947644106410923
13800 16.475201242289586
13900 16.799964786563944
14000 17.749595145810073
14100 16.57147562819114
14200 16.13581088985063
14300 17.463741352205822
14400 16.734526313343462
14500 14.44086028712127
14600 17.37189136977693
14700 17.638789458512125
14800 16.022044749461873
14900 16.894173606053972
15000 17.63390637874958
15100 17.51570671236845
15200 17.933682984670046
15300 16.24599915999298
15400 14.424053771022313
15500 15.393302670770401
15600 15.510605301344532
15700 15.364296755442314
15800 13.257056335202133
15900 16.6502004393521
16000 17.032924256428405
16100 17.972830341524087
16200 14.909278829990138
16300 16.09554497471282
16400 15.002248711006708
16500 15.033822019965836
16600 15.533579362294985
16700 15.28282751252931
16800 15.78123250067899
16900 13.701524853738821
17000 16.522673547155453
17100 17.321202005813937
17200 13.749263228854135
17300 16.538908219659657
17400 15.582007433514429
17500 18.178862135404746
17600 15.19859780241007
17700 15.234122684101315
17800 14.557728032204713
17900 15.741257651023782
18000 17.373184378933566
18100 16.106799968892698
18200 14.621635957178858
18300 17.219422233290867
18400 17.68713283246088
18500 16.662900355713653
18600 18.112475694976073
18700 18.800047953707743
18800 16.901530466828582
18900 18.93821313444138
19000 15.802164182688728
19100 18.553554193387317
19200 16.98003007236149
19300 16.06673214253976
19400 19.596294330297194
19500 18.368424820232246
19600 16.603577118759326
19700 16.25075337538796
19800 15.941034906883425
19900 17.32097136472215
20000 14.738517840571578
20100 16.67121476564483
20200 16.728852636110048
20300 17.70058762748346
20400 16.76884614811353
20500 18.150021411768808
20600 17.29990567197961
20700 14.156594519299256
20800 16.38635056767667
20900 13.979928291728108
21000 16.446685700902012
21100 16.80002548385749
21200 15.753021131028852
21300 18.54479918177482
21400 16.897865852788513
21500 16.397320797264697
21600 17.833304232907647
21700 15.081509574579917
21800 14.962663433948048
21900 17.1326585064404
22000 17.752211182679506
22100 17.96221730004656
22200 14.693566710228177
22300 17.87547645420789
22400 15.211659241813903
22500 16.98742418755312
22600 16.253890191792504
22700 17.046657913804214
22800 14.906709686315356
22900 12.603008847688542
23000 15.93306464952606
23100 17.69378914076356
23200 16.63225347017968
23300 12.866196922329072
23400 16.593033065801656
23500 16.727406646645093
23600 14.651078310555505
23700 17.508126821448176
23800 17.080561351840768
23900 17.1458040409622
24000 17.57099816167448
24100 16.79469309367845
24200 16.115017053772394
24300 16.930191554033872
24400 17.29606389444898
24500 17.353807925282773
24600 17.61958303449091
24700 15.981662385045874
24800 14.708036381387629
24900 16.354783642242573
25000 17.011522617888893
25100 14.995313301528128
25200 17.109746030658034
25300 14.500194508753408
25400 13.672249371123504
25500 19.591730622616442
25600 18.86924313941124
25700 18.065283090114626
25800 16.72881935552633
25900 14.827447624424739
26000 19.320843334629696
26100 16.80832060910791
26200 15.025860148949974
26300 16.149498438117696
26400 18.20832108329042
26500 15.130419566833538
26600 16.77144675977683
26700 14.985363528085147
26800 14.587004757756635
26900 15.51912196074046
27000 18.46126223452318
27100 16.662522702150376
27200 17.87555583142738
27300 16.4042966220392
27400 15.916554320489661
27500 18.207151043110628
27600 16.64449636259203
27700 17.63405759931613
27800 11.516049630744671
27900 16.35631069612244
28000 15.648567798217357
28100 16.46568909350184
28200 15.20811298904554
28300 18.61716358281342
28400 17.266654989733723
28500 15.690551408517603
28600 16.488176755981485
28700 17.91841643381506
28800 16.18201323498482
28900 17.0102470274118
29000 13.563440659832123
29100 15.844343249304693
29200 18.3730939014477
29300 14.400916953992066
29400 16.86555877702681
29500 15.607428219074837
29600 12.416908718640835
29700 16.8597176740222
29800 17.77582371323982
29900 15.532214362379868
30000 15.271845528229788
30100 15.18974043696482
30200 14.311750657194128
30300 16.150536523652057
30400 17.961997349522704
30500 17.777579729287332
30600 13.877881855819833
30700 17.20380464964241
30800 16.742329288472295
30900 19.491173559923734
31000 17.77444886989192
31100 17.20529456751321
31200 17.4273099546515
31300 18.43033144208802
31400 15.612567399903456
31500 18.450873290534997
31600 17.068814598475107
31700 16.532380800808365
31800 18.723475255630746
31900 19.359792313957367
32000 15.248317745918534
32100 16.410255438959346
32200 16.48120487231543
32300 14.891457894382118
32400 17.404595726256883
32500 15.699486624887788
32600 16.255222033464044
32700 16.938759241899163
32800 17.742170960910542
32900 19.333133519314206
33000 17.55289492604843
33100 19.253052330828595
33200 15.882361401201226
33300 16.494301431024272
33400 15.288332247257005
33500 14.278427485440016
33600 18.794486536565334
33700 14.380457356713835
33800 18.01183198440037
33900 15.529945912007902
34000 16.784028151444975
34100 15.366627665596791
34200 17.148479829795534
34300 16.79388434479707
34400 15.813953718076197
34500 14.073531461686915
34600 16.00100397026688
34700 15.748755816168169
34800 14.525312341587917
34900 15.321084494186051
35000 14.534389708768025
35100 16.928166726279947
35200 15.94343873297155
35300 18.346781081933987
35400 15.94576444711068
35500 14.55517830308547
35600 12.740287595024007
35700 17.376925033591863
35800 13.42272356349268
35900 13.840484819913556
36000 15.431981412072552
36100 17.750116283421676
36200 14.492055337552257
36300 15.973248571730679
36400 16.657908955985523
36500 15.359980106245956
36600 17.813538111158135
36700 16.713742886161345
36800 18.058991264957392
36900 18.60197052287977
37000 17.64145218462319
37100 17.70771553691705
37200 16.16826630196622
37300 17.374073785917577
37400 16.11342109555834
37500 16.23734965314382
37600 16.55440222291268
37700 18.402812549769322
37800 17.797673964420813
37900 15.174609717729968
38000 17.499320537875874
38100 17.2992262017163
38200 14.156283777071625
38300 15.33737294044459
38400 17.672399639828203
38500 16.52791321835943
38600 14.585534465973478
38700 17.356356647787948
38800 15.089512500180613
38900 15.2062449092857
39000 18.59837563535861
39100 15.765897188006313
39200 16.33421824217647
39300 18.608121546051706
39400 17.208031079827034
39500 16.409979439554203
39600 15.232224663733286
39700 14.487031185136399
39800 14.178593062151212
39900 17.056716463389666
40000 15.511237350778671
40100 17.097300537096555
40200 15.425107851074493
40300 16.699600415818583
40400 17.87361737832909
40500 16.10017365207777
40600 14.09885544357712
40700 18.06315692728217
40800 16.034092557045376
40900 16.586298897674904
41000 16.82608271586935
41100 16.639641907062895
41200 17.16860806655954
41300 14.439556408916994
41400 13.728258030461504
41500 17.27116218486042
41600 16.55832729755166
41700 16.49716899949315
41800 16.406970829871888
41900 15.61957548281256
42000 17.46687233375804
42100 15.32718538798227
42200 15.48469441073733
42300 13.312965836745496
42400 14.843528951270011
42500 15.558585923700562
42600 14.965017585415803
42700 15.654375015219678
42800 19.302889413669558
42900 15.672632903386928
43000 15.526287486812059
43100 16.556006364689036
43200 14.688879462981866
43300 17.936042637782112
43400 14.77681064720707
43500 16.850792282350934
43600 17.771303557882412
43700 14.664337256729087
43800 18.55529595659851
43900 15.520724621667492
44000 16.436083822208815
44100 17.59005936754702
44200 17.226813194510072
44300 17.328425125579233
44400 18.19465455879968
44500 15.09969270650878
44600 13.322753533475503
44700 18.030841734242404
44800 18.1553383873594
44900 18.49196671915441
45000 16.241560422948584
45100 17.169977930817698
45200 17.2820698224157
45300 17.530817768186054
45400 18.910119159131384
45500 18.123127740180763
45600 15.732704111435723
45700 18.75836762277777
45800 18.330580167465758
45900 17.393613700712347
46000 16.860869605772915
46100 13.217622217681651
46200 15.949254908931737
46300 18.515689635599582
46400 17.844181577791588
46500 15.81104256822565
46600 14.530324478564353
46700 13.417257597914793
46800 18.60736161168549
46900 16.252642784265642
47000 18.628293703237773
47100 17.74321861221522
47200 15.599886654220684
47300 15.120725207974298
47400 16.10879191057964
47500 17.836658839009246
47600 18.343576866256928
47700 19.043949641242037
47800 12.832691111977589
47900 15.864942140765837
48000 16.198238936664797
48100 16.7858021394437
48200 18.851331288711343
48300 13.436085434730982
48400 12.93244360398532
48500 16.529729816383725
48600 13.327454923882149
48700 15.884365642356642
48800 16.807391177181
48900 17.559686349956007
49000 14.768596585032322
49100 16.575283961052644
49200 16.22115684332322
49300 17.376351217644405
49400 13.960613750229669
49500 17.754595710960643
49600 16.877792740883482
49700 16.525153242571513
49800 18.284751673388186
49900 17.25731423350427
50000 17.29835061646364
50100 18.165459017283784
50200 16.372540771690172
50300 16.035337807107293
50400 17.046890990780952
50500 17.536873501488937
50600 15.432567482626174
50700 17.189161406554955
50800 19.651910650821428
50900 13.027963998223788
51000 17.919294136353052
51100 17.183908982166702
51200 15.070881607523553
51300 15.139405475850356
51400 14.051048384009361
51500 16.328847651103562
51600 14.996954638056218
51700 17.41591938640961
51800 15.169353949950766
51900 18.385437153249676
52000 18.16657930740929
52100 17.182409628347187
52200 17.964635689055005
52300 17.54001324412994
52400 15.799949511306984
52500 12.277362087462523
52600 15.306634286988286
52700 19.062010071492686
52800 18.610007655640207
52900 18.52314027407242
53000 13.936829978316322
53100 16.73319173729097
53200 15.665376759595729
53300 17.541371655128064
53400 14.58955510531854
53500 16.791965801518543
53600 16.31716203883965
53700 18.512204198720863
53800 17.854996073570675
53900 16.0971239255178
54000 16.184479572379825
54100 13.282203621984536
54200 14.925561761282896
54300 14.304569201076234
54400 18.88843493568315
54500 17.1769781236763
54600 17.73020421677661
54700 15.656180068946345
54800 17.26822507913255
54900 17.91356214240881
55000 17.133846744016868
55100 16.653924753787823
55200 16.036766717523445
55300 12.427901058864085
55400 18.743318092425397
55500 16.950942786279214
55600 16.837233830426417
55700 17.201751640634775
55800 18.58375617167987
55900 13.529595218488547
56000 15.764563602131625
56100 16.466061498038755
56200 16.33332327411098
56300 17.378224850760073
56400 16.159735676967497
56500 15.360419739887215
56600 16.331268474047178
56700 13.615183241527907
56800 18.083566989523273
56900 13.486103807388155
57000 15.063909948056663
57100 16.16378751910598
57200 17.96972743941267
57300 17.65434699029824
57400 13.138524900271355
57500 18.146114133044463
57600 17.61040349885622
57700 16.980619695876396
57800 18.663166910801934
57900 15.379714787727684
58000 16.905237688241563
58100 12.872726224824012
58200 18.4212869377428
58300 16.163548635761636
58400 16.119425972442322
58500 17.756101411817568
58600 12.799688461206154
58700 13.553769578612995
58800 13.302625567050198
58900 16.01273396604665
59000 19.618874757515066
59100 14.532508173749962
59200 19.233556914397315
59300 15.46614414218101
59400 15.971904869326087
59500 13.71999889994752
59600 14.542987133080748
59700 15.332383216283997
59800 17.871476615334323
59900 17.579448640045356
60000 16.17043835190886
60100 17.993283377800793
60200 14.24938180503706
60300 16.434570243722753
60400 17.995679905821554
60500 16.154782715453944
60600 18.669137200897342
60700 18.209388693126357
60800 18.12294988325643
60900 19.433142140812294
61000 17.623023985810914
61100 19.2324713032182
61200 15.734960001966252
61300 16.085408974093955
61400 16.88448959048144
61500 18.75657828904294
61600 18.20675455007764
61700 17.272838320658963
61800 16.44168108132002
61900 15.489728668433825
62000 17.604210985891182
62100 15.821987349578507
62200 18.378284740906118
62300 18.06057530157975
62400 17.16731186835757
62500 18.7794505366849
62600 16.32316476494115
62700 17.82324283392088
62800 16.371575682704826
62900 18.12914679601816
63000 16.195994091366565
63100 16.293868930003185
63200 13.58730231059253
63300 17.64656660103344
63400 17.52957012069193
63500 16.358689853359902
63600 17.03990510974198
63700 18.90016669505335
63800 14.350285902021746
63900 16.91597125818527
64000 19.140582441687375
64100 16.210545717636315
64200 16.110267428350564
64300 15.263504249576352
64400 17.66801388425025
64500 17.089193857546814
64600 18.43825858268087
64700 16.95881033271123
64800 14.125037507713174
64900 14.400062539863775
65000 13.797621650868361
65100 18.01316328534927
65200 15.720624498611123
65300 17.448983611312936
65400 15.293424484201784
65500 17.933030195280935
65600 18.30060891009236
65700 15.136266847078153
65800 18.80514681022176
65900 16.925386689373727
66000 15.903417848441457
66100 18.22355761268471
66200 16.328576863439128
66300 14.766531710407206
66400 17.0369722110815
66500 16.399277471359806
66600 16.388513017725728
66700 17.981849532033962
66800 15.541411766693159
66900 15.604055603724415
67000 18.02521392191067
67100 17.42411006076186
67200 13.929967546956973
67300 17.05794858610806
67400 15.929550284930036
67500 18.516871986065347
67600 16.595427236074272
67700 17.29930708136864
67800 16.403166448163844
67900 16.416187847318508
68000 17.597052737750893
68100 17.204501109558873
68200 15.990950413934453
68300 17.336648363411378
68400 18.205640015415277
68500 15.440429238184857
68600 16.416407610110486
68700 17.657191415459117
68800 18.206904776427287
68900 17.813431605771555
69000 17.478085442485973
69100 16.079638155996086
69200 18.133055459641195
69300 15.157080308071095
69400 18.440363160643347
69500 16.67854010721809
69600 16.727786864029955
69700 17.725679629933932
69800 17.674605276780937
69900 15.052841016188422
70000 16.682443785797542
70100 18.361322874932725
70200 15.215429051130167
70300 16.324701890430266
70400 19.05575348672905
70500 18.96132051134802
70600 13.633150086984164
70700 15.080425701530714
70800 16.651770326967267
70900 15.946341945292046
71000 17.939495634234728
71100 17.30779878133993
71200 18.19178782474984
71300 17.140941399150847
71400 17.66558380003582
71500 15.045642581518154
71600 16.557394364624454
71700 15.231992737883232
71800 16.654484045264876
71900 17.996354645621192
72000 17.252152558572362
72100 17.879220291098513
72200 16.87651719114067
72300 16.513897897065355
72400 15.915405313018452
72500 15.664706882334018
72600 15.778475901086368
72700 18.806859374201075
72800 16.56386297193235
72900 13.111888047816855
73000 17.453653180848246
73100 14.339896499871003
73200 15.787141419679443
73300 16.535231373982548
73400 16.536188971633532
73500 17.927164600287917
73600 10.916328144209592
73700 16.680344564310506
73800 14.976656635864467
73900 15.359884857929348
74000 18.33449518467258
74100 19.150197670601845
74200 18.95782099109219
74300 17.271585708348237
74400 17.182029258484633
74500 15.856825714202966
74600 18.64520100028113
74700 15.735907714386476
74800 16.156291683539404
74900 16.05114522615079
75000 17.583618089967715
75100 15.676966696457463
75200 16.879765119811825
75300 16.343291945181193
75400 17.199822747374743
75500 16.404146057642528
75600 14.829903311244445
75700 16.412125109201984
75800 17.956959570463805
75900 16.559117285083115
76000 16.999071754367538
76100 18.190697288354773
76200 18.54115819894212
76300 15.811360774705305
76400 17.98365498138911
76500 13.798664555362407
76600 16.87550301958598
76700 19.2799576149626
76800 16.277812318026882
76900 17.062127283676833
77000 19.62248861543658
77100 17.52108840693501
77200 18.613583502080502
77300 17.272679991204836
77400 17.02933358624991
77500 17.393665567214892
77600 17.593094659856735
77700 16.827326526575284
77800 18.873790879404975
77900 18.062791365422985
78000 17.275971627247273
78100 16.67804082760234
78200 16.994833598701927
78300 16.029853518365304
78400 15.308013860333574
78500 19.01913757659094
78600 15.385777086517168
78700 17.08756456001366
78800 19.47107787423873
78900 16.2355268427364
79000 17.757532842401414
79100 13.067088316502625
79200 17.907279396687773
79300 16.468095096574928
79400 17.34732660473596
79500 16.385892388385496
79600 17.274775412099764
79700 15.357685600271644
79800 16.99076795262494
79900 16.952121919628233
80000 13.386102657649927
80100 18.308443063086816
80200 18.34539225107156
80300 12.824853972539513
80400 16.94505734213564
80500 15.766142812036177
80600 18.5973355720408
80700 17.576182654549907
80800 18.083893076910023
80900 17.89108072340232
81000 16.890532087501168
81100 16.318396231426725
81200 17.645999647051426
81300 16.500208281376892
81400 16.93380521637915
81500 16.920715592274572
81600 18.158922484496504
81700 18.281953840091695
81800 18.346493442319396
81900 17.401924019695496
82000 16.987269465570094
82100 13.608275776727904
82200 16.80556186935116
82300 16.793402542626538
82400 17.516613807592677
82500 17.16994385122139
82600 18.78918753104277
82700 16.582008561550307
82800 18.305318767597335
82900 18.73787112803666
83000 18.864525675582563
83100 14.013170587371752
83200 11.968079245479593
83300 17.726369406563283
83400 17.368407816860906
83500 15.224839021382824
83600 14.089577280183734
83700 19.457757749499642
83800 16.61659670889975
83900 17.52842154489311
84000 14.640180843073804
84100 14.799479701904383
84200 17.422246664182282
84300 17.198057610454644
84400 16.849039348474633
84500 16.075832219053872
84600 15.790464905386502
84700 16.75128819609405
84800 14.297023179552982
84900 16.000957831326946
85000 16.360840991771394
85100 15.600246529892784
85200 17.64747196169977
85300 17.61155305900373
85400 16.959086552737332
85500 16.182985332603167
85600 18.64861418021226
85700 16.471094672608885
85800 16.476681207338963
85900 16.98258060325891
86000 16.249772991446807
86100 17.541592198080863
86200 17.620832193832882
86300 17.53250230574679
86400 18.75955537940416
86500 17.409530551724448
86600 18.379607178991503
86700 17.948603121438794
86800 17.720268450807218
86900 18.58637464638006
87000 19.184964153310666
87100 17.51226005813264
87200 19.489013783903374
87300 18.71483023961489
87400 18.185046458375638
87500 18.07703331471177
87600 17.75854703433436
87700 15.668647381287512
87800 16.741548167257974
87900 15.058638320616183
88000 14.0419736010772
88100 15.071283456024041
88200 17.102443651892813
88300 18.23323447947162
88400 17.00712097992349
88500 18.072802599973933
88600 13.364148319212191
88700 17.466068917969118
88800 16.35029177619938
88900 16.36022927636411
89000 18.964116849139902
89100 16.240832514430267
89200 16.858733108019997
89300 16.239284409449787
89400 17.93310606514374
89500 18.890898187166464
89600 16.141242506652127
89700 14.93333265805032
89800 15.107100541423991
89900 18.39597013444131
90000 16.47367634367259
90100 14.457013384556747
90200 12.450458479237724
90300 18.827799043453037
90400 14.218156721413974
90500 16.467835605182422
90600 18.717224590434952
90700 16.943637578904106
90800 18.935048160492254
90900 17.342422755901364
91000 16.91862553703765
91100 16.273099387380828
91200 16.404150771187894
91300 15.192699701144646
91400 16.950441509099697
91500 16.100402769345
91600 18.718443043584667
91700 18.420796264532285
91800 17.299567455875817
91900 19.76560565288457
92000 15.87654533779103
92100 17.644310284799158
92200 18.6188697844263
92300 15.309368937320748
92400 16.71112924455379
92500 16.91635432436164
92600 18.141856734559695
92700 17.40754292369429
92800 16.617262780510018
92900 18.09495703975109
93000 14.88934724422062
93100 17.032517436948627
93200 16.370654499844516
93300 18.045714788814635
93400 14.941424730012935
93500 17.17889518766065
93600 15.44943954004692
93700 18.17466727320321
93800 17.51244378012001
93900 19.414673099093953
94000 16.47758769424124
94100 16.26242894102693
94200 17.273103090164042
94300 16.843204479464305
94400 12.126382254600642
94500 16.855452431611077
94600 14.232389554854512
94700 17.876629017218836
94800 17.166916647845277
94900 18.586984430322307
95000 16.834387384208103
95100 19.321838227727202
95200 17.779168928801525
95300 14.958273120760444
95400 17.549935630308866
95500 14.585440639147702
95600 15.808331996860277
95700 14.582789675502925
95800 17.446009520225097
95900 16.918981000790644
96000 18.900065719599514
96100 16.717382566433958
96200 17.740909334797585
96300 17.11778947009007
96400 17.71848279016634
96500 18.892796630329524
96600 14.473849019028433
96700 13.3389815635578
96800 17.625381057976522
96900 16.12505264847019
97000 15.495662003953363
97100 18.47522822684192
97200 17.34500277758519
97300 15.685640507400576
97400 17.34269814584798
97500 15.927756316967768
97600 16.856726823851357
97700 18.66729136300047
97800 12.013702093744781
97900 16.387935049254864
98000 17.162039289384253
98100 16.8325769283016
98200 15.846886898908611
98300 14.521999908932582
98400 17.7360230006021
98500 18.373640980045813
98600 15.933845610197091
98700 17.05853288879785
98800 17.287868501904352
98900 17.874182880606913
99000 17.43671505383518
99100 17.659151365583362
99200 19.52950684223795
99300 18.35195710037641
99400 17.339403833081946
99500 18.64993414716419
99600 17.337691747945993
99700 16.239076014803388
99800 19.181089536901986
99900 13.536162356008033
100000 16.49219867095871
100100 16.457613157222404
100200 16.229147026100122
100300 18.107937036479434
100400 18.6450750764274
100500 15.646402774105555
100600 16.190127253506834
100700 12.366509793153508
100800 18.46154541037379
100900 17.76798304263762
101000 15.24739200049829
101100 16.30535988875022
101200 16.377718311997217
101300 19.03233767788103
101400 16.374283313412185
101500 16.83512756960183
101600 14.659820739110057
101700 15.352696282614339
101800 17.0148523823046
101900 16.96081627995555
102000 18.377825733215996
102100 16.718753953817668
102200 18.17243129746949
102300 18.334439258196547
102400 19.04943637717053
102500 16.042144343148955
102600 15.912568911650292
102700 15.621537110897197
102800 15.478134831687335
102900 15.739274132963429
103000 19.130879831453715
103100 15.50475418342997
103200 17.639406843596795
103300 16.291254355126988
103400 18.225290712247617
103500 17.430959367739607
103600 19.266003933023278
103700 17.502871805360826
103800 18.27052380263122
103900 19.252207637378508
104000 18.235384339305263
104100 18.53023434624625
104200 18.483087690098102
104300 18.433454761017448
104400 18.011587894950132
104500 15.333134769196288
104600 16.52781703687823
104700 15.053340787394724
104800 15.254706069996837
104900 16.15306549424623
105000 16.272046648308716
105100 17.1821646091864
105200 16.660871196035036
105300 17.21029204406769
105400 17.5827313847248
105500 18.499768717699286
105600 17.1199186790514
105700 18.519833107362203
105800 18.703718742393427
105900 15.352454414556522
106000 17.170944664179018
106100 18.385693595109284
106200 14.663633634944174
106300 15.555603486725204
106400 19.082518451831767
106500 17.711233596985743
106600 15.934182424800067
106700 15.93726199045562
106800 18.85660100490162
106900 15.800811146357674
107000 15.54115737270998
107100 17.390592765902916
107200 16.44003089069116
107300 17.479052316818393
107400 16.806229579937785
107500 17.172096090982635
107600 16.949246162010787
107700 17.205118016044572
107800 15.806006605190063
107900 18.96878457450553
108000 13.879488999691398
108100 19.23186466069806
108200 15.174667705027902
108300 18.161614622040663
108400 17.300851323108823
108500 17.1851481017061
108600 17.77700751454873
108700 17.03185424302681
108800 17.533846754358457
108900 17.54842304455186
109000 17.338149943395297
109100 15.847588550667757
109200 15.57052708319802
109300 16.619033516625194
109400 18.97306746663804
109500 17.47783078292009
109600 15.046001692116725
109700 17.10062455332323
109800 17.319410945534372
109900 16.84837833967635
110000 15.761178653283864
110100 17.46022330236978
110200 17.453199989162897
110300 16.8427474537197
110400 17.314865233838766
110500 16.29469280179779
110600 18.623849686892246
110700 17.96339286137864
110800 16.004185082127652
110900 16.660054931604055
111000 13.580632935272904
111100 17.967279467415416
111200 17.353932764261213
111300 16.263003135065304
111400 15.572377453013974
111500 16.97801824326936
111600 16.061094272039764
111700 17.1305471024517
111800 18.993331792946087
111900 15.48498015807179
112000 18.24381823654701
112100 16.69027344720005
112200 18.749420956880144
112300 16.170797557940546
112400 17.922268708848517
112500 14.013928749299122
112600 19.270391555668514
112700 19.47966865171504
112800 15.201208216003632
112900 18.934348301728946
113000 16.85897339708708
113100 16.341798741558712
113200 18.1939000933177
113300 13.520511321431885
113400 17.620732354518402
113500 15.901833492809581
113600 14.968815153268022
113700 18.117928725022605
113800 16.041665741086153
113900 18.74107021189154
114000 16.826091258562283
114100 16.740829370093135
114200 14.829564614540237
114300 18.638377706354074
114400 18.25878858512201
114500 17.15781819512222
114600 16.242619973590482
114700 11.052836496211286
114800 16.79787214803706
114900 17.205368203965197
115000 16.296575793022633
115100 14.02604625513836
115200 17.401595547019806
115300 19.227793546778823
115400 15.415994076031463
115500 17.926223192572337
115600 16.63240351650617
115700 19.19704158781306
115800 17.003749181011194
115900 16.217364361412184
116000 16.341041570415843
116100 16.65297355711364
116200 18.46201728715398
116300 15.984092948726508
116400 16.981078127234692
116500 15.2864339929989
116600 15.687767834099903
116700 17.66603369673036
116800 16.09591893052153
116900 17.675040942330774
117000 17.09624635721864
117100 18.12373978339301
117200 17.363819549125594
117300 16.569451067885343
117400 14.031350866241118
117500 18.740932466797435
117600 16.82599414820054
117700 16.126143384672055
117800 17.69215006859211
117900 15.320693616871235
118000 17.653913543989542
118100 15.266645491843672
118200 16.42837919045742
118300 16.76382342810572
118400 17.01227289754358
118500 17.779397260562757
118600 14.276850552670354
118700 17.797735040914343
118800 16.81876751901054
118900 15.438985060098037
119000 16.30661984209029
119100 17.25273058588418
119200 18.46975459560023
119300 16.850026883423162
119400 18.275746865856778
119500 17.207496163794918
119600 17.308265294892735
119700 16.70608803802609
119800 16.754803528678426
119900 18.438535693099087
120000 17.453669487083353
120100 13.664752138549701
120200 18.35702570615422
120300 16.919420124095115
120400 15.562876558693828
120500 17.53758084154632
120600 15.66964980411437
120700 16.315523839750476
120800 18.362201961924722
120900 18.3194448414215
121000 17.98205059169357
121100 15.410433833720363
121200 17.914373770485884
121300 17.44099328056937
121400 16.905113128385548
121500 15.482441384921934
121600 18.112419218380506
121700 18.50557838708565
121800 16.56901649566817
121900 16.343766105733547
122000 12.85127116532315
122100 11.245917390853764
122200 14.025834535468633
122300 16.99801648009755
122400 17.457745806651566
122500 17.807803509095507
122600 17.788541037589415
122700 15.879907202786155
122800 18.330380141000486
122900 14.33311823724329
123000 13.801145164934658
123100 16.196034889950955
123200 18.459231558535496
123300 16.963935977648646
123400 18.30510809118093
123500 14.160454839946697
123600 14.805633481706058
123700 16.425519430017268
123800 17.449205751799692
123900 15.319161707773844
124000 16.67608041299008
124100 18.285580282855605
124200 17.716348145586462
124300 16.770692113672307
124400 16.006255707127277
124500 16.971845138360976
124600 15.498965139416383
124700 16.77168458424225
124800 14.704937366284373
124900 13.360544941810414
125000 18.85525581874176
125100 16.412585778733394
125200 19.035261690842624
125300 18.41671578479367
125400 16.27835183549267
125500 18.109921323838655
125600 18.239036229391875
125700 16.70217607646221
125800 18.967590259144277
125900 19.135214813225595
126000 16.345653444315698
126100 15.763068522976718
126200 16.37121016930017
126300 18.07208379285994
126400 18.97488440819018
126500 17.29037974919232
126600 15.704529934903222
126700 16.75206795333158
126800 16.02331505710824
126900 16.747614740127666
127000 19.201860035332885
127100 14.343034487231218
127200 15.885456003410427
127300 15.966656044102521
127400 15.118763731307487
127500 15.874676952421856
127600 16.15572305200447
127700 17.637890545777505
127800 15.341354609087242
127900 17.044121303067666
128000 18.69930659749358
128100 17.103027140406674
128200 17.92130625678102
128300 18.470142829815074
128400 15.270256308570117
128500 18.53360000133191
128600 16.642701857114886
128700 14.86785548863946
128800 18.101243897938836
128900 18.374127587126164
129000 16.461321572121236
129100 16.09276104277685
129200 17.826421022434857
129300 16.913535946640334
129400 16.969921795418106
129500 18.482639885470487
129600 17.823291091828736
129700 17.049443111710602
129800 18.935528029233044
129900 17.248443367102
130000 16.39197916579286
130100 15.814475757416085
130200 15.035883491765755
130300 18.410337906515757
130400 18.84226854962988
130500 16.79751019368979
130600 17.358732463249787
130700 17.806888429787904
130800 18.99489667843917
130900 15.885651811728573
131000 16.475452370112606
131100 18.321095502613673
131200 16.01549288161941
131300 16.3245618482275
131400 12.544267600173892
131500 17.734747659317065
131600 15.86384558504984
131700 18.40182240089754
131800 19.83456730463118
131900 19.053766615679585
132000 17.256481438957124
132100 18.54217683480094
132200 16.133565059753188
132300 15.890171844425304
132400 14.483994932908384
132500 18.920229703613586
132600 16.383190702894616
132700 17.070037309693987
132800 15.809312677255802
132900 16.49106159050843
133000 17.19768084596879
133100 16.9685170931333
133200 18.594962324246307
133300 16.771610365662664
133400 18.72776230577238
133500 14.680154554277987
133600 18.248090725124513
133700 18.697115412780967
133800 18.13556571597359
133900 17.30450364876174
134000 18.76506446499389
134100 16.92817804617369
134200 17.76123821445977
134300 13.438432429547369
134400 17.191378883721832
134500 15.264663143687313
134600 15.88771166629251
134700 16.74154140399887
134800 16.79210556655795
134900 15.274558985077457
135000 16.233592023430802
135100 17.11352460010822
135200 16.127558815443287
135300 16.507553238486473
135400 15.278408733602605
135500 14.722035656264254
135600 16.03343870019245
135700 17.286769569784433
135800 18.09098864829766
135900 16.424225655626064
136000 17.27272499216012
136100 17.683844988739082
136200 19.15451232864293
136300 18.03472625483424
136400 16.967248186824868
136500 18.071628404581045
136600 15.596158142245761
136700 18.465107386244306
136800 18.317204304919358
136900 14.108814463323014
137000 16.266909209884755
137100 18.4176138889391
137200 16.002423993015576
137300 16.99135370672897
137400 17.338523251298653
137500 16.769495948613013
137600 17.726275978937867
137700 13.467681363954597
137800 17.902081458286823
137900 17.333902953199832
138000 17.275017246996644
138100 16.423843458855405
138200 16.66072927428453
138300 17.163140787941455
138400 16.07914943011055
138500 18.931879786557253
138600 18.66923344685325
138700 16.848127676644413
138800 17.01469862747911
138900 17.788325648095668
139000 17.62608937997005
139100 17.27690318505598
139200 16.463826576901447
139300 13.760527946664952
139400 17.660824448445478
139500 17.46223662821081
139600 15.181962350089654
139700 15.152140845725057
139800 15.778472114546972
139900 16.85389511461992
140000 18.087590349457937
140100 18.367162638428276
140200 18.546593786939543
140300 16.650500503622535
140400 18.490940117696645
140500 18.88108636497555
140600 14.759760985998833
140700 13.605196714593669
140800 19.171264928061667
140900 18.649238149573538
141000 17.11164558310104
141100 18.972268509724355
141200 16.6760350906699
141300 18.973019598659786
141400 17.488672894828042
141500 16.43229323683433
141600 18.33216034264804
141700 16.366531308205158
141800 18.926742145706832
141900 17.068059209150697
142000 16.566860037906373
142100 18.922222522239295
142200 16.225864686706963
142300 17.364046251694408
142400 17.375473083627973
142500 19.09070660006737
142600 17.03452411592548
142700 17.63824104651084
142800 16.891707872862604
142900 14.697674482041114
143000 18.96279425367565
143100 19.01638111085979
143200 15.821521665722857
143300 15.475600856703492
143400 18.60051708041228
143500 18.220521871079523
143600 16.474385717380844
143700 17.731140560191108
143800 17.793123123892936
143900 18.296309894480345
144000 17.734275667583262
144100 18.896990396253337
144200 18.65100958975468
144300 18.42827500555234
144400 16.734564761197948
144500 16.109958366788216
144600 17.188130377046008
144700 17.618389297140755
144800 17.69411089918436
144900 18.903961569656424
145000 18.167865076865223
145100 17.929260754566567
145200 18.42302084993088
145300 17.091261634946775
145400 17.76980966607149
145500 14.881762760068785
145600 16.42490779519648
145700 16.34829193863517
145800 16.532509444656686
145900 16.267380140639283
146000 15.900848330161876
146100 16.6479875147615
146200 17.037139301659725
146300 18.149788356240173
146400 17.783674331788074
146500 17.656115675226832
146600 18.298469526713387
146700 15.658263212728315
146800 15.518941663511955
146900 15.705931899788018
147000 13.208426133051226
147100 15.249558918222586
147200 14.132994309084909
147300 18.35594813602004
147400 18.940304167612837
147500 16.855707458603874
147600 15.139114429615061
147700 17.699554077321235
147800 14.455436703676481
147900 15.006682193581899
148000 17.05213303890865
148100 18.189364064388958
148200 17.533315111569006
148300 18.963851132117668
148400 17.59217180355367
148500 16.372149296815206
148600 14.742595438324777
148700 14.134060960089323
148800 16.040835662325634
148900 18.11249346610692
149000 18.577418043502938
149100 18.01848360008305
149200 19.07440870742313
149300 18.24620125457991
149400 19.01037035006798
149500 13.316544391781933
149600 17.436407617240093
149700 18.91922212044891
149800 13.673604251713039
149900 18.523548976883816
150000 15.950590088225484
150100 17.438451035697224
150200 18.881946377096092
150300 18.25889382608389
150400 16.698139362986552
150500 16.98140315433713
150600 16.67479738697796
150700 17.88520658457803
150800 18.39519906437874
150900 17.875840830326123
151000 16.11870425453872
151100 16.23367282292186
151200 16.78294807979417
151300 19.361953211225178
151400 14.357776537734782
151500 14.393995385703121
151600 17.185259215899208
151700 19.217716285331182
151800 17.659235188511058
151900 18.408011546995112
152000 14.692414758684011
152100 17.611790616793627
152200 17.446547277201656
152300 12.810399988594385
152400 19.0158346704092
152500 19.287632208023982
152600 17.698387401432967
152700 16.513153414277856
152800 12.49695734284646
152900 16.497307036311728
153000 19.61237947983988
153100 16.62712287109825
153200 16.575747005816414
153300 15.704944291244345
153400 13.26281601179252
153500 16.269818618400702
153600 15.556310230544053
153700 16.329130206376078
153800 13.315975858895213
153900 17.312847196926448
154000 18.467047553556906
154100 19.039906909741973
154200 17.339190101643148
154300 18.42880237917641
154400 18.955956479367135
154500 14.434880151704876
154600 16.600359538251205
154700 15.761038412399753
154800 17.662698786910045
154900 16.986499930010286
155000 16.07159569970807
155100 19.129281927415118
155200 17.53343411245373
155300 14.40209091962093
155400 19.35838649673106
155500 17.417529881306173
155600 17.148166008979675
155700 15.531733818115745
155800 19.020121705822724
155900 17.438033874678677
156000 18.071746822918215
156100 17.443747238760697
156200 17.792829135093697
156300 16.56044259202252
156400 15.825191492239613
156500 16.456587775674738
156600 13.35658327613881
156700 16.434367461857814
156800 18.011513021400628
156900 14.394298485202704
157000 14.45155824493059
157100 16.13567954247168
157200 14.833377041545697
157300 18.84468666619507
157400 18.374477941959213
157500 16.908416789768
157600 16.882038282823267
157700 14.701023256624667
157800 18.23822171751545
157900 16.924287424505966
158000 18.721565794499487
158100 15.806531812828378
158200 15.422023497195822
158300 19.53168482428228
158400 14.768449853569832
158500 14.384469245474676
158600 15.24966390728571
158700 18.636695237585126
158800 16.032576371092105
158900 16.72048334460838
159000 17.52347133259072
159100 17.76958384687438
159200 17.347025127821823
159300 14.77842820366426
159400 19.217273623213696
159500 11.051119303893202
159600 18.127217822281665
159700 17.925280423300084
159800 18.32946278076593
159900 16.931294000817623
160000 16.47155695555571
160100 18.92976988762595
160200 13.942061643766994
160300 16.133604328265534
160400 17.954360943516846
160500 17.778393013346466
160600 17.276189092015088
160700 18.03140322213911
160800 19.258120905948253
160900 18.52647479912707
161000 17.498801572531914
161100 14.09730110441996
161200 17.172808789019456
161300 16.71970245624175
161400 17.95081393812512
161500 18.82852894667351
161600 18.89219563573574
161700 15.573212717093574
161800 15.471235922323443
161900 19.220775358642374
162000 17.190289229886247
162100 16.465166726928583
162200 17.168495502161647
162300 16.31087808484607
162400 18.058649672990498
162500 13.2200403228611
162600 17.211622823224307
162700 15.469267041555346
162800 14.704859536047284
162900 15.899045927997282
163000 18.641569205599367
163100 17.310590456127276
163200 17.20924463610226
163300 18.604697760078192
163400 17.110597420573505
163500 17.507831987216445
163600 14.307579629116367
163700 16.246061452123108
163800 14.096427338603062
163900 16.839897119501504
164000 16.41897191634379
164100 18.894368521845347
164200 16.06331473221009
164300 15.622557751723841
164400 16.476849973819554
164500 16.759357930875403
164600 18.866644926133667
164700 17.595129241016746
164800 17.32988561021504
164900 17.594130301430766
165000 17.67540632714102
165100 18.250006574572403
165200 16.478986833347445
165300 17.100358666216227
165400 17.231918024494096
165500 15.863066872851105
165600 17.842800794672268
165700 16.76638690017353
165800 17.44886407560403
165900 17.362367804299964
166000 16.03341527685086
166100 16.996361378037346
166200 16.952538283220328
166300 18.134396842774432
166400 18.470417818940266
166500 17.597919634927038
166600 17.356708489307366
166700 16.556337048321197
166800 15.5750844943984
166900 18.856122596199736
167000 15.449471418878103
167100 18.071347892995107
167200 17.275404473490575
167300 16.703723209328004
167400 17.06949937632036
167500 18.035350692405363
167600 16.847506690375013
167700 18.167966429120316
167800 15.940851563335269
167900 17.0867858804895
168000 18.128035813862844
168100 17.338316113762545
168200 16.99639612662053
168300 17.918768642935692
168400 16.477597777392155
168500 14.912654154752959
168600 16.85887282451047
168700 15.948046409101194
168800 17.213631267695764
168900 16.741246776257597
169000 18.08724868901305
169100 15.187567573853885
169200 18.143538672905503
169300 18.35506325545773
169400 16.79807540877535
169500 15.956311008401173
169600 18.360700661777244
169700 17.35232572872621
169800 17.715323181437626
169900 19.140336478206137
170000 16.18637073966003
170100 18.04616053472048
170200 15.831058220163644
170300 14.168821226980132
170400 15.486791214551099
170500 15.798196131519322
170600 17.931754467899452
170700 17.40537427314037
170800 17.738798431369524
170900 16.84526150965817
171000 16.44830332043025
171100 16.329082724056985
171200 16.299754190236225
171300 18.56188771059914
171400 17.28599501300529
171500 15.838155827472383
171600 16.066004044012715
171700 18.09491713821102
171800 18.836506207260086
171900 18.49137784059386
172000 17.05035684549639
172100 16.403982508232897
172200 18.504465653864255
172300 18.18768667546643
172400 17.86281298128426
172500 14.811874590371895
172600 19.01297535799214
172700 15.962546088100318
172800 16.194104632568596
172900 14.985771153804711
173000 16.09278065511536
173100 13.653644265006394
173200 17.59030937380864
173300 16.404520061399158
173400 16.483161970657402
173500 17.915692140230668
173600 15.300904047406664
173700 18.036251362694074
173800 17.131547464666347
173900 13.828606825077376
174000 17.851005348886652
174100 17.444419318763366
174200 18.188654911731355
174300 17.68111111136535
174400 17.52676514153888
174500 17.403340432909314
174600 16.774850057243317
174700 15.282626188723006
174800 17.98461805175172
174900 16.748361398931053
175000 16.417137242193842
175100 17.338390518217782
175200 17.39665764887346
175300 15.256702330312594
175400 16.512636270851505
175500 19.042102644085546
175600 19.061459900418793
175700 13.843762277663501
175800 16.422107639315364
175900 18.162763866944154
176000 17.509052117450764
176100 16.969105403351552
176200 19.16648456546978
176300 17.820198628955445
176400 18.233294898387935
176500 15.17899572199082
176600 18.502114200981726
176700 19.685794710463224
176800 17.06698590622964
176900 17.67207109858643
177000 18.11389464580784
177100 16.325576575032493
177200 17.21995957129196
177300 18.108125321199676
177400 15.669206400691863
177500 17.39997286524423
177600 13.974295991086956
177700 18.21724935258858
177800 16.236404164493873
177900 18.63803353562933
178000 15.60249439477122
178100 14.70595298323643
178200 16.66915056197753
178300 16.017704776800315
178400 15.282217326652216
178500 17.45977719535154
178600 16.528023708588112
178700 18.749696138355713
178800 18.369716829341023
178900 17.74289306010903
179000 16.807931338361495
179100 18.513974071573227
179200 18.849039151290285
179300 17.145617629323414
179400 19.212673368832395
179500 15.757105086177756
179600 16.213507317680673
179700 15.23638203070466
179800 16.24645331781238
179900 16.063665821997255
180000 14.685324557328782
180100 16.974181476109457
180200 17.704174260589042
180300 15.951813567337549
180400 17.295649206669104
180500 18.61280635931315
180600 16.75447678473372
180700 18.857489183876655
180800 16.647155508258553
180900 18.402439940903538
181000 14.979813253102161
181100 19.2489911691047
181200 17.50205018721046
181300 14.104442816097952
181400 17.93520685080257
181500 18.713191492985622
181600 14.80617522350763
181700 17.581113066276483
181800 14.744673416659893
181900 17.487393005261577
182000 14.580830152880878
182100 19.150548252435577
182200 15.135735196993227
182300 17.349825216946694
182400 17.384031303300272
182500 16.158900651483833
182600 17.95663117036137
182700 19.765909305351304
182800 17.016383673379114
182900 14.928951457123562
183000 16.15612400580401
183100 17.66277983922937
183200 15.796758706424944
183300 17.927647829806688
183400 18.420514799543675
183500 17.59836154896503
183600 18.380356497174343
183700 18.7847220882917
183800 15.5183151190821
183900 15.17200507670759
184000 18.974533299126154
184100 17.292242930773952
184200 13.41354772204377
184300 15.018868007869166
184400 16.740320537103365
184500 17.92584241346855
184600 18.454985697067727
184700 18.691202467791683
184800 16.3064799618939
184900 17.785062988721815
185000 19.00093512442874
185100 17.08343601559628
185200 18.557839235968718
185300 15.940978543204979
185400 17.326502869005292
185500 17.26953741187956
185600 17.4326606252425
185700 15.868460540280003
185800 17.283981379781064
185900 17.067263692957546
186000 14.096673036326912
186100 18.55305561393291
186200 15.402187066827684
186300 18.923094501866846
186400 18.3716712112453
186500 16.60578081034918
186600 16.25850825626219
186700 17.82927944272557
186800 17.542952703290716
186900 16.791738667974872
187000 15.721095711969637
187100 15.263821611892038
187200 19.06106452606857
187300 17.9525195427082
187400 18.349597616848634
187500 18.151263405962272
187600 16.37530317944702
187700 18.072561403433365
187800 16.773811522159583
187900 14.517168049987317
188000 16.559264886875035
188100 18.778844256707615
188200 16.923820591731083
188300 17.382518745834844
188400 18.747791577032153
188500 14.612129577554455
188600 18.060533812821834
188700 16.853992796328225
188800 16.976790298195382
188900 17.051536139431175
189000 17.445138582260377
189100 16.731957507103182
189200 15.851793133566067
189300 16.628464234567193
189400 17.210335025599104
189500 16.453655957087264
189600 15.744172964128504
189700 16.415283385314904
189800 18.2482479078571
189900 17.621364243250166
190000 15.786357037412158
190100 17.882297325615003
190200 18.015366287466158
190300 15.707992876079006
190400 15.886812943158544
190500 14.938709752019326
190600 17.04751638123912
190700 17.979639817526916
190800 18.54934392612755
190900 17.084651241470123
191000 17.386809068562677
191100 15.612344241213243
191200 13.797774481120882
191300 16.940019465201658
191400 14.771119439559559
191500 17.557573605488226
191600 17.67381410330547
191700 13.771737834206489
191800 16.22238939442284
191900 19.130725127563846
192000 16.01538159313437
192100 16.350565837152732
192200 19.201854159224656
192300 18.03102945051588
192400 15.480410580150275
192500 16.590288126553624
192600 14.538053017597674
192700 15.86602857309269
192800 17.290732721884634
192900 19.001068586197853
193000 16.057075814384948
193100 14.124686052568567
193200 15.074114037513404
193300 19.576715030230808
193400 14.74851010943079
193500 17.866599250217288
193600 17.044452771548865
193700 14.596819585702013
193800 17.32713125669152
193900 16.95641889825729
194000 17.73369344542112
194100 18.59991814358311
194200 15.589617726582487
194300 15.822906115618638
194400 17.122158135164153
194500 16.517196383603206
194600 15.18694386757376
194700 16.455774217176543
194800 13.089106361128437
194900 17.797915472873132
195000 16.25362529686967
195100 18.149993982173754
195200 19.27391879135898
195300 15.60652486385496
195400 19.08223036006259
195500 19.146905765660197
195600 17.217505613845322
195700 17.325602840413364
195800 15.639787393410094
195900 17.449114116611277
196000 18.28119649372483
196100 16.255300675269325
196200 17.3491299335129
196300 16.5045482172419
196400 18.543671156521874
196500 17.970956258322822
196600 18.345484290533182
196700 16.6311676797498
196800 17.696266783251787
196900 15.838072966830781
197000 18.187921306728803
197100 16.901839075841767
197200 16.88461737061336
197300 15.077529798941983
197400 16.658589275203447
197500 14.343127977871085
197600 15.235105192189595
197700 16.06636544076294
197800 15.746049443056293
197900 18.989069543879353
198000 17.14679822142756
198100 17.333656497487407
198200 16.217909771213428
198300 13.747608626213745
198400 17.961239840601685
198500 18.838209738650868
198600 16.095243176131365
198700 17.809776462501514
198800 17.256549234824973
198900 13.530692778506051
199000 16.820971078996678
199100 18.276334754085124
199200 13.777103802523204
199300 15.925858895546742
199400 16.77105382134998
199500 15.455830683325658
199600 16.598660025135715
199700 16.42100837579072
199800 17.152713082752577
199900 18.220747163681516
200000 14.310044334600292
