100 6.0850789075571825
200 7.647285305323892
300 4.239986628370255
400 3.35197006033899
500 4.6882936664822745
600 5.650888439561831
700 3.849995231892679
800 3.535799320872942
900 4.146309183868891
1000 4.947948846242545
1100 5.860877414443441
1200 6.910490968802854
1300 5.990434866976144
1400 6.333919703015176
1500 3.4138454894780526
1600 3.6015987723687592
1700 3.02794011965116
1800 2.031777648110342
1900 1.802452781147695
2000 2.466136884986064
2100 4.1870714263320705
2200 4.61936448583911
2300 5.080345553121243
2400 3.1554731478731073
2500 3.5209948569719445
2600 3.5913629676925254
2700 2.2759932419652955
2800 3.4798271870640116
2900 3.9359217820482373
3000 4.3818944045851165
3100 1.9338562925722222
3200 2.3283722609366007
3300 5.7294811321481145
3400 3.219171055056609
3500 3.220814933614275
3600 3.0854584207401596
3700 2.3241905210121114
3800 2.6056783133020747
3900 3.209767618296687
4000 4.6962934827674925
4100 5.677793312914798
4200 4.995803220399885
4300 4.163538128981556
4400 4.016679500455688
4500 2.260390238252241
4600 2.7172246709804995
4700 1.638249411404351
4800 2.4453082617174564
4900 4.838082731184777
5000 4.771303498343207
5100 2.8400894756158563
5200 2.6548143206123402
5300 2.8353156963854524
5400 3.718683205253775
5500 4.5429370491477385
5600 4.840316020948133
5700 5.581511058029751
5800 5.682504936241987
5900 4.3301556463386985
6000 4.221783464012874
6100 2.9973954655191544
6200 1.5503796521490825
6300 3.0952695682784874
6400 3.229819871164981
6500 2.4611698987426744
6600 3.104718941993053
6700 4.230891360586323
6800 3.345607551266486
6900 3.340275270658856
7000 3.814946704893994
7100 5.595838374141819
7200 3.6782396747565445
7300 4.139409741933802
7400 3.595402941826138
7500 2.9932330832144447
7600 4.884782767475841
7700 6.994174888217177
7800 3.2230061675502153
7900 2.7525611321585624
8000 3.459233282861468
8100 2.873221694399539
8200 3.9234052157919383
8300 5.390238109572484
8400 3.718823278802695
8500 4.8651973692706525
8600 5.250981661330324
8700 5.568047987670614
8800 4.83634082733227
8900 4.6443975304940475
9000 1.194717302028895
9100 2.2767075864259647
9200 3.466921365566682
9300 4.30467809226945
9400 4.060206363560331
9500 5.615802943513621
9600 4.800510547598323
9700 2.6149750358464354
9800 2.1890931691516697
9900 4.905441135095443
10000 3.55047653431797
10100 3.102680118293316
10200 5.884488399829667
10300 3.1129516615436095
10400 4.6089688983290165
10500 3.153134086711627
10600 3.51226709754698
10700 3.906743169563515
10800 4.446504275943627
10900 4.060466343888558
11000 3.2618912109127782
11100 2.281627068503402
11200 1.8927410079091254
11300 3.693516086922697
11400 2.965423463741865
11500 3.7250772205175733
11600 3.992922919226581
11700 2.7051321343415906
11800 3.5714088116147527
11900 3.303252871322993
12000 1.4406381127252597
12100 2.339833412377223
12200 2.401995665604666
12300 3.8953985578574395
12400 6.086113096151395
12500 5.582803672922744
12600 3.536883334224949
12700 1.156872816310485
12800 5.163353093542111
12900 2.8065985768618535
13000 1.4824656755363506
13100 0.3708583447368095
13200 2.742940570867813
13300 2.031828858850897
13400 4.088591645020837
13500 4.415526415129774
13600 4.65089415233221
13700 6.85650491101086
13800 3.761917095747194
13900 5.406538175889984
14000 4.927780415059153
14100 3.1573413993517
14200 3.84111576511636
14300 5.665481496365004
14400 6.949180626929624
14500 5.613581218960544
14600 5.544470213054953
14700 2.8646933352300064
14800 3.1690829548773816
14900 4.947185321034127
15000 3.988291639636904
15100 3.5251137226170597
15200 3.928667058761067
15300 3.880967831721765
15400 2.0090121491321424
15500 2.6340056324460854
15600 3.8230764770032053
15700 2.690782826543894
15800 2.75977706914888
15900 3.4792584584733866
16000 3.4510503658080327
16100 3.48198927348069
16200 2.6776299731042608
16300 4.193555519316899
16400 4.608112668750904
16500 4.102769869990092
16600 3.9370883573167403
16700 4.0223776617810225
16800 2.948721543306031
16900 5.9497631076288355
17000 6.389392726477184
17100 4.516720254727795
17200 3.62284265056594
17300 3.261731419771216
17400 4.468288642698241
17500 4.030476582055686
17600 4.5487750081100735
17700 4.4489580444508166
17800 2.2594551118227453
17900 2.995625011001633
18000 5.4841276737851565
18100 5.195465122016383
18200 5.150948875131253
18300 4.833623814094254
18400 1.7209126155655567
18500 5.049935517633394
18600 6.195535196284956
18700 6.29635036470876
18800 4.7363011665758235
18900 4.744962995287783
19000 5.216190603325703
19100 4.914608091494428
19200 1.0104212741488583
19300 2.3171799014591743
19400 2.2716833085473627
19500 2.9135986123735282
19600 3.980693822653744
19700 5.275215564438702
19800 4.3183249665576335
19900 3.8008714208884293
20000 1.1799019833335618
20100 1.9921828566265296
20200 5.26050179758348
20300 4.474681785606301
20400 5.496711914066593
20500 4.223033649888713
20600 4.019723367592517
20700 3.135278075508611
20800 2.0148090186172456
20900 3.5037449204432125
21000 2.182635791605977
21100 2.2727422420836803
21200 6.3506153008581725
21300 3.481077480979419
21400 3.5583454854508023
21500 4.831744701984208
21600 3.4050364723065516
21700 3.299072720990525
21800 2.070565109424826
21900 2.1776157838796837
22000 1.6451741675470801
22100 2.271480190186862
22200 3.4252736237920343
22300 4.905635891403126
22400 4.385616438321636
22500 4.49924309236541
22600 1.0277766342860952
22700 4.051933709300738
22800 3.4734461295773063
22900 4.0101860859725935
23000 2.238634507819668
23100 1.286324304300248
23200 1.3322247381489487
23300 3.8468729863886493
23400 4.178767930985683
23500 3.0165265598034927
23600 2.842664223921673
23700 1.5648672198780622
23800 2.5015413798845625
23900 3.972113463832793
24000 6.878122645082566
24100 8.31225931107948
24200 7.329152594321182
24300 6.766382829138391
24400 4.942294049086184
24500 4.369352180369893
24600 4.360539119568165
24700 2.5268212125190206
24800 3.549319502112949
24900 1.325081118470118
25000 1.7256817418482988
25100 2.089391720921762
25200 3.0194434869711664
25300 4.468979573708204
25400 4.13190967962744
25500 2.9866989953502348
25600 2.8671329995702464
25700 4.963297421842326
25800 3.972295990573243
25900 4.279831852775561
26000 3.4831595809158182
26100 3.484642989615464
26200 5.962973488263844
26300 4.304737545579479
26400 3.1827086525183184
26500 2.2296326281349956
26600 2.2485487163414777
26700 2.502865674696119
26800 2.7846476243981715
26900 -0.03690791378151903
27000 2.245774296170824
27100 3.5309482401788164
27200 3.1537203407866214
27300 3.8217800570510123
27400 4.564892886359811
27500 6.107437847768035
27600 6.433030518585626
27700 3.544210777090733
27800 2.9877712717509537
27900 4.226467201657154
28000 4.833386015231038
28100 3.03078915103188
28200 3.002109333906811
28300 3.937851915512462
28400 2.7914958421049496
28500 4.400030904581236
28600 5.818951715271333
28700 3.0828142959507883
28800 2.797726988694729
28900 4.062474463752656
29000 5.755464309304093
29100 5.97231689723452
29200 3.591342488827809
29300 4.621456343921251
29400 6.922703800017668
29500 6.199109215001863
29600 6.610427443761757
29700 3.1203873019742545
29800 2.5763715645438947
29900 4.431916104828519
30000 6.533616604187002
30100 6.155975847415797
30200 4.420019312743366
30300 4.589917317893028
30400 3.08783452865517
30500 4.4550276074960315
30600 3.275501043025345
30700 5.236539441787095
30800 5.611939605326539
30900 2.4819143103239187
31000 1.3251926293303908
31100 -0.2533213902463641
31200 3.249889242475726
31300 6.9938018729915115
31400 5.183909816683411
31500 3.1130110688214256
31600 3.8221089660435816
31700 5.299110850715193
31800 5.259525462860717
31900 5.1025609020044795
32000 3.253315850552621
32100 5.251146336511427
32200 4.2034681206038425
32300 4.668579730640812
32400 2.4325660056192135
32500 4.437566727767574
32600 3.624684871004032
32700 3.4241213539681254
32800 3.962138544090551
32900 3.66987651716817
33000 4.184607443508388
33100 3.7005317512118787
33200 3.960766319448336
33300 2.2617113311234642
33400 2.0091435746853854
33500 3.559226238287749
33600 4.17491096082562
33700 4.622674608074136
33800 4.476520038053757
33900 3.1890989777106795
34000 3.061379197445579
34100 3.5280901341192936
34200 4.666913427576281
34300 2.6017360485535335
34400 4.0972337426945105
34500 5.592745378937657
34600 4.438361928358684
34700 3.227014078134843
34800 3.13587766709028
34900 3.313748596520422
35000 2.105010755651877
35100 2.1727511952273604
35200 4.362356152553022
35300 3.0835116274082366
35400 2.3121968234193373
35500 5.360517711752728
35600 3.881780587876557
35700 3.1837109313847844
35800 2.6285984353760656
35900 6.475307960817072
36000 5.662810589529512
36100 5.86702771390954
36200 6.896501908705453
36300 5.79091152987105
36400 6.1613081112316666
36500 4.917775562430557
36600 2.401620392479837
36700 2.53857009674786
36800 3.9836339092591704
36900 3.738025630262183
37000 3.8805219157005837
37100 3.821756016111032
37200 2.200066024847745
37300 0.7990847568185493
37400 2.866562564960959
37500 4.466331914295089
37600 5.2872445711344565
37700 5.1503745961507
37800 5.875708592402929
37900 4.716745206963718
38000 4.366542248058885
38100 2.20476362878935
38200 1.8441634690914122
38300 3.3625652972595144
38400 3.8913507307471105
38500 3.529565817225254
38600 2.1968191691507584
38700 4.619287439560295
38800 5.744365150327129
38900 3.344486459707445
39000 2.5988976669929933
39100 3.2185449288476353
39200 4.8034591092509045
39300 2.5922171480540714
