100 10.074611531156652
200 10.347991183382248
300 8.377653512651106
400 8.207897582765625
500 12.612543743545112
600 11.312254229907381
700 11.047305738604859
800 10.408104820146606
900 10.768733807429566
1000 13.895688704084789
1100 10.844967992814402
1200 8.124314798052458
1300 12.894717182379747
1400 10.361108852038623
1500 10.938461877451394
1600 7.3300500734217815
1700 9.853697350720301
1800 10.456566438561623
1900 10.599808578117367
2000 13.744308441060726
2100 12.017282711123565
2200 13.342276165687958
2300 10.09910544893385
2400 12.755904973199343
2500 9.257373114644325
2600 14.024924587696136
2700 9.300533939726822
2800 14.53975115373282
2900 11.823335580504576
3000 10.91197070005182
3100 16.700052492395397
3200 12.525048811709105
3300 8.209902856136901
3400 13.828741917633849
3500 10.789642971627515
3600 11.663691816407896
3700 10.851684203034251
3800 14.968901136228173
3900 12.274355125798456
4000 11.844974300014805
4100 8.432937170046511
4200 11.932314781344822
4300 11.856848636309952
4400 9.911678194655773
4500 13.69883624725746
4600 11.131295701326458
4700 11.519224759784606
4800 8.209406563370106
4900 12.958390953054156
5000 10.353924023297859
5100 13.807398530453
5200 10.842801558428791
5300 14.54113627416221
5400 12.371295966795298
5500 9.378163095902387
5600 10.327987374927666
5700 8.208557164710712
5800 13.078894971444441
5900 13.296202029084167
6000 13.829159775975375
6100 11.435085136322034
6200 13.105138591722245
6300 12.663180917857595
6400 13.270426423569393
6500 14.592004950390537
6600 12.270965761784137
6700 14.319973413742453
6800 13.084088894200523
6900 11.324346166724878
7000 7.153515743132953
7100 10.357459557865702
7200 8.612849000800427
7300 5.98728631433519
7400 15.07135029580774
7500 14.350629623562138
7600 12.47078063494365
7700 12.047704123446675
7800 8.58387879486775
7900 11.731537382658107
8000 11.921904890807847
8100 8.864436275780305
8200 14.199962031863421
8300 11.59230115244098
8400 13.874823232810607
8500 17.268475652954912
8600 9.73693715083754
8700 14.734867122583362
8800 14.242121729545655
8900 10.925479535151002
9000 10.898096166273596
9100 13.138551718058784
9200 13.501104005165434
9300 11.179560703666438
9400 10.866537886582709
9500 8.605581755659992
9600 14.337433652974585
9700 10.195295765754313
9800 12.1592494183255
9900 12.609966317849873
10000 11.496148833431178
10100 9.407132534016958
10200 13.583342240071428
10300 13.181887245129182
10400 9.427951832235035
10500 6.72392637162122
10600 14.033093480977954
10700 12.805069724931812
10800 12.706315714003754
10900 13.219443850897335
11000 12.742475298489186
11100 8.113966558623776
11200 12.1057733981064
11300 8.864661437369636
11400 13.359650334583163
11500 12.98345194409309
11600 15.803626552204896
11700 11.828970182532139
11800 9.033792930176276
11900 10.221853701458146
12000 11.000351215447656
12100 13.256093482705095
12200 10.464935449236757
12300 10.382668640875877
12400 11.41834811862672
12500 10.16875993438939
12600 12.122067374128818
12700 11.150791915254517
12800 10.726488069565919
12900 10.80077115699436
13000 12.630925185737796
13100 15.90566802479524
13200 14.690137822536604
13300 11.973530992103447
13400 12.571256635727826
13500 11.017193079551973
13600 14.681872479117564
13700 10.674965356342945
13800 11.756419767829792
13900 11.48533158916106
14000 10.618302540959577
14100 12.882453836721043
14200 12.060165799185873
14300 15.368924880427004
14400 7.409052237161902
14500 8.32437533547756
14600 12.449151295362858
14700 10.303517099646108
14800 12.017919950048885
14900 13.826638601427128
15000 15.101414225328838
15100 12.623114149667265
15200 13.170926160919029
15300 6.208363799669039
15400 11.709751960502928
15500 10.366036296057288
15600 13.080767670739707
15700 13.078235204135492
15800 9.307588073694763
15900 8.014984783561868
16000 8.70456884864588
16100 7.54770438176349
16200 8.366143422965749
16300 8.816178717922446
16400 12.674419835645068
16500 16.50409002833638
16600 13.991545654307608
16700 14.19092484879337
16800 9.472894162961543
16900 9.940203020611719
17000 12.514687444114713
17100 13.181950158295418
17200 10.724058599301959
17300 15.587592922831652
17400 13.891127425308083
17500 12.914497319226493
17600 12.741182556316842
17700 7.719420102707479
17800 9.062970568915173
17900 13.148818735287543
18000 11.352127347215255
18100 11.184741237942783
18200 11.026666341566576
18300 11.287673282713618
18400 15.079250376546646
18500 11.437035697137029
18600 15.370336079075908
18700 6.976001544139129
18800 11.047497531933095
18900 12.15462217827807
19000 13.240460483811685
19100 15.17176748987991
19200 13.315005334149877
19300 12.430995596987227
19400 13.303224951491718
19500 11.79168065524511
19600 9.697860752724615
19700 9.632848721309719
19800 8.168217241919226
19900 12.795572562830088
20000 15.12199073029807
20100 13.078818887627097
20200 8.74612193555029
20300 11.753402957123917
20400 11.22321583205139
20500 8.883967864626788
20600 11.340216324385295
20700 11.639580981393822
20800 13.80819014563387
20900 12.27475674724446
21000 11.549057700198789
21100 8.374073724680644
21200 10.296218814195818
21300 13.372284967461724
21400 14.897691785316916
21500 11.09145088588747
21600 13.085199229160814
21700 8.841042691091014
21800 6.312380941055771
21900 12.479573517323935
22000 12.16844058362029
22100 9.486347244586915
22200 14.152081159567166
22300 9.520604766174902
22400 12.733315860471926
22500 12.279305502387498
22600 13.214645291072879
22700 11.452322533215108
22800 13.280147789023985
22900 13.713987737371182
23000 9.719144522612785
23100 12.19193824291397
23200 15.50850758557016
23300 13.419100387495588
23400 12.255533105118861
23500 10.89600461029583
23600 11.706066964515836
23700 13.26107036717386
23800 13.110620958055739
23900 8.051254158514995
24000 12.564319038012885
24100 14.253097615836047
24200 9.074092742427919
24300 11.643780338405742
24400 12.47308735401146
24500 11.156499023770936
24600 10.557329266598753
24700 12.13835640079083
24800 6.273751531580757
24900 12.702905802216433
25000 14.919353112518797
25100 11.416753403694907
25200 13.478459252316489
25300 15.092168565333065
25400 11.14935454252682
25500 12.935939705506868
25600 12.071892622212806
25700 14.084084557699589
25800 11.922543279245152
25900 11.892355593281309
26000 11.357015254360007
26100 11.566872738793627
26200 10.041530573677358
26300 10.526673922486234
26400 13.758993904499075
26500 12.135072594730381
26600 9.879087729258616
26700 10.20614836176469
26800 11.740125791564841
26900 12.40709569573338
27000 8.770679804109044
27100 11.721357830023376
27200 10.42676114795154
27300 13.502573856520138
27400 11.111706094915471
27500 12.671769721651803
27600 13.157281101517166
27700 15.053868672826253
27800 13.217226697149885
27900 10.97104637968045
28000 13.003389066417762
28100 12.348985509215593
28200 11.079555700038627
28300 10.456918435801686
28400 12.233796360614862
28500 13.72494732799698
28600 11.430331600685074
28700 8.217310438241716
28800 10.15909482967334
28900 10.794041748588711
29000 10.204068249360695
29100 11.220743625023887
29200 11.585392224422048
29300 10.057216277501363
29400 11.550531617257194
29500 11.067983797486722
29600 8.933351290940259
29700 15.855099320830385
29800 12.835045120098082
29900 9.861878641388378
30000 13.510352691837621
30100 12.00447411729616
30200 11.34972059085024
30300 16.1643554104413
30400 13.589880866259714
30500 11.233347678134168
30600 12.474645851983007
30700 10.01436904716952
30800 10.193715878058688
30900 10.518365065309196
31000 8.225344376087358
31100 7.910311434555179
31200 9.037870834965643
31300 14.297547016844339
31400 11.30010115717759
31500 11.536936323990277
31600 7.644015368287126
31700 15.268335732633147
31800 14.227270066914189
31900 10.21704406938306
32000 11.200282560834221
32100 11.64364379969196
32200 8.590514270799577
32300 7.310120092141339
32400 11.72741585445489
32500 14.037342663330849
32600 11.37042920424139
32700 12.19079297878575
32800 11.578661794013588
32900 11.125803455920884
33000 11.738789326809934
33100 15.204119919549369
33200 12.115474611955467
33300 9.654407908999477
33400 7.900726021766589
33500 15.386249374145295
33600 11.184948846217315
33700 13.409118092525496
33800 14.168605694131548
33900 11.080120364072402
34000 14.630291697146871
34100 10.368598857217965
34200 14.54524435863182
34300 8.516258573114957
34400 11.661672894221956
34500 12.639423805186373
34600 16.483406469362894
34700 13.43915758815483
34800 14.676951928472434
34900 10.640457653621873
35000 15.209363144404925
35100 12.821992932846996
35200 10.604281770434671
35300 8.880096269719322
35400 12.2533265018103
35500 14.250370928703232
35600 8.041338434062524
35700 8.775997764329345
35800 12.560113179819075
35900 12.048847196891439
36000 8.606489122732247
36100 12.23173910390217
36200 14.80490262450459
36300 14.96292221080573
36400 14.377721185086548
36500 13.045651119322267
36600 10.117674830135641
36700 13.53608868762022
36800 13.579805300789848
36900 9.112994092080013
37000 12.799618647230451
37100 14.559308200050493
37200 10.609206251879677
37300 10.621015851784348
37400 8.999476192423396
37500 14.029234648099791
37600 8.710202125064743
37700 14.727002191184019
37800 12.069129680667446
37900 9.498907659023914
38000 11.1563984123008
38100 13.483604265228932
38200 11.309955763859056
38300 14.160345398312138
38400 16.351369352882813
38500 14.17426568078133
38600 10.991320809559403
38700 11.102357465962879
38800 13.269911634844814
38900 11.253437313365426
39000 10.900513549721351
39100 6.994900456412911
39200 7.648812261131939
39300 9.492264125773707
39400 10.619189696684058
39500 9.503337382890455
39600 15.538926476193888
39700 11.253866021127248
39800 13.772118046121049
39900 14.675303617902898
40000 13.114084600303752
40100 11.027724006350692
40200 10.804441367476281
40300 10.580124325410974
40400 11.979105259075773
40500 12.252223957017756
40600 13.44097755913029
40700 9.27810411462813
40800 6.12543791134406
40900 15.50445175202212
41000 9.454164775516343
41100 12.231450748304006
41200 10.72663535679221
41300 10.520587359831943
41400 13.69169541056763
41500 8.95666582093615
41600 11.49934386182024
41700 12.348740111837824
41800 7.120716909777303
41900 9.768007473915844
42000 12.051645996471485
42100 10.252133365987316
42200 11.755643746728559
42300 15.072152819276187
42400 12.501155323219386
42500 12.103170142076046
42600 12.063974232431587
42700 10.979598058999091
42800 12.0570934564858
42900 11.479402830252242
43000 13.9524031228641
43100 13.741935173792339
43200 11.866156568364989
43300 11.03493273805177
43400 12.946087013210539
43500 16.022304400630187
43600 12.505778302359944
43700 12.480577042343723
43800 12.390749758514163
43900 10.91101489995526
44000 8.057216400900742
44100 12.544671560273637
44200 12.732355312810542
44300 15.176456153063722
44400 11.041806322585833
44500 13.542184692012949
44600 13.065532244243554
44700 11.979617370783542
44800 15.02420910297909
44900 13.046802758599648
45000 9.157014830713921
45100 11.621225230456014
45200 9.946570999126475
45300 9.272296677677124
45400 9.849912722347336
45500 13.929980797475492
45600 14.428558726192907
45700 13.564872768599308
45800 13.235611438386297
45900 14.797347227522783
46000 9.517388954926897
46100 14.332123788407827
46200 12.74727192530875
46300 12.535172866348066
46400 12.376763158832494
46500 7.678265268268899
46600 14.679777834967666
46700 9.340780308710869
46800 12.217172660198075
46900 7.55331226975891
47000 15.70005607665992
47100 12.320042220461648
47200 8.675156548462322
47300 12.6309809361377
47400 15.775775964955173
47500 12.64301419239542
47600 7.753733706842722
47700 9.892187790602913
47800 8.659073611000784
47900 11.95101827134515
48000 8.388153804835682
48100 11.046698028448336
48200 8.476938268044426
48300 12.85045964324654
48400 10.839432977926975
48500 11.735750192335475
48600 11.44715718291651
48700 14.566348504663582
48800 12.94651118015919
48900 9.520331330159596
49000 12.760365958386307
49100 15.341764526761454
49200 15.290469782513926
49300 12.704413110584055
49400 11.02385568026839
49500 13.739144704713599
49600 9.980710571850572
49700 16.769868260952595
49800 15.363107330559513
49900 10.058849107011506
50000 13.02807365399061
50100 8.094738378614657
50200 13.058418650931158
50300 13.135712037111553
50400 12.455824916404216
50500 11.02123108976553
50600 11.54717155834924
50700 11.57806348028375
50800 9.580623687649943
50900 11.850077363810612
51000 12.94575092029147
51100 15.208760850716757
51200 9.188829669504178
51300 10.229193717412272
51400 11.66546728819627
51500 10.299372141471064
51600 10.746100278885235
51700 10.865141185023678
51800 10.853560542408411
51900 10.950873940700559
52000 11.969466943343482
52100 13.049100176379905
52200 9.824730381669708
52300 10.866245632753232
52400 14.024215360841918
52500 11.82878267161314
52600 12.725497958964054
52700 11.36552554743688
52800 8.853456925926535
52900 10.755641386891599
53000 11.109769427929963
53100 8.902729116743863
53200 14.043264366050812
53300 8.934999696621986
53400 12.345751048401537
53500 10.799423494012068
53600 11.277410635729488
53700 10.916099248865518
53800 9.5589123503179
53900 13.096211706502531
54000 7.823700427072176
54100 12.79556961521119
54200 12.563343005547361
54300 11.379307606221193
54400 11.370072551078982
54500 11.040661637448341
54600 12.330218892972331
54700 16.444436484332357
54800 12.218788753286015
54900 11.022657446158947
55000 12.936245412336625
55100 12.318555211369814
55200 11.79577874213259
55300 13.392035719610261
55400 6.63369387040784
55500 10.28337654556828
55600 13.701026371536281
55700 9.32370857557142
55800 9.682425173587546
55900 10.397321492601723
56000 10.272661878136605
56100 10.934514740449346
56200 14.614207428348951
56300 9.882896928656253
56400 12.965667897007533
56500 9.925984804124617
56600 8.930730429209719
56700 12.214714447002974
56800 16.10376792409731
56900 11.906144207662777
57000 13.821686731130818
57100 8.855425066302775
57200 10.643143046140699
57300 16.13044541608718
57400 8.27247045963456
57500 16.1002431365591
57600 11.011302783762092
57700 12.193315879655744
57800 10.65659166028043
57900 10.881575893257132
58000 10.595392967016755
58100 13.27386627071005
58200 10.76269568846231
58300 13.861227206970993
58400 14.209240853324067
58500 11.554465548879666
58600 11.887586760635397
58700 14.12016674740327
58800 11.971909086533646
58900 12.074044823270123
59000 16.63436092745948
59100 12.226907910368734
59200 12.107182348762839
59300 9.353124327747956
59400 13.49215823964572
59500 11.00337653156164
59600 11.575903191547988
59700 14.67251394823253
59800 14.210739924314941
59900 12.12965506638939
60000 13.57958763721805
60100 10.712776987374424
60200 11.5990336621128
60300 11.944851091923226
60400 10.894266238632689
60500 8.916121116536724
60600 13.556942012595382
60700 13.514432530165987
60800 9.911670922622413
60900 5.795577439463482
61000 8.355842494175162
61100 13.186099348166746
61200 12.699602098712088
61300 11.499852614345832
61400 13.029279630939941
61500 9.326955914931064
61600 8.015566090109747
61700 6.8432528897080065
61800 5.25149483032914
61900 11.864572428135636
62000 9.57398069796162
62100 15.577195044490809
62200 12.245387532078682
62300 13.937893618715458
62400 14.963811208784955
62500 13.070221762547018
62600 12.615500800389116
62700 9.813074664949257
62800 8.963259203284165
62900 8.936970948390137
63000 11.457027909837903
63100 11.491655928149797
63200 7.7097775848321
63300 10.120803949740731
63400 10.413139497024035
63500 10.860490433156421
63600 11.404927123945948
63700 7.0264564966007335
63800 14.54465704303651
63900 10.050513634194415
64000 9.713800542801547
64100 11.733364956639786
64200 10.123547419010881
64300 11.724375197659919
64400 12.737069480190943
64500 9.593248552550305
64600 7.753567880260253
64700 12.691252735219267
64800 12.457107505335394
64900 8.33533965617083
65000 9.962299694421127
65100 11.10642329262574
65200 9.923113330443226
65300 14.33911825213803
65400 10.295073280547502
65500 12.640724253665185
65600 9.451298310632042
65700 13.729156273608648
65800 12.278744088992937
65900 9.605571129252805
66000 10.314454022699595
66100 11.628284038245107
66200 8.529602950988577
66300 9.942248801990727
66400 8.456292009767342
66500 12.398847979082648
66600 10.575409337302078
66700 10.104648145885747
66800 11.599276926818899
66900 11.662446680003466
67000 13.74090239537613
67100 15.419379523284796
67200 13.835732581590804
67300 12.20968041235783
67400 13.27266226506625
67500 11.27686446309053
67600 11.19495758577432
67700 13.732237210261838
67800 15.834666273689582
67900 12.305396301068734
68000 13.997857342018344
68100 13.644886112990534
68200 12.449818693621017
68300 11.447153865877677
68400 10.13765221470269
68500 9.740647002474265
68600 11.719117169823821
68700 7.282811197460046
68800 15.791218939705358
68900 8.906153854291093
69000 14.81709935545904
69100 16.78179309632387
69200 12.87074759164052
69300 13.59581792668685
69400 10.034713359495287
69500 11.345752095766185
69600 9.972702010187461
69700 11.511175090517835
69800 7.545166951313494
69900 11.430442737858886
70000 10.354517293225886
70100 9.577703073063384
70200 7.647119519290232
70300 9.296983171296839
70400 13.72698254508301
70500 10.52270660356311
70600 10.16564056451512
70700 13.071696921092213
70800 10.735430117109232
70900 10.792123353012833
71000 7.846406455918338
71100 3.752572126083078
71200 8.387183181524037
71300 12.482010827218266
71400 11.738735431471383
71500 10.381994377342364
71600 8.42748030005132
71700 13.633239820974818
71800 12.082375747238983
71900 14.266620140293155
72000 12.88899863242695
72100 11.396572459674205
72200 10.677374999243897
72300 13.200036155618204
72400 9.107520045306993
72500 10.300298590934121
72600 12.386722630198483
72700 13.864382143416684
72800 10.681559490199884
72900 9.001558784568022
73000 9.396481332644866
73100 13.156315555829392
73200 14.265432235447228
73300 13.033582191812707
73400 9.250987863002369
73500 11.152144646668937
73600 7.101399589179427
73700 10.09538844164039
73800 8.466161351914874
73900 9.155648606906942
74000 9.98992987262296
74100 11.672212786886202
74200 12.17615948234943
74300 7.719166223174584
74400 10.808502330663599
74500 9.789053389209466
74600 8.885335614587222
74700 9.772859969204815
74800 11.687862854086967
74900 12.37389541281384
75000 9.992215612721322
75100 12.08536680815282
75200 8.293950091939845
75300 12.109812272374445
75400 13.306044516143327
75500 10.273113024003388
75600 11.415979170823974
75700 12.885955173870087
75800 10.100717366434331
75900 12.126606947015096
76000 15.83385808943411
76100 13.9699371183492
76200 13.072123578900783
76300 7.055760892913451
76400 11.466213107363776
76500 8.970153810970192
76600 10.031784779582898
76700 11.306155548703458
76800 10.856551108997014
76900 10.825465690366025
77000 12.745252216759628
77100 8.982803143021131
77200 13.676631164487894
77300 15.1310214874973
77400 15.96290828262331
77500 14.871508557124312
77600 11.790521620126569
77700 8.823469659914073
77800 8.777929621516106
77900 11.74043713980299
78000 6.429173992805669
78100 11.868237671442724
78200 16.06519213909086
78300 12.491445802000218
78400 9.499435908008522
78500 13.232879896460629
78600 13.919697148045318
78700 12.356019708450168
78800 12.668938751443916
78900 15.061382904680372
79000 9.577709958265226
79100 11.73959949515662
79200 10.61859110758257
79300 12.112711279345735
79400 12.269504756149768
79500 13.649368037005782
79600 9.701009495381573
79700 13.199803813776752
79800 13.247119388504423
79900 11.622824436774442
80000 13.301140924018554
80100 10.15339057792557
80200 9.680346748180872
80300 10.33278366816174
80400 14.520180763549925
80500 10.858145296293191
80600 10.963891901778307
80700 12.699539252388174
80800 10.953998636312104
80900 12.251238967913313
81000 10.779687932309695
81100 9.779239191633812
81200 15.915911104158932
81300 12.721869026213948
81400 14.566994982251616
81500 10.180304367221238
81600 15.487359515819618
81700 13.698262816375218
81800 9.526431241506335
81900 14.291854516142966
82000 12.841409729213142
82100 12.23829090720074
82200 10.63946207323001
82300 11.744013364023
82400 12.233972434798865
82500 12.313806743362711
82600 13.464803839328683
82700 12.549995136824956
82800 9.725982246884808
82900 8.540928813422394
83000 12.411364399902263
83100 7.536290905268415
83200 8.60280901204047
83300 9.041328559891477
83400 13.433110987953986
83500 12.246404924909418
83600 9.332015571663517
83700 11.783200511932082
83800 11.715606968195106
83900 8.822320380344285
84000 6.688838832718868
84100 14.236804531254112
84200 13.719889315887988
84300 14.652811505533435
84400 13.918244060619653
84500 12.764774591008296
84600 15.168446956384452
84700 11.592880318954915
84800 10.70755599691659
84900 13.562913802700114
85000 12.505880503388902
85100 12.510435991320517
85200 10.779945508397564
85300 12.52934079946791
85400 11.574166093877261
85500 16.709814472769484
85600 13.111788657403693
85700 5.2852804798116635
85800 10.153366488342225
85900 13.556281609564886
86000 9.43743126688527
86100 12.104796992492131
86200 12.948638741271553
86300 7.792244715621247
86400 11.53492360141329
86500 11.573929270677395
86600 12.836800979165638
86700 10.015370445452879
86800 11.064398905258397
86900 12.417688991281691
87000 7.231010029937663
87100 12.961723695432738
87200 11.055573308296122
87300 9.084985269947936
87400 10.530257194726351
87500 15.836113755344586
87600 11.626541329616012
87700 13.642974939572825
87800 13.273949647020101
87900 15.591088156312791
88000 13.933055376412899
88100 14.484301937996813
88200 10.450200567150677
88300 15.476506467926908
88400 15.408260926964386
88500 10.34158693261128
88600 8.58401430508167
88700 10.541084718641015
88800 9.317817696595077
88900 12.384812232822503
89000 10.976016539409251
89100 11.952826337279776
89200 11.57863496368275
89300 9.156900042923347
89400 8.810349159834965
89500 9.902564521979864
89600 14.618742123089934
89700 13.616291149749307
89800 10.858704935506259
89900 9.08756711611143
90000 8.335574693278735
90100 11.133747756768893
90200 13.147023256233112
90300 13.838864551630392
90400 13.31311635763421
90500 15.976965485143044
90600 12.232868389297709
90700 13.957859975334534
90800 11.95084994054995
90900 8.147298752290826
91000 11.209117594628935
91100 13.45657172759528
91200 11.004697233280895
91300 11.134203202613715
91400 9.221925560752808
91500 8.529003086683236
91600 11.551726439353047
91700 13.449979468470172
91800 8.19173988745384
91900 10.35963580858937
92000 6.432705173505669
92100 12.449754898613264
92200 9.21027756379381
92300 13.209760831096176
92400 10.621946610966388
92500 10.544275301627858
92600 8.281656990244157
92700 11.235844061547644
92800 10.697284897695086
92900 13.043122737528979
93000 10.590821814356488
93100 12.075585062271202
93200 13.988233061962507
93300 10.665248596153752
93400 5.4321656047806
93500 11.91228737215955
93600 6.44145627460449
93700 10.090010248566784
93800 9.470650257306838
93900 13.049897286882846
94000 8.687221855519065
94100 9.63975898499713
94200 12.161389866274426
94300 14.43414241952372
94400 14.052141829694254
94500 12.677318488667968
94600 14.392754934932796
94700 12.858645047626947
94800 13.6768719085104
94900 8.466847846988905
95000 12.855095009504396
95100 12.083649241904629
95200 11.078712080925506
95300 11.18515046993198
95400 12.608320520149611
95500 10.051204297851623
95600 13.816221623793142
95700 11.035684540949987
95800 10.99930522359684
95900 13.516409472230128
96000 9.60215680621192
96100 11.611750704585281
96200 7.548947673990931
96300 7.990510007866682
96400 9.08208605356987
96500 10.398452896303377
96600 8.556466022934526
96700 11.229704053123235
96800 13.29578000707241
96900 12.028025251406419
97000 13.033665399907008
97100 7.74866662939923
97200 8.41976814632653
97300 12.414266716350776
97400 12.526552569804021
97500 12.621953358315452
97600 11.754588083897591
97700 8.600749312222181
97800 12.679835593186574
97900 10.534283132735158
98000 11.162301301910968
98100 10.55061237123691
98200 13.464931837322823
98300 15.095976388942313
98400 12.270793111249136
98500 13.963342509833515
98600 11.123811440043397
98700 10.819731891503801
98800 11.058122268126384
98900 10.621783649063012
99000 8.283400202841221
99100 10.689150914078246
99200 10.465405593209677
99300 5.174534402805288
99400 13.452421071870498
99500 11.682509666991455
99600 10.68021110361056
99700 10.264242493841257
99800 8.91137334652024
99900 11.820381013240118
100000 17.052628969893618
100100 12.00706721736174
100200 10.51903625364908
100300 13.500642911276419
100400 7.415766879759243
100500 12.07419215401416
100600 13.609567963685624
100700 11.93904953774207
100800 11.518058757623923
100900 11.518959125876982
101000 14.580161619527376
101100 14.540143372032015
101200 10.062127674094487
101300 11.788305424318496
101400 11.498906325268461
101500 10.59803633867397
101600 9.675775235193184
101700 9.802739545208128
101800 11.709161118456281
101900 9.835333026548446
102000 9.107628527362412
102100 12.314418143710421
102200 9.997518073232227
102300 10.49675975112433
102400 11.122896633649322
102500 13.686222937677046
102600 11.61351528052709
102700 11.014098246182732
102800 11.478914597946893
102900 14.07612934421808
103000 12.314228899074633
103100 12.984360312570564
103200 9.309482913107933
103300 11.26102507196052
103400 14.025317401850497
103500 13.056988257918979
103600 8.16042568162923
103700 8.541122303509104
103800 8.422282087463634
103900 13.062500901472175
104000 16.28439509280833
104100 14.791877391585217
104200 11.62606926454436
104300 14.448289823607471
104400 12.718362691519433
104500 11.477491584810803
104600 10.930524875259305
104700 15.292286007978342
104800 12.301897809361844
104900 5.985691134135409
105000 9.570453068970112
105100 11.55180691875095
105200 11.087928531717864
105300 7.933366520514225
105400 11.895797207329815
105500 10.080888436437407
105600 13.574740004995618
105700 12.439728628627076
105800 8.606681355592162
105900 10.65305995662207
106000 12.47905066748669
106100 7.098582725889967
106200 14.758887966424876
106300 10.059545241335895
106400 10.337001570776726
106500 13.248215676368346
106600 12.40043030946465
106700 4.847897570542033
106800 6.684808582865096
106900 11.71314358611902
107000 11.207522136608194
107100 12.397545371811283
107200 13.677478495418214
107300 12.376029824468285
107400 11.270739919165747
107500 8.618090160958953
107600 11.071558349646883
107700 8.536555720817198
107800 11.387133961230962
107900 8.160127010998165
108000 9.95437545711707
108100 12.41781873090972
108200 15.17627506181356
108300 11.491998307905611
108400 13.137589556311987
108500 11.988711497159764
108600 14.061580215112434
108700 13.265562583427062
108800 12.614561577397982
108900 13.581121911931639
109000 9.257376053365455
109100 11.365844889037936
109200 4.461821599314161
109300 9.808846829183768
109400 7.411679379891653
109500 13.42577767500175
109600 7.717096520696284
109700 9.085767911863636
109800 8.919430855165269
109900 7.91910685444639
110000 11.38821989513682
110100 12.329914762581975
110200 8.215051154656612
110300 11.93064772126067
110400 10.393156974828369
110500 8.274088151253885
110600 10.742641598544248
110700 9.237728366535364
110800 10.49723234856829
110900 4.730063624424919
111000 12.67574584569951
111100 10.18149141022133
111200 12.300674749945035
111300 13.753792711833457
111400 11.583096065715756
111500 14.670776709847159
111600 14.341256532210444
111700 13.486949300816475
111800 12.24005215836025
111900 8.503959026096972
112000 11.143849383231823
112100 15.523817564405826
112200 10.584710082270918
112300 7.825229852263194
112400 7.501939684684296
112500 9.842699578623474
112600 8.17852967375681
112700 5.9420938057829895
112800 14.117420864243474
112900 12.372937590084632
113000 10.1434184812392
113100 11.087193773686865
113200 10.267998738227124
113300 10.725637417161066
113400 13.450945909855138
113500 13.104150721141492
113600 9.918033558900909
113700 11.053468817847206
113800 5.766685359384921
113900 8.276898386024028
114000 14.865728658646416
114100 8.9515392319437
114200 9.821693424076136
114300 8.011755160874515
114400 12.658593306754492
114500 14.464179244849303
114600 7.638834672692429
114700 6.237920409609773
114800 14.08120424588707
114900 10.139741956022778
115000 6.031119378957168
115100 10.97250073366081
115200 13.435412710031553
115300 15.100955000779075
115400 11.201082141109245
115500 14.744048751346485
115600 12.52209602614769
115700 13.013500906643966
115800 11.103592419605496
115900 13.684331873319218
116000 10.830108174256038
116100 8.09650311365477
116200 12.141896250740189
116300 10.955631861723747
116400 10.620684265857108
116500 13.514102273233606
116600 8.709125261682871
116700 10.844555069014744
116800 12.222655767055324
116900 12.754403105539302
117000 14.654176575302046
117100 13.930337040435353
117200 11.61574065695257
117300 12.002348732593724
117400 7.218689541070061
117500 10.968879344496646
117600 9.750388954380917
117700 10.58958557419798
117800 9.735327308748657
117900 13.977609183195371
118000 8.337582157352033
118100 5.541103470020696
118200 10.732784702047278
118300 8.244549207341564
118400 8.362851078898704
118500 13.098191848305516
118600 8.768009651548617
118700 11.84807883646283
118800 12.161086251279139
118900 11.685339910317687
119000 13.420384406029203
119100 10.552806075050935
119200 14.63287191294897
119300 10.201476063761106
119400 13.120114870007784
119500 8.996165167302866
119600 13.201712866817488
119700 15.529773590549066
119800 14.004113918667239
119900 9.143450484386463
120000 5.1782078318018145
120100 7.292603150062507
120200 6.538125663312029
120300 7.556738202642569
120400 8.121559170276194
120500 7.579931231860323
120600 3.4612812023124717
120700 5.718361146452611
120800 14.85547114673885
120900 10.0677473594097
121000 9.31851628423309
121100 10.555368129104531
121200 9.853704788130129
121300 10.36381468938051
121400 11.344651321940715
121500 12.28920420298542
121600 9.827311127051168
121700 8.63516791034824
121800 7.7651708848747365
121900 6.629495268821071
122000 3.3003367201210994
122100 10.620245159777033
122200 11.986514002110242
122300 9.27059591162181
122400 6.386976917171477
122500 9.849332370284133
122600 15.338109851799057
122700 9.910184800470455
122800 11.347802961175057
122900 11.333877254297189
123000 11.696341113160697
123100 8.19408726450123
123200 7.392574477283136
123300 8.598791768436966
123400 8.50020609615007
123500 11.861864637732216
123600 9.869398809677406
123700 10.289207034227958
123800 12.08334416989762
123900 12.283049891147868
124000 8.848365714622537
124100 12.919112775829767
124200 11.58012516540332
124300 7.4586136672849745
124400 10.883286305056167
124500 10.722664900559291
124600 10.72797338211451
124700 7.089875864896015
124800 9.191087375061638
124900 7.990085153574998
125000 12.870613538511595
125100 11.410304150837856
125200 13.70337044083214
125300 13.573478155164127
125400 13.240031384659499
125500 11.856041613087777
125600 7.972162174030913
125700 12.458063221898641
125800 9.631922400599485
125900 12.086660958600397
126000 12.64968411942726
126100 9.784926931662811
126200 15.03468331216875
126300 11.091380133365332
126400 10.942719446480254
126500 10.825430737976413
126600 10.274230354040869
126700 13.17595009925693
126800 9.099807490419844
126900 11.781252105595964
127000 12.915475193682044
127100 11.636008677897228
127200 9.249275384083113
127300 9.468583418151342
127400 12.100220771086798
127500 13.654088548629982
127600 9.841398145153812
127700 14.232674044815754
127800 7.7829920022580765
127900 10.07223810774404
128000 11.95285763171801
128100 11.150529973252011
128200 15.613542378858968
128300 11.712337931248717
128400 5.776580777952724
128500 12.957654792944606
128600 10.51012913294143
128700 13.034263957880878
128800 13.477046103833167
128900 12.877625896935411
129000 7.381408757196148
129100 10.377310684626899
129200 5.1621844008801325
129300 11.43920031569919
129400 11.894055904798464
129500 6.726351501179336
129600 13.742057071859255
129700 12.143595766045035
129800 11.674220089024551
129900 8.309116503205118
130000 11.589849594819757
130100 10.254936752429526
130200 9.4225068723855
130300 12.899358654600524
130400 9.567643928909499
130500 11.76677423458495
130600 9.503093049343777
130700 8.228546345723126
130800 9.636049627006066
130900 8.832753038482023
131000 12.36470536302527
131100 9.144323841013907
131200 12.493595870079263
131300 8.084769799789012
131400 11.779593589995896
131500 14.415530922150701
131600 10.539491729966354
131700 12.357461922713409
131800 6.816974526881497
131900 12.836906587685673
132000 7.273090725824902
132100 10.94952020909225
132200 10.935760668352712
132300 11.162041097651707
132400 10.37306447101607
132500 10.415496029781293
132600 7.652634990067962
132700 5.877730588346791
132800 12.465182593451292
132900 5.085829974164005
133000 8.728542199368455
133100 11.299396383078566
133200 11.256167754275305
133300 7.384125399984233
133400 6.876228349678522
133500 6.677101842346021
133600 13.239388907902603
133700 14.391924772975088
133800 10.621776363504054
133900 9.66973728151739
134000 8.122776739869533
134100 11.899344894189987
134200 8.523169254890323
134300 3.081956940444576
134400 5.788517069617224
134500 11.434965305774927
134600 9.144807262190811
134700 10.780638300513635
134800 9.267924534050236
134900 8.754150615499062
135000 9.251523253159935
135100 11.748555352475213
135200 3.927241083286591
135300 8.934611755491822
135400 3.0584144175503587
135500 6.703416380773771
135600 10.099291769646713
135700 9.698824527906732
135800 4.9969873465625545
135900 3.483925932927291
136000 5.851528277646333
136100 -1.974689965241415
136200 6.119217773025684
136300 5.814298917937381
136400 5.663793667512607
136500 3.7591458683040178
136600 5.335133618925647
136700 9.742257299038792
136800 3.3770263808969134
136900 7.98611579221187
137000 1.3570768682544507
137100 3.3238555731740873
137200 6.048325830895051
137300 3.146132683135405
137400 3.4868619508887533
137500 4.884903680760296
137600 5.512044489858049
137700 3.910659643656714
137800 4.687604542657988
137900 1.567362941565408
138000 7.840426518831193
138100 4.670299233700387
138200 5.812617140492375
138300 2.0913263010267467
138400 1.3220570233925222
138500 4.697493412226797
138600 -0.6147850064415074
138700 2.7752403560894874
138800 4.005801223918034
138900 4.894428791308002
139000 1.7271028555690604
139100 0.06937362032834327
139200 6.470164595822567
139300 8.434363768340498
139400 3.8609894490440486
139500 1.9228102715597615
139600 4.171432745475021
139700 4.655145162353913
139800 2.6792292353918543
139900 -4.407490476058868
140000 3.980442143284711
140100 -1.6709201088466958
140200 -6.625683163617728
140300 -0.6476404870082016
140400 1.1455800124097721
140500 -0.5719490002587435
140600 7.603405870818212
140700 5.030568691212607
140800 1.4843942526076477
140900 -2.150904053893246
141000 -0.17681848463279626
141100 2.223147346930235
141200 5.427956460855329
141300 0.3148912359095505
141400 -1.6144967348025139
141500 -4.384902469460425
141600 -0.4032011574749711
141700 0.21564138928566284
141800 -3.539816555016522
141900 -3.478468372202085
142000 -0.32545597912569824
142100 -3.7012080981254196
142200 -4.932484031033232
142300 0.07736221431485957
142400 -1.464662784327265
142500 -1.9252795309598956
142600 0.5746422815282655
142700 0.6650985671345624
142800 1.9139361622442461
142900 -3.949664378786481
143000 3.1907534927456593
143100 0.5750068395507508
143200 -3.7168875757401647
143300 -1.3069104063857577
143400 -0.11922974711839152
143500 0.3108055400686869
143600 -2.802464245004385
143700 4.292392666437323
143800 -0.8166426120299776
143900 3.630412164892057
144000 4.0843120726323905
144100 1.937598656502269
144200 3.718507423083063
144300 5.7314407761959965
144400 1.4437833140214718
144500 -3.055258776711845
144600 0.31625924751435286
144700 -2.598309843260178
144800 0.815964085304239
144900 2.0454454460671707
145000 1.8297090294822822
145100 3.5856108644021316
145200 -0.8819490660980006
145300 -0.4879703562002188
145400 0.3746412488292239
145500 3.808734305764643
145600 -4.026694833500612
145700 -0.6672015467491831
145800 1.6102746518873192
145900 3.795032652803299
146000 3.6039701451408637
146100 1.021096578063453
146200 -0.2005278664225565
146300 3.1881041000296837
146400 5.2852448935223055
146500 5.477104699416319
146600 0.3079463807098275
146700 9.664537706772622
146800 3.512134935182384
146900 0.6706220253017414
147000 3.2450984462595813
147100 6.40972652463424
147200 2.072866412812609
147300 4.055049807776386
147400 -2.2558282255358106
147500 -1.6571312218014285
147600 5.1984497445565
147700 1.3555781237068043
147800 5.005960859002238
147900 4.494914814609176
148000 10.586417359795561
148100 5.33359577171425
148200 3.0032544227363056
148300 4.905788862155072
148400 2.56828000504138
148500 4.147973165221273
148600 1.6110765789960593
148700 6.368864563563984
148800 2.5821299218805795
148900 -1.7010290444211167
149000 4.1095242623803525
149100 8.229330103112309
149200 5.248672958401084
149300 5.822186714520043
149400 7.208448128086032
149500 7.2798823341310275
149600 4.299153923027118
149700 6.112056001907558
149800 11.201581242682526
149900 6.830965204757282
150000 6.519384806644973
150100 5.007811934207162
150200 5.940823922918768
150300 -0.7132052629220151
150400 3.4905703321660853
150500 9.249670814361975
150600 5.041213715973555
150700 6.5414030152173295
150800 8.504597473429746
150900 7.4368045210289155
151000 6.9694420775370265
151100 7.674308546847433
151200 3.915592869558066
151300 6.5735622098967745
151400 5.5553160749671076
151500 3.489702852809828
151600 7.12861033000514
151700 4.500404282163418
151800 1.4774997189543821
151900 8.1357530434113
152000 4.8696672366240294
152100 7.314256169148399
152200 7.932036847347058
152300 5.05505744116118
152400 2.2510389751270785
152500 7.620052791911831
152600 9.368210562386299
152700 5.973985706443381
152800 5.1434161333315425
152900 5.962942511573618
153000 4.5995713072486515
153100 9.277701155536828
153200 11.948166230268352
153300 7.916912782038594
153400 9.343324789680057
153500 7.096590378122717
153600 6.354672532852918
153700 5.31629709194785
153800 8.932541196251567
153900 7.358567985557987
154000 6.058013110163839
154100 4.417805639131486
154200 6.038208315106251
154300 6.161156984690286
154400 1.9649127755059839
154500 4.043086980768369
154600 5.850233637177045
154700 6.619228536445219
154800 9.14737643848122
154900 6.651864469765333
155000 7.143540136557487
155100 1.8796765002728018
155200 4.827315429715458
155300 8.544549716544502
155400 9.453633307433716
155500 8.720585080799548
155600 6.187053526140938
155700 7.768632760097437
155800 5.6557534523061985
155900 7.468691371334124
156000 6.76623117897107
156100 8.534425854058433
156200 6.988894357691453
156300 8.324594944744105
156400 8.698168100328987
156500 6.998191009327175
156600 8.213583549577972
156700 10.566467627644958
156800 8.717311306979594
156900 5.611291033819567
157000 6.369473696920057
157100 4.888028417294966
157200 3.876294091064978
157300 6.447347066981476
157400 5.34094881544798
157500 6.311905768559801
157600 9.795787402949221
157700 8.714196145787533
157800 7.986052250372079
157900 6.723206895614476
158000 4.040203976175198
158100 9.85025671883521
158200 4.901043197568132
158300 9.285103688694782
158400 2.5901768173705206
158500 0.3932892203029519
158600 9.096216099960632
158700 7.986129726762789
158800 6.1519889514227835
158900 5.065186352904965
159000 7.985653829840542
159100 7.482791840512765
159200 7.356564444702467
159300 8.35586440942751
159400 3.5668252691925093
159500 6.487599533082795
159600 3.587790240931288
159700 5.4489760396461655
159800 7.07947521148632
159900 6.635960986283212
160000 7.174785528366938
160100 7.005165969068354
160200 5.116822395937524
160300 8.721785308465831
160400 6.323790839727851
160500 12.37719940904811
160600 9.019591732515849
160700 7.45255639501436
160800 6.013929880661358
160900 7.85893332645937
161000 5.318685857881994
161100 3.9595662632913187
161200 8.345331080709846
161300 5.221741662016201
161400 7.553330592620832
161500 1.5047433501102745
161600 11.808324691324362
161700 13.3629347649074
161800 9.602448902344074
161900 10.058131056584063
162000 8.26666086274674
162100 10.080384924423209
162200 5.51369025251568
162300 6.059969688756359
162400 8.929920501322531
162500 8.000804455470934
162600 3.562621965003481
162700 1.3910031245464265
162800 5.002120089254194
162900 9.664362179744048
163000 7.05324689931813
163100 9.345715231851344
163200 9.381249906547934
163300 12.15720726796867
163400 7.613275241334511
163500 9.498965189371955
163600 14.09618399880312
163700 8.78494947986073
163800 7.559779034817761
163900 6.776952014803894
164000 13.28650312274243
164100 4.94860554891598
164200 6.655787883370568
164300 12.047623357000226
164400 5.763903466774005
164500 12.072140322745145
164600 10.019011084503596
164700 7.175797780201673
164800 6.5290031040850005
164900 9.74933033008773
165000 7.8232465529788255
165100 7.7953410945525246
165200 6.716264304981376
165300 5.542525199796467
165400 8.69985232125355
165500 9.373587966846525
165600 11.760342627874284
165700 6.3571368677636215
165800 5.085795663030647
165900 8.655419196508378
166000 4.2370146533672255
166100 6.6196234345635
166200 8.08048326197401
166300 9.609763899915066
166400 7.7075488661373015
166500 7.621861630267054
166600 7.486965244121231
166700 -0.1414442945550365
166800 5.576348400577162
166900 7.151051774513336
167000 5.102686161182909
167100 11.677611087011977
167200 11.62327369002325
167300 6.420223023884223
167400 11.888897343524265
167500 9.693949131465764
167600 8.474412039516018
167700 10.542824513151299
167800 12.886161442765033
167900 7.19428810709229
168000 4.974634642164725
168100 7.883931506490825
168200 7.591181714848757
168300 7.762169363405336
168400 5.683288799235725
168500 8.483467679397872
168600 7.80148819464236
168700 11.152381726874369
168800 8.390080425197732
168900 7.446556163275694
169000 8.424338850393747
169100 10.74424024527952
169200 9.553910164597752
169300 9.015603231290573
169400 7.411647102460346
169500 8.098017813664129
169600 4.555506332696874
169700 8.753110478002908
169800 8.45601988695932
169900 7.1370793613351795
170000 12.66687624367664
170100 11.98219466245501
170200 9.947824878173284
170300 5.591035514853138
170400 10.061522246898242
170500 9.295694876538054
170600 10.0326939329333
170700 9.213079862702827
170800 10.661917037260018
170900 12.904509980712112
171000 10.08003376065047
171100 10.784268797391487
171200 10.106355460013924
171300 6.087535564357981
171400 5.359110025425053
171500 10.386237465941825
171600 12.682698532826365
171700 10.09121592353977
171800 9.357430749670321
171900 8.028808971028353
172000 9.783079322769241
172100 7.422080208388776
172200 10.722644479884407
172300 6.8285924457359375
172400 8.568766618466668
172500 7.25521661129703
172600 6.615670090974472
172700 5.9487778429570835
172800 7.554750991246956
172900 6.76040359723881
173000 5.547410547839325
173100 13.529222336960617
173200 5.497335727661279
173300 12.649075753901519
173400 10.814107038891187
173500 7.936360138325253
173600 5.392941992755013
173700 6.130265188459356
173800 10.949952690805098
173900 8.894019712669115
174000 9.018787994214179
174100 10.996493073028386
174200 13.976417812409478
174300 8.125904370458557
174400 7.471199886566489
174500 10.85411080788651
174600 7.255817027389768
174700 10.656983592359879
174800 9.757061796409033
174900 7.982382014089095
175000 9.852543921711312
175100 12.295903261275217
175200 6.4159462023563485
175300 8.138687902836224
175400 7.836345255137228
175500 9.31729778757522
175600 10.039314031480355
175700 9.353451045205373
175800 9.37367460320449
175900 9.41881833312173
176000 11.918233667185126
176100 12.22122558348648
176200 14.676857095238608
176300 12.1365597950579
176400 12.494304937063395
176500 13.494850944886176
176600 7.95663489885907
176700 9.014817226745082
176800 9.898053700860936
176900 8.1117383858731
177000 9.59158622895006
177100 5.076061800161907
177200 2.037596860488338
177300 7.4061593443728535
177400 4.512008864399043
177500 12.50815871725799
177600 9.165757185200965
177700 11.61078460357494
177800 10.43330722288997
177900 12.170970427098597
178000 11.773632438060202
178100 9.909959513725457
178200 2.3179201081147816
178300 7.10737943645484
178400 8.928023774811473
178500 6.316465682438222
178600 7.065339727329307
178700 7.330147335014701
178800 1.7881747833593375
178900 6.353646844798963
179000 5.030281307108108
179100 7.9873487760001245
179200 8.089773354848731
179300 8.94868741413855
179400 10.050286646999346
179500 8.086473088005905
179600 10.430119848845266
179700 11.184653628438683
179800 13.405923909583262
179900 10.709840083219412
180000 7.257522399889044
180100 5.333550016104009
180200 6.972111236011861
180300 8.924913660571798
180400 5.8236481204933614
180500 7.770747575802385
180600 8.732522075802972
180700 6.296166609841579
180800 7.387653755556921
180900 8.911299016258084
181000 9.991959632460834
181100 11.69723348905865
181200 8.020649791772103
181300 7.1926642742307445
181400 4.9822468141907565
181500 4.152152275261145
181600 10.458022334513966
181700 1.6302559817893334
181800 1.5070622023313205
181900 1.1838746560257118
182000 2.8929305012203086
182100 6.632002066733409
182200 2.384316862514575
182300 6.296285187777742
182400 5.908264567453917
182500 4.806639440705188
182600 4.037504792070395
182700 1.9015465367105553
182800 4.353246248285999
182900 5.281370836902298
183000 3.0341225258609827
183100 -0.346725616636283
183200 -2.0047502367669314
183300 -0.2775552238463119
183400 1.3495465257451977
183500 6.306218523530847
183600 4.498829994563831
183700 -4.357391777384638
183800 -3.6709223088663085
183900 -1.1636208409434332
184000 3.826232434110064
184100 2.657620860419451
184200 1.7526922714837299
184300 3.6267586385216903
184400 6.068774830423314
184500 1.9887879239357487
184600 -0.3988602556456602
184700 3.7772782187678
184800 5.540419994237707
184900 10.954380820912862
185000 7.614206474363735
185100 6.126397146359324
185200 11.540055743487375
185300 7.505873746264612
185400 7.858421639499744
185500 7.005315998057896
185600 11.410530877920246
185700 6.568308404385899
185800 12.352258550783748
185900 9.501619555120122
186000 12.818953985389868
186100 11.890441852517924
186200 11.802595451734586
186300 10.042725062500052
186400 11.078772014973747
186500 10.828150594314314
186600 12.170707555721243
186700 13.724507256649655
186800 6.057645321540948
186900 10.626843183041187
187000 10.47270263352776
187100 8.095979691504686
187200 11.736537549954122
187300 6.838061572778062
187400 11.919382160631281
187500 12.953100326341229
187600 12.53127981030219
187700 11.530880706951903
187800 11.53719387290747
187900 7.589268234157609
188000 9.947778714575106
188100 10.139490401080645
188200 15.106392150734438
188300 14.135098710341776
188400 8.46941817515702
188500 13.991875881301949
188600 12.913012636058768
188700 16.223186800601734
188800 16.510360171385773
188900 13.839190920206793
189000 11.969462667872792
189100 11.612823461838333
189200 14.291379739031019
189300 13.083323870358363
189400 11.920782613218444
189500 13.693743094588108
189600 12.727560912077594
189700 9.105689141982971
189800 14.410323607974949
189900 13.20835208123722
190000 18.63283484343961
190100 14.163615896852251
190200 14.154175562556565
190300 15.640341358936205
190400 14.739338370054208
190500 14.074852286041576
190600 13.546021643264329
190700 12.302602832817408
190800 10.609545359186288
190900 10.963993203981552
191000 13.050118096311662
191100 13.570299436666991
191200 13.266862094035174
191300 6.228173495582173
191400 13.71160362333908
191500 11.245114402524255
191600 12.792180784495967
191700 10.703983246648864
191800 15.9807902570228
191900 15.738123959895086
192000 12.179985436828375
192100 11.554819389086408
192200 11.637804088063245
192300 12.651894258530316
192400 12.918166591606717
192500 11.244284712352734
192600 15.090184559985726
192700 15.039437301768873
192800 14.043433148697703
192900 16.310706295032894
193000 13.525961064500544
193100 15.628760851520687
193200 13.319579565850622
193300 12.421125757652629
193400 10.83313784326674
193500 15.455789759045526
193600 14.639445775816712
193700 14.110779766082894
193800 15.473571196018186
193900 14.252544473557673
194000 15.09061594203412
194100 11.996646038871468
194200 12.650137676167425
194300 11.853549463560874
194400 11.115759539184854
194500 15.402252816008346
194600 12.227251361978425
194700 15.646351885033802
194800 8.278689361962204
194900 15.882431099949565
195000 15.098214134449579
195100 13.62283282585232
195200 12.137031750954463
195300 16.214621376132257
195400 15.293301678521683
195500 14.572796051408472
195600 12.107290177867652
195700 16.210480412893304
195800 13.57826513968397
195900 15.910566841096875
196000 13.538485241051195
196100 14.582168330319938
196200 11.265795625980438
196300 15.263454660685696
196400 17.069450460179578
196500 14.335599205015233
196600 13.248480854239832
196700 16.777386393672632
196800 11.739299121098629
196900 14.866564640125723
197000 12.725910529568756
197100 12.960008016458051
197200 12.974736462035505
197300 11.000891047059152
197400 14.40876709656313
197500 12.87505145795528
197600 8.305676819419409
197700 12.270541228715627
197800 11.40629031758389
197900 16.455759290449887
198000 10.773503273619207
198100 15.18072078249661
198200 12.177025630514816
198300 12.73186688410303
198400 13.602589285122958
198500 11.116864669262535
198600 12.527991327523111
198700 13.172694175191513
198800 14.36087441674132
198900 13.33289742892932
199000 14.962561352107091
199100 13.335626131541275
199200 12.420661310759163
199300 15.087534122694358
199400 15.019760146059653
199500 14.985922987572993
199600 13.753418752427365
199700 16.251064940669366
199800 16.784409134285614
199900 16.61839050275309
200000 17.161612706955406
