100 17.587414724164656
200 18.876814661099804
300 18.851496970464776
400 17.42398986746876
500 18.153546390288025
600 18.472525829427504
700 16.40505475329668
800 18.926143977548236
900 17.54144198457132
1000 18.205366641969466
1100 18.68725779408641
1200 18.75791068575134
1300 19.0884117025283
1400 18.111430769799163
1500 18.254415429052017
1600 17.36602751370011
1700 18.2203859376485
1800 18.08164068017194
1900 17.702107844633744
2000 19.05284014202491
2100 17.476923483155524
2200 17.354552414992963
2300 19.3660307795162
2400 19.16974791640677
2500 18.142815618059107
2600 18.719952173004298
2700 18.99634193418153
2800 19.622488929322486
2900 19.032085716328627
3000 18.23689242155435
3100 18.967141746919623
3200 18.76041988134092
3300 17.094228943506852
3400 18.959356390236536
3500 19.10231235110521
3600 18.944802228340624
3700 17.954400066378536
3800 17.901139155775383
3900 18.373327686681872
4000 17.838285441456815
4100 19.359111204794
4200 18.449606043974466
4300 19.051405520753658
4400 17.419950189496653
4500 18.796258512520424
4600 19.174365730464732
4700 19.25796784947293
4800 17.471645929929572
4900 17.75698679331483
5000 18.498184256204688
5100 18.757383995589286
5200 17.948611314208694
5300 16.74557148293137
5400 18.087842965874536
5500 18.57694038663923
5600 18.5807723342413
5700 18.96297903376724
5800 17.977874215999176
5900 17.204443921009194
6000 17.98356206236272
6100 18.180950333240443
6200 17.630418625130858
6300 18.99655354975038
6400 19.025961422858405
6500 19.506772970082036
6600 19.164743134050738
6700 18.61447459997646
6800 17.554902991903866
6900 16.886241554960264
7000 18.338498777095793
7100 18.418409878081818
7200 18.841705159823867
7300 19.752768869961454
7400 17.731326303942602
7500 18.28489408067694
7600 17.122068362176584
7700 18.283036877169867
7800 18.89552546758892
7900 17.715283370818526
8000 14.847562124061442
8100 17.541456666075103
8200 18.673379699602016
8300 17.991172081363516
8400 19.208567241864316
8500 17.961409970820043
8600 17.31621175940849
8700 18.07134173130562
8800 18.581512249245847
8900 18.36131585046472
9000 16.246661936921733
9100 17.856450948849716
9200 18.998216666656223
9300 18.553015750840338
9400 18.20323874672439
9500 19.514564293246295
9600 19.046700158935014
9700 17.545487333415572
9800 18.937493140124367
9900 18.23484595440664
10000 19.721644953781716
10100 19.245137739067733
10200 17.904312117891184
10300 18.268532485252678
10400 18.51158761472227
10500 18.64063080040165
10600 17.923278507801633
10700 18.54104982155575
10800 19.34455531428503
10900 19.245726430257324
11000 16.63274240535044
11100 17.24238533754799
11200 17.95014330852869
11300 19.325121365675784
11400 18.773186705190366
11500 17.837705419613133
11600 18.695909178056763
11700 18.702125890250596
11800 17.954399420546807
11900 18.752411472485605
12000 18.91201154125848
12100 19.395681470540993
12200 17.517977460635095
12300 17.419788454614082
12400 17.89919220845927
12500 18.73929746269392
12600 14.537216198556267
12700 18.984812682721472
12800 18.71244181961964
12900 18.44974021332259
13000 17.384675190769567
13100 18.25322773403275
13200 18.766228845695327
13300 18.592807763922536
13400 18.754837187162167
13500 19.232646744631616
13600 18.44462527792474
13700 17.615319337052743
13800 18.76756233798411
13900 19.092786667418984
14000 19.391368880576817
14100 17.74528364578377
14200 16.804542853531885
14300 19.163424998291667
14400 19.88795694519343
14500 19.354836206238982
14600 18.212316055353327
14700 18.32366189358853
14800 18.42716899876063
14900 18.359379325407453
15000 17.92805980926601
15100 17.063383875077758
15200 17.058867285650074
15300 16.93552983133366
15400 18.37376665575335
15500 16.373115189165624
15600 17.37692697279417
15700 18.86793238224564
15800 18.193283646045213
15900 18.74317834999224
16000 18.28178820147065
16100 18.702823191713872
16200 17.610459581043614
16300 18.785265866592603
16400 17.901753922311375
16500 17.943784372717463
16600 15.916640318129502
16700 18.647747676000947
16800 17.229173833451735
16900 18.044981656654247
17000 17.46875502395944
17100 18.547153231060182
17200 18.59408830017352
17300 18.7757420858508
17400 18.069095951429638
17500 18.09131923499558
17600 17.47290032383621
17700 18.0413793297823
17800 18.861132949132163
17900 18.034579304302678
18000 18.072445877741806
18100 17.940331887362508
18200 19.24416634956885
18300 19.373592462908984
18400 18.700382267449168
18500 18.63250226670719
18600 19.180865820788974
18700 16.741638683689814
18800 18.5470093985588
18900 18.116103397352383
19000 17.97927911060723
19100 18.289117274185934
19200 18.808612557617792
19300 19.34295730521692
19400 18.236175363741925
19500 19.00567085480407
19600 19.6932820587647
19700 18.95697046599048
19800 17.079999625653745
19900 17.40230515894563
20000 18.50131420436215
20100 17.498297453973617
20200 17.943903285701715
20300 19.012237558682017
20400 19.206714137311504
20500 19.36688055153724
20600 19.519907837456337
20700 18.29709773356962
20800 17.892490654374
20900 18.462588159940875
21000 17.076488207059338
21100 18.689417413491626
21200 19.65289249711286
21300 16.856753671194532
21400 19.280947469674903
21500 19.198295932199382
21600 18.607473336938238
21700 18.84454868358907
21800 18.03984823070271
21900 18.73416833650938
22000 17.648281482677977
22100 18.926019899306702
22200 18.74932778676336
22300 19.281112983517893
22400 18.36862290384371
22500 18.27859910780062
22600 18.85291653680438
22700 19.262563163323346
22800 18.7894318722394
22900 18.84563229015757
23000 17.464398014868443
23100 17.272718154645634
23200 19.047635047774435
23300 18.728050043045705
23400 16.278873316196222
23500 16.93433636221619
23600 18.06487298222015
23700 18.764912881465932
23800 19.00987954951993
23900 17.6604303387855
24000 17.950482693677223
24100 16.968824421509147
24200 18.020451373437957
24300 17.737032233260575
24400 17.809331940140332
24500 17.371898343802492
24600 18.505516463316802
24700 19.064609623423333
24800 19.129639016613982
24900 18.992119114720197
25000 17.97041175074453
25100 18.48934142092885
25200 18.966313347986397
25300 18.399230035902097
25400 17.56549626402106
25500 18.448950189354726
25600 18.667463601859982
25700 18.83335607516332
25800 18.289400508016552
25900 18.093614133797626
26000 18.08176488774136
26100 18.84562433135948
26200 19.246459841600746
26300 16.23982471532486
26400 17.785443614898682
26500 18.33799616148946
26600 18.941612194810347
26700 18.598468272034197
26800 18.350353110216822
26900 17.623877321952136
27000 17.951298018312688
27100 19.364623005471184
27200 18.452452532337006
27300 18.33939276145672
27400 18.993365253126584
27500 18.292897584892582
27600 17.827621029755097
27700 18.155275268148316
27800 18.295667071413565
27900 17.952209312352302
28000 18.7400768832658
28100 18.88527108192357
28200 18.887446034806427
28300 19.180115109145387
28400 18.34115931540912
28500 18.520472740775997
28600 18.92073426842034
28700 19.15134403993352
28800 15.801148874424234
28900 17.45187142441921
29000 18.4238191103401
29100 18.92442705024251
29200 17.46227463869513
29300 18.760060677449317
29400 17.35022722921199
29500 18.181998572935935
29600 18.69145135690683
29700 18.670056498639877
29800 18.43387962241291
29900 19.121027495794632
30000 18.638411901727103
30100 17.939453339706784
30200 18.420847600027166
30300 16.670129290890557
30400 18.820036442618687
30500 18.38234079403207
30600 16.48667027516222
30700 18.370352724950735
30800 17.389813024456114
30900 18.273181335908166
31000 16.651224570370314
31100 16.658432219441394
31200 18.201274520654316
31300 18.576044870734048
31400 18.116042241178445
31500 19.11883658538709
31600 18.650460328292766
31700 19.27584467011619
31800 18.557810348492012
31900 18.602610888805106
32000 17.604045413898497
32100 15.815198612342815
32200 16.910424107615167
32300 16.932237036003002
32400 18.56502190738458
32500 19.283408151687464
32600 18.561297950191044
32700 17.35650585690682
32800 17.774778557628494
32900 18.546305745533306
33000 18.71236231197892
33100 18.278514478762276
33200 18.237255176649995
33300 18.555544927425398
33400 18.685270047221785
33500 19.248126514992897
33600 18.62066980519124
33700 18.87199669891784
33800 16.64268395773351
33900 17.046498725964238
34000 18.227093833281785
34100 15.181937195627905
34200 18.651557988112557
34300 18.831754384082522
34400 18.350361120085967
34500 16.204176715874212
34600 17.710126553878272
34700 17.823125005395532
34800 18.624420027028638
34900 17.679035595428964
35000 18.945814112116338
35100 19.096616596600576
35200 19.619707412945566
35300 18.283290073200313
35400 17.406386015133847
35500 18.759600659503754
35600 16.909874829406444
35700 18.32472202326794
35800 18.130492635729702
35900 18.310567107047824
36000 18.19621922279836
36100 17.673239203708377
36200 19.403155384628707
36300 18.830106779902053
36400 18.5036962300008
36500 18.58517501775053
36600 16.86773419852699
36700 18.781844233501726
36800 19.180577884853374
36900 18.29115065447953
37000 18.16478827293942
37100 16.295142325536773
37200 18.583734873744344
37300 18.145160030441588
37400 18.58411701248176
37500 16.651292179957395
37600 19.102171087885164
37700 19.10833198920321
37800 18.63658026389563
37900 18.91851576739454
38000 17.81407611185593
38100 18.2375067103201
38200 18.66326836697329
38300 18.338895099882414
38400 19.31538633484789
38500 18.22391525005707
38600 19.43366323610762
38700 18.21227467091924
38800 18.983983972108437
38900 18.35620404623514
39000 17.32486016753451
39100 19.096672376454165
39200 18.181499980234772
39300 16.98924862841714
39400 18.902631900692793
39500 19.289980205027717
39600 19.071717157877856
39700 19.487387300648198
39800 18.202932565540014
39900 19.26816029094273
40000 17.828999755947617
40100 18.97730478558003
40200 18.638234281922497
40300 17.862270615734584
40400 17.97108394090015
40500 16.796976070697614
40600 17.589237404678077
40700 17.81490342454091
40800 17.915350289048636
40900 18.631831195580926
41000 18.25227138007139
41100 18.523232953747815
41200 18.86828551515152
41300 17.95316479066984
41400 17.605795557298062
41500 16.98975398719619
41600 16.401312841535006
41700 17.46112454242603
41800 16.889294521060503
41900 17.530870037026
42000 18.864379003863743
42100 18.082545212348542
42200 18.49018003313655
42300 18.367029938600325
42400 17.684814317596658
42500 19.07053065413585
42600 18.715995449525423
42700 19.46016693842691
42800 17.340475435080908
42900 18.541741000769314
43000 19.243797555764036
43100 18.89659822084992
43200 18.357505530658848
43300 19.08362424320737
43400 19.252928161328953
43500 19.09438454743548
43600 18.21650411201277
43700 18.69578782137112
43800 18.764893635096676
43900 19.093419375020904
44000 18.796170256498446
44100 19.249589948858965
44200 18.142884114690165
44300 19.291496576614392
44400 18.72974703801848
44500 19.240647483917908
44600 17.436537814885234
44700 17.942036852900543
44800 15.296226999175344
44900 18.555970631824632
45000 18.70607150908348
45100 17.522230984197463
45200 16.73674287037621
45300 18.73151440909385
45400 17.851443123895383
45500 18.51656273352503
45600 19.29257854717603
45700 18.443316739854968
45800 17.01911274500851
45900 19.289562107512246
46000 18.594474868644884
46100 18.091296655318544
46200 19.33571468716646
46300 17.065876012357748
46400 18.877613567134553
46500 18.59459364662667
46600 18.707222819865535
46700 18.230136996219837
46800 18.700406902038395
46900 17.65663324980191
47000 17.36827795994378
47100 18.326348726886316
47200 19.600675687753906
47300 18.068853911841618
47400 19.031423508840607
47500 18.67716220688391
47600 18.951383912347254
47700 18.7669154902413
47800 18.501220575762996
47900 17.111080398151437
48000 18.52913701733594
48100 18.694159147782656
48200 19.261456070801078
48300 18.478458038975
48400 18.974854851658858
48500 19.385460474876066
48600 18.337607090561306
48700 17.543782489263133
48800 18.47077586045865
48900 17.920807587554705
49000 17.455477574183785
49100 18.496841084907857
49200 18.610878653987754
49300 18.743750298853165
49400 18.398887306403896
49500 18.445455468642177
49600 18.8512041562216
49700 18.864668693821407
49800 18.23933549126621
49900 17.38141827557627
50000 18.76417908643707
50100 17.700575463151416
50200 17.33857399320136
50300 17.859855684542538
50400 18.84667979769149
50500 17.726783890739558
50600 18.42948738656251
50700 17.691094257708574
50800 18.676917602312052
50900 18.324428785613183
51000 18.279520538805027
51100 19.206577109658593
51200 17.789787450280347
51300 18.469807061209814
51400 18.690638373589096
51500 18.023935465086602
51600 17.961750451827964
51700 19.03793218946237
51800 19.138880729300986
51900 18.710322820772262
52000 19.514819243737435
52100 18.41352580039569
52200 19.411677064035974
52300 18.663761457740662
52400 18.16178430821994
52500 16.27144828388515
52600 18.013794875562798
52700 17.218288555936507
52800 17.80296279018542
52900 18.784686117161353
53000 16.74733313955642
53100 18.798514164967404
53200 17.93914344932507
53300 18.244744165088914
53400 17.89618340044458
53500 17.928310766597033
53600 18.823513406514916
53700 18.798870803375753
53800 18.97715250349248
53900 18.475527875876246
54000 19.01630442033602
54100 18.280827770156566
54200 18.467610321572383
54300 18.571099841635316
54400 19.587190960551563
54500 18.371648339435605
54600 18.215966659264133
54700 19.24182449713346
54800 16.673295043100953
54900 18.625058037563868
55000 17.084626583072207
55100 18.931090384434942
55200 17.951538682310545
55300 18.46978901110941
55400 18.238031312640004
55500 17.97566265645591
55600 17.86216802753015
55700 18.893771766579995
55800 17.83450560832101
55900 18.35426126946754
56000 19.260902058818818
56100 17.063372968007787
56200 17.806983270602572
56300 18.685916181713466
56400 18.06990513485478
56500 18.34128197509908
56600 17.629074622398853
56700 17.844878337414787
56800 17.275715326584713
56900 18.14738802496073
57000 18.747388410024904
57100 16.911118505544316
57200 18.130801002363267
57300 18.35832242681476
57400 17.52328006842241
57500 17.058807855906785
57600 17.80945308992206
57700 17.271721091086516
57800 18.285837293789193
57900 18.610156924549823
58000 16.8663124181836
58100 17.78151118799808
58200 19.023270148188637
58300 17.412254719554728
58400 18.173886718275906
58500 18.721235387727543
58600 18.673578591904704
58700 18.863167520633237
58800 18.285018772705413
58900 18.483698595830457
59000 18.87476910531665
59100 19.62479719768698
59200 18.558893146639452
59300 17.2559997863175
59400 17.305446890577297
59500 17.447769016263457
59600 18.254760980463523
59700 19.05683736209706
59800 17.791199786981892
59900 19.53999892004525
60000 17.687580041913286
60100 18.116589783635167
60200 18.248378645552854
60300 17.675029328518562
60400 17.62297449511902
60500 19.27485458219761
60600 18.58849708813783
60700 18.921917679464062
60800 18.77773186469094
60900 18.587973906556492
61000 18.016245788152457
61100 16.119772628969326
61200 17.472714269617967
61300 19.39825647652365
61400 19.367217357690052
61500 17.232391555748812
61600 18.816948960290176
61700 18.289962390993647
61800 19.52957205088936
61900 19.109120402718393
62000 18.147382802351498
62100 16.99331519765867
62200 17.294941361141568
62300 17.357300534662077
62400 18.851042856868492
62500 17.01473376904916
62600 18.052837817589648
62700 17.9930991115411
62800 18.255367614622216
62900 18.309793986940882
63000 18.761743259025682
63100 19.245919309020476
63200 18.740032073890987
63300 18.161577061546595
63400 19.151070257827715
63500 17.48907548479853
63600 18.714592187347556
63700 16.39848708938684
63800 19.096501648174403
63900 17.59724634811503
64000 16.298268735670742
64100 17.721736303534218
64200 17.849635129005847
64300 18.65809498135903
64400 18.3212272766145
64500 17.898827921796673
64600 16.32440965543069
64700 17.945645861600624
64800 18.804024186935973
64900 18.60240120828454
65000 17.617457000654756
65100 19.013247264750703
65200 17.110782300572975
65300 18.437543778650056
65400 19.109536217483807
65500 18.796832536669836
65600 19.42832997828316
65700 18.34214854307118
65800 19.267331689438134
65900 17.746630139740905
66000 17.792093472669283
66100 18.856621684497966
66200 19.227999461697895
66300 17.94771959318427
66400 18.581923562343057
66500 17.47395000325787
66600 18.07179258123432
66700 19.42543148702449
66800 19.212110448490876
66900 16.56964980011109
67000 19.11609442203249
67100 18.655162559769916
67200 19.168515047887134
67300 17.764076118909344
67400 18.858250834501877
67500 17.801477263846373
67600 17.423276944206687
67700 18.02366336567939
67800 18.77239682951138
67900 18.558992851720156
68000 17.748404195234514
68100 18.33808194720816
68200 18.647916939499304
68300 19.260457088779685
68400 17.513790759376572
68500 19.241112972872266
68600 16.357071182469
68700 18.469724168178235
68800 19.066661662425293
68900 19.36171608965672
69000 16.997171848640576
69100 19.040736411119333
69200 19.25164631855018
69300 18.051879951741178
69400 16.284208050073136
69500 18.466701150471888
69600 17.321227785146096
69700 18.483715116326348
69800 17.41208439994565
69900 17.40974058115034
70000 19.066869386467978
70100 18.95113364568727
70200 18.3106738095386
70300 18.03581972266632
70400 17.947748043082477
70500 16.61718710814687
70600 18.897758471335024
70700 18.610325437184272
70800 18.13123740586894
70900 17.8532857151543
71000 18.36298155111206
71100 18.903110570757548
71200 18.165142799955653
71300 18.479196776083334
71400 18.381328623525057
71500 18.67133933304048
71600 18.915774825177795
71700 16.947933047873185
71800 18.4309682873939
71900 18.611178943786886
72000 19.59439324772614
72100 17.650240206829007
72200 18.74321766552645
72300 17.932002142164787
72400 19.23853657754382
72500 18.24210841201272
72600 18.98272664014618
72700 17.601982726821518
72800 18.344397235642784
72900 19.21630968906505
73000 18.95631068822984
73100 19.4299433934164
73200 18.525403658777652
73300 19.227908309258346
73400 17.712858344668987
73500 17.099830733773707
73600 18.610072691138924
73700 18.87126064072012
73800 17.805241334036673
73900 16.36022888245528
74000 16.258581972229763
74100 18.38403742798346
74200 18.72739092558178
74300 17.645880259294962
74400 18.636342806523356
74500 18.480726237502072
74600 18.356805848988376
74700 18.504204528034883
74800 17.394259467684503
74900 18.19813719332257
75000 16.917924259121232
75100 16.50745461483326
75200 18.697998443311313
75300 19.11847133108886
75400 18.305740945312504
75500 19.33764977118743
75600 19.14308718912464
75700 18.126697622674644
75800 19.439924685366282
75900 19.195108267220903
76000 18.45237839813648
76100 18.048971242729294
76200 18.54706746561352
76300 16.827509300706108
76400 18.241829139251333
76500 18.5803560332113
76600 18.650160995233648
76700 17.658331125584304
76800 16.744053911301616
76900 18.42224482995859
77000 16.98749709943494
77100 17.52942673494952
77200 17.137849224668592
77300 18.24824876844282
77400 18.22109914556344
77500 18.629553611269873
77600 16.70946258476522
77700 18.690578568048814
77800 18.216415634110664
77900 18.266323719985003
78000 18.77131522937526
78100 19.1782871928243
78200 18.5382173949624
78300 19.175812071214143
78400 17.606203980165926
78500 17.588783745684502
78600 18.358648370322303
78700 17.87352211303922
78800 17.69243906507722
78900 18.090179222775447
79000 18.337220219126333
79100 17.611487331958052
79200 18.397588205058433
79300 17.018632742077067
79400 17.56575350363111
79500 18.02109487060773
79600 17.255377839361383
79700 18.444560804471937
79800 19.039001531002118
79900 18.551175991197304
80000 19.184386186795695
80100 17.319216214189826
80200 18.175108589463704
80300 18.24282685136045
80400 19.441064202354312
80500 17.77259903366765
80600 17.70764775570668
80700 18.575646751748998
80800 19.026522882701737
80900 18.06582922887767
81000 18.37433377649619
81100 16.655966079468246
81200 19.095065679882445
81300 18.154831153328793
81400 16.728963318048148
81500 18.30804135151316
81600 17.570008411969315
81700 18.171894503251043
81800 18.267639316552426
81900 17.409422884140202
82000 18.5071560447607
82100 17.85964047974966
82200 18.851322853592954
82300 18.419375725356787
82400 18.5985800015158
82500 18.716284829794407
82600 17.776268816678687
82700 17.947975662135512
82800 17.701950750103276
82900 19.29348676587351
83000 18.931770943001876
83100 18.973574718887367
83200 18.819590950541603
83300 18.41177446166125
83400 17.89594925024671
83500 18.57676498313707
83600 18.56252749333311
83700 18.983038404658675
83800 17.79444783055158
83900 16.534272867326592
84000 19.056710201238715
84100 18.954979314618807
84200 18.19123406749836
84300 19.084585183530805
84400 18.563352073599123
84500 17.531862098561074
84600 17.172965438697993
84700 19.166698352234885
84800 18.297452021316666
84900 17.83533965314632
85000 18.411447714025318
85100 18.829199031626242
85200 18.644667837090314
85300 17.86965866478509
85400 18.13900273523098
85500 17.636603649697406
85600 18.604487170390325
85700 18.45125320699806
85800 18.927010746315485
85900 18.214226459638
86000 18.211151786625173
86100 17.014115597044942
86200 18.241021939149718
86300 18.074593515213838
86400 17.45054551357857
86500 17.569855954178276
86600 18.444384195762836
86700 19.497644512506916
86800 19.181222600969065
86900 18.51767928449762
87000 18.938003195762164
87100 17.62977386198279
87200 18.710562929795845
87300 19.169039597240584
87400 18.88625921089543
87500 17.955712982158175
87600 17.460296390056417
87700 17.260997568656457
87800 18.309576916642893
87900 18.818070841756803
88000 19.496915164305555
88100 18.542485703281965
88200 17.471033450457856
88300 19.041600833106024
88400 17.91615241615467
88500 17.534239549523623
88600 18.710871935388464
88700 18.438124033144252
88800 18.491300524374406
88900 17.392928057792226
89000 18.46523400860026
89100 19.46457068735621
89200 18.67232408885161
89300 18.70215251296809
89400 17.048608198561567
89500 17.027587042419963
89600 18.852893825266676
89700 17.703692540036684
89800 18.429979521395776
89900 19.02871394672641
90000 19.384117017690954
90100 17.822316684744948
90200 16.833950779588342
90300 17.668081879901266
90400 18.63834860562463
90500 17.14493597011062
90600 18.31538619859032
90700 18.733504924607985
90800 18.371976813498975
90900 17.502809326897193
91000 19.05739512117704
91100 17.21202960467765
91200 18.31512717000882
91300 18.717823563432194
91400 19.57444511601135
91500 17.440693854564422
91600 18.039608921880536
91700 17.509033470982185
91800 17.832933108453005
91900 18.174110782309846
92000 16.061840509390244
92100 19.217614336000604
92200 18.403831155808913
92300 18.092227581753775
92400 18.844691733970624
92500 18.675911678627774
92600 17.784153521969717
92700 18.617897681963605
92800 18.06275919873173
92900 18.158844992861805
93000 17.49218856640615
93100 17.37970313609598
93200 18.945828539355464
93300 18.421565494151796
93400 18.999416920334284
93500 17.744412234660313
93600 17.90884822585927
93700 19.3422370973365
93800 18.3219653906548
93900 18.790134179266442
94000 17.994139455165225
94100 17.60104766057611
94200 18.699678375457353
94300 18.196189396139058
94400 19.69850629311018
94500 18.44196789478557
94600 18.10777562804929
94700 16.071474738470936
94800 16.85351671516
94900 16.516076340110732
95000 18.112812177351575
95100 19.164872022078463
95200 17.59568603661771
95300 18.711862609215036
95400 19.38239625080716
95500 18.92078795034201
95600 19.055179947514727
95700 18.56460242364523
95800 19.244106511371292
95900 18.466850393216692
96000 18.142587585791876
96100 18.73609225728855
96200 18.351738079873893
96300 18.6247496624811
96400 18.201523701617365
96500 18.97122958849673
96600 18.983956182202107
96700 17.988081267893875
96800 18.73131025961501
96900 16.396406779106368
97000 16.629208108573074
97100 17.517999934710872
97200 16.479326254946347
97300 18.41114494758651
97400 17.607492442741016
97500 17.591831026329
97600 18.416615407979013
97700 18.896816345059356
97800 18.219331688716665
97900 19.28295252034845
98000 18.996027401275338
98100 18.621157675871626
98200 18.637809954117195
98300 18.305437919951032
98400 19.583451039841133
98500 16.148866536951925
98600 18.30010512987804
98700 17.460367537679318
98800 18.383552398296835
98900 19.207460005241703
99000 16.844383579398936
99100 18.349648567311753
99200 18.865470804118008
99300 15.82177203883177
99400 17.65177242732546
99500 19.45261537930404
99600 18.233423795091728
99700 18.432014656454303
99800 19.10669299816488
99900 18.580318671223605
100000 18.67714302257634
100100 17.712306792363997
100200 19.52869791848842
100300 17.16182311312701
100400 17.35582083965979
100500 19.08884984691755
100600 18.390723410992457
100700 18.44576961917891
100800 17.42337181977649
100900 18.52757172839909
101000 18.84327033753978
101100 18.02453744719125
101200 18.955883084879318
101300 18.344397144279256
101400 19.09036131696387
101500 18.54418321784969
101600 16.899477503796437
101700 18.49944289695617
101800 18.87469816080067
101900 18.397096779016252
102000 19.175534297290117
102100 18.519218426271248
102200 18.124642393781386
102300 18.257453177517046
102400 18.61150054506827
102500 19.1997251806106
102600 18.87967580774916
102700 18.343094592307423
102800 19.02862785781783
102900 18.85511820857995
103000 18.65311682427607
103100 18.812608030390788
103200 16.85494726191845
103300 18.037514617083787
103400 18.23492271550317
103500 19.40045166559925
103600 19.026920068268243
103700 17.196972354681066
103800 18.685762469640373
103900 18.714851923903407
104000 18.63234115231183
104100 19.061326284934022
104200 19.3781238962841
104300 18.236211362627454
104400 18.905778207088485
104500 19.18381743820765
104600 18.733883146971912
104700 18.389705915254652
104800 18.80839841998333
104900 15.110045453144103
105000 18.446892307582694
105100 18.637905126712397
105200 17.519597426779875
105300 18.237150330634865
105400 18.75494657082389
105500 18.371201185346283
105600 18.49852040801127
105700 17.815077217660853
105800 16.736385575385466
105900 18.80804318184678
106000 17.486371168525505
106100 18.595720848348495
106200 18.490611711983895
106300 18.002741898129912
106400 16.92767647188247
106500 18.059702809436192
106600 17.346834498822865
106700 17.386341356945437
106800 16.870983731212906
106900 18.60692957227992
107000 18.228003305315383
107100 19.00341516186943
107200 17.593301654534436
107300 17.53333636803476
107400 18.78920717299178
107500 17.291802491236886
107600 18.629450598784235
107700 18.147580747693446
107800 17.41012390083872
107900 18.89847922313724
108000 17.542326622086797
108100 17.990802005459763
108200 19.100111025757748
108300 17.564595437465133
108400 18.255374621286958
108500 18.361931868007225
108600 18.90440620849879
108700 18.373273039352593
108800 18.79809024025356
108900 18.606997107640733
109000 17.711739534405982
109100 17.554289250232625
109200 17.798281614424425
109300 17.691946798073857
109400 19.08099368496169
109500 18.07635967645593
109600 17.426150470238863
109700 17.439428228333373
109800 17.45098990225059
109900 17.84123269822642
110000 17.816704645820113
110100 18.471184574220732
110200 17.587213982666842
110300 17.494340799847407
110400 18.476892876760576
110500 17.28122467280166
110600 17.6910190378552
110700 19.008018746667236
110800 19.025849904865513
110900 18.379360273879822
111000 19.26900338450901
111100 18.77989097543709
111200 18.016223359892432
111300 18.15337359254454
111400 18.957584474483053
111500 18.2449145488648
111600 16.65557753810943
111700 18.356889400427026
111800 18.046562824008703
111900 19.18249815887259
112000 17.22609611463821
112100 18.708068763422204
112200 18.479730758821837
112300 17.389597777313877
112400 18.091967260456087
112500 18.90481294231679
112600 18.903281140203006
112700 18.681928015225978
112800 18.087504985657965
112900 19.11504405330601
113000 17.215471083716075
113100 18.982628459245046
113200 18.993988863572252
113300 17.81734847677961
113400 19.126936212420187
113500 16.793073200420007
113600 18.902627777824478
113700 17.588511093399454
113800 17.84345332163209
113900 18.751392378878386
114000 18.675957018289253
114100 18.996532597110278
114200 19.296815635144355
114300 18.85468361279791
114400 16.385585996525194
114500 18.50411744463085
114600 17.86003256402048
114700 16.986826907767778
114800 18.660772755652612
114900 18.055956160760516
115000 18.53881207372716
115100 18.874750355883126
115200 17.29021475609849
115300 17.144114888220702
115400 17.697240725238963
115500 18.442382117682442
115600 16.222770224308178
115700 18.66342927558115
115800 18.05223649907773
115900 19.105239800842657
116000 18.65280677964046
116100 18.220047958396332
116200 18.294606313808902
116300 18.009359385575355
116400 18.681933370658008
116500 19.61841121198892
116600 16.242106764490007
116700 17.738142369801594
116800 17.999090389506605
116900 18.581703547236163
117000 19.11466068887898
117100 18.868456692419706
117200 17.423268856226088
117300 16.69844675835519
117400 18.942572062202608
117500 19.24073374107241
117600 17.851191208873658
117700 17.86135202976027
117800 18.670176380940074
117900 16.971808717897332
118000 18.07026312925658
118100 17.874468481366335
118200 19.10223205026371
118300 17.778644342023174
118400 19.018973488978396
118500 18.143785812381747
118600 19.131383877566797
118700 16.638541501060754
118800 18.638838124660868
118900 18.272834951729298
119000 16.802150571765345
119100 16.163714675678225
119200 19.341701472888825
119300 18.21036661108752
119400 17.66178241917709
119500 19.079846650473492
119600 17.640556267459793
119700 18.684705545353484
119800 18.902801057724776
119900 16.42882566674144
120000 18.036725713462285
120100 18.710006242624626
120200 19.223558769261633
120300 18.189227983745894
120400 17.907234616667147
120500 17.99477203755682
120600 16.812727985007115
120700 18.924693576044287
120800 19.44102305236914
120900 18.891281391482053
121000 18.953583977925533
121100 17.32925154963243
121200 18.57196768963531
121300 17.509851086695413
121400 18.887599834134107
121500 18.608776777024808
121600 19.123359716428745
121700 19.168844548886337
121800 18.724417619368936
121900 18.923608209566275
122000 17.1919933377018
122100 18.507156229445666
122200 18.273001698865624
122300 19.00871462775237
122400 18.187303860884327
122500 17.571800737805376
122600 18.663662083282066
122700 18.572406090711702
122800 18.69130379723409
122900 18.92308845048197
123000 17.53046287488898
123100 18.254670030729997
123200 16.847736964858562
123300 18.59454495872951
123400 19.145691317027634
123500 18.256931233037463
123600 17.848629255661347
123700 16.8709743391585
123800 18.988537558529
123900 19.089811229007278
124000 18.091243972335086
124100 18.31407169919286
124200 18.251892265158116
124300 18.91382206070014
124400 18.87015714324518
124500 18.287909656972943
124600 16.818875753153375
124700 19.203808820794112
124800 18.9017141911554
124900 19.258330948397035
125000 18.786142627742855
125100 17.54435473976214
125200 18.923147826344085
125300 19.15510025189225
125400 19.466545328359903
125500 17.921217679960908
125600 17.49897391840847
125700 19.263006724006832
125800 18.244557518767483
125900 17.793690763589197
126000 18.9649068373133
126100 17.98332614682976
126200 17.259520746833136
126300 17.964890131390582
126400 18.67285825185581
126500 19.308454107297404
126600 17.949420497787553
126700 17.6394150599487
126800 18.37087273560548
126900 18.816404088088355
127000 19.479569387389137
127100 18.62157783759062
127200 18.621849796240877
127300 18.070775832130845
127400 16.84646199044382
127500 18.973322189258052
127600 19.10697729168808
127700 18.953781356352973
127800 19.50023654006545
127900 16.860671874115802
128000 18.369689815206055
128100 18.018607069757035
128200 17.002567839571892
128300 18.325272808959358
128400 15.865075336342583
128500 18.644879801273156
128600 17.870206756982913
128700 18.06362496311033
128800 18.847540435017656
128900 16.28487155894944
129000 18.746067656744984
129100 16.967951082714656
129200 17.62050914634804
129300 18.451275210187976
129400 17.820505745555423
129500 18.643671171759827
129600 19.137190551023668
129700 19.360803374292413
129800 18.79171564777469
129900 18.264088105471565
130000 17.848913824037215
130100 19.39104199497237
130200 18.243337653822287
130300 18.54390934861815
130400 19.086847391675317
130500 18.115591937543083
130600 17.130706972671582
130700 19.41172543356711
130800 18.99778424431744
130900 18.25215577253792
131000 19.07165620032068
131100 18.094062620294057
131200 17.739636576077334
131300 18.813207430189017
131400 17.98270787809908
131500 17.46988181829723
131600 17.98951319315022
131700 19.337778199561033
131800 17.553447329768
131900 18.752343167924003
132000 18.742699969893366
132100 17.483343759532552
132200 18.289122986920077
132300 18.96955906391702
132400 17.16764987059162
132500 19.1424657615972
132600 18.01486227356342
132700 19.035633217887256
132800 17.158418549467893
132900 19.336479735985964
133000 18.307870092499286
133100 18.443136473611762
133200 16.745922848139067
133300 17.894774070202907
133400 18.315292607328722
133500 17.455414111086778
133600 18.579978442293495
133700 18.742777804814637
133800 18.20877735689664
133900 18.35468737952633
134000 17.993968221022197
134100 18.93806575745067
134200 19.351152051526597
134300 18.750240500144933
134400 17.985282304251257
134500 16.84934790548915
134600 15.80045133506562
134700 18.340797262153878
134800 16.779885875846457
134900 18.8489448197685
135000 19.352914733310204
135100 18.937313410763796
135200 17.854826272297526
135300 19.139576214738806
135400 18.756698728500297
135500 18.781704965235463
135600 18.82993550841894
135700 19.048592092373223
135800 17.586386632982
135900 18.637062290656598
136000 18.01930889692247
136100 17.882148795572903
136200 19.03143352010934
136300 17.948119355191764
136400 15.859831843157556
136500 19.44882844854271
136600 18.440864764376165
136700 19.079986254924496
136800 19.244173644756383
136900 19.062898040189403
137000 18.71906367664632
137100 19.079879536610328
137200 17.991255788161315
137300 18.61763810653538
137400 18.38530575187378
137500 18.240266296133548
137600 18.90401992844252
137700 18.102502355147518
137800 16.860987532422016
137900 17.101728377119795
138000 18.477469745782766
138100 18.234638297836636
138200 18.503877209675274
138300 18.79257692291545
138400 18.50010175308227
138500 18.52068353270383
138600 18.12079239138571
138700 18.151800413439112
138800 18.834694458926453
138900 19.468049940495753
139000 17.757264060873588
139100 16.902160722995774
139200 18.481114126811665
139300 18.533816497382272
139400 16.57371309245278
139500 19.042897871668725
139600 17.674024064470732
139700 18.492284881853756
139800 16.1191846738257
139900 17.542199546694757
140000 18.620038623448455
140100 17.897153250620313
140200 18.653199594225406
140300 19.036979772441086
140400 19.5746021167853
140500 18.7424097299387
140600 18.39722423695636
140700 17.338798039754867
140800 16.882420050748834
140900 17.468022250940614
141000 18.30012615388982
141100 19.090351784574676
141200 17.62734672735604
141300 18.552231232808957
141400 18.457224383430116
141500 17.457391351550847
141600 18.113725918275172
141700 17.675936955907424
141800 18.54667332734622
141900 17.284674729421535
142000 18.03542019872876
142100 19.165857443610715
142200 17.662419521041844
142300 18.806003995006616
142400 18.549160954586
142500 17.509830375312692
142600 18.578906001817753
142700 18.72393061481646
142800 18.935657633810568
142900 17.030900474332558
143000 17.600404724827396
143100 18.687323004724323
143200 18.157176879313006
143300 18.285078991564337
143400 18.377001436061043
143500 17.53474392012821
143600 18.655859429749878
143700 19.141773159866588
143800 18.34833914338898
143900 18.068676260826273
144000 18.456569123685092
144100 19.000810473892
144200 18.101173640824516
144300 18.31896298441231
144400 16.515256242854402
144500 17.843726904288342
144600 18.88218602820709
144700 19.051393101277586
144800 19.13490446113241
144900 19.053950953022007
145000 19.126836215145804
145100 19.689854915420273
145200 17.64855582870562
145300 18.55007630602705
145400 17.380117421849707
145500 18.237418518619506
145600 19.102651021436582
145700 17.232071083310164
145800 17.608005298423887
145900 19.00840132974646
146000 18.788448754989183
146100 18.951516135314996
146200 17.904838928308763
146300 17.670489979306137
146400 18.809582417743346
146500 19.276070739103307
146600 19.120693419642254
146700 17.505832211658294
146800 19.363243010825542
146900 18.172172909154693
147000 18.73197425052986
147100 18.69022224300871
147200 18.425369286303617
147300 18.362312429312624
147400 17.52920599761913
147500 16.362944305036315
147600 18.791189322955475
147700 18.46655987619235
147800 18.528024761509247
147900 18.002371231860323
148000 19.682030465782315
148100 18.137388180238897
148200 18.306422633939704
148300 18.703519548656825
148400 17.85588738752698
148500 17.53697031330176
148600 18.424271842092683
148700 18.230299627167156
148800 17.716564869180498
148900 16.449803172405637
149000 17.751824080602233
149100 17.905883240405938
149200 18.31221055496374
149300 18.070898525289287
149400 19.113604204402133
149500 18.673177591581098
149600 17.93003377132231
149700 17.789203986490627
149800 18.26234443709358
149900 19.23355987289195
150000 18.50902338237364
150100 19.05534812000223
150200 17.18534364738788
150300 15.350183721130925
150400 19.059800412936273
150500 16.08147981899697
150600 17.008948291835367
150700 18.49141377674734
150800 18.187286094684488
150900 18.685590649030765
151000 17.896734223093617
151100 18.601426328077658
151200 17.469838018309215
151300 18.260243436487215
151400 16.623886845809192
151500 17.103506476152486
151600 17.92062395939665
151700 18.429877409181845
151800 18.939599016572945
151900 18.11228285205463
152000 18.54993110842221
152100 18.353867594560164
152200 16.80463826714309
152300 18.213386897548585
152400 18.60579295100698
152500 18.70191666783649
152600 19.443151704509276
152700 18.350896286594484
152800 18.33727979398624
152900 17.76481512504935
153000 17.878096956148074
153100 18.118542893366122
153200 19.028593455592144
153300 18.230094131808535
153400 18.037704099110083
153500 17.972898922561846
153600 18.25359048867246
153700 15.92664173977122
153800 18.710891146845164
153900 19.222366959691843
154000 17.969434780502777
154100 18.446134678638582
154200 18.174374620357998
154300 15.904417331783405
154400 18.427388973655646
154500 18.027481252740166
154600 18.895138911513083
154700 18.985335319122946
154800 17.888590663976192
154900 17.896807169227024
155000 18.11422605546018
155100 18.512173382688047
155200 18.7138683621344
155300 18.91248304238067
155400 19.689072117253996
155500 17.47608324139886
155600 17.827368221177483
155700 18.494625465511124
155800 18.788377873777552
155900 19.38173605074831
156000 18.45125407849966
156100 19.052353140324772
156200 18.938975651676934
156300 18.920328081973498
156400 19.13980645523655
156500 19.075678986180048
156600 17.24122122103342
156700 18.32886263291586
156800 18.604572667996525
156900 18.371307229284636
157000 17.76298233597939
157100 16.932471247539336
157200 18.972089613759255
157300 18.229040834282
157400 18.864165358523785
157500 17.583248592452875
157600 18.929351725817344
157700 18.525510103247832
157800 19.293653472867444
157900 19.218321975465628
158000 19.426934640052753
158100 19.317023343118272
158200 18.165874429041416
158300 19.45682186181853
158400 18.516167828767223
158500 17.839092645588483
158600 19.05090970882551
158700 19.368818894561684
158800 18.37995975486386
158900 18.333145329541743
159000 18.348790395119746
159100 18.88165041441209
159200 19.234516810744548
159300 16.865672486202005
159400 18.616739831186727
159500 19.74683375181789
159600 18.64687750422814
159700 17.727124954158885
159800 16.588392258612114
159900 19.043377320598605
160000 16.882225184524877
160100 16.91086018102316
160200 17.13800351509181
160300 17.82010762619197
160400 17.42704877906116
160500 19.075214447149804
160600 17.253478648378785
160700 18.223811242525557
160800 19.56819883017398
160900 18.29317679412934
161000 17.473087847772426
161100 18.88335274032401
161200 17.957995498545632
161300 17.219850092553397
161400 18.622682712697646
161500 18.170785485456626
161600 19.06153173206849
161700 18.44555280965815
161800 16.870235812696162
161900 18.383981018041396
162000 17.469399204560872
162100 18.3914582314868
162200 19.268281093228374
162300 16.65345110376301
162400 17.32153898666968
162500 18.381821349825966
162600 18.807092376159225
162700 18.9046328937035
162800 17.472504832473334
162900 19.53319823984294
163000 17.209635621957453
163100 17.718360974545103
163200 18.558400020307406
163300 17.424388291284213
163400 18.879498465672462
163500 18.798662474479347
163600 18.556285629204933
163700 18.823961033358163
163800 18.073319913193135
163900 16.780639281865884
164000 18.738216157426105
164100 18.481628875381798
164200 17.125837815565667
164300 18.484930475990307
164400 18.765274405795363
164500 17.850260025118203
164600 16.795055940006403
164700 18.485098657682617
164800 18.74597449910703
164900 18.682095708875213
165000 18.96551778889208
165100 18.0447100189063
165200 17.364445537507645
165300 17.12325383277234
165400 18.128640259680132
165500 17.85018510979891
165600 17.861910563666505
165700 17.58793788404626
165800 18.611839765131702
165900 18.758606727202306
166000 18.829663633036006
166100 18.552070776494986
166200 18.310040988477535
166300 19.079810603344143
166400 18.449950977837453
166500 18.85142727498035
166600 17.935629253324016
166700 18.560529191372336
166800 18.134951364940868
166900 17.121861166710932
167000 18.652149478647193
167100 16.501500555974484
167200 19.10054855120927
167300 18.322504183122838
167400 18.928174337374486
167500 16.1674608927197
167600 16.986786705869452
167700 18.87451188952618
167800 18.938466484239218
167900 19.174226069105707
168000 18.527925575451665
168100 18.75623664277631
168200 17.20274650574768
168300 17.93882862092199
168400 18.739184495221743
168500 18.62341299784987
168600 17.166391948177417
168700 18.85620625307882
168800 18.402106081429896
168900 18.735383302336146
169000 19.244830962637
169100 18.152257446539505
169200 17.988520996274236
169300 19.180825811684763
169400 18.02831340481144
169500 18.025080016262905
169600 18.995064815156773
169700 18.869033690438116
169800 17.44227666007437
169900 18.81392186704453
170000 16.47885961315001
170100 18.422386416967292
170200 18.486757674030528
170300 18.47212921522176
170400 18.12725303883315
170500 16.368984845541373
170600 17.655714248197317
170700 18.959242934772803
170800 18.635743576221902
170900 18.001099545886923
171000 19.052525055137274
171100 18.401615377594418
171200 18.244898662934162
171300 17.52109400912063
171400 18.704340070376173
171500 17.588513426137077
171600 18.71399477266997
171700 17.415524734079426
171800 18.545770438011697
171900 17.492719736193116
172000 17.871034256801515
172100 17.31660267272623
172200 19.382261329531303
172300 18.47953478004783
172400 18.26399269355675
172500 18.79767516413574
172600 19.004961131842492
172700 19.139150767127198
172800 18.94972656540806
172900 19.13689111127555
173000 19.304657924862305
173100 17.457833479508427
173200 18.879180755803286
173300 17.128288340098234
173400 19.132109610457803
173500 16.97753917200119
173600 18.908567343333704
173700 17.809095405400697
173800 18.87774564357062
173900 16.438591636459194
174000 17.725429894964606
174100 17.616125600435854
174200 17.917633948266758
174300 18.250835931715915
174400 17.69669482676481
174500 19.190437075708772
174600 17.150821362963306
174700 18.17831354199019
174800 18.77566359403081
174900 18.080253639334547
175000 16.857071206268152
175100 18.699957323033257
175200 17.381214739349353
175300 18.37450041444265
175400 17.53350014408275
175500 17.37444005646968
175600 19.413021118430535
175700 18.576948716415707
175800 18.750129637388365
175900 18.103724736617018
176000 17.964070507328156
176100 18.19086099357949
176200 18.265172240891808
176300 18.78391511226225
176400 18.741639405259395
176500 17.871656252875034
176600 16.817160006941958
176700 19.462370032906783
176800 18.83039446241729
176900 18.043408297129012
177000 17.18872769585949
177100 17.904235148883313
177200 17.5765061397997
177300 18.34322504417024
177400 18.669106676583112
177500 19.124709792757894
177600 18.342385700268675
177700 17.935304880366985
177800 18.34495418220536
177900 17.674846000375446
178000 18.80615577827751
178100 18.725613213627895
178200 18.246554473418122
178300 18.775628823575666
178400 18.49665291760085
178500 17.32085778730892
178600 17.185275823403355
178700 18.440419963549026
178800 19.38498382622638
178900 17.522871351446096
179000 17.555905276393236
179100 17.801908512811263
179200 18.923731730883862
179300 17.961846204805564
179400 17.601767276969035
179500 17.54246076397097
179600 18.436014095997173
179700 18.138079521399323
179800 18.413750879024022
179900 17.707473295858623
180000 17.66274218490855
180100 18.518347841187246
180200 18.28845642411351
180300 18.53499937509645
180400 18.190531561188646
180500 18.3915812954527
180600 17.47435891783357
180700 17.46621212562428
180800 18.70278237299195
180900 18.271319454498382
181000 18.536388252991223
181100 19.051619807327654
181200 19.357520691543787
181300 19.100735009345545
181400 19.082306340088444
181500 17.006613677069485
181600 17.527087490246885
181700 17.00708745014283
181800 18.138172977751726
181900 19.253340105690317
182000 17.8994441260368
182100 18.722038673072
182200 18.811222832789692
182300 17.877915871286294
182400 18.427007135092126
182500 18.15259913554974
182600 18.415387604644394
182700 18.11865233082579
182800 17.66543103419894
182900 17.423042738888103
183000 18.15791339934017
183100 16.950834150223653
183200 19.720916876810673
183300 17.795320988628365
183400 17.959302356009115
183500 18.87063436414074
183600 18.683687186023533
183700 18.020680533880256
183800 18.339893513473232
183900 18.389078239377476
184000 19.009102953377067
184100 18.059050316059622
184200 18.911629275590727
184300 18.475724712265052
184400 18.722004439071725
184500 19.12611059886347
184600 18.019200861033838
184700 19.31750064981513
184800 18.26555242353176
184900 16.457378565226964
185000 17.27672064459147
185100 18.088359675696335
185200 17.575354542080525
185300 17.674900246360863
185400 18.71039764426444
185500 19.506658132124794
185600 18.915588578635194
185700 18.1827115971346
185800 17.359807656493587
185900 15.848210717656325
186000 18.556042771772358
186100 16.74163250976315
186200 18.12088172794876
186300 14.853631356611952
186400 19.354398635011382
186500 17.57291500868774
186600 16.48923744416014
186700 16.969916143013457
186800 17.87500859328716
186900 18.03804152390847
187000 17.343463001772527
187100 19.401704320677418
187200 18.136253359636815
187300 17.815803187149708
187400 18.80043974613103
187500 18.707753986701018
187600 18.74161466603594
187700 18.92544895740003
187800 19.20435472380236
187900 15.491833659004639
188000 16.92256544146801
188100 17.81012785625025
188200 18.07919318371987
188300 18.463595886952625
188400 18.83752536029233
188500 18.861412390998932
188600 18.076928540159724
188700 18.553934404520216
188800 17.803750359457723
188900 18.187307573412976
189000 17.508038757140426
189100 18.29596912365139
189200 19.039614597169834
189300 19.05793137820388
189400 17.359622776620952
189500 17.721879819710512
189600 19.121556429213438
189700 18.40401824193104
189800 18.342917003157737
189900 18.212008315106026
190000 18.691422023304593
190100 17.97555305616338
190200 18.016565001739856
190300 18.26531573763869
190400 18.765915395220247
190500 18.43992412539428
190600 16.641914422520937
190700 17.97888298141301
190800 17.108760269003657
190900 19.398109303501393
191000 17.993249687244848
191100 18.81379686942047
191200 17.925305661368643
191300 17.624994258369878
191400 17.9804451258308
191500 18.673656543646338
191600 16.62741698478361
191700 17.946585830597762
191800 19.42592163620055
191900 18.252590295755795
192000 18.066908013139074
192100 18.304862486068057
192200 19.31202288641919
192300 19.172558944545358
192400 19.2072060481553
192500 18.87431167045909
192600 19.24852492096577
192700 18.64411122318138
192800 17.352738987797903
192900 18.154333484705024
193000 18.032453800707202
193100 18.07009264718275
193200 18.69362769706531
193300 19.02549790447564
193400 18.273011544257255
193500 17.403387058261206
193600 18.797074636204826
193700 19.19575394831968
193800 18.49184758625928
193900 18.87148961183384
194000 18.4169032623771
194100 18.759947656042673
194200 18.965497631967132
194300 18.0981617335258
194400 18.368763879001662
194500 17.03815444498006
194600 16.93300639052938
194700 18.802762173238364
194800 16.590814167270175
194900 18.42293993375521
195000 18.74018326903885
195100 17.518202333062284
195200 19.235560425155178
195300 18.434943160620094
195400 18.40145777613168
195500 17.711798609521512
195600 18.93647831732304
195700 17.798853955874787
195800 18.75617645556003
195900 18.720742072657323
196000 16.80592302958154
196100 19.33069891862434
196200 18.127711223244088
196300 18.82720921932737
196400 18.126691949829297
196500 19.127842514747055
196600 19.115681599141098
196700 18.75317403809319
196800 18.44156171403616
196900 18.9716344383462
197000 18.766490945710615
197100 18.29985108824559
197200 19.264426388662795
197300 18.392335761475188
197400 18.61386932414903
197500 18.89024887121777
197600 18.43452090312469
197700 18.084738688697342
197800 18.7372544256492
197900 18.662987050580153
198000 18.327287425201877
198100 16.941586328139607
198200 18.943702858429187
198300 17.72538038912447
198400 18.320082909348017
198500 16.852307145740284
198600 18.579767552845777
198700 19.05502240533082
198800 19.131551218979745
198900 18.14219191959288
199000 19.06769741150189
199100 17.443004558060117
199200 19.077950075352476
199300 19.000042024277572
199400 19.448077387310125
199500 18.49212943700977
199600 19.040060507082096
199700 18.29140136037683
199800 17.529270063743176
199900 17.913196978862384
200000 19.060507438032637
# End time: 22-11-2024(23:24)
