100 17.835184518303592
200 16.889862550428838
300 16.238424445108453
400 16.48973348119121
500 15.813052755532352
600 17.162663925317045
700 13.014818917121511
800 17.495834652071686
900 16.866564701263517
1000 13.305838899526002
1100 13.594160489304462
1200 12.125253772606799
1300 16.717444243965392
1400 17.85100842704406
1500 17.000374329670613
1600 13.76348853431653
1700 16.64826358883606
1800 15.408515953741112
1900 15.840527102466384
2000 16.337925029223666
2100 16.394313609022056
2200 16.52214092881368
2300 17.02517029754013
2400 16.29055043222379
2500 17.764697140067604
2600 18.20005700705776
2700 15.738880827456052
2800 14.745211273451986
2900 15.905710504314296
3000 15.315115470637657
3100 15.005669312171339
3200 14.735210512765308
3300 13.273402319090856
3400 13.815635048931277
3500 16.843567311112444
3600 12.140477484848072
3700 11.88343222670478
3800 16.849211899927397
3900 16.346880266718816
4000 16.8705301713265
4100 17.674572117420645
4200 16.175914468431003
4300 16.60155564215788
4400 18.87100406271723
4500 16.38126123177373
4600 14.354360465945254
4700 15.531061502128122
4800 13.657173502451855
4900 16.248415377410232
5000 17.2623016685506
5100 18.33938083009843
5200 14.58442146236127
5300 14.809488265405522
5400 16.988628545300234
5500 16.933070745667752
5600 14.598632918158936
5700 13.065929787745734
5800 14.06867516790063
5900 16.086937089414477
6000 12.679807121715536
6100 15.317867170196758
6200 18.504910940571143
6300 17.572737753816632
6400 16.654112137422228
6500 12.212292479727168
6600 15.827511389425547
6700 14.111912875536124
6800 15.912711365970715
6900 12.806204866346823
7000 18.173745709842823
7100 15.447516084700629
7200 15.843094285394857
7300 17.8038513524579
7400 16.256793274495678
7500 16.85500530170902
7600 14.3484658580787
7700 16.94891856239475
7800 15.596571663080386
7900 13.071760293732392
8000 17.316561498907102
8100 13.643912229965848
8200 15.730871027279688
8300 13.526996210183203
8400 13.156100894756557
8500 16.082438415426317
8600 15.798880390311133
8700 16.965133885217792
8800 15.775944363673744
8900 17.887678293064916
9000 12.61981429250705
9100 15.716681337759434
9200 13.63654133722274
9300 15.612241140749768
9400 17.543687436762475
9500 14.875471806922025
9600 17.4085189290612
9700 16.213408215218788
9800 18.238622695189324
9900 18.715224633838435
10000 13.304106399700665
10100 15.182135634583972
10200 15.421622663179063
10300 16.93547362151986
10400 18.56151374625309
10500 14.764733094084482
10600 14.421045669060534
10700 15.207874379819032
10800 13.17588173544275
10900 15.829181183957836
11000 11.087663748397977
11100 17.236033420376707
11200 15.225056517962088
11300 16.703723476042022
11400 13.086632769353667
11500 15.88187684025061
11600 16.75941293326777
11700 14.750393915315685
11800 13.671576083424206
11900 16.193624340171038
12000 16.561697038802652
12100 19.453455932565532
12200 16.877151312133307
12300 15.571882331906892
12400 10.967725798714712
12500 13.77458900498283
12600 15.769890981056104
12700 15.915245391113645
12800 16.051820198377264
12900 17.068512140698694
13000 15.754774705734821
13100 13.90560196222305
13200 14.70963247681648
13300 16.422071303617596
13400 12.799042865719054
13500 11.67150898385449
13600 14.942458680927423
13700 15.192146582341364
13800 14.064030966257791
13900 13.651455736177853
14000 13.947033070128986
14100 13.780739531112356
14200 15.667517552592397
14300 14.266691894810387
14400 16.610317169680524
14500 13.235110974381634
14600 17.46818610250633
14700 18.55045004385062
14800 15.68358919041619
14900 12.21914604078889
15000 17.128277924207925
15100 17.598000401839027
15200 16.091689940424338
15300 18.11912678525432
15400 16.571995439568823
15500 15.653223046852354
15600 12.267765371204199
15700 15.75510769431287
15800 12.345694537609228
15900 16.84709519160202
16000 9.763500810082686
16100 17.42819045422234
16200 13.423637277742378
16300 16.346494266254034
16400 14.944378524155958
16500 16.546017491723624
16600 15.189062956888572
16700 15.232829249760696
16800 14.232315166023476
16900 13.130346927206928
17000 14.412272235816499
17100 17.908187796402412
17200 17.38599653750906
17300 15.647292174864758
17400 15.475246836657503
17500 14.076555128505628
17600 17.44941335098278
17700 16.38615262493242
17800 15.667632900037669
17900 13.557072747431596
18000 17.138953233275625
18100 16.426193002060856
18200 13.711663816033823
18300 12.015152026031148
18400 16.66580430091633
18500 16.436251138934196
18600 15.924107078962779
18700 14.417742206530297
18800 12.522016008661062
18900 16.85289546528582
19000 14.625891203732316
19100 17.54104510607979
19200 17.076872476119828
19300 17.006881045971138
19400 13.052251930738146
19500 17.55944287194741
19600 17.762593537101882
19700 14.967415334551724
19800 17.11039015448845
19900 14.029337201913068
20000 16.549767119977034
20100 14.435037219192301
20200 10.121865324322087
20300 12.354785276071194
20400 15.856994043573938
20500 15.535541432233549
20600 15.91743185918823
20700 13.793787055536173
20800 15.089801052385567
20900 17.373095511802777
21000 15.22253807536915
21100 14.107844714640542
21200 12.675867274486825
21300 17.044089641764902
21400 11.828917320684376
21500 13.521075866241922
21600 14.74497499302351
21700 13.880950302775494
21800 15.131912774720469
21900 15.974318022996362
22000 13.874610837157313
22100 10.070162069258185
22200 14.80116772302859
22300 15.31297055251127
22400 12.950807424784173
22500 16.308145531810375
22600 15.593913093704176
22700 12.601551363674025
22800 16.052670801937058
22900 14.953896021830978
23000 14.149746241167408
23100 15.8641784979114
23200 14.884303815604131
23300 13.7239592278681
23400 17.890267078670615
23500 17.71419201556499
23600 16.107467109555348
23700 17.48795486216859
23800 11.02489090901379
23900 16.193375692055632
24000 15.93909224676791
24100 15.490372735720957
24200 14.69251184790349
24300 14.629416392749715
24400 17.462269293538647
24500 16.186597001169627
24600 16.17860691691332
24700 16.40021482381637
24800 15.140240485712509
24900 15.98265366571429
25000 12.980187265082428
25100 16.302362359999933
25200 16.823243597296816
25300 17.005511989199537
25400 15.306853444335852
25500 15.000724767021168
25600 14.10045117267508
25700 15.344182975757992
25800 15.776140543902665
25900 14.664148601332968
26000 10.98130580463621
26100 16.237030802060282
26200 14.333143697107262
26300 14.781450662524938
26400 17.41771091852954
26500 13.790644780793645
26600 15.525467917462965
26700 15.26948159113093
26800 16.82494115785726
26900 15.439311255492385
27000 14.939640950589034
27100 15.794439808053715
27200 16.67209264019571
27300 15.529727298609066
27400 16.394988512885178
27500 15.414042554763608
27600 15.825737723203861
27700 14.730292235623578
27800 16.73680495275673
27900 13.77686560600009
28000 14.321452878980773
28100 16.471190304564573
28200 17.218941261656948
28300 15.822161335675622
28400 16.44178852256823
28500 15.932526455891733
28600 15.611294485011934
28700 16.460528248170267
28800 17.350574448156657
28900 13.640715858458021
29000 15.663706972604544
29100 17.256886340932553
29200 13.61356932864937
29300 16.139296146026105
29400 17.590930222799162
29500 17.1827025821934
29600 13.464832978997629
29700 14.230869049398823
29800 13.51587142603571
29900 17.433152277182156
30000 13.975799373330176
30100 13.42593564847433
30200 15.685896995908625
30300 14.312244668343336
30400 13.965186115932172
30500 15.153231441431014
30600 16.55505972582509
30700 13.085320533358331
30800 15.309172993263306
30900 17.317458068107438
31000 14.648969055964184
31100 17.129384265258516
31200 14.941807746856043
31300 15.63464071377295
31400 15.511467855393864
31500 17.078119933225004
31600 17.180440025038678
31700 15.31625480100695
31800 16.54180043021941
31900 16.907423032911133
32000 15.98680666912487
32100 15.944217972196196
32200 11.249261460090556
32300 15.104164362388078
32400 15.695198396940457
32500 14.341534549907669
32600 15.59318662513981
32700 16.196123059578248
32800 13.727157822093647
32900 16.013268841915206
33000 15.65791585103815
33100 17.621884195490107
33200 17.731992454574637
33300 16.44954107713043
33400 15.489261126148524
33500 15.36500644717732
33600 16.221703917308414
33700 16.865983065657744
33800 15.369886060948016
33900 13.40984866364217
34000 14.98283252225999
34100 16.832689843888232
34200 15.960974111417515
34300 15.945130751952876
34400 17.266893988570512
34500 15.672757503496701
34600 13.973392554911785
34700 13.022163049848473
34800 15.95527291379639
34900 17.773868926734053
35000 17.234788799636554
35100 16.580286381258766
35200 12.709009361089402
35300 14.021881986182958
35400 13.82732799591575
35500 14.674670596552412
35600 15.476775027973837
35700 15.467896899859914
35800 14.080340307122748
35900 18.025800577007935
36000 17.205119461772373
36100 14.766323857057747
36200 14.975573279425909
36300 17.129740613407517
36400 16.968291982344194
36500 14.935625829370633
36600 14.995594233894325
36700 14.986590844055758
36800 13.175157052766842
36900 14.573310415787205
37000 13.536270400766504
37100 14.577912545836673
37200 15.583909806960841
37300 17.10074259430397
37400 13.32186555864654
37500 17.1447074562159
37600 16.23572901111938
37700 14.116693899231315
37800 13.621117111906514
37900 15.712816673296365
38000 15.603569738274317
38100 15.565594342970831
38200 16.537897585700847
38300 15.967638808190022
38400 17.24286185503751
38500 17.076272049991328
38600 15.92056265602576
38700 16.348479638479574
38800 16.520507587893533
38900 14.435570266962868
39000 16.51551275765133
39100 18.04243890333454
39200 17.504721026132373
39300 13.00304680628528
39400 18.376618124310934
39500 16.100835260022205
39600 15.72185202643407
39700 15.997624589702339
39800 15.326975127998933
39900 16.609044507576
40000 18.054070308639922
40100 15.503164716555027
40200 15.401884010578648
40300 16.859306514622126
40400 13.71216988747386
40500 12.712592339517169
40600 13.882459900626287
40700 13.019758315170082
40800 16.268082420392474
40900 13.494846930174416
41000 15.394115045748261
41100 17.31807198288089
41200 18.65668477806571
41300 15.606427725850837
41400 15.31885899160494
41500 14.953781959834554
41600 14.397010411482428
41700 17.671253058271063
41800 17.04318002935213
41900 15.441855630914814
42000 17.798239238600317
42100 16.415485028083175
42200 12.51764514671697
42300 15.907527420665584
42400 15.445268195513467
42500 14.389697385604409
42600 18.823047024146753
42700 15.192812198906948
42800 19.476117093849385
42900 13.333934661740853
43000 16.816402349504983
43100 13.45532606480998
43200 19.411515865109813
43300 12.165663577640728
43400 17.863618976047977
43500 16.29931443090497
43600 17.526041837096646
43700 14.119181926958335
43800 15.526288634047186
43900 15.216208199364111
44000 15.177231896908495
44100 17.218884191359024
44200 16.84180366975511
44300 16.50930957231923
44400 14.534946564883228
44500 17.53293393614636
44600 17.153507901422703
44700 14.727995148823844
44800 17.13688016691753
44900 13.241033373344159
45000 16.952393436249363
45100 15.981961988269237
45200 17.258049865082103
45300 14.386295568780152
45400 17.53187785702523
45500 18.122803875816576
45600 17.06862762819465
45700 16.197177613052965
45800 12.14233311307247
45900 17.409442190398607
46000 16.850619211686457
46100 13.81377672835965
46200 17.99222922852526
46300 15.99961161601522
46400 17.132308146837104
46500 14.887772717288911
46600 14.346394771263306
46700 12.450505260008448
46800 15.529673067314965
46900 15.027464491343673
47000 13.261114606626144
47100 15.751360765593143
47200 14.29608132799961
47300 13.913952907278206
47400 11.265250951020487
47500 17.729729689040177
47600 17.459515360255164
47700 18.214675074335226
47800 17.594031914751234
47900 13.443041964214862
48000 15.86536395989033
48100 18.61388225609229
48200 15.746844786480663
48300 12.830201865172432
48400 13.888597114775962
48500 14.594206090146159
48600 13.627795946476356
48700 13.967433199705185
48800 13.886113394639903
48900 15.735087941175294
49000 12.301792811060801
49100 17.65024803026846
49200 15.086239058954334
49300 16.676220230048287
49400 14.369983720328287
49500 14.290826506249973
49600 18.175822055914065
49700 14.955001607746318
49800 17.027797132385523
49900 15.577858195632823
50000 16.220795324429474
50100 13.97884010671304
50200 13.447965108160748
50300 14.778935859852307
50400 16.810865134586056
50500 12.413468816193909
50600 16.653595329428395
50700 17.197273367297136
50800 13.983402404435417
50900 16.824547076452884
51000 14.860567521088534
51100 16.453583175161473
51200 15.196598375206326
51300 15.131813206500118
51400 16.733650340174936
51500 11.980077486605799
51600 13.008744492703077
51700 15.643062907494569
51800 18.60183975084633
51900 14.374597116507724
52000 16.76565043237673
52100 13.377463137615496
52200 16.739673535035834
52300 16.58295841147635
52400 11.951860260949827
52500 14.25354364029946
52600 16.722938062845365
52700 17.80564619322774
52800 12.920459163952435
52900 16.378277911510907
53000 17.97685851117894
53100 12.494603931472334
53200 14.79854487729321
53300 11.992465055886182
53400 15.707042768909115
53500 14.593021924898753
53600 17.12754175637893
53700 17.313176264068886
53800 15.822219442855799
53900 15.111804972977074
54000 15.558773101366796
54100 16.047813721767223
54200 16.779655687151116
54300 15.725569076762627
54400 17.465024180919997
54500 16.84644962778268
54600 14.09703501564997
54700 14.160373952397206
54800 15.679511116833265
54900 13.849979833902934
55000 15.256875793640786
55100 13.962313287859425
55200 16.181856834743165
55300 13.866574069099762
55400 16.157165182562128
55500 14.55862306874001
55600 15.864350121415809
55700 16.776041869573678
55800 16.91681074439574
55900 13.179751347731438
56000 17.444097144902845
56100 15.59203927468836
56200 15.71843067404817
56300 15.590811494244258
56400 12.387314123477042
56500 16.49349238644306
56600 16.527206102840587
56700 16.413597811573144
56800 16.091109472178548
56900 14.520224408614228
57000 15.506721972631835
57100 17.07619637521392
57200 18.446477998175038
57300 14.59564473966108
57400 16.013469933076106
57500 11.325235338055576
57600 17.565856316027496
57700 15.500649208520707
57800 15.908796843603056
57900 15.937102196442721
58000 15.234489153906788
58100 14.094820443092054
58200 15.262350924908603
58300 16.451182461299037
58400 16.65782050078369
58500 15.187585347574359
58600 15.876699792962336
58700 12.527091167993564
58800 13.942876384185196
58900 16.381513483239935
59000 14.455016116541081
59100 13.331239061708553
59200 16.029609337352017
59300 14.512883544831192
59400 14.274828817356278
59500 15.135432183604062
59600 17.24613696834064
59700 15.610953289973416
59800 14.791705876284077
59900 16.88594457868597
60000 15.518360500130717
60100 13.900680750553082
60200 13.865491848742662
60300 14.284914058639329
60400 14.686145603660737
60500 15.441273150709323
60600 16.367430627402847
60700 12.508873514661628
60800 14.616883768135414
60900 14.75636290556715
61000 16.435472131963554
61100 16.980818051060954
61200 15.865592542069644
61300 13.28839167132104
61400 16.53309440392805
61500 13.586224518135392
61600 16.60511315821479
61700 17.092580397533236
61800 17.30033369276061
61900 17.139775424941018
62000 16.80174256371601
62100 18.663924326495703
62200 14.718257805004336
62300 14.519240193686521
62400 16.084609720459376
62500 14.318199295041316
62600 14.193326929367434
62700 15.052960307154681
62800 14.048882987948508
62900 14.453999254041783
63000 14.134983820911243
63100 17.21281893221821
63200 14.465380813294423
63300 13.847866558477701
63400 15.08652103213688
63500 15.698523360169677
63600 14.673651071918464
63700 13.81691246035801
63800 14.217580170722611
63900 15.276281664085356
64000 15.865849596841894
64100 14.72777941559345
64200 12.532429835920563
64300 13.542071983650294
64400 16.10576294295682
64500 16.205837980923597
64600 14.505044613508362
64700 15.418878331427706
64800 18.51422505629785
64900 11.972019589863011
65000 16.7447055182587
65100 15.647728471425394
65200 16.628693126720062
65300 15.095864332900799
65400 13.674076648932093
65500 14.97670300959138
65600 15.810450623328563
65700 13.000148501896373
65800 16.29935269429313
65900 13.74448364931912
66000 17.809667661060868
66100 16.584010057958114
66200 16.109982439802483
66300 15.749650445646646
66400 15.414895967804918
66500 16.172132192469096
66600 13.954545927622563
66700 13.70146993195303
66800 16.23126849990194
66900 16.646340845680875
67000 12.933717764007081
67100 16.84994449314306
67200 15.409896614583099
67300 13.756467055953173
67400 14.554916305031465
67500 13.555619144670528
67600 15.337523698563055
67700 17.184243385381816
67800 17.169105769562073
67900 13.383414084958307
68000 14.750063505567963
68100 15.416710389781729
68200 16.69340446292049
68300 16.43302284519218
68400 15.347723904721034
68500 17.574342924513715
68600 15.169766403218077
68700 15.337365278783823
68800 12.98022746615993
68900 14.818003425874071
69000 16.814748648092394
69100 18.77231868714909
69200 16.2558317841409
69300 18.901950114341485
69400 17.818838696174126
69500 15.214021457685808
69600 15.74148583684646
69700 17.282165643525218
69800 16.028650776086547
69900 15.850965561057503
70000 15.694944879170537
70100 17.183741367147245
70200 14.26740716127528
70300 17.91850727972527
70400 14.547853397571492
70500 15.914779114552788
70600 15.248542524458719
70700 15.203624043435203
70800 16.72443104067914
70900 15.163519157036887
71000 17.320156090587428
71100 15.219200683995796
71200 12.075146568676022
71300 16.029128713134856
71400 15.560687751887592
71500 13.847549226071704
71600 16.884986563239544
71700 14.526136983599926
71800 16.676779459874265
71900 17.594118188467334
72000 14.243623412840932
72100 17.545626800627637
72200 15.95696129221691
72300 17.318857263481537
72400 13.665221414727979
72500 17.26575998717626
72600 13.496148490579278
72700 16.24743748613846
72800 17.375717935220333
72900 12.47510148622394
73000 16.501799682434054
73100 17.33339296880068
73200 17.519046611502255
73300 15.949278281348066
73400 14.883124956191855
73500 16.450514144309565
73600 12.58873299653232
73700 13.079381862965258
73800 18.7565494388889
73900 17.73645597931975
74000 16.230959265371414
74100 11.936124178644645
74200 15.338770917797104
74300 16.986865532676962
74400 15.160345170864007
74500 18.61650066778934
74600 15.24846568525935
74700 17.407766921094247
74800 14.710910788548219
74900 13.607341458754634
75000 12.926148810926032
75100 16.551310300325863
75200 18.25333565758469
75300 13.477855885515583
75400 15.590776267809172
75500 16.018458310034685
75600 11.917671536771136
75700 13.744685863063884
75800 16.03928076191336
75900 15.732092336914977
76000 15.941806961440335
76100 15.468276303341064
76200 14.265628385970556
76300 17.10171895885882
76400 14.115786064943105
76500 16.704267202877194
76600 15.49673008502025
76700 15.665767970102845
76800 16.344125475315874
76900 10.677071960366833
77000 14.434284883190953
77100 17.689343948565636
77200 14.958324907927722
77300 13.798501339958184
77400 15.273955182100027
77500 13.575872287203397
77600 18.270400229073637
77700 14.96573099325033
77800 10.310520119342314
77900 14.882821119247025
78000 10.0333653229435
78100 15.043469675325454
78200 16.97648773915896
78300 16.323968045986266
78400 15.947240435990057
78500 15.238268061760198
78600 15.470476812889588
78700 17.545005632910314
78800 17.489370989426003
78900 17.23899717273232
79000 17.022050599925763
79100 16.479142654977732
79200 15.565322200781024
79300 14.483477377678508
79400 16.2294104177927
79500 16.463826866840638
79600 17.497900524904644
79700 16.381769565159118
79800 15.626354792561918
79900 17.156790948248947
80000 15.990320887230524
80100 12.427739444675835
80200 16.488656905555843
80300 15.747770706074121
80400 13.336156540396606
80500 11.789316434217072
80600 14.24220229272054
80700 15.574465116810307
80800 15.437141241030302
80900 15.708182628193226
81000 16.88593963030607
81100 16.62951158503349
81200 14.787971901681576
81300 16.682584378321515
81400 17.40026338928573
81500 16.73528440954785
81600 15.587223818989546
81700 16.155074265899696
81800 18.017140341676587
81900 16.40679534713564
82000 16.968373423808227
82100 11.453477479492989
82200 17.36692274709684
82300 16.477953644439616
82400 13.89778537017095
82500 17.534638370521172
82600 17.15086429920383
82700 17.760698619894235
82800 15.873771920629173
82900 14.61092112444493
83000 15.849974296494386
83100 16.01342566489965
83200 16.02744478557121
83300 14.030410978066902
83400 15.787436081602644
83500 16.36943227020501
83600 17.17785496170174
83700 16.265550668091635
83800 15.688385319584917
83900 17.588082366279643
84000 16.35093040004229
84100 15.07599862650593
84200 16.019255198517175
84300 13.849809358062235
84400 15.7259320645312
84500 15.6618988069199
84600 17.031203907375865
84700 16.025828891839396
84800 16.31553664527713
84900 16.36943159847187
85000 13.851517993103238
85100 12.829489923333735
85200 15.772724317359401
85300 16.82447024629417
85400 15.77452719998548
85500 16.50714636029182
85600 18.567766321619967
85700 17.987422476523165
85800 14.78805559810242
85900 12.68812992809749
86000 16.811712698347154
86100 15.68708364455976
86200 16.59183837147056
86300 14.057591268836727
86400 17.119028358527245
86500 12.658458472907256
86600 14.75180128229242
86700 17.045461439326292
86800 17.526860886395355
86900 15.754372412459935
87000 15.860752583547125
87100 14.619558879968471
87200 16.464315608769173
87300 15.032185021184981
87400 17.331041779189416
87500 13.976287228105457
87600 15.380679384478924
87700 16.31750828473014
87800 17.770891123045583
87900 14.075826514201403
88000 17.723484649147778
88100 17.05015201095383
88200 11.32762875671742
88300 16.153135157832292
88400 14.172808775224048
88500 14.44346294110865
88600 16.86123675627548
88700 14.343134545774278
88800 17.335953949101363
88900 15.86538867495487
89000 13.338099169034518
89100 16.877502218998774
89200 17.08386928804488
89300 13.501119111316221
89400 14.322357910523992
89500 16.18089967628129
89600 18.653206006067684
89700 15.761718252345192
89800 16.022583604196857
89900 18.27193108206599
