100 2.655934686773621
200 3.239787485597027
300 2.8586905665364117
400 3.5912697022129025
500 2.7542989321959856
600 1.1586793370484643
700 3.0699342903883022
800 3.416685300312859
900 5.4266042360757165
1000 3.8403031071485056
1100 4.357290689826517
1200 3.0424102701929048
1300 2.717792981302879
1400 3.8936399297534896
1500 3.9738670082719514
1600 4.2331367351417395
1700 1.3411001326817538
1800 2.553138795743702
1900 3.9246467323853778
2000 2.328306538844031
2100 2.925984095429859
2200 3.840458593868403
2300 4.166218651884315
2400 3.9363815332932033
2500 4.743971799849298
2600 5.726078226703018
2700 5.657233421087714
2800 3.70945112967274
2900 6.112695120433886
3000 2.014364222305101
3100 3.941384672427981
3200 5.406026937255635
3300 3.035084048907984
3400 1.3893493331141138
3500 3.1854159101960975
3600 1.7831942952544724
3700 2.603395196368683
3800 2.5282527876522036
3900 3.4994208544336765
4000 2.7778605765335223
4100 3.1725542630422883
4200 3.6922369705225604
4300 1.9035686855429934
4400 4.111473322296275
4500 1.827779563203835
4600 5.128196590176869
4700 3.949324896724544
4800 6.422408697066695
4900 5.749715953602838
5000 4.583535150758747
5100 3.828081441272508
5200 3.8182835751557476
5300 3.179236613635824
5400 3.075459241820878
5500 1.2758798211817004
5600 2.8387700508976246
5700 3.9598167150670984
5800 2.7020319587396027
5900 3.9465455044992472
6000 5.381027393013779
6100 5.531420595515978
6200 3.7974624724779003
6300 3.440055877344649
6400 3.8262025030863502
6500 2.3214875379137063
6600 2.383357959678701
6700 -0.5379115523166321
6800 -0.014146680611756224
6900 4.333709257337017
7000 3.597997199505219
7100 2.9789755090834573
7200 3.999414298919355
7300 2.8699320723211277
7400 1.1041212520744255
7500 2.40737341074983
7600 2.852572971975447
7700 2.713997716517493
7800 4.8177556086717335
7900 5.186108613614009
8000 3.912923618543312
8100 4.843754577356892
8200 5.90093670953278
8300 4.413020705602361
8400 6.3164643969464676
8500 6.051022031227717
8600 5.883101134624059
8700 4.673990967480278
8800 5.001878894027349
8900 4.1437346447728975
9000 2.44233330260637
9100 6.270200435879869
9200 5.131851672825316
9300 4.749321413430917
9400 2.677113936064513
9500 4.0189230733416155
9600 2.369111623770122
9700 3.653149981396566
9800 4.572533463847948
9900 2.9804812632447004
10000 3.0846558013963814
10100 4.832475162909424
10200 3.953297361048209
10300 5.7919896513740765
10400 3.8201448582159943
10500 5.018862430093742
10600 5.091728598095391
10700 5.160100013005015
10800 4.197203575870614
10900 3.7804147992505253
11000 4.512138800912716
11100 4.644236654655946
11200 6.03307156901294
11300 3.0431727328057026
11400 2.737966904962579
11500 3.1520535050717267
11600 2.048161417298493
11700 4.960257512266239
11800 2.614959095050415
11900 3.0201569163063438
12000 5.238756520431773
12100 3.8911448858802187
12200 3.9127232086320882
12300 5.89070102116733
12400 4.667927369031929
12500 2.5515977286901883
12600 2.9605372082657384
12700 4.077404286617867
12800 5.4114433693996755
12900 4.948814654541651
13000 4.480365368577604
13100 3.1222004563231116
13200 1.9133059937651562
13300 1.8505326870006789
13400 3.1949029921245717
13500 4.587169948376902
13600 5.163794283426351
13700 6.239294671353852
13800 7.8049375908070155
13900 5.046086433129776
14000 3.75988323463942
14100 4.13108158705178
14200 2.8042226012854377
14300 4.095598811338048
14400 3.8815312155269783
14500 5.319048378078696
14600 3.9074171096991384
14700 5.485053992741026
14800 5.514720564401086
14900 6.586664088706796
15000 4.769116303182676
15100 5.302302380768245
15200 5.841450486103703
15300 3.3211566415240346
15400 3.8295390765453745
15500 3.3647868955984115
15600 4.328100896920143
15700 1.8446725587010513
15800 4.892484824351235
15900 5.844064643302018
16000 2.9529609513202177
16100 5.473003453762314
16200 4.607890725929311
16300 1.683657630541738
16400 2.130968827232685
16500 4.467022790980564
16600 5.117562390345138
16700 4.605739118464462
16800 6.3310974345387345
16900 5.333435798188392
17000 6.465054548779869
17100 5.936552423160702
17200 2.1325041968983554
17300 4.200464591240276
17400 0.9404680190964005
17500 2.033692928933802
17600 2.7673955230794274
17700 3.612840626562626
17800 3.2738215717629506
17900 3.3045282643521796
18000 3.924843789462882
18100 5.191737054304851
18200 3.4546536987265326
18300 3.0812586023658284
18400 5.2936166786189895
18500 3.8474768834940134
18600 3.849930449513564
18700 4.106480612938758
18800 3.015435942729666
18900 2.876666942202156
19000 1.7341510066848667
19100 3.7710042703943203
19200 1.447203765472555
19300 2.430481474056965
19400 4.627356451781861
19500 4.205152800958602
19600 3.6749020579447684
19700 3.286572854340642
19800 4.365338131612523
19900 4.361069546883443
20000 2.9408826849032264
20100 4.312852566440896
20200 6.038993946890717
20300 4.894209485211872
20400 3.6427870210605326
20500 5.064854592349635
20600 4.858395309372987
20700 2.7497891437548865
20800 1.232799174092955
20900 3.709728420161676
21000 2.557223781333705
21100 4.556766533794411
21200 4.310879278102165
21300 4.54183063705563
21400 3.5639065362303697
21500 3.307548254430183
21600 4.941733004491687
21700 4.833516001126168
21800 4.766980479354577
21900 4.476511770180765
22000 3.2900316699481547
22100 3.1230808309549047
22200 3.9576897031173757
22300 4.368726519784347
22400 4.63196548994382
22500 4.592060531683146
22600 4.016542363570262
22700 3.952446479649426
22800 4.017100019147575
22900 4.481230826640145
23000 4.4230911769409325
23100 5.833252663156948
23200 5.237054157023328
23300 2.083666078063067
23400 2.581729577770504
23500 4.035117729543132
23600 3.646122118431516
23700 5.4348256945732585
23800 5.5392323879775445
23900 2.120099007447463
24000 2.5299576461870634
24100 1.9325434357638571
24200 4.684511209605532
24300 6.036542962968234
24400 4.926281134481453
24500 4.726891580209118
24600 4.157015285135809
24700 4.3295676601478466
24800 3.5472495225027267
24900 1.9552764304680659
25000 4.226286371536851
25100 3.4170795302155783
25200 3.644465712624287
25300 4.264964686786621
25400 4.429463450555979
25500 4.782915533471051
25600 3.2386791306869416
25700 2.1076283758045817
25800 2.5165921901497885
25900 5.087821833950436
26000 3.756587846258902
26100 2.5727884147374365
26200 4.109292157128651
26300 3.5149853073707242
26400 3.609570080331838
26500 4.539857261689867
26600 6.713203305972265
26700 2.0289718756581747
26800 4.3363904253402845
26900 2.9028967367909226
27000 2.280697905660143
27100 2.668443567356332
27200 2.655194686438166
27300 2.0269359546183785
27400 1.4866401106993006
27500 2.555141554374513
27600 1.841261035295203
27700 6.144287343100158
27800 1.386644967993272
27900 1.3518577166356223
28000 5.556366907009953
28100 5.51393478005462
28200 2.5263267720009175
28300 1.9996296720328104
28400 1.5584816487606137
28500 3.356061916025415
28600 3.7842573398939665
28700 2.480234458761833
28800 5.161775421310316
28900 3.202614462726507
29000 4.37077721602923
29100 1.634727368835406
29200 2.6877161178101705
29300 5.677865505176082
29400 5.689588066655961
29500 5.20770486146894
29600 3.5606871914204246
29700 4.574349088680192
29800 4.632803889151108
29900 5.280613570663632
30000 4.660295842340548
30100 5.873204009597797
30200 4.615385415569455
30300 2.1739343959385273
30400 2.6813427246453445
30500 4.196587471528609
30600 4.138428707679951
30700 5.77366666426922
30800 5.176540736239961
30900 4.94917708414949
31000 3.955659065878148
31100 4.291471632519046
31200 4.490215609296155
31300 4.977880568816793
31400 6.311474058478964
31500 5.269228111522308
31600 2.8063448865332274
31700 1.5689765284106938
31800 2.3551338092430796
31900 3.1015076934409063
32000 5.947269740719186
32100 4.827273839851856
32200 3.3001224029220566
32300 3.9549110805380003
32400 3.5110926645990626
32500 3.8855162955355036
32600 4.867791226977215
32700 2.453968969847683
32800 3.9958970905678144
32900 4.56875766370119
33000 2.328843757026081
33100 1.1105959452189218
33200 2.2300939968389604
33300 3.2516580926619194
33400 3.444918320168475
33500 2.7220475048706847
33600 1.1147379292362503
33700 0.5056854951882586
33800 -1.004249401755113
33900 -1.099348838752671
34000 1.5618911651380702
34100 2.6362498838957222
34200 0.6241599616569575
34300 3.0140285696729108
34400 4.739030634389864
34500 4.016394004158911
34600 3.178800234406789
34700 3.9957438185219467
34800 2.6278976533640517
34900 4.626561737563843
35000 0.7261483108493034
35100 2.988306441511547
35200 3.280763691021796
35300 4.29778829786391
35400 5.415067556506173
35500 2.331528997884682
35600 1.0527027048513642
35700 2.498058583437512
35800 2.067681319210599
35900 2.881248407085273
36000 3.7566747412264547
36100 3.917852307984559
36200 2.8104861258360416
36300 2.59356771265446
36400 2.5050885971839683
36500 4.995647231380513
36600 4.699711926230774
36700 6.099783477121833
36800 5.184819143319358
36900 5.318283161653792
37000 1.915946775461821
37100 4.2594392763420155
37200 2.770427845126198
37300 4.8442032864735065
37400 2.3249826001242884
37500 2.3551408173231
37600 3.609043279183497
37700 3.9170852882558487
37800 5.071074723791535
37900 3.0515720018949617
38000 2.7027883308887226
38100 5.381386702688284
38200 4.0050437269110075
38300 6.0678519378428
38400 6.47212542692898
38500 3.15233666075306
38600 5.342174878018946
38700 3.2533742827873104
38800 2.3187592793799676
38900 3.4242345276727413
39000 3.2960131482374484
39100 3.3706916144477095
39200 3.798016679340568
39300 2.755974672464739
39400 2.672926484813515
39500 2.535230762430841
39600 4.662495930958506
39700 4.316686379765911
39800 5.026686308488194
39900 3.313982191157489
40000 2.3176217327886546
40100 3.703538935643831
40200 6.183106261553993
40300 7.182804234526632
40400 5.083392566295752
40500 6.623876919573015
40600 5.090816257041946
40700 7.114114858899969
40800 6.04164930418635
40900 4.045381653409635
41000 3.9025525740338654
41100 4.123295267825097
41200 3.6963634011439788
41300 3.3129888071971183
41400 1.8844808567057763
41500 3.8507351424374687
41600 2.5730867421603367
41700 3.9183755576543846
41800 3.354614712184269
41900 3.511831274636861
42000 4.175750267761671
42100 5.2226845892556195
42200 2.6122141873668
42300 4.375221476661358
42400 4.673250157418816
42500 2.0763220814626813
42600 2.7001179392849384
42700 4.9459504983493225
42800 3.9592429511982186
42900 1.9105335291565684
43000 3.915085906206185
43100 3.6257610533838034
43200 5.134395668006817
43300 3.898157952462467
43400 4.903102475608965
43500 3.8456254149507787
43600 3.953612309242561
43700 3.862408528972722
43800 2.5356592884716536
43900 2.8313658825213497
44000 2.090227424100341
44100 5.304625472420124
44200 4.817525047937019
44300 3.548285283293607
44400 4.791403234294248
44500 3.5519200494906698
44600 2.647609338413654
44700 1.8599658555517273
44800 2.7429852835696966
44900 5.139906923085634
45000 4.17731994063452
45100 3.1176547655468654
45200 2.7285927658449913
45300 3.5095603052889963
45400 4.825781092509407
45500 2.8516507075519106
45600 4.251959213015102
45700 4.1285086546196155
45800 1.6752021413698248
45900 1.6438911560738954
46000 3.4684916264465113
46100 4.953322752061446
46200 3.4102330913041072
46300 3.6071626313347225
46400 4.072876672077376
46500 5.893213970444482
46600 4.923257349554957
46700 3.80256621004777
46800 1.720625974610492
46900 1.294654292639184
47000 2.510321058846224
47100 4.21096392499329
47200 4.488978189385904
47300 5.1625935809084975
47400 5.679945835488772
47500 4.63910261515701
47600 2.1350440050435515
47700 4.898981647612458
47800 3.2216383497611765
47900 1.7392361064235813
48000 0.5006874197455415
48100 0.8306192932356906
48200 2.4324354416534004
48300 5.084417237787467
48400 5.680029581436828
48500 4.310520295765708
48600 7.1493126658034
48700 2.848128254156422
48800 2.5329178163301203
48900 4.99910349217895
49000 4.781504089343434
49100 4.148520950684496
49200 5.086442298630734
49300 4.256702263639077
49400 4.155683916763589
49500 2.390591938685877
49600 4.162122580077334
49700 4.901371224426468
49800 3.8046793556343683
49900 1.7651092210977468
50000 1.6126833751002911
50100 3.0172623140351633
50200 3.0433018253106603
50300 5.781608956834248
50400 4.000255999665616
50500 2.916271124134851
50600 2.8910776708467427
50700 3.52798923691531
50800 5.791295961078893
50900 7.173653625025948
51000 7.321017885392801
51100 5.919618291987183
51200 6.504231708839093
51300 3.261269776896559
51400 2.7150423001530073
51500 3.1860797162088614
51600 4.317206748836298
51700 2.84542792985164
51800 3.590950446676071
51900 2.4786444516502466
52000 4.35646575318102
52100 3.5731599077528373
52200 4.10221095394051
52300 4.97925788986313
52400 2.46399372684649
52500 4.779705260028914
52600 2.1548142360002425
52700 2.293059853017904
52800 4.3837165280362935
52900 4.947795877103975
53000 4.628569744967332
53100 5.579540116487079
53200 4.3202726537512675
53300 5.691883100740508
53400 4.211570711168803
53500 4.783725885655102
53600 4.323802039432978
53700 3.845023842711235
53800 1.621165652102804
53900 4.477674009995029
54000 2.605872840987301
54100 2.8245777615937238
54200 -0.3385443216719559
54300 3.656489097071345
54400 3.130500478107073
54500 1.9279407700970468
54600 4.029160024761072
54700 1.1219718733506219
54800 0.14833831918542834
54900 2.5056887753259884
55000 2.0217282875944873
55100 3.3744717218804894
55200 4.096034119801711
55300 2.8670681413924908
55400 2.475550579720022
55500 4.148764411495745
55600 5.224708386923852
55700 3.2325933113599765
55800 3.8638695062257167
55900 5.898953054824206
56000 3.6659097093832758
56100 0.6017645553167688
56200 2.474448476428522
56300 2.7755090985557813
56400 5.512195902165795
56500 5.374411060422658
56600 6.8819466887460266
56700 5.232651324265994
56800 3.8112848988006416
56900 5.408163218099028
57000 4.354210865545271
57100 4.382258701706612
57200 3.1007837256836415
57300 4.997868469305329
57400 5.4530293202553555
57500 3.0431391088405717
57600 3.0201649264589774
57700 5.388943897372226
57800 2.6775175070518795
57900 3.1579116239649143
58000 4.403953236820113
58100 5.040289509668338
58200 4.512351364434555
58300 -0.07455082461199924
58400 3.032930329621873
58500 3.6639387382518662
58600 2.7725397893402306
58700 2.628982408127421
58800 4.559486210517845
58900 4.391970533650978
59000 5.331828275866846
59100 2.9251721333134464
59200 3.1736755498933205
59300 1.7478910844074145
59400 4.3655187896545895
59500 3.783303712458853
59600 3.226663929262793
59700 2.273355262559662
59800 4.156441724082146
59900 4.648175438196917
60000 4.469132772871726
60100 6.303456104060842
60200 4.981986867351174
60300 4.117253693569336
60400 5.384794767373025
60500 3.9393450479617176
60600 4.808681277581495
60700 5.864614183383726
60800 2.4751430876133944
60900 3.9643455840370363
61000 5.6523849206859405
61100 6.451298774802814
61200 6.910276171551411
61300 3.6422688086621258
61400 3.9779724411587187
61500 3.9814750457683363
61600 1.1441167010261486
61700 3.6817952276864236
61800 3.8224573260525867
61900 4.754864663129021
62000 6.20419540565617
62100 5.077928754984246
62200 4.465733894145855
62300 6.612889614229829
62400 4.938880053403063
62500 5.507317351905095
62600 4.017729562372263
62700 4.072770007126292
62800 4.348269782950694
62900 3.022298595555192
63000 6.166895750644945
63100 3.738974124521011
63200 2.220737835688404
63300 3.7202140448849472
63400 3.4322906669482234
63500 3.7285983779373586
63600 5.25820437308146
63700 5.142071760027316
63800 4.298867420121671
63900 6.358956983647075
64000 6.073470316409403
64100 2.710604571218525
64200 2.121820725817707
64300 4.263251710114552
64400 4.168267342279355
64500 3.7881436528029595
64600 3.9874896785820133
64700 3.561241462507185
64800 4.2362032538428345
64900 6.956718051309065
65000 3.77220454492907
65100 4.873855407826213
65200 2.744932864470982
65300 5.994639055976656
65400 3.4677961110866424
65500 3.6990959606678517
65600 4.2169310247053895
65700 2.949569000397133
65800 5.729515018682096
65900 3.235931828195206
66000 5.632068056128126
66100 5.040963376276811
66200 3.7980767136144267
66300 4.345080703731446
66400 2.1035840943495434
66500 4.7041021144498725
66600 5.361008201820409
66700 2.966713417143833
66800 2.37601103754602
66900 3.879180663885026
67000 4.902125570215176
67100 5.369716913341904
67200 3.785055458696856
67300 3.869997860540257
67400 2.6040273213384957
67500 3.7947059915052215
67600 4.179219973565622
67700 2.159815065372671
67800 1.4118228513264122
67900 1.9861741881247266
68000 -0.2284470474847452
68100 -0.9371907870578087
68200 0.8286238701476571
68300 3.534970931896889
68400 1.937017790875119
68500 3.899961063922307
68600 5.17065481639412
68700 4.961798612542655
68800 2.148101896795486
68900 2.8978459077569916
69000 3.1560566375270924
69100 5.613629305682159
69200 2.7979167776768135
69300 3.3845473653398157
69400 3.4666412183178754
69500 3.444440102031524
69600 1.553272999700031
69700 2.760750866180468
69800 5.490526473908616
69900 1.557519990505492
70000 -0.616268671613212
70100 0.09042710413076493
70200 2.141341226846719
70300 2.769892707670859
70400 2.7240247440789735
70500 3.4136034762207377
70600 4.485960894639922
70700 4.925115403954291
70800 3.0452467593406904
70900 3.495381868308962
71000 5.090911892712736
71100 3.424639795059462
71200 3.084698379488757
71300 4.937335895511862
71400 4.214272447566048
71500 3.867659101465981
71600 5.227997018576406
71700 3.6950943102096754
71800 2.5854592678229507
71900 1.7301813885243698
72000 3.856320232991303
72100 3.7866471793176486
72200 4.182389918727128
72300 5.909975707922405
72400 5.004336057843006
72500 3.1704439868550334
72600 4.295599668463247
72700 4.031621064036242
72800 4.369372748127003
72900 5.59533015033701
73000 2.361634703799434
73100 3.2743857263569542
73200 4.54968183987462
73300 4.027663775945607
73400 5.594256505962694
73500 3.9813262309721313
73600 1.7490827475465145
73700 3.691483708036946
73800 5.0476377419389244
73900 6.263342024405796
74000 5.203841785639748
74100 3.9947943785198317
74200 6.389138967587289
74300 1.7938252460348691
74400 3.5043110803044355
74500 3.1038340282748673
74600 4.409544476783539
74700 3.3665707367238147
74800 3.5280988387860313
74900 2.7094292242754925
75000 3.351807545092096
75100 1.2360806575908438
75200 3.673096729823725
75300 2.2730768068779152
75400 4.942615988043763
75500 4.768575465819702
75600 6.049068784007302
75700 2.929093965121305
75800 3.153071190681931
75900 3.6351594707108914
76000 4.812345947385789
76100 4.441181835214406
76200 4.124605599940623
76300 2.382188229461937
76400 4.016430059595008
76500 5.047539276584841
76600 1.9982110610995585
76700 2.553846697345523
76800 1.070794850452034
76900 5.102074311746868
77000 3.9699209155052753
77100 4.473354400391417
77200 3.26195759807334
77300 3.299711016916015
77400 4.7870849721805255
77500 3.8481142104237565
77600 6.297310556330215
77700 4.6407273716208115
77800 1.5958612122424216
77900 3.520099526308742
78000 4.596431361723447
78100 5.496286525295356
78200 4.755966667096753
78300 4.757513462283445
78400 4.874308892544318
78500 3.167952169401185
78600 4.523611453215918
78700 3.7281212525893475
78800 1.4686886574734452
78900 0.9926357686895293
79000 3.9063902381516376
79100 3.9229833563050365
79200 4.985737864434552
79300 4.455781473452671
79400 3.894007836022374
79500 5.440346928626577
79600 4.997393159146096
79700 4.0809370298072265
79800 5.131218359731947
79900 3.344226392388459
80000 2.9609388084100727
80100 5.205657094208218
80200 4.505419557685279
80300 3.6767768136076677
80400 4.011368674118972
80500 3.725725826834384
80600 3.407999494210281
80700 3.6237464463091498
80800 4.009490214955122
80900 5.733341416009891
81000 4.833810780022484
81100 4.205654064480719
81200 5.229436851363655
81300 4.646525787878312
81400 4.858115581580047
81500 5.667086145412908
81600 4.879013492024343
81700 4.374731663523179
81800 2.9864153103784137
81900 2.601687995387355
82000 2.315488872600886
82100 3.8030393861320997
82200 5.323670796219024
82300 4.520512038593411
82400 1.1571959490570929
82500 1.0847121952397294
82600 3.218802444333482
82700 2.537396595144702
82800 3.4843408924681163
82900 4.043638271464819
83000 3.4684353768475527
83100 3.6789051801529693
83200 2.5814188699957006
83300 3.697849429526943
83400 5.573688194646007
83500 3.497896958057773
83600 2.9541065775523294
83700 2.135380725502814
83800 3.568516636660171
83900 1.4409372794472803
84000 2.6362471165763854
84100 2.04540865692899
84200 1.6631385803482885
84300 3.560526802497907
84400 4.496369376692696
84500 3.8485961638865334
84600 3.6916075520076266
84700 3.044153108224001
84800 2.010319087225104
84900 3.620906054804034
85000 4.5455967028045885
85100 3.2628576795926842
85200 4.588984470755416
85300 3.905503833627459
85400 2.9930503207303576
85500 4.678585441981871
85600 4.378857887123225
85700 2.985393323472745
85800 1.8365852542213783
85900 1.1653261536323567
86000 2.3126848293729183
86100 3.8971038633210284
86200 2.1475628345303672
86300 1.8763621681085483
86400 4.029013224513562
86500 1.2435991892446587
86600 3.000222769296561
86700 3.5406612000200495
86800 3.0001088222697527
86900 2.489601603430705
87000 2.7503381144021697
87100 1.0927667078410126
87200 3.325178346636474
87300 4.969552962429209
87400 4.953881130397463
87500 3.0810406067657365
87600 3.165257772664253
87700 2.7324963086395253
87800 4.765951736801036
87900 4.5354399123800855
88000 2.6582815202502643
88100 3.0421303968860007
88200 4.582615400837746
88300 5.459868818506733
88400 4.396510428113709
88500 4.604172324524197
88600 3.0704393447402856
88700 2.485251165379131
88800 1.637050630175521
88900 3.366904453791003
89000 3.435759750774443
89100 3.297838700671259
89200 5.52269246775887
89300 4.253112314313884
89400 4.273236499216646
89500 3.8657023956314522
89600 2.2659269591224267
89700 3.5743734410279435
89800 4.039620121180543
89900 2.5297014680865164
90000 1.500546620392165
90100 4.252104326536142
90200 3.553443549719264
90300 4.592113121648444
90400 4.155505971723337
90500 3.29638230867695
90600 2.260531239916895
90700 3.1677531671721124
90800 3.9236720287321933
90900 4.233881797590711
91000 4.699342022871561
91100 4.593164208383187
91200 1.6561117923600175
91300 5.1667251256826425
91400 4.880107888296093
91500 2.49303884688795
91600 3.5964492680571998
91700 2.4464769711826175
91800 1.7684132039756695
91900 3.5569327601700067
92000 3.4513413262522326
92100 2.5047302495938735
92200 3.001974651473205
92300 2.8296989111796833
92400 1.3190158457592291
92500 2.779521982621953
92600 4.034776185991574
92700 1.1130344311842262
92800 2.030737002094723
92900 3.164473117866932
93000 2.3905551119682125
93100 4.320907946280856
93200 1.7632038901581961
93300 2.8450834577083604
93400 2.529015587832575
93500 5.581628245455791
93600 3.0168954465262927
93700 4.861276365409848
93800 5.1316604628003315
93900 4.707772256956727
94000 2.399726076830528
94100 5.737931469045419
94200 3.9325378351961637
94300 6.4872558097356015
94400 4.599915248586706
94500 5.393770670039249
94600 3.355963222277238
94700 3.342556384681327
94800 3.488973814662396
94900 4.8614494296385615
95000 3.0801474740691943
95100 3.6802569753190726
95200 4.547369622380459
95300 4.988000961462508
95400 4.052478829040585
95500 2.5594149452422994
95600 5.051655109839411
95700 4.662031099506867
95800 4.432223990092666
95900 2.27985236329623
96000 2.0070595654226633
96100 2.4567046402967088
96200 3.48447697792203
96300 -0.18425616885202234
96400 1.0047148386362608
96500 5.068613842915446
96600 4.400049717748568
96700 5.993236830452074
96800 6.460496972341524
96900 7.3670114553049055
97000 4.5530931440289075
97100 4.887360897938251
97200 5.1930987194277725
97300 3.8789846403618577
97400 3.6382694516912935
97500 4.941461487381735
97600 6.343273265962129
97700 4.288649021544195
97800 3.6553762102076828
97900 4.267372973905784
98000 2.8422366218392914
98100 4.411545748732596
98200 5.489777414430992
98300 4.934206995846517
98400 2.4793667150755008
98500 2.253951283450919
98600 2.8915781502478213
98700 3.3934407870057703
98800 4.161010288275348
98900 1.7973694879563102
99000 1.5364723139488095
99100 1.4244969252926563
99200 3.064848136828415
99300 4.0894626140326755
99400 2.4359191419454804
99500 3.6862105367737095
99600 2.4284619297284027
99700 3.2689263406463733
99800 4.225759922194078
99900 3.089216663617432
100000 3.758564334344793
100100 2.230553555887024
100200 4.204334395749853
100300 4.766326598961202
100400 5.56638696312041
100500 4.234883077661123
100600 4.0314349437817345
100700 4.8871211850136635
100800 4.5998846692009545
100900 6.533624761001877
101000 4.049738702164001
101100 5.155127998080199
101200 3.93544206899277
101300 2.267521924428408
101400 1.7634406665338804
101500 3.504091560947291
101600 3.597106718881138
101700 2.114335988196501
101800 2.2134362865121373
101900 2.665735614161229
102000 3.793257560179928
102100 2.517184058988984
102200 3.495880458943984
102300 4.416165384049822
102400 3.577798867974823
102500 4.874219869400378
102600 5.4612192566528694
102700 3.5969813707378298
102800 4.3367925815277
102900 4.262605971053597
103000 5.260646921038841
103100 2.598684146393823
103200 2.6787040340903934
103300 2.652385112670056
103400 3.211665775716844
103500 4.32536567738741
103600 4.065745660628215
103700 3.6913242284438508
103800 0.39115181926590853
103900 2.066369529327241
104000 3.6982900328933805
104100 3.7476862682175938
104200 3.3925732071791486
104300 4.882118714543207
104400 5.404915669259636
104500 4.419425299744535
104600 4.6425075067061
104700 5.415302807347011
104800 5.958253162385067
104900 3.434128796349403
105000 2.804824969132931
105100 3.6919840057212463
105200 3.9203156380866018
105300 6.52253796521177
105400 4.947787927006023
105500 5.359472832214936
105600 5.666661583307383
105700 4.531612217178859
105800 3.324288293319648
105900 4.320964765649935
106000 5.408569270507124
106100 4.233035549892572
106200 5.441721321824552
106300 5.285810003844814
106400 5.303949733540061
106500 3.222736042926503
106600 3.823759359022981
106700 4.430192066834864
106800 3.2843911315301897
106900 5.556441295018786
107000 2.8572152886112976
107100 5.887114573268172
107200 5.317678338575332
107300 3.3031879466222267
107400 4.9139177561669
107500 5.048595459015287
107600 3.538303982805071
107700 5.0426589708955465
107800 2.8375984177610096
107900 2.8880342965608516
108000 4.340141395492516
108100 3.467276125215302
108200 2.8057825253447164
108300 1.6525714806930898
108400 3.33361375808246
108500 4.140104876599908
108600 1.7641225478770817
108700 0.9471119563364254
108800 2.4091770329636994
108900 3.459956073636569
109000 1.6513656075500411
109100 0.6287183093314527
109200 1.4503897197787488
109300 3.5083005860934953
109400 2.468070888255226
109500 3.727453330198031
109600 4.410456425531979
109700 0.6543902205097198
109800 1.8005756071527808
109900 2.795516573093438
110000 4.064777913511808
110100 4.059454734014535
110200 3.3540840142777184
110300 3.8732569281952474
110400 3.740723177009082
110500 3.4252634248701077
110600 5.303124259137826
110700 2.7848845955601935
110800 1.8128634531804775
110900 3.1416748628260125
111000 4.892310139092623
111100 4.405395063623427
111200 1.315530528477423
111300 3.5039308435898424
111400 3.70858930126648
111500 5.11249729554824
111600 3.419757662069806
111700 4.945159122826729
111800 2.9254364436608546
111900 4.506126000099252
112000 5.179135485874704
112100 6.780043583142344
112200 5.598553525407297
112300 4.87804938415925
112400 4.443809519413999
112500 2.9142565124089312
112600 5.151896212216327
112700 4.394410002928502
112800 2.9003177291362543
112900 3.2800622638581753
113000 5.918962718471519
113100 5.314395845478626
113200 4.045268647694043
113300 3.543050001838371
113400 2.6655699889529005
113500 2.1516040821513283
113600 2.928309296055415
113700 2.1566922164448163
113800 3.5712228652271047
113900 4.675034879613783
114000 3.644500290521214
114100 3.923298107737617
114200 4.624320496049484
114300 4.3986311979818655
114400 3.4433802815567716
114500 4.2035927009903595
114600 4.667067024887491
114700 4.22389005792143
114800 3.8625046577693696
114900 5.1880611418681015
115000 4.585015987609494
115100 4.023809095519125
115200 0.5371643022272592
115300 0.172920348814321
115400 3.6213140644644204
115500 0.7367764382587079
115600 3.4312623926937524
115700 3.855290719681496
115800 4.874722734788927
115900 5.37464769240383
116000 6.665339734215374
116100 6.58126589809528
116200 3.099988842396762
116300 2.8549590994812295
116400 3.6782976750985945
116500 2.8002269466223737
116600 3.9186313794295424
116700 3.547267673153609
116800 4.374744043774218
116900 3.707454833675197
117000 4.355195573855632
117100 4.961196922366144
117200 5.241457590095973
117300 4.818269722237258
117400 4.820907398599148
117500 5.080083190747031
117600 4.86048713349511
117700 3.9905138999324157
117800 3.9907504114559105
117900 4.259389899537158
118000 6.141734681151188
118100 2.119143946986189
118200 3.0618479755390466
118300 2.838838789058596
118400 3.2744718207782952
118500 3.819562030924978
118600 4.2520514228596875
118700 3.8483000666944136
118800 4.7335511113043625
118900 2.088001413431624
119000 3.042504827615223
119100 2.4422475639928756
119200 6.481177391408542
119300 4.100897707734442
119400 2.292919554588636
119500 3.9786823742238413
119600 3.04367901640144
119700 3.7827716024223137
119800 1.9668365902672298
119900 3.405859804664899
120000 5.712804462629655
120100 5.458271123450619
120200 4.052503847825645
120300 3.7859205664682656
120400 4.066086400643862
120500 3.2008389444352954
120600 5.212092772449148
120700 4.161098872430345
120800 4.8475905841233295
120900 3.0877036975329597
121000 7.0035516187953375
121100 5.91965527306787
121200 4.9064207007262475
121300 3.601876084188928
121400 2.861218259385644
121500 2.9926241147152997
121600 4.110479513726914
121700 2.567596273755034
121800 1.3249694970478525
121900 1.776190975146267
122000 2.392581706203801
122100 2.8926894136480312
122200 4.941207031746866
122300 4.292044234918472
122400 3.616056570159712
122500 3.82916959130941
122600 3.0922078104239903
122700 3.2858394922817062
122800 3.7551831609609967
122900 3.8800287082750837
123000 3.2587209524287677
123100 2.3194171575863094
123200 4.1853785416935665
123300 4.096854598678929
123400 6.181900814741744
123500 4.524012665546178
123600 4.34105488179996
123700 2.037265440257296
123800 1.6203147691743085
123900 6.232855062244831
124000 5.107529005456407
124100 2.4691806262471108
124200 2.555452621105466
124300 3.316642170305923
124400 3.817475130663997
124500 5.266903044662988
124600 3.081406206862328
124700 3.719809619407154
124800 5.96806254390183
124900 6.052808096090433
125000 4.522994301444618
125100 5.198416351844828
125200 4.809634518050357
125300 4.430163232335648
125400 4.532830906328487
125500 4.254978743427819
125600 4.095135199208955
125700 1.929629149756581
125800 5.567245740810766
125900 4.971638014199614
126000 5.476202587881745
126100 5.846488493842787
126200 5.541745842670983
126300 3.4446890762011435
126400 2.8757706541030976
126500 2.608907110519443
126600 3.7013497428906277
126700 5.908958081366263
126800 4.458361973125565
126900 3.415444454818935
127000 3.9912775907402382
127100 4.33207479290181
127200 4.413052281395665
127300 6.273836439222178
127400 7.034052713500292
127500 5.72747843059312
127600 4.420283198875465
127700 6.142286689575481
127800 5.169572776039201
127900 5.902672037216996
128000 5.053200675702282
128100 3.6070344293524923
128200 2.592666366650095
128300 5.412383166363875
128400 3.049982433884999
128500 3.2586216433514092
128600 4.195148213072013
128700 4.362305191799371
128800 5.714151860209147
128900 5.21359806859149
129000 3.4861884509319228
129100 3.8559457097735623
129200 4.692259578856267
129300 3.9510261854031175
129400 1.872243669365001
129500 2.6922115814440946
129600 1.815278648317962
129700 3.0368984357689444
129800 2.4321784297752345
129900 3.2129858231236987
130000 3.386770588606784
130100 2.0052468627150417
130200 5.150871097298022
130300 4.958392579312746
130400 1.6054892807074754
130500 4.859871702865917
130600 4.932747185005555
130700 4.19020932466739
130800 3.1400017909233946
130900 3.099356153957201
131000 3.740249428333582
131100 3.9004844378196895
131200 3.596003283385877
131300 2.4888398322554925
131400 4.496624586387819
131500 2.5490219349048275
131600 3.8883789883793165
131700 4.2079650713901104
131800 3.7684918496135666
131900 4.217077665456474
132000 3.310871721623785
132100 1.9690714244579863
132200 2.498049554218491
132300 4.044549265679317
132400 2.4830414360989392
132500 1.3859990847757695
132600 3.2268999936926903
132700 1.4417035732738008
132800 2.0922215348754305
132900 4.371512680843627
133000 2.9439497878326826
133100 2.291157843019373
133200 1.0710887781556562
133300 3.512253794856119
133400 3.2418948277672435
133500 3.4614322237833552
133600 4.438848077143115
133700 4.093630139240158
133800 3.7035216614690842
133900 3.267847598234033
134000 4.617554679372828
134100 5.055888858950057
134200 3.522532086989715
134300 1.9927470199077673
134400 4.099550426493322
134500 4.801134808866093
134600 4.088176007580476
134700 4.6428641066115
134800 4.686187879639461
134900 2.577526196444636
135000 5.497163541216992
135100 5.71936798949461
135200 3.4181917888862445
135300 1.1260061644545436
135400 2.619824526388365
135500 2.86236939271928
135600 7.083574566315034
135700 5.728809385995959
135800 4.3016208242152505
135900 3.7546749729315314
136000 4.584037360762849
136100 4.969389320550916
136200 2.9322112650023784
136300 2.1134103287020656
136400 2.4094169154126734
136500 1.6145567997882129
136600 2.8082726030998377
136700 4.189666138790091
136800 2.6295792444717963
136900 2.505100629866414
137000 3.6599552333851446
137100 3.3158986131317802
137200 3.603137031782001
137300 5.056612150712983
137400 3.811318552303642
137500 4.00101935064325
137600 5.863060266367279
137700 6.760192476914026
137800 4.084133168474816
137900 4.293116208808517
138000 6.314646279433754
138100 7.211603659974748
138200 6.142895599349823
138300 5.534419326666217
138400 4.884708688671825
138500 5.479932754281553
138600 6.050866588570618
138700 4.512995048129908
138800 3.2876055731534986
138900 3.1507550854108857
139000 4.706681209357189
139100 1.5587950544212583
139200 4.817705211491722
139300 3.996866125396725
139400 5.1016206628207
139500 6.377606782251466
139600 3.023537270212762
139700 4.394582664436248
139800 3.287583481710329
139900 2.600888984074166
140000 3.36474265613198
140100 4.150449321726113
140200 3.8097471643935696
140300 2.5492810961501617
140400 4.200796140022267
140500 5.626795593310578
140600 3.2425570355904716
140700 1.5870368504610128
140800 1.3222365629675372
140900 3.4265745000737224
141000 4.957480624332505
141100 2.724520589216117
141200 5.58703060534266
141300 3.3164855164926954
141400 3.9642215810641597
141500 5.222157314560431
141600 2.943559374552918
141700 2.8685348108748645
141800 2.3597660865545196
141900 3.720654056725449
142000 3.999276830141286
142100 3.9682942225502726
142200 1.5623143910610193
142300 2.283201799946804
142400 2.959476977204927
142500 2.1017343606812426
142600 3.7711235086502866
142700 4.943487222409688
142800 6.1398618321525005
142900 3.353370124118115
143000 1.1872411735176265
143100 3.1331764142108933
143200 3.764176775481363
143300 4.75757082460592
143400 5.620017838101688
143500 3.8654283130243154
143600 3.1821533761164655
143700 1.5737920721147565
143800 1.6734883909137948
143900 1.7259880246062906
144000 3.10591477614236
144100 1.914707908586536
144200 2.5732226482907357
144300 1.5458938717355932
144400 4.137691843344326
144500 5.566876506036658
144600 2.8874858163786667
144700 4.115444580134442
144800 4.518806802035519
144900 5.54032297859151
145000 3.2808601932238477
145100 3.2765699453703188
145200 4.205886294341147
145300 2.644953241534968
145400 1.4209210865103226
145500 4.111201247833102
145600 3.9586499384212646
145700 4.664448323821481
145800 2.799494342868916
145900 2.773798010828895
146000 3.652912901320265
146100 5.028577275102313
146200 4.258352945933689
146300 2.5073898396489915
146400 3.838355278371725
146500 2.953151748735884
146600 4.8806385730955775
146700 3.7609548387996816
146800 1.7550544592619308
146900 3.5352215523923105
147000 0.2362617757915456
147100 5.21066071129736
147200 4.741608342457191
147300 6.010322166550715
147400 4.996720919409368
147500 5.086734058694308
147600 3.8443388224840307
147700 4.864639084337263
147800 5.332694164586609
147900 2.2498714546157674
148000 3.2145079666750416
148100 3.609260548328768
148200 2.1253654059311957
148300 1.7970848237327386
148400 2.087079003917531
148500 2.5247814932441925
148600 2.0226479921489124
148700 4.279745040867465
148800 4.712457102112452
148900 4.210177879278392
149000 4.99860652697505
149100 3.565209711811573
149200 3.0229167464764797
149300 5.046482562771404
149400 2.8502648173188123
149500 1.6098003074601976
149600 2.493935822995021
149700 3.427208717542864
149800 4.165541220665095
149900 4.828219835786222
150000 5.578345594110043
150100 4.728953145860097
150200 4.533065978078561
150300 4.564349284165061
150400 4.752696630302613
150500 3.150467892455468
150600 1.1994557544988018
150700 2.058915124715155
150800 2.7553589773988136
150900 2.1920125989296464
151000 3.015948489623646
151100 2.814236813056561
151200 4.146391055016711
151300 1.9252462122575695
151400 3.7003390215275918
151500 2.336811390666615
151600 4.827327410062441
151700 5.503114755505674
151800 5.519610230313342
151900 5.869240797908894
152000 3.4394572041425047
152100 7.042317756650323
152200 5.446390652848656
152300 4.452587697549972
152400 4.272775866078824
152500 4.740092050859315
152600 3.198655643423539
152700 3.1354784213275337
152800 2.2094575784145576
152900 4.106530685159184
153000 4.423387821208456
153100 2.2389930707863646
153200 4.246411988551814
153300 5.782662573685235
153400 5.4810721792425525
153500 4.513745557327723
153600 6.384731658375812
153700 2.4056114187064725
153800 2.3743845312700658
153900 2.524197708907325
154000 0.9142503557168251
154100 0.22836609604464614
154200 3.1515273205458296
154300 3.394272306178813
154400 4.822389617257438
154500 4.627899710720405
154600 2.0225987415592415
154700 0.6384872157187755
154800 2.471393212441262
154900 2.7405280304910176
155000 0.8598902001300672
155100 3.984285123388628
155200 5.476992356479196
155300 3.711565624808572
155400 3.8114841766093304
155500 2.714298432636474
155600 1.6782806798849599
155700 2.7735090415707226
155800 3.4504189902654128
155900 3.159251893525924
156000 4.083223713792408
156100 6.288004985023572
156200 4.248263252819833
156300 4.4285350161338055
156400 3.337899268755947
156500 6.507129139571246
156600 6.574653647024444
156700 5.165595078712898
156800 4.813770931340529
156900 3.6611023860660152
157000 2.833433723776741
157100 2.6174512696717835
157200 4.310252773193993
157300 2.951707679303233
157400 4.609195183048997
157500 3.388660729761763
157600 4.161895020619403
157700 2.371472662364195
157800 3.0001145019805353
157900 4.682911370693225
158000 4.8306067666202095
158100 3.4539435728491474
158200 3.6947844674765093
158300 5.202352206266568
158400 5.708546744773634
158500 3.482876746288066
158600 4.286086113331485
158700 4.354789250625108
158800 3.2816048941640616
158900 2.421520697364396
159000 2.9762219423125607
159100 2.6962829825818995
159200 5.321940797973441
159300 4.351412276083487
159400 4.049396263592579
159500 5.697815528139722
159600 4.226648845552221
159700 5.252730608444195
159800 4.804828873843667
159900 1.4528485496833459
160000 2.455843813928477
160100 5.756739763278821
160200 4.225738591682832
160300 4.057863099177994
160400 3.695377604351966
160500 3.662156654502025
160600 2.471442626773
160700 3.757501304026818
160800 5.436505985256293
160900 4.11818711730317
161000 2.630559415374082
161100 4.967440741165293
161200 3.568807008227619
161300 3.3751337601984908
161400 3.3886741398797384
161500 1.2279112291142646
161600 2.4366013780346885
161700 1.9377958665329118
161800 3.5046271947304364
161900 4.479989674876871
162000 2.8423093254779714
162100 3.0388828441553737
162200 3.8127485393853315
162300 3.1447510124076836
162400 2.928685470408796
162500 2.7292694218182874
162600 2.603505867875501
162700 2.471218465285981
162800 4.103449533177997
162900 3.6339676997790815
163000 5.569641762032217
163100 5.63135985919411
163200 6.796526240982834
163300 7.2232901798744535
163400 5.183480925386426
163500 5.1356307828659125
163600 4.09150506351532
163700 5.579057970374492
163800 5.406225978494194
163900 3.2026010094550394
164000 4.52696385015071
164100 1.824781914949314
164200 0.43979031431213883
164300 1.5118613597522803
164400 5.406889245380086
164500 4.551979203491187
164600 3.0975001459757325
164700 5.116008883439958
164800 3.5187337586697924
164900 3.924044947060818
165000 2.9750449330331903
165100 7.053424796524206
165200 3.6601379022463543
165300 4.434296514272736
165400 3.773319116388626
165500 4.007756560885134
165600 3.537710050535676
165700 3.081146963322064
165800 5.348257298163664
165900 4.1482898701209745
166000 2.4660547436990723
166100 -0.5007406676595856
166200 2.9131608405220146
166300 2.043402863328148
166400 3.314700210766756
166500 3.971231331570772
166600 3.136467955557594
166700 3.3160149988949805
166800 4.582250909884539
166900 2.444104268221339
167000 2.5260809701787603
167100 3.903617028691897
167200 3.9158438143393646
167300 3.322991478069001
167400 3.6177889966873584
167500 3.761782650389496
167600 4.912858113583799
167700 3.985064915233435
167800 5.614674778170199
167900 5.147031757739343
168000 3.2363496449680578
168100 4.056918248012743
168200 3.4427624656194924
168300 1.923500533028428
168400 2.1241522470900023
168500 2.3792667775039837
168600 2.0469859223517934
168700 3.410168136520165
168800 3.5045694944785892
168900 3.1860638897722118
169000 1.6149689748459473
169100 4.183717259001564
169200 2.4150256413457725
169300 3.061589428577694
169400 2.8239280153378807
169500 4.220631071310884
169600 3.137124827706338
169700 3.261607538886482
169800 2.547819927388076
169900 4.307572747433648
170000 3.9340542478375546
170100 2.5777340019448554
170200 5.451067718318527
170300 4.1775826722792715
170400 4.548408780386807
170500 3.5339689469753877
170600 2.0675121891997996
170700 4.389682329476217
170800 4.167172473574056
170900 4.3733207316306855
171000 4.670928121238561
171100 4.737126798017731
171200 3.814308668417023
171300 4.302982931959275
171400 3.7510041267098067
171500 3.528659027702052
171600 3.117440824396882
171700 3.2835068805416676
171800 1.5245454401243979
171900 3.1741888683340114
172000 3.014081961101938
172100 2.8876989346777737
172200 3.6776994031427104
172300 5.350284012427137
172400 4.928370315519147
172500 3.0641814436841033
172600 4.412215997717467
172700 4.615183869578395
172800 4.234432524815103
172900 4.0737201934082465
173000 3.3486460962557323
173100 4.551275585864415
173200 4.329638830096566
173300 3.9533032629892935
173400 5.163055676144476
173500 1.6094337172293511
173600 1.2951769101263177
173700 2.3334719371515975
173800 4.384490306283116
173900 3.856107611014748
174000 3.4471971411844735
174100 4.202881394045666
174200 2.863115345616149
174300 4.147418597230899
174400 4.29357719431807
174500 3.9896542468847187
174600 3.5839857304483616
174700 6.352523162772365
174800 3.77530431813669
174900 5.051254158023059
175000 6.684639370770339
175100 3.7603931347778743
175200 2.9885127994488165
175300 2.8286866395042476
175400 3.8078106665242895
175500 1.9305999531744418
175600 5.30227808166656
175700 2.1985363372705478
175800 2.3374556845346572
175900 6.0784455003955316
176000 3.3896293161932283
176100 3.195865845482791
176200 4.893112919217733
176300 5.381213365694773
176400 4.214861156150216
176500 4.379061966612953
176600 3.965974991721978
176700 4.150247413485778
176800 3.7139922643122008
176900 4.200101801182851
177000 2.7103114863027287
177100 2.586977269811355
177200 2.5233022985195435
177300 3.541486308847702
177400 3.6492602389103035
177500 4.958984267000377
177600 5.6829448097740825
177700 3.137310690427653
177800 1.533717236307162
177900 2.241488250472664
178000 2.9642004042519376
178100 2.813588375541917
178200 2.8411329448286646
178300 3.2388403978610145
178400 3.4214163584972415
178500 3.4431336233075376
178600 3.1745062557273256
178700 4.697217071070086
178800 5.10952874759879
178900 4.86329276038984
179000 2.166240138676102
179100 0.9890536663960088
179200 1.0964187641160035
179300 2.037060035711633
179400 3.2839696498094826
179500 3.352363235896477
179600 3.1857592652127424
179700 4.361084104095389
179800 7.306524399733238
179900 3.635591077744176
180000 4.015325399124282
180100 3.231951725526972
180200 3.049238297696625
180300 2.609698208663496
180400 4.228253898291999
180500 2.5125468394726593
180600 1.3469399577116925
180700 3.3721290486104225
180800 5.118617201065754
180900 6.0826420418195
181000 6.516680624012865
181100 3.358651341643512
181200 4.724447829272017
181300 3.4208497975458547
181400 3.3368015930033943
181500 3.177706660705322
181600 3.767175248117879
181700 1.4552113274017715
181800 4.324794125091984
181900 4.432892885733435
182000 4.3166444247963085
182100 3.2744024042313367
182200 4.490684603332357
182300 4.247953317218368
182400 2.5403215898146243
182500 3.2083785210738225
182600 2.958636441401928
182700 4.2808141123684305
182800 2.342371163265987
182900 2.739444920636954
183000 5.034328786360441
183100 3.0988448629870566
183200 2.8916497192132384
183300 0.9476414059375535
183400 2.252844681320113
183500 2.399121476582507
183600 3.2613426351902417
183700 5.052582029558093
183800 7.181176103937522
183900 4.504775325131783
184000 3.8934075377399453
184100 3.543608159514764
184200 2.8982097769636694
184300 2.131669536179952
184400 4.900700510520675
184500 3.748112008618606
184600 5.466497180758194
184700 4.1240975271450795
184800 5.092098945013616
184900 3.7279258161572937
185000 4.7034326196857865
185100 5.005378380718184
185200 3.6029897415728045
185300 5.143925981987905
185400 2.679870317569889
185500 3.811841624564789
185600 3.7032299202791057
185700 3.212206601189717
185800 4.45689209234353
185900 2.618584697722041
186000 4.32185311736624
186100 3.5419809756031286
186200 4.639548565210443
186300 5.364698499598771
186400 5.4894092893619595
186500 5.348920336669637
186600 4.000310041395344
186700 2.1571528491581358
186800 1.6054532090068516
186900 3.102142527470705
187000 3.506024658321436
187100 4.0622567954247
187200 3.617752721685698
187300 3.6519048116241537
187400 5.8328590993382425
187500 5.794058609232548
187600 4.026035349571033
187700 5.1141316546625735
187800 5.350552013311507
187900 2.5674764573460873
188000 4.360328770309602
188100 5.774232147738321
188200 5.758851600749435
188300 3.2989775128901737
188400 2.8393641627682684
188500 3.624351752714401
188600 5.359625531635473
188700 5.654260857415489
188800 4.858876358818558
188900 3.9598407718876576
189000 4.7230284861417395
189100 3.0462746941429075
189200 2.6195984164485515
189300 3.8974531012081877
189400 3.558783375826966
189500 2.4607354455045214
189600 1.8224233324691512
189700 4.1349921839567125
189800 3.8910927186981663
189900 3.10003474992579
190000 2.1351132451178207
190100 2.309332451766272
190200 2.2980473710709335
190300 3.6757964272422936
190400 4.980579859369109
190500 6.373326648009285
190600 5.2276605639427585
190700 4.2138635887663645
190800 4.6547074905642
190900 2.103422498736266
191000 4.702049026220278
191100 2.4930690952084684
191200 5.248100559853413
191300 2.5193960734462233
191400 2.2020058324546663
191500 2.722890959400309
191600 3.185428555230901
191700 0.5859819197251321
191800 3.8559565420344493
191900 4.497337818101775
192000 3.0944003127531468
192100 3.8534900912677137
192200 2.8570575998121504
192300 1.2087644930473214
192400 1.0313544660217009
192500 2.992867467906814
192600 3.734894495861881
192700 3.897674030262418
192800 1.7811984175217244
192900 4.635378695964257
193000 2.3464909416448054
193100 2.6739159823053464
193200 2.389065230734959
193300 3.0115842226166722
193400 4.96571947547007
193500 4.418094191442745
193600 4.440792262235391
193700 5.6596205779296795
193800 4.029139939567096
193900 2.6271314217253727
194000 2.62265148328131
194100 2.6183434171783224
194200 2.172332941326739
194300 2.0062909064271293
194400 0.8230659296401803
194500 3.6377487716192918
194600 4.73774808011561
194700 5.1904443215486005
194800 2.4485350818008516
194900 4.833811190218553
195000 3.349049480567538
195100 3.074848091613367
195200 0.3384220401748993
195300 1.9224468852608412
195400 4.2780880530325405
195500 3.0674566218042494
195600 5.690939062647627
195700 5.341517028315577
195800 2.8645842159028456
195900 1.5951815300846501
196000 1.0814392970955908
196100 2.675439416864132
196200 4.874376975533204
196300 5.006181005333503
196400 4.948902053901369
196500 4.02591916315352
196600 3.0701248071435354
196700 1.5562769960609537
196800 5.200973441464535
196900 3.692351193520812
197000 3.1624091132225995
197100 3.542286577401083
197200 4.130561996310494
197300 4.10408359250462
197400 4.444353670483686
197500 3.4989658411976596
197600 4.66073828780223
197700 2.9160653037292255
197800 2.6958461120744066
197900 3.476510607615481
198000 3.1305532352208467
198100 1.8594644490714878
198200 2.7357453250265107
198300 2.821898913813618
198400 4.101393289512645
198500 1.196724403242308
198600 1.5870336740307895
198700 -0.20149562590093192
198800 1.6010787572401568
198900 4.037293312210277
199000 3.5360679903530263
199100 4.100311594685255
199200 4.002673309050711
199300 3.6397288410103226
199400 3.7393374092594693
199500 3.5123786127644507
199600 1.6347742604068247
199700 3.0661795836080534
199800 4.332581831959992
199900 2.573538113573652
200000 2.7112255616348078
