# Model = symNN.TensorFlow.(3)-8-9x9-12-(9)
# Num weights = 1080
# Learning rate = <tf.Variable 'Variable:0' shape=() dtype=float32>
# Env random seed = 111
# Start time: 31-08-2021(12:12)
100 -12.610397510716991
200 -10.3903111774482
300 -8.794378138930451
400 -8.433060448743818
500 -8.110886588072734
600 -8.320165003088377
700 -6.826943092094092
800 -8.935348388498285
900 -9.412141739271382
1000 -8.355470443440925
1100 -6.700548084721687
1200 -7.1225058192200885
1300 -7.471528070067652
1400 -7.217147072669942
1500 -7.839257669432512
1600 -6.466556882785869
1700 -6.356763020882546
1800 -8.265951677605297
1900 -7.316500410246276
2000 -6.380821004580991
2100 -8.479517390730253
2200 -8.743515425217085
2300 -9.509029925509578
2400 -7.879680432710537
2500 -8.768633183402113
2600 -7.94619013063179
2700 -8.287130701666301
2800 -5.819097401825899
2900 -5.976655387284954
3000 -8.366397870080682
3100 -7.678688312175251
3200 -6.2312053369777
3300 -6.513784502656304
3400 -5.598273339176757
3500 -5.838295105323771
3600 -6.586292737383923
3700 -8.92862731146886
3800 -11.874531372207716
3900 -11.002053391899068
4000 -8.969236510975405
4100 -8.426322856119429
4200 -9.117643331838574
4300 -7.010802602223359
4400 -6.098449460853529
4500 -8.745907789791017
4600 -10.28878812050356
4700 -6.828091149030048
4800 -4.9691337325931935
4900 -6.44466356273541
5000 -9.09547520851309
5100 -7.235057833526687
5200 -4.691887994578636
5300 -8.111399092338655
5400 -9.801868356314236
5500 -8.845157582750938
5600 -8.446246630847734
5700 -8.424502754165252
5800 -8.263366289083173
5900 -6.852629613000649
6000 -6.548047279276085
6100 -7.042091406636778
6200 -8.695000137382484
6300 -8.32064309486487
6400 -9.777341193996541
6500 -6.792024653357165
6600 -7.317097621568722
6700 -10.69337298890083
6800 -8.677906160636926
6900 -7.6962141838428995
7000 -7.563864326449446
7100 -7.411208471297083
7200 -6.955380493603492
7300 -8.34057644748545
7400 -7.288884870071294
7500 -7.519230438989518
7600 -8.661498954120397
7700 -6.3774706366575105
7800 -7.510824888489686
7900 -8.086633299396041
8000 -6.357067149591166
8100 -6.4600475734122575
8200 -4.456728916063561
8300 -7.574371779148141
8400 -8.481006832059995
8500 -8.868872931622496
8600 -7.8063201447228066
8700 -8.85383369131418
8800 -8.446045398766168
8900 -6.407616073724688
9000 -8.215978337177717
9100 -8.553202462309201
9200 -7.743862767633146
9300 -8.615118434033002
9400 -6.461318733090772
9500 -8.765809116877866
9600 -7.216259882206958
9700 -8.230484081067916
9800 -7.770305513095582
9900 -8.230657248679734
10000 -8.90278523768016
10100 -7.844285704368674
10200 -10.303211619822116
10300 -8.604300085340093
10400 -8.503342045487928
10500 -10.976553360661779
10600 -9.165671017822335
10700 -8.740342050479324
10800 -7.935728083102647
10900 -7.843766886205964
11000 -6.218712772272334
11100 -9.032166093583669
11200 -8.638198978835161
11300 -8.809162235945148
11400 -7.124700739092458
11500 -6.6968942298360545
11600 -7.264839544820437
11700 -6.9260532666516585
11800 -8.938031680873223
11900 -6.033042757756839
12000 -6.101717675922079
12100 -6.982879883988365
12200 -8.090187110148218
12300 -8.171412489428224
12400 -8.966618909929451
12500 -9.104420381590653
12600 -9.859939251659545
12700 -10.075132596719861
12800 -6.697167388137408
12900 -7.14610183211131
13000 -7.6431204946893745
13100 -6.334599830513504
13200 -7.251683813820973
13300 -7.308328933889994
13400 -6.449230506104281
13500 -5.157963299046561
13600 -7.53720881579376
13700 -8.10942779438949
13800 -5.173135920395255
13900 -5.709487223708571
14000 -5.818431479904821
14100 -5.734197294387851
14200 -10.435733746438038
14300 -9.90402403506898
14400 -7.444110238353653
14500 -7.1314259474264
14600 -6.148181934813137
14700 -7.418952228207046
14800 -5.954240045428731
14900 -6.219133803350384
15000 -5.819527050801475
15100 -5.427480911042118
15200 -3.918645774121368
15300 -6.305297685209128
15400 -8.1518572231111
15500 -6.644803580860522
15600 -7.329863013458863
15700 -8.450553465946859
15800 -7.753369081383549
15900 -9.033550830067414
16000 -8.844374972121887
16100 -8.148641679143807
16200 -8.051985636087528
16300 -7.5697512620962
16400 -6.828124979021563
16500 -7.1104023296075125
16600 -5.577758936709914
16700 -5.8187749499903125
16800 -5.437567041159546
16900 -6.5503763814796665
17000 -7.25326808529576
17100 -5.2684633026186445
17200 -6.247638075760008
17300 -7.853454390087601
17400 -3.494669866457211
17500 -5.714783443536095
17600 -4.181488992419581
17700 -7.9890247584316105
17800 -8.545282509747802
17900 -7.475777156704343
18000 -7.029889929073506
18100 -5.7570751755746254
18200 -8.468640716925522
18300 -4.851998372859832
18400 -5.40518820751037
18500 -9.097225117044998
18600 -9.175515912171104
18700 -7.4892279929405285
18800 -5.983071238665717
18900 -6.699033321057287
19000 -7.1372789798295235
19100 -6.6403145911817765
19200 -7.472903284785271
19300 -5.538999046677101
19400 -7.488873945952672
19500 -7.3893664050746555
19600 -7.04565058346375
19700 -7.592653624175999
19800 -8.401098421457839
19900 -7.086757594131746
20000 -8.977717993476615
20100 -6.430811155291815
20200 -5.917533491746422
20300 -6.44028881920074
20400 -5.832892378533114
20500 -7.422428371010148
20600 -8.586633040308602
20700 -7.671765360048132
20800 -5.4972891728642
20900 -6.057885941967133
21000 -6.55057179065206
21100 -4.353531958101259
21200 -3.4899605735700647
21300 -3.652746076706625
21400 -4.313287231018423
21500 -6.8061547072169235
21600 -8.457169388138373
21700 -7.0807182470993455
21800 -6.599541468678721
21900 -7.825106682450923
22000 -9.159615706923818
22100 -8.497620540930637
22200 -7.446702431479746
22300 -10.10255919791756
22400 -7.437684674083137
22500 -6.276569518054538
22600 -5.039224209644909
22700 -5.942917974492054
22800 -6.952274369458827
22900 -5.235115912141029
23000 -7.946317967695326
23100 -7.043270801060075
23200 -6.056913600219608
23300 -5.8694506590931095
23400 -8.557409065414939
23500 -4.505727722936036
23600 -5.992989203474398
23700 -6.234702124194974
23800 -7.956785135521515
23900 -5.214249952471588
24000 -8.716612786567378
24100 -8.673652325918882
24200 -8.644571618953895
24300 -7.537747734084039
24400 -6.77372666217179
24500 -5.304756204401072
24600 -5.78895685449666
24700 -7.3060295899593255
24800 -6.122214310021932
24900 -8.482761159450716
25000 -8.685617435806355
25100 -9.843402942412242
25200 -8.96092361226434
25300 -8.832372059527806
25400 -6.866478542660201
25500 -8.391116731887271
25600 -8.825747559010622
25700 -10.61697995656927
25800 -8.399588513933963
25900 -6.408780358410202
26000 -6.776311896431833
26100 -7.593774579237433
26200 -6.906114060886118
26300 -8.100150086776628
26400 -7.817568753964566
26500 -7.422712959147573
26600 -6.871959378514355
26700 -6.512351428404847
26800 -6.453653844224005
26900 -7.150088699733804
27000 -6.191477000230392
27100 -3.806827805604706
27200 -2.045454522584913
27300 -6.983343972387696
27400 -5.369454535078806
27500 -8.24187891439477
27600 -6.372299557619935
27700 -4.5727047867519985
27800 -7.126626626544706
27900 -5.936901878569767
28000 -9.087945708809562
28100 -5.155980235381099
28200 -5.678249137365036
28300 -7.199500336733045
28400 -7.710302184011591
28500 -5.949718704591636
28600 -5.711787546151885
28700 -4.838614906543788
28800 -3.581353638642208
28900 -7.243470191884727
29000 -7.226366346536406
29100 -8.545264884097564
29200 -6.04747253475213
29300 -5.82855501213832
29400 -7.21335285982287
29500 -6.968389572497408
29600 -6.78358417049322
29700 -6.074095297916572
29800 -6.175296843437941
29900 -6.754900807175437
30000 -7.5845203699259125
30100 -6.22358224098244
30200 -8.888457324618232
30300 -6.311297357852742
30400 -6.79608635529218
30500 -8.193672781164393
30600 -8.925386249403179
30700 -9.111187660906024
30800 -8.035761628829656
30900 -5.848741570108935
31000 -9.427584581624993
31100 -9.142560455734937
31200 -9.052985554756887
31300 -7.696313846097357
31400 -6.668491408968437
31500 -6.36223268946861
31600 -3.2711591503115693
31700 -5.9995701863432975
31800 -9.12039085627641
31900 -10.378581515172744
32000 -9.316783316379038
32100 -6.634502678990182
32200 -9.169115777364222
32300 -8.963956870456599
32400 -6.264153582881259
32500 -7.065396760357147
32600 -6.288124223930302
32700 -6.476691286495351
32800 -8.069819586865497
32900 -7.2685163615127815
33000 -6.683902998361772
33100 -6.227527916870056
33200 -6.124462313465958
33300 -6.800096644190651
33400 -4.894201792532951
33500 -6.989287484496579
33600 -6.466490072849882
33700 -8.165938165821217
33800 -7.1530141387310815
33900 -7.8127691194458615
34000 -6.554139744107127
34100 -6.551184338303568
34200 -5.432842229522183
34300 -7.318210914331085
34400 -7.113196456619779
34500 -7.758506058235937
34600 -5.593565425387897
34700 -6.205429860899381
34800 -5.995366221561964
34900 -6.125759711420331
35000 -5.276314744180881
35100 -7.213030202814269
35200 -6.926557289500633
35300 -6.238689032776588
35400 -4.788204868994061
35500 -6.275763975378723
35600 -3.3591720720242524
35700 -4.82186441568491
35800 -5.14677587847892
35900 -3.1646209075955185
36000 -2.829946672087177
36100 -6.678389986967377
36200 -6.890505119713837
36300 -6.208480681009295
36400 -6.656523489650507
36500 -8.5238667540279
36600 -6.101465257628448
36700 -7.965993493885601
36800 -6.684700118589685
36900 -5.18959305679717
37000 -4.947883346197013
37100 -5.2904895738316045
37200 -8.73161717039033
37300 -9.926147704625084
37400 -9.030374502394864
37500 -8.24026050161526
37600 -7.719748960512654
37700 -7.287926508462028
37800 -7.158026462455052
37900 -5.132786478176972
38000 -3.7301348028814196
38100 -6.580380297789703
38200 -5.0023057199835455
38300 -6.514204645526056
38400 -7.418327366890561
38500 -7.905365046782303
38600 -7.67379272122801
38700 -6.714990985989949
38800 -9.431346176105551
38900 -10.008735864489894
39000 -6.8490662403146265
39100 -8.282461270759326
39200 -7.3991515023342895
39300 -7.929660240830597
39400 -5.643056116887419
39500 -5.903469087160793
39600 -4.009693079815759
39700 -6.478083176310034
39800 -7.260010359624729
39900 -4.951548768253498
40000 -6.255590766003622
40100 -7.978550290292359
40200 -7.364851431467182
40300 -8.118390190431501
40400 -5.651169172567489
40500 -7.56615884219124
40600 -4.768442190511361
40700 -5.3249702442937945
40800 -6.397088456294547
40900 -4.841829760406392
41000 -6.848168439822283
41100 -9.14951185928409
41200 -7.686327559165278
41300 -6.50518665412647
41400 -5.307943584140909
41500 -5.635215856878077
41600 -5.994022421077073
41700 -5.93171707650238
41800 -4.359889288185729
41900 -6.8623292274049605
42000 -8.579566910420686
42100 -6.9322476787881175
42200 -6.935806365167986
42300 -7.729070545304058
42400 -6.76555409494613
42500 -5.695677556843107
42600 -4.443760386496375
42700 -9.047060466534253
42800 -8.69978159144287
42900 -8.242460607094756
43000 -6.8917513855292585
43100 -7.6625496917936
43200 -8.039429527148773
43300 -7.893018774743608
43400 -6.416982413625844
43500 -7.4844391063798685
43600 -7.421930208568095
43700 -6.8237139815237375
43800 -8.770428116100122
43900 -8.260580778281517
44000 -9.342092064541955
44100 -7.531736414509508
44200 -6.881318363215263
44300 -7.6797440900448715
44400 -7.939603838971742
44500 -7.361065251436556
44600 -9.836540820877
44700 -8.878583123878984
44800 -7.176879909930793
44900 -3.6765744038375145
45000 -5.995653659672215
45100 -5.898143552300149
45200 -5.944553030376512
45300 -6.814788132892992
45400 -7.633489110928021
45500 -8.22918801525108
45600 -9.368569893177714
45700 -7.659464400375744
45800 -5.440975380223396
45900 -5.053859805993326
46000 -7.595974068449717
46100 -7.1031873718185
46200 -6.120359974932997
46300 -9.151303901517087
46400 -6.982931062778254
46500 -5.789965008496191
46600 -6.279907619431448
46700 -6.092993162301998
46800 -8.676600739646519
46900 -7.783210579636594
47000 -8.100941184024089
47100 -5.811485916433828
47200 -7.136326258670131
47300 -6.715840997128573
47400 -8.472282734108363
47500 -7.14659853442225
47600 -8.790763114227692
47700 -9.153932415890157
47800 -5.440608873897087
47900 -5.960081034868763
48000 -6.411453692440139
48100 -6.592547818145668
48200 -5.527624291372185
48300 -6.976753195663359
48400 -5.286788127010388
48500 -3.9631542784574303
48600 -6.886578010513589
48700 -7.6197010111837535
48800 -6.404291673102941
48900 -7.613944810833097
49000 -4.773738266140546
49100 -4.400109595322674
49200 -7.399153436452245
49300 -5.8842969813224535
49400 -6.302948559401708
49500 -4.587455963183788
49600 -2.9775526241293004
49700 -6.064158890476887
49800 -6.175828502101118
49900 -7.039978304384421
50000 -6.173199233176596
50100 -4.871911903580579
50200 -5.331654054439939
50300 -4.589943436643107
50400 -8.786337979749355
50500 -8.337056193185237
50600 -6.834003017122666
50700 -7.73948348834151
50800 -8.108748998995535
50900 -6.514688200970387
51000 -5.4519369197018825
51100 -8.203363127613393
51200 -8.214620112376688
51300 -8.19987353347284
51400 -7.593762585376026
51500 -7.70597869386611
51600 -7.430545625847446
51700 -7.092877318539659
51800 -6.195781818646985
51900 -6.916728043201389
52000 -7.445447293666531
52100 -6.851813404826517
52200 -7.718910701382432
52300 -6.207942317705224
52400 -3.97420650122496
52500 -7.327507757101239
52600 -6.95725302972108
52700 -6.062491648545586
52800 -6.788610314333889
52900 -6.782435537882559
53000 -5.245897267432241
53100 -5.525098796381644
53200 -4.571322152247248
53300 -5.872697268557729
53400 -6.8337710485509735
53500 -8.29351815837902
53600 -7.886021695280949
53700 -5.777458328706124
53800 -7.318638705150212
53900 -5.242132822275679
54000 -7.077805799425228
54100 -5.485262242795219
54200 -8.005872078404913
54300 -7.261666788284666
54400 -6.385262784534643
54500 -6.178265525396958
54600 -5.336185316555173
54700 -5.794711931165826
54800 -5.864951608812425
54900 -9.830536353689942
55000 -7.15846166641399
55100 -7.736162064612268
55200 -7.040317736494173
55300 -7.955290458431341
55400 -5.196996305029485
55500 -5.111620079732912
55600 -3.810674379790566
55700 -6.572144066750167
55800 -6.796356942813294
55900 -6.225710088129277
56000 -6.873717181217905
56100 -8.383660822656173
56200 -6.8836168007163705
56300 -5.730720917589805
56400 -4.925542273296066
56500 -7.928157624055331
56600 -6.520850639741658
56700 -6.182101953479473
56800 -7.6952962865394845
56900 -5.967691798421727
57000 -6.069721180231109
57100 -5.917291964049307
57200 -5.608514786400688
57300 -5.33276003157286
57400 -8.387966778823467
57500 -9.063452196601414
57600 -6.295950446835467
57700 -7.256540557784688
57800 -7.467303636971937
57900 -6.481669752802466
58000 -5.266215393628181
58100 -5.749662344474543
58200 -6.718229206997438
58300 -7.312085099716523
58400 -6.622230266441557
58500 -8.37802240348234
58600 -8.917639952942286
58700 -9.414003970827885
58800 -7.7669073007871825
58900 -8.017546956575128
59000 -6.980224229426317
59100 -8.058276868833797
59200 -7.775247750894476
59300 -5.974939828808276
59400 -7.066111530457802
59500 -8.145296698870114
59600 -9.364880137478403
59700 -7.360231720583461
59800 -5.981332756969059
59900 -4.9851571773481895
60000 -7.146310433690519
60100 -7.957920672095012
60200 -4.330953431403328
60300 -6.568389308754555
60400 -4.776895716125218
60500 -6.2386878984713965
60600 -5.8663433938166225
60700 -5.631936013632873
60800 -7.98609894403447
60900 -8.002000010709565
61000 -6.384438901214989
61100 -7.922355471352155
61200 -8.892027493234762
61300 -7.929897928924891
61400 -8.159726246418181
61500 -6.827780018694794
61600 -6.0335438002947015
61700 -5.908645304100045
61800 -6.425547961538554
61900 -4.493648541699029
62000 -6.551199108371757
62100 -5.559215235890074
62200 -4.8577281328539845
62300 -5.52608838980625
62400 -4.130289703451371
62500 -3.613255238273602
62600 -4.322744266616318
62700 -6.618583581366448
62800 -7.696502907729493
62900 -6.115504871909548
63000 -5.258390089696724
63100 -5.082860115221773
63200 -4.322917185642058
63300 -5.51608385031855
63400 -5.612039134223238
63500 -7.959205089383767
63600 -9.136306895106669
63700 -8.156919901642715
63800 -8.492824892848386
63900 -4.926490520305767
64000 -6.967157925340289
64100 -7.551629416443812
64200 -6.964016571729938
64300 -5.532433466863619
64400 -4.0020492430398615
64500 -5.556333095868868
64600 -6.084093325234766
64700 -7.576966044417355
64800 -7.615163497413217
64900 -7.588910416447349
65000 -9.167553116105713
65100 -6.3627003158909865
65200 -3.9322337478720537
65300 -6.028925594798315
65400 -7.0467318816438365
65500 -6.53248063836503
65600 -6.345191595543129
65700 -8.383540693196347
65800 -6.726560699222826
65900 -6.503448502353438
66000 -7.297812806022494
66100 -7.86571205664135
66200 -6.42782450746616
66300 -6.595458390873067
66400 -5.1724067979273665
66500 -5.641179835823801
66600 -6.8506027918448185
66700 -8.056306158782279
66800 -9.200027587535374
66900 -7.7344003129769066
67000 -8.031222033714176
67100 -7.549774436808559
67200 -8.545607004849868
67300 -7.687494384207822
67400 -7.721515633082125
67500 -7.4566001091569
67600 -8.036808693689697
67700 -7.740632404107086
67800 -9.128915002061355
67900 -8.866735918531406
68000 -7.513014628109989
68100 -7.491347728856126
68200 -6.489037827615365
68300 -7.490126412123189
68400 -6.437296330745534
68500 -9.300390986150758
68600 -9.85823113071696
68700 -9.532685000671535
68800 -9.174457789412932
68900 -7.338621215979541
69000 -7.312846250470524
69100 -6.49798692657738
69200 -7.691497824349746
69300 -6.352504621610132
69400 -5.392988074540403
69500 -8.779496787658603
69600 -6.413816177515121
69700 -5.19770845773254
69800 -6.926524100820638
69900 -8.099340854856468
70000 -7.063399445091965
70100 -8.519218103588228
70200 -9.558875362677954
70300 -8.174577045338161
70400 -7.774699198582611
70500 -8.865875032363872
70600 -7.386904121993708
70700 -6.116031332940219
70800 -6.557044235670059
70900 -7.534576396657485
71000 -8.834554507923672
71100 -4.628367721987727
71200 -5.695286333358551
71300 -7.47253799885549
71400 -7.341658892126671
71500 -7.140228822286188
71600 -7.370682259470732
71700 -7.63439433854292
71800 -6.711285596526804
71900 -8.213046728600576
72000 -10.086532335061355
72100 -6.066426158346419
72200 -6.642177623695046
72300 -7.18585414987014
72400 -6.551641199687427
72500 -6.663299992899053
72600 -7.4542089831802585
72700 -8.745095029261838
72800 -7.760440701020468
72900 -6.148993505112743
73000 -6.4332499197414865
73100 -6.450635272935352
73200 -7.377941788585478
73300 -8.119905403010366
73400 -7.296024292675788
73500 -6.079966281293593
73600 -5.505337594151873
73700 -4.122320367304391
73800 -7.277924400221908
73900 -7.586069543364164
74000 -8.759267172111354
74100 -6.2749102289489365
74200 -6.438728573493129
74300 -8.018153534147764
74400 -9.907881154156016
74500 -7.87162168964608
74600 -5.951761311882194
74700 -9.075726691894298
74800 -6.1559270092135066
74900 -7.2972816853479365
75000 -7.525702692649191
75100 -8.801222208863422
75200 -6.872829057153453
75300 -6.691667284724741
75400 -6.7000232903368655
75500 -5.649288636461076
75600 -4.3180190445224795
75700 -5.39912817709551
75800 -6.639377871486907
75900 -9.110817790914743
76000 -6.501809716421512
76100 -9.569412855299419
76200 -8.40333652439169
76300 -8.34674687584231
76400 -6.638290463193704
76500 -8.526915117296605
76600 -8.776265427015389
76700 -8.510452058509873
76800 -5.807360618789494
76900 -6.915374026978966
77000 -9.573374578496715
77100 -7.026382956727206
77200 -9.409865434869195
77300 -9.72249403363157
77400 -7.68586823960757
77500 -7.536635016290828
77600 -7.15377210733548
77700 -9.21010481100189
77800 -6.719823658843595
77900 -8.331125226446376
78000 -8.058642668384874
78100 -6.807466901144801
78200 -5.1385814716074245
78300 -6.398779784031317
78400 -7.922160463366656
78500 -5.93728903221468
78600 -9.074776270437185
78700 -8.169116327148538
78800 -6.666209583691809
78900 -7.6705013925280845
79000 -4.901127819786959
79100 -8.492224652655278
79200 -7.769911653056935
79300 -5.429955625357214
79400 -7.339225528257134
79500 -6.360072329384393
79600 -6.155482501206892
79700 -4.558966290007848
79800 -5.408879238287273
79900 -5.545327418019821
80000 -6.382854102855321
80100 -8.454605656916117
80200 -7.5016686809539435
80300 -5.03121783895619
80400 -6.85477160193402
80500 -7.401659798589816
80600 -9.361878139417676
80700 -8.059894855424242
80800 -7.60538270076905
80900 -6.589979117865792
81000 -7.236800248355275
81100 -6.055781018222092
81200 -5.155935508740189
81300 -6.322197935451384
81400 -5.765467670369579
81500 -5.526220618565739
81600 -5.73412034190687
81700 -6.514273832855291
81800 -6.7929261996136425
81900 -6.7355345248609195
82000 -6.694237083625507
82100 -7.4611698065640395
82200 -5.085862297189654
82300 -5.6035296563950014
82400 -7.986427273719391
82500 -2.9704590642716515
82600 -4.2995037499808975
82700 -6.7422125888158275
82800 -6.802324877720651
82900 -6.434371575449653
83000 -4.168259817224807
83100 -5.605538143610321
83200 -6.097040462397725
83300 -7.907787220915628
83400 -6.955889826597608
83500 -6.589602920877629
83600 -8.035177559637999
83700 -6.7351881772911515
83800 -7.077519096524196
83900 -6.365540163148188
84000 -3.6207494099481345
84100 -4.38095642726459
84200 -5.207829735459101
84300 -6.862016657517691
84400 -5.839012722718763
84500 -9.441879329384568
84600 -7.7440225438402015
84700 -6.589833434570952
84800 -5.758337718765784
84900 -6.9729462336705
85000 -8.64684937028591
85100 -8.001435129606575
85200 -8.857729379801492
85300 -8.92149220296009
85400 -7.313090995067963
85500 -5.772918168980631
85600 -8.37397600389761
85700 -8.189592900923335
85800 -8.627707582180978
85900 -6.5086616612746
86000 -9.67814265125958
86100 -8.93192932195901
86200 -8.392342850211183
86300 -6.4106413132546285
86400 -6.751987413951076
86500 -9.147577319717552
86600 -8.255718485739031
86700 -6.945372168205982
86800 -6.9689924124142255
86900 -8.362454497807768
87000 -7.925368463794844
87100 -5.616663138625753
87200 -7.940372007430084
87300 -6.478644193910036
87400 -4.949138726688049
87500 -7.164227190641274
87600 -7.334823306121152
87700 -6.593287243135487
87800 -8.050528434607463
87900 -7.807675401541101
88000 -7.155183373268409
88100 -4.24584759177047
88200 -7.591210939033321
88300 -7.558054547179146
88400 -7.826100194909606
88500 -7.708830874299136
88600 -8.396648110334223
88700 -8.216111367189445
88800 -9.011967467043043
88900 -6.888027671457411
89000 -3.893757084621453
89100 -6.110192143447895
89200 -7.287058989681089
89300 -7.239025763162
89400 -6.449803694891912
89500 -6.528714519884974
89600 -6.295219660830419
89700 -7.280675858763682
89800 -7.755426432014519
89900 -6.325342241985745
90000 -8.461687744040978
90100 -6.167153157180085
90200 -6.798297206429968
90300 -6.395464660747292
90400 -4.959912188668037
90500 -6.8846535883502
90600 -7.147944378297869
90700 -6.889295808476114
90800 -6.435715255932267
90900 -8.218919589076549
91000 -5.426101489757837
91100 -6.696251158849414
91200 -5.910682277771508
91300 -7.549031506845663
91400 -7.332011513808221
91500 -7.976902229753166
91600 -6.249034011240675
91700 -6.070685955069093
91800 -8.188649903135076
91900 -7.3814353676227435
92000 -8.16538999139478
92100 -6.935934519388906
92200 -8.532201507273589
92300 -8.764781263883586
92400 -7.950565369465862
92500 -8.205747591088874
92600 -8.799708788531575
92700 -7.262093204298371
92800 -7.44382485530298
92900 -9.320951688550272
93000 -8.933689000710075
93100 -7.684857665494054
93200 -7.126260015040203
93300 -5.147920468595053
93400 -7.221911535880214
93500 -8.520802860614868
93600 -6.147282282744763
93700 -7.048765986992332
93800 -6.287261787512394
93900 -6.026605295412186
94000 -4.90744684921471
94100 -5.684144827814318
94200 -7.067177012381035
94300 -5.87578335243946
94400 -4.998099545851989
94500 -6.5251865418332695
94600 -3.3212199834065306
94700 -5.291050130712328
94800 -7.871994410892068
94900 -6.676073310159035
95000 -5.633438518988695
95100 -5.1788739286248315
95200 -9.68599255611434
95300 -7.372758782328036
95400 -9.090012348882356
95500 -5.556218778904679
95600 -4.880478188999861
95700 -4.87825307908615
95800 -3.4233796209273044
95900 -7.689254979680916
96000 -6.97344227404898
96100 -5.5252736132796
96200 -6.081100671592871
96300 -4.811983739508817
96400 -8.484999865079361
96500 -8.635993106217942
96600 -7.727685128085519
96700 -4.827415938798938
96800 -5.9148933886608726
96900 -7.218132740354353
97000 -7.390017995481113
97100 -7.786247597397331
97200 -8.304297082021096
97300 -7.290247896297731
97400 -6.228098962674008
97500 -7.318193515828613
97600 -7.534803939309108
97700 -8.326520599956256
97800 -9.335671703147849
97900 -8.218621451579281
98000 -7.325275575039614
98100 -8.362382411019952
98200 -6.655648871094125
98300 -7.435800517579869
98400 -8.774862433274803
98500 -10.177117924371258
98600 -8.962757615835697
98700 -6.041055226165262
98800 -5.6227176209317085
98900 -5.883644682282773
99000 -8.160971040729839
99100 -8.005211503685643
99200 -6.796023499350003
99300 -5.582171077911393
99400 -6.575819587530313
99500 -6.596815900578491
99600 -8.937177392944832
99700 -7.821484502224181
99800 -6.115291411827709
99900 -7.023624731782053
100000 -5.884269979459006
100100 -7.145341751253386
100200 -4.46076850201531
100300 -6.069034895218007
100400 -6.0923248341480205
100500 -6.858345926222452
100600 -7.663905662482921
100700 -6.619570193389653
100800 -7.307376504762765
100900 -7.359792285695712
101000 -8.371132862769091
101100 -8.484290285791138
101200 -5.5045826958054676
101300 -6.062931758237776
101400 -4.972856201939376
101500 -7.445403816742027
101600 -8.055306257223705
101700 -5.795980262321712
101800 -7.446187346380168
101900 -7.910806350589978
102000 -6.457787442501297
102100 -6.366013078263236
102200 -4.807739123243099
102300 -6.122849009546743
102400 -5.824850697624196
102500 -7.680506591262719
102600 -8.101846481711842
102700 -9.788781392204385
102800 -8.952558282804151
102900 -8.828118375964154
103000 -7.393861447199313
103100 -7.387843692878591
103200 -7.343712548591537
103300 -8.082036348432899
103400 -9.006361758983541
103500 -8.464287773950309
103600 -8.386959783295222
103700 -8.44341402917032
103800 -8.430540628790709
103900 -7.723162806598348
104000 -6.85967822215133
104100 -6.51614513087851
104200 -6.729480753950419
104300 -6.238410948744628
104400 -6.265215464470927
104500 -5.143180254175202
104600 -4.500921007349941
104700 -5.060137393787462
104800 -6.797681512008564
104900 -6.967072762977642
105000 -8.09676217523912
105100 -7.429298937600298
105200 -8.418172853153555
105300 -6.053686210924216
105400 -5.443441818367829
105500 -5.976451915322728
105600 -6.308593915934371
105700 -7.834695528597508
105800 -9.54907948615963
105900 -8.171109275477384
106000 -5.74733821052633
106100 -4.618729822547952
106200 -6.757880098324215
106300 -7.56268175704947
106400 -7.318486218116859
106500 -7.487736056898639
106600 -6.5819059793858266
106700 -7.481240519951312
106800 -6.055598505647668
106900 -7.036943198512642
107000 -6.862686370260602
107100 -6.98570606820165
107200 -7.9880279870528215
107300 -6.741694548930519
107400 -7.981122939438477
107500 -9.532605298778215
107600 -7.818931438178962
107700 -5.973770083260432
107800 -6.137693411764188
107900 -7.134881691717944
108000 -9.47275705379871
108100 -5.591050035100017
108200 -5.296734898730343
108300 -5.88364020382183
108400 -8.751458778279016
108500 -6.053436247605642
108600 -4.3645050264064675
108700 -6.4920234515527016
108800 -8.352786111886228
108900 -7.719791916129338
109000 -7.119377710252102
109100 -7.579504468755308
109200 -7.166761740407247
109300 -5.960172011298374
109400 -6.762476911966156
109500 -7.8310053786704055
109600 -7.7594120785342575
109700 -8.927594412716862
109800 -6.423478655246363
109900 -6.680377832420008
110000 -7.488946852349231
110100 -7.531048623333035
110200 -8.957200726479732
110300 -9.185766079985259
110400 -7.040479441067483
110500 -8.35885607700353
110600 -8.667378828386811
110700 -5.162507681761708
110800 -6.555651208058126
110900 -5.395657899976873
111000 -7.344738383476582
111100 -7.047280346456402
111200 -7.626251427691655
111300 -6.599644850689874
111400 -7.092344135569408
111500 -6.626810393866616
111600 -3.8772266441059493
111700 -3.7387747858091367
111800 -5.7591293681926
111900 -6.418657969650682
112000 -7.149481496595271
112100 -9.263281699419641
112200 -9.86383112544844
112300 -8.209404517557484
112400 -8.248355511372994
112500 -8.909246213740285
112600 -7.163379979625455
112700 -7.506810766425523
112800 -6.698222541779947
112900 -6.901874540519614
113000 -8.900627040847567
113100 -9.461836381301884
113200 -8.641476093176555
113300 -8.433257200858975
113400 -6.324728303538219
113500 -6.933651656855554
113600 -6.526363104452565
113700 -6.157483486534939
113800 -6.442166643089478
113900 -8.262070891845184
114000 -7.082920494241458
114100 -5.695885051435759
114200 -4.452729172787927
114300 -5.838960677642622
114400 -5.898917128167407
114500 -6.678429796198865
114600 -6.35793422959881
114700 -8.799694666746252
114800 -7.696231193193721
114900 -8.479656451640828
115000 -7.0571602614018385
115100 -6.9348527320066005
115200 -7.654707517486488
115300 -6.268707292553645
115400 -7.2053590112398025
115500 -7.661621534253071
115600 -5.581849675195035
115700 -4.455449382078968
115800 -6.021946137436669
115900 -6.846889350096856
116000 -3.0490127933636897
116100 -5.021246388836212
116200 -6.273302342729164
116300 -7.706025029654512
116400 -7.5524240105791725
116500 -8.536291702471448
116600 -9.44705903989779
116700 -8.638516215163602
116800 -6.057809114708722
116900 -6.44504614477218
117000 -5.408110867491485
117100 -5.755676827557482
117200 -5.9665633902442545
117300 -4.461984303358734
117400 -4.208528402730504
117500 -7.654636050542841
117600 -7.664670256479811
117700 -6.661247320548652
117800 -6.146936322352948
117900 -7.401790329027403
118000 -8.072318475375257
118100 -5.954078245719613
118200 -4.647849597372537
118300 -7.161092140217824
118400 -6.871286235406883
118500 -7.854390853596178
118600 -9.833073495759797
118700 -8.179906707484113
118800 -9.87526947141503
118900 -8.150980823406735
119000 -6.471278037160048
119100 -5.864859311588072
119200 -6.027069980884215
119300 -8.567270448865253
119400 -8.184931199102778
119500 -8.503506380302673
119600 -7.8781527727204725
119700 -5.622868107997137
119800 -5.218087285690836
119900 -6.760352834508861
120000 -3.690676847511679
120100 -7.412132164812784
120200 -9.072734517617652
120300 -8.954641369626716
120400 -6.041259994094608
120500 -5.327743961893362
120600 -6.736950206650634
120700 -5.01049759217983
120800 -5.925228273399313
120900 -6.611801127844904
121000 -8.978298720914168
121100 -6.03893713310778
121200 -7.3992615729271805
121300 -7.61259005056574
121400 -7.051087755963343
121500 -8.062109793536107
121600 -7.241343274659903
121700 -5.427763295209396
121800 -6.23335696182483
121900 -5.155945862801313
122000 -5.960199711795108
122100 -8.130954079687784
122200 -7.176234166076883
122300 -7.809011761808849
122400 -7.66851300256556
122500 -6.88676713093341
122600 -5.46779807976662
122700 -5.053647635327677
122800 -6.818371043724757
122900 -5.985577166041826
123000 -4.369807512374568
123100 -5.751416608227897
123200 -6.7773918689510895
123300 -3.7660235236680943
123400 -8.128794507996707
123500 -6.789391164807963
123600 -8.848920686899461
123700 -6.028464455912095
123800 -6.661229643457891
123900 -7.49326408589937
124000 -7.404067112865322
124100 -7.174943543474926
124200 -8.861674362338915
124300 -4.415513864400918
124400 -6.4980078209829495
124500 -7.935580320104571
124600 -7.692557519695523
124700 -8.966819071326878
124800 -9.322063832547629
124900 -8.175659039757655
125000 -7.022974774059519
125100 -7.330582995840487
125200 -6.413212267588944
125300 -7.749537618896452
125400 -8.397593711274562
125500 -6.3153282848405405
125600 -6.864837137654338
125700 -7.336867881899697
125800 -7.924811079876411
125900 -7.350687769200226
126000 -7.8193213353466975
126100 -7.51655931845877
126200 -6.7986911675741295
126300 -6.739743800551046
126400 -6.468483260024273
126500 -5.663629546186955
126600 -5.646046984191259
126700 -7.2655327404262
126800 -9.287742393457437
126900 -7.613685955488463
127000 -7.95097884091066
127100 -8.879821354457244
127200 -6.401028510955758
127300 -6.721324288497855
127400 -8.925912070087954
127500 -8.654192405551187
127600 -6.822878638893938
127700 -4.971755960102062
127800 -6.607691280864412
127900 -5.236555511181748
128000 -5.29027483920556
128100 -3.669513388785509
128200 -5.909067704113263
128300 -5.088409448553455
128400 -6.8372527818673765
128500 -7.06247355124814
128600 -7.690220103101658
128700 -5.572619521733886
128800 -6.9305510224191735
128900 -7.149042263048529
129000 -5.225467625835022
129100 -5.733507666234269
129200 -5.955955819077328
129300 -5.5591268491146355
129400 -4.297581629650583
129500 -4.642665800427502
129600 -6.188374715822566
129700 -7.108857908651048
129800 -6.393342208217138
129900 -5.629702136057504
130000 -6.928664448134054
130100 -7.570518125674224
130200 -7.608387006605758
130300 -8.699903568367048
130400 -9.539861646967505
130500 -8.103440325456825
130600 -5.460187827455644
130700 -7.260930128680504
130800 -7.3518154777345615
130900 -5.657546375638117
131000 -7.9614204418742744
131100 -7.480040998811246
131200 -6.09032268546753
131300 -5.206011576490762
131400 -7.041188709862351
131500 -8.650330973091725
131600 -7.603505273758396
131700 -6.843923684915527
131800 -8.738622144926653
131900 -6.059140257037888
132000 -6.645389466099894
132100 -4.99124018642788
132200 -4.101075230507192
132300 -5.8057549477099135
132400 -7.613300097970147
132500 -8.452506882050816
132600 -8.845247099093566
132700 -6.518871702117191
132800 -7.257982566977451
132900 -6.71062529165129
133000 -6.5987494273443685
133100 -6.447562658447942
133200 -6.793961504916612
133300 -6.480150803231028
133400 -6.55812778244472
133500 -6.345135648237485
133600 -6.609018210951217
133700 -6.6697157285071365
133800 -6.585598101704792
133900 -6.965415016557468
134000 -6.518809336630982
134100 -8.482741795802447
134200 -6.528840016903229
134300 -6.046837368167175
134400 -5.344053094296441
134500 -7.154045459001446
134600 -6.63417925933284
134700 -10.360380410380067
134800 -6.8429786281174
134900 -1.4853737701184704
135000 -6.799693778409194
135100 -7.768165971054232
135200 -6.846587291941941
135300 -9.478529452005187
135400 -7.692488699888923
135500 -5.53857236154394
135600 -7.0109418562946635
135700 -8.121401201631071
135800 -5.972486527846483
135900 -7.156573743984438
136000 -6.954590979711143
136100 -5.679829761803736
136200 -8.004588719377384
136300 -7.842761122248965
136400 -7.8735607637860126
136500 -8.317649055121013
136600 -8.795282278042093
136700 -6.463603360372356
136800 -7.91847612503987
136900 -5.493214344119365
137000 -6.26088863794932
137100 -6.983242164446289
137200 -4.835757981638903
137300 -5.22988632076123
137400 -7.199437755837699
137500 -9.132438193628106
137600 -7.668254710624061
137700 -7.091824783690414
137800 -8.581578529727713
137900 -7.78798257839483
138000 -7.191200396446793
138100 -4.341545380906521
138200 -6.877652765602241
138300 -7.727757943401862
138400 -5.915886199066745
138500 -7.146522267857801
138600 -6.2559677046405815
138700 -5.735488200749479
138800 -6.296207979075401
138900 -5.444320777184279
139000 -7.508338356985443
139100 -6.596623990311983
139200 -6.765010820358678
139300 -7.388864384984257
139400 -7.394042302564918
139500 -4.96990402003222
139600 -5.153787448457283
139700 -6.563469342538733
139800 -7.707293035504432
139900 -7.118984589369334
140000 -7.056601743951432
140100 -7.354680782159976
140200 -6.4105854652510335
140300 -8.609493571865029
140400 -8.356970580958542
140500 -5.3965376691301685
140600 -7.295461165588891
140700 -7.5137819454588595
140800 -6.1351959547919375
140900 -8.060186606616861
141000 -8.363833888175911
141100 -6.897485952516501
141200 -7.873685280369288
141300 -6.380810418603763
141400 -3.972155955098102
141500 -5.332987705708905
141600 -5.583950464836384
141700 -7.969536751325849
141800 -6.503396828102971
141900 -7.531728177963495
142000 -9.66253921585855
142100 -7.526532619901624
142200 -7.3642550165003815
142300 -6.2717972031527935
142400 -5.1666795076937335
142500 -7.495661887227028
142600 -5.4480670547682175
142700 -9.61286114678161
142800 -7.060703472595683
142900 -7.2014935642734175
143000 -8.61454143231165
143100 -6.734816151109728
143200 -5.299552971355583
143300 -6.082499470104237
143400 -7.003783916827226
143500 -4.466056209747225
143600 -7.267868019832371
143700 -6.7215588850160275
143800 -7.773051050812673
143900 -6.837577280823857
144000 -4.607727533160364
144100 -7.681198712517959
144200 -8.691107988139917
144300 -6.411767395511299
144400 -6.9730959393387755
144500 -8.164430934116353
144600 -7.272224691089652
144700 -4.119717533642913
144800 -2.711897638815211
144900 -3.179923552645492
145000 -6.45796597322239
145100 -5.490426363261096
145200 -6.1605076208131955
145300 -6.525020692635323
145400 -4.979927285360112
145500 -3.482792877587805
145600 -6.242096682760628
145700 -7.6958528413401
145800 -7.464764146937809
145900 -8.996165942003543
146000 -5.288379769030947
146100 -3.0879149442639955
146200 -4.374987365730762
146300 -5.341059539449777
146400 -7.494861292382078
146500 -7.7869728929476345
146600 -8.371885281251068
146700 -6.883342947634874
146800 -6.314834216483284
146900 -6.228143710840258
147000 -6.4415299355207205
147100 -6.659182004167758
147200 -7.8270678029976954
147300 -7.0205885180063206
147400 -8.091131141962572
147500 -8.63154285205
147600 -9.743672980365908
147700 -8.405928715563146
147800 -7.834221117533224
147900 -6.621769945109532
148000 -7.666672782466765
148100 -5.718591207342513
148200 -5.867281314917042
148300 -5.685997772464131
148400 -7.880793536361119
148500 -4.637172120863501
148600 -5.548621126288528
148700 -5.979328092613787
148800 -5.259713225510311
148900 -7.324675088013487
149000 -6.912543558228343
149100 -7.015426091815904
149200 -7.0000513882175825
149300 -7.521808009825568
149400 -6.629110545426257
149500 -6.869401200197132
149600 -7.556368126099803
149700 -7.900579855135868
149800 -6.636425074984812
149900 -9.052630577226369
150000 -6.266565882929785
150100 -8.47759843650338
150200 -9.56553490750631
150300 -9.848812230864326
150400 -7.918504432075396
150500 -7.786036698455113
150600 -7.901808201017685
150700 -10.141007797269085
150800 -10.064775878384069
150900 -8.537170547053828
151000 -7.136225675201803
151100 -7.917877755805423
151200 -7.233373645316164
151300 -6.802731047757158
151400 -7.869643961468575
151500 -6.868495183023646
151600 -4.4662240431230495
151700 -5.343174851258101
151800 -5.8948595376604604
151900 -6.868996411747099
152000 -7.927222060040818
152100 -5.892250279462417
152200 -4.964438819963911
152300 -5.924557551125357
152400 -6.71553000859302
152500 -3.9849801594228453
152600 -6.750359263870373
152700 -6.5702677693655795
152800 -8.793818838782801
152900 -9.150910022041804
153000 -7.428245555270703
153100 -5.536664670251292
153200 -7.784760405071683
153300 -7.29210525914608
153400 -7.425552938516801
153500 -8.08147470074513
153600 -6.011356176248252
153700 -5.790737763678607
153800 -7.232087178308508
153900 -4.1459240220000995
154000 -6.793610087475917
154100 -7.252839587399859
154200 -6.893195770090649
154300 -6.350727542433704
154400 -6.4377888825606995
154500 -3.653112232485782
154600 -5.218929136999144
154700 -5.590716646860895
154800 -4.644449343118166
154900 -4.9965235863067585
155000 -5.338038016001693
155100 -4.9536804765741245
155200 -8.474495234400866
155300 -7.32263591702349
155400 -6.1217583729715805
155500 -5.76658501246693
155600 -5.298075147287679
155700 -5.9157241635678135
155800 -6.467423489772852
155900 -7.853414269165509
156000 -8.662858504343838
156100 -5.442459646967893
156200 -4.231650710152339
156300 -4.298532077812222
156400 -3.736682602761317
156500 -5.7412129208002005
156600 -7.815077219410554
156700 -6.2425916443941
156800 -5.992822721684466
156900 -5.718250012555804
157000 -7.97270487479883
157100 -5.1190560855268
157200 -6.904052225813538
157300 -9.05810137214682
157400 -7.413402067935051
157500 -8.005050601756047
157600 -6.685952987880412
157700 -9.088150687682461
157800 -8.065368794733438
157900 -8.179714639174787
158000 -6.539668725550791
158100 -7.050091171265215
158200 -7.709779902964714
158300 -6.991283859866745
158400 -6.1452293992776035
158500 -5.178268561017578
158600 -6.405668414950304
158700 -7.620717841310553
158800 -7.506806983275331
158900 -8.215558152367837
159000 -6.054679267503295
159100 -6.377304857573216
159200 -6.070918783844776
159300 -5.87511639273751
159400 -4.879480607403974
159500 -6.2351167486267505
159600 -7.005845330047029
159700 -4.972086175417667
159800 -9.341301141796212
159900 -8.358182000686636
160000 -6.563946663485452
160100 -7.490434228463397
160200 -6.4602601751763125
160300 -5.243373180611452
160400 -5.384425515197682
160500 -5.695673778968785
160600 -7.515609286530758
160700 -5.981619531716913
160800 -6.450756181834203
160900 -8.059536943157404
161000 -7.750021885271734
161100 -6.621110268441009
161200 -7.414742202294785
161300 -5.007226403449222
161400 -6.101006428194641
161500 -4.006910703332397
161600 -5.676263944796422
161700 -6.251731157233379
161800 -6.077260399205094
161900 -7.598352786284271
162000 -6.675273162502344
162100 -8.502135807339029
162200 -5.408873887573902
162300 -5.607266392800549
162400 -5.07812874489309
162500 -3.8368926038227364
162600 -6.6917638754754085
162700 -7.1334081855076
162800 -5.663509402994068
162900 -6.397850554216933
163000 -8.147359739854577
163100 -6.27612704562031
163200 -4.897924803144276
163300 -8.35301493693453
163400 -8.87989302655662
163500 -5.158227552381573
163600 -4.672908454677611
163700 -6.111070893313357
163800 -5.211114708672472
163900 -4.962162590793774
164000 -6.731979550483185
164100 -7.7898735815085525
164200 -6.4598922928795
164300 -6.987350334225001
164400 -5.436868185581653
164500 -7.083858235474454
164600 -7.696555797124244
164700 -7.479017727090932
164800 -10.012328593091722
164900 -9.068572897694875
165000 -7.704560619808741
165100 -7.667679028472114
165200 -7.30005386134343
165300 -6.271417934921385
165400 -6.323997706133427
165500 -3.6436852417355485
165600 -5.608572736793034
165700 -6.364450634657993
165800 -8.161383053494404
165900 -6.974295819256752
166000 -7.884051403268207
166100 -6.516966423593429
166200 -7.7097544590763425
166300 -5.287247752584042
166400 -6.133062661540342
166500 -8.874313717644998
166600 -9.29383509176388
166700 -7.585352702005087
166800 -7.616480635454173
166900 -7.337256757748138
167000 -8.350841751164728
167100 -7.568738071925438
167200 -8.307249635490543
167300 -6.708501655008212
167400 -8.915488093766319
167500 -8.252587312087652
167600 -6.666688297770534
167700 -8.155092140400518
167800 -6.784373251607256
167900 -4.913600724284385
168000 -5.628806451199323
168100 -6.224940753639495
168200 -6.824621444693545
168300 -7.7520610164619415
168400 -5.503191894875326
168500 -3.950355571514637
168600 -3.6839104184530704
168700 -6.756391352188344
168800 -7.311679125730881
168900 -5.065322308251878
169000 -5.762767183354673
169100 -7.138124007517766
169200 -7.367993477102246
169300 -6.884020133331688
169400 -6.644627044838224
169500 -7.645378098123491
169600 -8.039070956109617
169700 -8.285486320433506
169800 -9.704510611716055
169900 -8.80606218674125
170000 -9.792129919745193
170100 -9.825579224184057
170200 -7.201928815413739
170300 -6.34175916812881
170400 -6.6579128992711505
170500 -6.236115676026169
170600 -4.531767727643202
170700 -7.53860765199484
170800 -7.156157923134851
170900 -9.235169320807726
171000 -9.520942582675696
171100 -7.009664433826612
171200 -7.376643467830823
171300 -6.850331529288046
171400 -7.9335594291805265
171500 -7.718615674729669
171600 -6.5665347134698875
171700 -7.51790322693688
171800 -6.871102853409125
171900 -3.959610456827032
172000 -5.675590651687674
172100 -5.676593262376965
172200 -7.671015512527599
172300 -7.5448827147300435
172400 -7.2832308629775895
172500 -6.462967589590524
172600 -6.976670983280105
172700 -7.221351647853303
172800 -7.397477589705761
172900 -7.077510826708906
173000 -4.7145301302885665
173100 -4.38805093360028
173200 -6.919131436217797
173300 -8.245207996767599
173400 -6.500111899534333
173500 -5.928579819274775
173600 -6.85029183834067
173700 -5.310283226820049
173800 -6.0085966662818375
173900 -6.953205669840516
174000 -7.886568997114166
174100 -5.418047762614439
174200 -6.1270599750183505
174300 -5.006135501586988
174400 -5.641033012751548
174500 -5.090256690217987
174600 -3.983302501543445
174700 -6.223981639082963
174800 -6.360205469271205
174900 -8.454959123797112
175000 -5.196332383495863
175100 -6.571920032675331
175200 -7.104193763297414
175300 -7.6648101823942625
175400 -7.057955969928095
175500 -7.075390615514253
175600 -6.5432934099548135
175700 -7.621460122531472
175800 -5.994852663308129
175900 -6.978721278500061
176000 -6.934352085131523
176100 -7.681126839541135
176200 -6.7437289955934405
176300 -6.781353386399099
176400 -7.814762455522128
176500 -6.890726489123546
176600 -7.972632106623691
176700 -6.1385290887328
176800 -6.679177616435282
176900 -7.3136510940553165
177000 -7.461320221009493
177100 -7.788823244984442
177200 -5.324808433871227
177300 -8.070379840210823
177400 -9.560715393226678
177500 -7.626561842977512
177600 -7.947488322578275
177700 -7.184098483788931
177800 -7.337995692680524
177900 -6.925281997435471
178000 -6.550727285150761
178100 -4.737603123677033
178200 -4.07355194756846
178300 -6.247878363025154
178400 -5.849008992983338
178500 -5.532716559542978
178600 -8.61146466770184
178700 -6.880620066821079
178800 -8.663910608098861
178900 -8.65192621063785
179000 -7.853693339320362
179100 -6.831722781882918
179200 -9.13044847528989
179300 -6.1376956294430265
179400 -6.0718597568837165
179500 -7.371673811286035
179600 -7.074648768830987
179700 -7.102742278210353
179800 -9.532526526700384
179900 -9.954788568629718
180000 -9.088432618735226
180100 -8.239470697583414
180200 -8.381936288182057
180300 -8.16696123993655
180400 -6.438213494803764
180500 -6.517814558637585
180600 -7.509538992116844
180700 -5.661467977316873
180800 -8.026939218266776
180900 -6.628711767931904
181000 -7.355092397649881
181100 -6.909381984953412
181200 -5.897604467977293
181300 -6.2334056033295075
181400 -6.042580127155107
181500 -5.964001651047436
181600 -5.881505243020892
181700 -8.107752524133005
181800 -8.089310677438998
181900 -7.0080865325327615
182000 -7.489550199133048
182100 -8.544702647703112
182200 -6.831280036333973
182300 -6.530021322185674
182400 -6.662448329347517
182500 -6.6408813360719465
182600 -8.740774924258837
182700 -5.871093055534406
182800 -7.655872521881629
182900 -8.457827577477978
183000 -7.678890319110527
183100 -7.869633239418413
183200 -4.992424129897479
183300 -5.687565581777541
183400 -6.573550297841165
183500 -7.759859603224605
183600 -8.200915945473094
183700 -6.927816154986484
183800 -7.065842237094805
183900 -7.1753787532865605
184000 -5.489530787594646
184100 -5.182738235715927
184200 -4.923494657981697
184300 -4.595871687045136
184400 -4.838081505424069
184500 -6.510499512346831
184600 -9.109943148919143
184700 -8.024205967709657
184800 -9.072689732275606
184900 -8.892446156865196
185000 -9.827369396417179
185100 -8.273967852900585
185200 -7.488534253745051
185300 -6.485755493897238
185400 -7.336009332653504
185500 -8.16752115744229
185600 -5.05488514544261
185700 -5.308285358151776
185800 -4.4052362303342685
185900 -6.873324481519289
186000 -5.888122296984755
186100 -6.0112137352116095
186200 -6.204481860707947
186300 -5.304330771617551
186400 -8.734694012411264
186500 -6.770193277135688
186600 -7.202888589351167
186700 -5.525694635887249
186800 -6.272058743761935
186900 -6.031165240818628
187000 -6.1075959216870475
187100 -6.606091618123686
187200 -6.142418873878211
187300 -8.173485650210182
187400 -7.035762320353512
187500 -9.373777098238698
187600 -7.492999966925596
187700 -8.031010468306533
187800 -6.704939455237729
187900 -6.084250809139946
188000 -4.8014298838121245
188100 -6.969909776794633
188200 -7.046179465433655
188300 -4.647794831953962
188400 -8.384929848571716
188500 -9.121812120334107
188600 -7.92890319438349
188700 -8.344870475588435
188800 -7.751935880389798
188900 -5.688458575208787
189000 -7.641055388979861
189100 -5.583949367740627
189200 -6.900488309339011
189300 -6.3682049897882
189400 -7.946124954328043
189500 -7.563637005075246
189600 -6.354162398192388
189700 -9.030667674723652
189800 -8.596934288021435
189900 -8.112976312810222
190000 -8.271561567031531
190100 -7.295001437099503
190200 -7.5283754420352045
190300 -5.086130203964195
190400 -6.108287332282935
190500 -5.410252824654354
190600 -5.8738545521719105
190700 -7.550831695242842
190800 -4.55753330883133
190900 -4.330098094840252
191000 -5.088807508543858
191100 -7.431572936615241
191200 -7.446395795505023
191300 -7.762424588449683
191400 -6.348363370829763
191500 -6.4560546884639205
191600 -5.109317113426322
191700 -6.600036760517482
191800 -5.884680531375666
191900 -6.425583931001622
192000 -5.8989189245835325
192100 -6.375753199806278
192200 -5.571589117732385
192300 -7.829945067520451
192400 -9.347166738624937
192500 -7.244248921841801
192600 -7.2468525250042335
192700 -5.941940322462124
192800 -3.8078568869308818
192900 -5.627230349173172
193000 -4.945320925957201
193100 -6.8748618808436035
193200 -7.23724571430764
193300 -6.3735076543431335
193400 -8.062556170251577
193500 -6.828404651733407
193600 -3.4456349316229886
193700 -5.352288036773749
193800 -5.856779998011445
193900 -8.14570394041666
194000 -9.973304722810866
194100 -9.410074261950076
194200 -7.413586535881089
194300 -5.426480704509281
194400 -7.710463317785873
194500 -7.404650248349401
194600 -7.761666374926916
194700 -7.615753505291414
194800 -5.570021648490953
194900 -6.677473697348236
195000 -5.867213495843957
195100 -5.9939628303206485
195200 -8.880567707722577
195300 -7.122795324080806
195400 -8.54814015949532
195500 -9.317005799157998
195600 -8.996177665975177
195700 -8.704576762648774
195800 -8.962997392078488
195900 -8.647825232081512
196000 -5.044923824349239
196100 -5.842629251221018
196200 -7.22949611452955
196300 -7.437415321272127
196400 -6.932565885589453
196500 -6.53428838511425
196600 -8.414574002780654
196700 -6.848541860527976
196800 -6.9730652758935046
196900 -5.8342370771953265
197000 -7.254533383250303
197100 -9.199573354635447
197200 -9.412006516548834
197300 -8.423008188099478
197400 -7.789151138072318
197500 -6.125871265693965
197600 -6.475917954847126
197700 -8.561723100817465
197800 -8.518177923656516
197900 -9.428209342407852
198000 -7.647687682710394
198100 -6.174004222289441
198200 -6.144869097072356
198300 -7.612898476612011
198400 -5.523568924684222
198500 -7.409319005323839
198600 -8.98383888290285
198700 -8.241879738325908
198800 -7.795497183397214
198900 -6.21150213377318
199000 -8.722319514410938
199100 -7.929964466837835
199200 -6.8407563715375055
199300 -6.144615511514207
199400 -6.389810963415487
199500 -5.577929024164419
199600 -5.780458589323845
199700 -6.47085234514408
199800 -8.216746898105034
199900 -5.997240821635712
200000 -6.140966410598376
