# Model = DQN.logic.(27)-4L-(27)
# Num weights = None
# Learning rate = 0.001
# Env random seed = 111
# Start time: 30-11-2023(17:49)
100 -26.27088121743746
200 -25.80626052055578
300 -21.795241228291566
400 -23.321792160565998
500 -21.170535239068965
600 -22.134397676536167
700 -18.640901119217865
800 -17.68482313208728
900 -20.247105429771132
1000 -22.096230108018986
1100 -22.672069290125123
1200 -18.45566457862579
1300 -19.91931014637168
1400 -18.562736275704598
1500 -19.152580597300286
1600 -23.138427762950954
1700 -16.03375697108323
1800 -15.566829933733535
1900 -20.876665236382884
2000 -21.149170681075596
2100 -21.851484080370483
2200 -19.87247151163021
2300 -14.849907900028688
2400 -21.096873407797737
2500 -17.651188892625687
2600 -18.888470603833365
2700 -19.802213232644064
2800 -20.09047052215778
2900 -21.4651664806728
3000 -19.53907050057829
3100 -16.230381173634264
3200 -17.600122902496015
3300 -11.873249293520564
3400 -10.946662763321878
3500 -13.959399935762695
3600 -10.896634259015398
3700 -10.88362623335796
3800 -7.186500444265482
3900 -4.509446966631429
4000 -1.4549319796620548
4100 -2.96549906443154
4200 -0.15566830047933317
4300 -3.0076057047876716
4400 -3.794962829731681
4500 -2.654579339411137
4600 -5.8063234500452765
4700 -0.5184075610572573
4800 -7.665684636728588
4900 -6.763470351378191
5000 -0.6898550420388027
5100 1.4419966459772242
5200 -0.8286502724122818
5300 1.2029493787710637
5400 -0.7761492718293997
5500 0.37679857486666624
5600 2.6271808830028496
5700 1.3529198234524067
5800 3.106780604558262
5900 1.0241104523921303
6000 5.629868960112699
6100 2.964999233477041
6200 4.550209950820945
6300 3.009559793077398
6400 0.9656411043277536
6500 3.913815136855463
6600 6.100268192848148
6700 2.1492311108412254
6800 2.1130308902405512
6900 5.348362272595267
7000 6.960285440232602
7100 1.5020994696400791
7200 0.5995071170641407
7300 4.020103524388301
7400 2.9780470935847907
7500 6.454147103788964
7600 8.206837486352486
7700 3.3475083155545904
7800 3.828644023839497
7900 2.5779906731782574
8000 0.5069601256047791
8100 6.219865981568436
8200 1.5009544723115726
8300 7.19261953289046
8400 2.490647602836229
8500 3.690605806973007
8600 3.0837554698782594
8700 3.9921335263197935
8800 3.0427911796644063
8900 2.3564178253209214
9000 -0.8142165227178896
9100 2.525070985643857
9200 5.032441974148323
9300 4.401028056128949
9400 5.741322887735158
9500 4.449838370864496
9600 5.537914483046732
9700 3.281032658972304
9800 0.21908262636376652
9900 1.2792422682802282
10000 2.3567987895418696
10100 2.7877113327102956
10200 5.4239065337249395
10300 6.873702126651178
10400 8.685227964929872
10500 6.585595129937302
10600 10.214226488337436
10700 12.84661888925633
10800 9.45956448139748
10900 14.777846336809247
11000 13.27270340901841
11100 14.570419823300451
11200 14.72668893610877
11300 14.182972156162226
11400 15.17579050326138
11500 15.455719367311922
11600 15.296121140380789
11700 14.860264701475606
11800 14.986018341343357
11900 14.110519479446388
12000 13.989622304968831
12100 15.387532055545059
12200 15.056599428077545
12300 15.389563633920478
12400 14.394971211730788
12500 14.21001937846968
12600 15.083382386653334
12700 13.68534512409671
12800 14.56597272854102
12900 15.550203683242882
13000 14.856857880139508
13100 14.0478315030983
13200 15.344302212666692
13300 15.361502727073253
13400 15.039909877526199
13500 15.378571174242673
13600 14.609302370380174
13700 12.865359483144173
