100 16.59677610360757
200 18.15452110016788
300 14.699417002420326
400 18.694674670617495
500 15.81501648707761
600 16.91129486140136
700 19.431059210995095
800 17.033169156812765
900 17.615929076327628
1000 19.806060635006578
1100 17.41515644996717
1200 17.63293134351703
1300 16.61106339218032
1400 19.133443921084176
1500 18.105025536353207
1600 18.474304634772658
1700 19.203389113459505
1800 17.59956397086882
1900 17.120384432320662
2000 17.381011038977228
2100 17.179758089518078
2200 16.409682087818297
2300 18.58451748530896
2400 16.555897657808682
2500 16.574115836312565
2600 16.714710439295036
2700 19.254947793822012
2800 17.751535752352705
2900 19.33235994579712
3000 18.07520387398255
3100 18.39390114950391
3200 16.549859231860463
3300 17.033548698713197
3400 19.157653897299575
3500 15.84840457367095
3600 14.641299336830649
3700 14.497715257389633
3800 16.842520359698707
3900 17.13282990289812
4000 15.31380273967575
4100 18.252648822822735
4200 18.81537307951816
4300 19.009334840819736
4400 19.435629595948633
4500 18.933470706577953
4600 18.023717555779307
4700 17.62688681370949
4800 15.498994431670488
4900 16.99323055914963
5000 16.542712898912107
5100 17.25521919118906
5200 16.022253246249115
5300 17.313564411692454
5400 17.380379248498276
5500 15.679080105469021
5600 18.114199046212413
5700 17.10873455458835
5800 17.76191133591389
5900 17.44339783369816
6000 17.588994135935952
6100 16.635544204054586
6200 13.969426991509776
6300 17.695621629456365
6400 16.47153100142895
6500 18.998785013509345
6600 18.420709858053648
6700 19.260188471299884
6800 18.659434129662806
6900 16.06922072795874
7000 18.176345649572298
7100 16.628596966820513
7200 17.649553514679997
7300 17.300327249011787
7400 16.4899753819095
7500 17.32390416085787
7600 16.521486826003198
7700 16.31629781019977
7800 16.604905636623695
7900 15.72519637684559
8000 18.744992576641202
8100 17.277003010715536
8200 15.480060066875694
8300 16.848981617202895
8400 17.862751607960437
8500 18.206346709748946
8600 16.947398540408486
8700 16.283632514773736
8800 16.242001424925608
8900 17.20089316493385
9000 16.83532087537538
9100 17.386810687869342
9200 18.111216821444444
9300 19.06894143351054
9400 17.738730433088953
9500 18.472842455423955
9600 15.716764197171893
9700 17.85356947173545
9800 18.849521318880967
9900 17.657471438022824
10000 17.254537380736668
10100 18.724752908558134
10200 15.771131606328003
10300 18.74208407073844
10400 18.702170903970732
10500 17.25823525334419
10600 18.755678390195115
10700 15.696102596358827
10800 17.39749389595337
10900 18.14685292759132
11000 18.74656195181409
11100 19.940395877279663
11200 18.689263629338566
11300 18.48192201657575
11400 18.963507645309207
11500 18.912844680176907
11600 19.509971820514515
11700 18.273169456858124
11800 15.507073455959487
11900 19.137636273383276
12000 17.48083818427868
12100 16.84530137428196
12200 16.82068464165229
12300 18.84629768409717
12400 15.768026742661164
12500 18.108126218816835
12600 17.493871015726743
12700 18.944234049072797
12800 16.188706577978444
12900 16.619829285995316
13000 17.431679951113516
13100 16.848724748018366
13200 19.296832972086914
13300 17.69294872031633
13400 18.27272022867668
13500 18.341806299341755
13600 17.445632980856086
13700 14.714482600824374
13800 18.295503853327254
13900 19.150341249267075
14000 18.8191991343076
14100 18.457364187129862
14200 14.219675139275694
14300 16.54687010366578
14400 17.622414941759644
14500 14.698966267920264
14600 16.846878863537025
14700 18.253915451662365
14800 19.718033215289257
14900 16.809326920557705
15000 18.034081613581147
15100 17.574167242397298
15200 16.449751863278447
15300 15.677035949533995
15400 17.8034165268084
15500 17.08909009744998
15600 12.318296165323828
15700 17.22042765516787
15800 16.621255966201534
15900 16.229096110178187
16000 18.61206844225725
16100 17.614794353426365
16200 16.02911898942531
16300 16.297687497315867
16400 17.817886756368218
16500 16.941928514562253
16600 17.511626789334287
16700 17.210515276550108
16800 14.652310095693178
16900 18.632166235531813
17000 17.07597656683184
17100 17.605121233930987
17200 16.897149141065285
17300 16.948430766465318
17400 19.021064150985378
17500 19.54036492269609
17600 17.167296824790682
17700 15.797722702276573
17800 18.085802282964035
17900 17.738305630814004
18000 19.173470728647775
18100 17.481811027408085
18200 18.477266408399704
18300 18.7557274263604
18400 18.257280529071608
18500 17.03938126012773
18600 17.828261873452703
18700 16.37711361281117
18800 19.26123196804027
18900 19.377158800944237
19000 17.475236463121337
19100 18.673400812021125
19200 19.35520782666378
19300 16.590613722075922
19400 17.95254773543654
19500 17.305375396130884
19600 19.10472714503096
19700 18.53566717425216
19800 17.42575549671951
19900 17.574460490152575
20000 16.203916136444185
20100 17.94730287976041
20200 14.804442519955355
20300 15.545907140541937
20400 17.169452522706198
20500 17.968979041766765
20600 17.842113976122185
20700 16.995529434232324
20800 14.637709366886758
20900 18.450623148666676
21000 18.973262243570773
21100 18.445542415744796
21200 18.472497106255137
21300 15.159541787917611
21400 15.779451359427709
21500 16.93281669381326
21600 17.033758969161354
21700 18.540526127837396
21800 19.37897572642753
21900 19.777500735483212
22000 16.835997162254774
22100 16.87808717567005
22200 15.63555662443024
22300 17.25730327440458
22400 17.224218086241184
22500 18.64667888554574
22600 17.23149546484855
22700 18.015846821737952
22800 18.22002629395771
22900 18.272105888593636
23000 17.789749037407518
23100 18.95902312606384
23200 16.889338446170346
23300 16.98390328581932
23400 18.124718855296948
23500 17.252330494507042
23600 18.55568588549168
23700 17.975281139251127
23800 18.793978938400294
23900 18.733890404468863
24000 16.422551579048587
24100 15.99152121285632
24200 16.762481120278636
24300 15.628362092113205
24400 17.275804121367454
24500 18.418182541209067
24600 18.242978224403902
24700 19.652162432371522
24800 17.14983652136549
24900 19.54060123402064
25000 16.081503189861095
25100 17.68340652881338
25200 17.180015706668858
25300 19.17135167289395
25400 16.30735658665336
25500 16.987461181153954
25600 16.2797233401349
25700 17.28343854184705
25800 19.58410414347997
25900 16.507297261812333
26000 17.789435058831668
26100 14.463374610435968
26200 15.871590746170298
26300 16.842650675717508
26400 17.405089261824052
26500 16.033613281350053
26600 16.832566277808308
26700 17.36512822854158
26800 16.60662106749899
26900 17.498199516572107
27000 17.719509664236956
27100 15.852278274709635
27200 19.37748927990073
27300 18.72764469646954
27400 18.358970842983997
27500 15.933569875795062
27600 18.290535851136127
27700 17.98357138876002
27800 14.551087415571093
27900 16.43658826601329
28000 17.043299409683414
28100 18.93938290593869
28200 17.32289800727116
28300 17.772600737165373
28400 15.74553100489262
28500 16.44794488483888
28600 18.44756585695607
28700 17.120229439306616
28800 17.95753138024622
28900 16.926160675046255
29000 17.25119036533163
29100 17.80216666919538
29200 17.644879250454906
29300 15.483303698785567
29400 17.222313851421998
29500 17.994880279867242
29600 15.621845349631661
29700 16.867357547852563
29800 16.118888402577966
29900 18.275410420610903
30000 15.570689690113467
30100 16.79666367772653
30200 17.793491353815373
30300 18.346159313925018
30400 17.24361815381492
30500 17.019265537192123
30600 17.83659566388658
30700 16.667169851918334
30800 15.341210711385223
30900 19.23456140205299
31000 18.06533330845212
31100 18.37685947380986
31200 18.896753589652604
31300 17.70182114037317
31400 15.012577413879248
31500 19.019162593229847
31600 18.36677025439903
31700 17.98838097955454
31800 17.998262944767312
31900 19.055494994116522
32000 18.02060465962921
32100 15.876007758423377
32200 17.564554811801766
32300 17.774363542916866
32400 18.774071972335953
32500 19.546231060393698
32600 19.241408264047017
32700 16.43688168337349
32800 18.713091297949372
32900 17.155239247676427
33000 18.989183834960627
33100 19.2369419036703
33200 17.263957531331542
33300 17.67267726011624
33400 18.223881587191702
33500 16.652935838182227
33600 17.76539458861582
33700 18.49724654141017
33800 17.419517596562216
33900 17.6614627177911
34000 16.620199409670658
34100 17.36200942298114
34200 17.868131423373086
34300 16.03829416087665
34400 18.102482678633795
34500 15.92970730277471
34600 13.253731145356875
34700 19.239776519943543
34800 17.345452735770902
34900 17.599355879661807
35000 14.25524406627357
35100 15.407848919084323
35200 18.426827681274673
35300 17.304508908832855
35400 13.28454734555127
35500 15.015938393942728
35600 17.83647724991877
35700 18.11190578599343
35800 16.510326062631886
35900 16.83570445299792
36000 18.769447997691753
36100 17.215812274689178
36200 16.515159868259286
36300 15.934081223859597
36400 17.759888723259618
36500 17.97248378931772
36600 16.261156728006053
36700 16.325272601798435
36800 15.735932818924022
36900 17.519178250615383
37000 18.632418923527453
37100 17.671655520216834
37200 17.260962840001373
37300 18.05564991024272
37400 18.161833549540887
37500 16.786300387226053
37600 16.44447968770642
37700 17.670576952880044
37800 15.515832791662683
37900 17.00300794000564
38000 15.481615494062998
38100 18.66455178716671
38200 14.653133486052237
38300 16.51713699696593
38400 17.725131598193194
38500 17.65784254737943
38600 18.370334097794245
38700 17.194831770329554
38800 17.290183823845737
38900 17.363192878175454
39000 18.010251599028862
39100 16.318107808402893
39200 19.272709043077576
39300 16.722951442670485
39400 15.853171509202173
39500 18.725588634666764
39600 15.774495346746582
39700 18.46069716653009
39800 17.999366544951354
39900 16.624048417923134
40000 18.06471342158441
40100 16.750766068568794
40200 19.158233725583166
40300 16.83045563000104
40400 19.258595287552538
40500 18.906037608195838
40600 16.056404858317343
40700 17.584015030266535
40800 18.00937128859399
40900 17.645556821722344
41000 19.36967450059294
41100 18.254176952286215
41200 18.80037301831891
41300 16.906995339866665
41400 16.15864205585177
41500 16.346011336097877
41600 17.54072695396904
41700 18.08425227856962
41800 19.23449621954257
41900 14.956979414086328
42000 16.755552812108444
42100 17.82192091188864
42200 15.745095698928314
42300 16.40519308356953
42400 15.56060231085249
42500 18.327894393166446
42600 18.311479828131233
42700 17.810506283499635
42800 18.70419609968772
42900 16.220677309118795
43000 16.118835605823364
43100 18.573553448048873
43200 17.280617245371193
43300 15.474985827100475
43400 17.056978962726713
43500 19.86005196880045
43600 18.323961898010342
43700 18.623255601396142
43800 19.286247601142954
43900 18.606109858848907
44000 18.52293048596212
44100 18.30912316147974
44200 16.059791471831673
44300 17.766128921616854
44400 16.391797191737286
44500 18.973401074427457
44600 16.57344780714978
44700 15.532200730028563
44800 17.786239565027707
44900 19.325908659397445
45000 17.361909765610733
45100 18.96831792842228
45200 16.110381265746202
45300 16.440024007866867
45400 15.092712366799011
45500 16.612631046904994
45600 17.3816552837486
45700 18.28961767035116
45800 17.472920706111363
45900 15.38519404691729
46000 18.803555289635767
46100 18.22745385608932
46200 18.706413836667682
46300 18.159652773624867
46400 15.746265163925962
46500 19.565521117953246
46600 18.536513998591538
46700 17.58986285719146
46800 17.382820098570015
46900 16.431248731774595
47000 17.34821143145601
47100 18.099151419163853
47200 17.106707818280167
47300 17.358167354246252
47400 16.459489494238152
47500 18.03745547603099
47600 18.362268878430758
47700 17.27855588761758
47800 17.39642846170897
47900 18.758569779468008
48000 19.685507062428638
48100 17.20282336588638
48200 17.153673960272872
48300 16.767853800668487
48400 16.71413430806905
48500 18.538889142380814
48600 17.203076764762464
48700 15.905146424968102
48800 15.746065332891687
48900 16.36543512899783
49000 17.981171298832905
49100 17.516316369383606
49200 17.668825053664566
49300 17.69331040722646
49400 18.909715896999607
49500 18.159815744887588
49600 18.512336771252272
49700 18.15502610899314
49800 18.53131731014346
49900 15.078363564756069
50000 17.24621713822599
50100 17.644370563356663
50200 17.248203043169205
50300 17.063278525988352
50400 18.937313724437413
50500 15.896571348137414
50600 16.637584182444538
50700 17.9657017587633
50800 18.45537363816057
50900 19.129279205783426
51000 18.252050857854826
51100 19.297129495848026
51200 17.29623073353575
51300 18.527793832805113
51400 16.054727545465788
51500 16.732111226556498
51600 18.02104573862362
51700 19.799261370287077
51800 18.73151859465771
51900 17.894967871979976
52000 18.810146103619044
52100 16.357866190561506
52200 16.39609245406905
52300 19.683900146544087
52400 19.590823602114096
52500 15.992009645066146
52600 17.510833558764983
52700 19.07299004117595
52800 18.098464378557114
52900 18.57787716734206
53000 18.448177397554215
53100 16.99642151905601
53200 16.617910683306114
53300 15.40824092184061
53400 18.438539913561726
53500 18.494037966431808
53600 15.911964721602745
53700 17.72115482842411
53800 14.702373077923365
53900 16.660840745725146
54000 17.486204707763456
54100 17.561351859554623
54200 18.890973600613325
54300 16.904307864072315
54400 15.8098408854479
54500 17.255661089323347
54600 16.79856240495123
54700 17.396170652707735
54800 15.670679106134235
54900 17.964333631476084
55000 18.258852169638313
55100 18.41086390694084
55200 19.147645750386697
55300 17.470426905951044
55400 17.384917551226582
55500 17.630511142224343
55600 17.384068244381552
55700 16.653949163440846
55800 18.615060251813798
55900 15.58574957886976
56000 17.649126856347753
56100 17.26657450237566
56200 17.395058235071886
56300 18.4413479760918
56400 17.785036625670962
56500 17.593416749720777
56600 17.961233580967935
56700 16.54286272681641
56800 18.20949331161994
56900 17.226468182454315
57000 18.681433009326405
57100 17.088927368092335
57200 16.751972354082106
57300 18.297088138347554
57400 18.580572077138935
57500 17.708806161945443
57600 16.761962674408853
57700 18.465017439946077
57800 18.276939038635213
57900 17.50820347003683
58000 19.559486493340305
58100 15.89088113524048
58200 17.066756940780007
58300 16.254713920758228
58400 16.416204842753224
58500 17.843043240348898
58600 18.386830542485693
58700 17.959320759720292
58800 18.620950625994766
58900 15.842916096021662
59000 18.405658216011737
59100 18.91545673570815
59200 17.156683406212355
59300 17.991038143116832
59400 19.51534675081559
59500 18.49245847150567
59600 17.830686528532528
59700 17.336107067371106
59800 17.650721302713748
59900 17.406557922681507
60000 19.317084460957542
60100 16.73651518832509
60200 17.931459438146376
60300 17.012317086087037
60400 15.667701870470019
60500 19.1312002228906
60600 17.99433541122051
60700 15.168486363497728
60800 16.377902124703926
60900 18.300832267151087
61000 16.75614555322352
61100 18.402675819846422
61200 15.739876652810308
61300 14.308247639133505
61400 17.814806947951816
61500 17.075425693712063
61600 16.430938402827824
61700 17.361957371175176
61800 16.679842533484884
61900 18.966289879276005
62000 18.248729606333633
62100 17.250839480047553
62200 16.135661192701374
62300 19.026051336837856
62400 15.791029861722441
62500 17.74558826629461
62600 18.272775870055334
62700 19.07485657131231
62800 17.58748969206346
62900 16.8978872854495
63000 18.277370106467508
63100 17.834288868755706
63200 15.562729653948484
63300 16.44763752181004
63400 18.182271334306098
63500 17.57865037170644
63600 17.8578904335951
63700 18.79186293355821
63800 16.536069739249903
63900 15.720132131081101
64000 16.776398131362512
64100 18.05665740479919
64200 17.176498943162034
64300 19.30355551759429
64400 14.75401141225606
64500 15.302926209662564
64600 17.345612640373886
64700 16.26703268020101
64800 18.58090426760503
64900 18.247624819087225
65000 16.320017193293733
65100 16.845232465018473
65200 16.749722355112365
65300 17.29452850851237
65400 16.64803760447661
65500 17.95478872354119
65600 13.126020676062156
65700 16.14210159133871
65800 16.578468143486088
65900 14.940326802302147
66000 18.795947311220193
66100 18.765533045776056
66200 17.007937342354865
66300 15.953512387994062
66400 17.991676351349792
66500 17.011928569369513
66600 15.297348615325731
66700 17.217083660828504
66800 17.11322093367559
66900 18.175823204904848
67000 17.183938396468136
67100 17.248258154947965
67200 18.355846775022393
67300 17.962916197811197
67400 17.038778140375033
67500 19.319140884829967
67600 18.979169619580187
67700 18.401442537543943
67800 17.54386039371144
67900 17.213049950074378
68000 19.32082912567173
68100 17.390001752517957
68200 18.083630733140524
68300 18.532022776940234
68400 17.99711865425743
68500 17.01137253126834
68600 18.904427645600624
68700 15.114871592002395
68800 16.820171434205786
68900 16.357456930361668
69000 18.84274200624923
69100 17.873493496188974
69200 15.52112310243692
69300 16.568334423591367
69400 16.490494869292128
69500 15.298082986845726
69600 17.571504869037913
69700 17.93227713975567
69800 17.68077983091909
69900 19.00537570636006
70000 18.776530025179717
70100 18.49933816385868
70200 17.953839986602397
70300 19.539677081042186
70400 12.940311548612087
70500 16.01419921678705
70600 17.973537565892777
70700 18.62590979877291
70800 17.8655816501305
70900 18.245973007463146
71000 14.869235653048717
71100 16.733965671953808
71200 14.666963335679773
71300 17.71810013990826
71400 19.577014579175327
71500 15.271839905215977
71600 17.14531793276044
71700 16.853302781335387
71800 18.09216606240489
71900 18.909625176017762
72000 19.149929613017854
72100 16.486860249947746
72200 18.9106571997558
72300 18.551161052275315
72400 17.420605371197578
72500 18.234934923377956
72600 17.246826795846484
72700 17.597727757879287
72800 18.742758039201565
72900 19.29558417904404
73000 17.333330602199766
73100 15.393397392307557
73200 17.616165964514682
73300 16.060415968214237
73400 18.817963144058776
73500 16.817282956310756
73600 17.367227765475047
73700 18.94860579725091
73800 18.53811891530401
73900 15.139890873058635
74000 17.25601727137389
74100 16.648295491565957
74200 16.956997514761177
74300 17.68720776388265
74400 15.732470223730607
74500 19.343636334980157
74600 17.52157660828021
74700 18.25127058090092
74800 19.081818323080718
74900 16.87171982471581
75000 18.86125022869354
75100 18.896181089007683
75200 15.39934862135324
75300 16.576010176110234
75400 17.117652255538424
