100 8.968379287004081
200 7.022703970394314
300 5.7174177903178816
400 7.153584454960294
500 7.249822944755685
600 8.88526617692359
700 6.247780443505704
800 4.874081262630776
900 7.175481256083443
1000 7.73713451016669
1100 7.3029994926607555
1200 8.218767065746688
1300 8.062488039910345
1400 6.595973479043642
1500 8.502825204197855
1600 5.168723453357849
1700 6.864755902664666
1800 7.557117129639329
1900 8.011934173675067
2000 6.325240078523667
2100 7.473836282314655
2200 7.29690280123314
2300 8.041303163569724
2400 7.962444099604732
2500 7.6396800339146544
2600 8.295719068661697
2700 5.978160929055269
2800 6.723470608383358
2900 6.644761082406219
3000 6.674370552112629
3100 5.80706808156602
3200 5.930066212750637
3300 6.4422584629021244
3400 6.598936564671577
3500 6.002991816297719
3600 7.531181957950602
3700 8.106705228532086
3800 7.961511027822359
3900 6.111694801356105
4000 9.435367073576579
4100 9.567992100143506
4200 7.887167131154713
4300 6.56003709252676
4400 7.096005513549369
4500 5.906842413628858
4600 7.3908329237481345
4700 4.713193538230175
4800 5.280192548509284
4900 6.777227751744932
5000 7.840889076400253
5100 7.516150218514043
5200 8.326143288646637
5300 7.43740279547238
5400 8.580887654569139
5500 8.443124498772457
5600 5.155309745010597
5700 5.166924552205888
5800 6.546007022684148
5900 6.9109735335746905
6000 7.8574710842584565
6100 8.674015155636164
6200 6.850915843224813
6300 5.881083336959862
6400 5.939634551295828
6500 6.380582019396945
6600 6.504423458247084
6700 7.723629436473387
6800 7.262432700977423
6900 6.663980354634502
7000 7.586998921301464
7100 8.700357317525942
7200 6.807654974385382
7300 5.79998716263267
7400 5.9594408810838395
7500 7.55000616585035
7600 7.903157507909372
7700 9.245731182265043
7800 7.297022609350018
7900 7.657785869423958
8000 6.716587788033454
8100 8.189302491992137
8200 7.370818370413192
8300 6.023219007734697
8400 8.943026585884608
8500 8.22070402950656
8600 8.264730262473543
8700 8.006891423038851
8800 6.967626014124043
8900 8.525005861536908
9000 6.080056069622161
9100 6.722449777053484
9200 5.173112326645104
9300 5.458090166120555
9400 8.757717770725458
9500 8.836273666643248
9600 7.821942865367859
9700 8.554632956509796
9800 8.221899006099841
9900 8.451509566214053
10000 7.780298374285222
10100 6.319299642249805
10200 6.921325748763521
10300 7.96401669157198
10400 7.308524524621896
10500 5.995761936792595
10600 7.741521349435054
10700 8.11465732203173
10800 8.65112681671317
10900 8.736321002193161
11000 6.875505125022615
11100 6.862576931021137
11200 5.064688905432105
11300 6.332476028796402
11400 8.76030028065576
11500 9.582134027290984
11600 7.114912237671365
11700 7.048503992478559
11800 7.086464874104678
11900 9.472329456463227
12000 6.606291682664372
12100 3.6550366222659267
12200 7.13753324135045
12300 6.499636256832028
12400 8.16445356260631
12500 10.4677358449229
12600 8.808814080875162
12700 8.070655813459354
12800 7.211782444539673
12900 8.498626897056075
13000 9.054794571778212
13100 7.781285932601761
13200 7.783142757070717
13300 7.445653744340732
13400 7.118867325643341
13500 7.10310535425048
13600 7.843985100621279
13700 7.552011184024966
13800 7.555385643233994
13900 8.64978227125359
14000 7.540540367115603
14100 7.743903231155545
14200 6.664934005197477
14300 5.824055505348904
14400 8.130193725670162
14500 7.676581822559498
14600 6.45825204427257
14700 6.991304237331559
14800 7.519206488359097
14900 7.960662412943718
15000 7.432345414199986
15100 8.308360176024912
15200 9.474314841122817
15300 8.340816182782431
15400 7.376309967346271
15500 9.193001817328025
15600 7.972415207792321
15700 8.310370005146956
15800 10.054927116175422
15900 8.79771688606928
16000 9.950920020099414
16100 5.842421631494202
16200 7.882366708924043
16300 5.729696207728463
16400 5.283105941295437
16500 6.778381600493115
16600 6.4020913974780855
16700 5.278774189557477
16800 6.140895705154922
16900 7.196714482490318
17000 6.826604681595873
17100 5.153654242387706
17200 7.223638243979303
17300 7.840695953918837
17400 6.4126971660656595
17500 7.400278562850734
17600 7.675551529288109
17700 8.7340237426192
17800 7.391420440552266
17900 7.1551576841226705
18000 6.639000506629605
18100 7.81954362789089
18200 5.627141151771285
18300 6.015676386406506
18400 7.611311118049188
18500 7.084453372221459
18600 8.382241838157514
18700 6.770203449763943
18800 9.034833859898889
18900 7.04877738229293
19000 7.506751773953443
19100 6.626542888674476
19200 6.863101911346075
19300 8.394162047500084
19400 7.236112863554432
19500 9.294344205728652
19600 8.498860116190661
19700 7.633512129472185
19800 6.604978432964335
19900 5.383723972505012
20000 7.960648521360558
20100 8.40937179294103
20200 8.418188340421775
20300 7.069304762055914
20400 7.091899681648805
20500 7.596384565617697
20600 7.568174532161671
20700 8.620820311977502
20800 7.3380517328330965
20900 7.134994874800121
21000 8.576271000428466
21100 7.335507129487668
21200 6.723281524962815
21300 6.103625005403611
21400 7.6861944217134965
21500 9.05936918233671
21600 7.645707219855156
21700 7.034804531002588
21800 6.963646363440086
21900 8.480038319589864
22000 8.78901042611246
22100 9.525735525842821
22200 7.654770638793098
22300 6.822416258082425
22400 7.654919098510298
22500 7.69337990308348
22600 6.623085439047788
22700 6.199623642462074
22800 7.642815691587322
22900 8.470330117848686
23000 8.724088573127222
23100 8.597517792574653
23200 7.506287111971128
23300 7.44861436213123
23400 7.288633679336556
23500 5.804356872362644
23600 4.218332537407029
23700 4.507961425173663
23800 4.888849024491039
23900 7.209167759918628
24000 7.949557822872125
24100 5.671272401048231
24200 6.8070831409166495
24300 6.7367499104209365
24400 6.217645429967586
24500 6.345687849623545
24600 6.387004300148627
24700 7.419534495895254
24800 7.867739451678478
24900 5.912560877024064
25000 7.891561171103075
25100 10.198497984907064
25200 8.182657378525738
25300 10.354301265028424
25400 8.868308471335007
25500 7.701572656744706
25600 8.558166434453529
25700 8.257329437937052
25800 7.227228611183145
25900 5.904755018922311
26000 6.528187268507046
26100 5.469841983184356
26200 6.940738470476701
26300 6.39784099870082
26400 6.701006165916289
26500 8.179945194590521
26600 9.20660439071302
26700 9.057874038853706
26800 9.562474834173067
26900 9.92636657012645
27000 7.62535533234873
27100 10.09846813631025
27200 9.41120105980428
27300 8.135958325195363
27400 7.229964907339076
27500 8.191671159579265
27600 8.940342587912859
27700 7.1147119859244405
27800 7.059564716180113
27900 6.514099770564365
28000 6.875701597158089
28100 8.489618740505817
28200 7.924453024135638
28300 9.224020708636855
28400 8.677963575942435
28500 7.1821210618944304
28600 6.522609130918871
28700 4.651407829881462
28800 7.159028585451592
28900 6.896097995583961
29000 9.47916469199258
29100 8.181926678128397
29200 7.974861456853507
29300 4.83765231165333
29400 7.856478610050265
29500 9.430120907397047
29600 8.699608914299656
29700 7.20804930178982
29800 6.14418322983867
29900 7.547507141701575
30000 5.42801667285357
30100 8.30423618915835
30200 6.449172127703192
30300 5.845105148595341
30400 4.870557823082254
30500 7.5654750603855785
30600 8.51181576842003
30700 7.59325311765392
30800 8.311701000824497
30900 5.904754945928979
31000 6.746138729862489
31100 8.634668400306449
31200 7.183806937808642
31300 7.345331228959383
31400 8.187139461591748
31500 6.929655751781856
31600 8.716790442186463
31700 7.881289211975512
31800 6.834997889009352
31900 5.897172948751486
32000 6.521736982292869
32100 6.9003048879668345
32200 7.650396888861275
32300 7.424505552866075
32400 7.432122945091435
32500 8.090925901998412
32600 7.411698977696289
32700 7.038813500478246
32800 6.4149622932006505
32900 7.0534257477810005
33000 7.978783569955687
33100 6.213386092729269
33200 6.9574836614309445
33300 5.781175275290835
33400 6.8628608019201
33500 7.1915021021670995
33600 9.10384917695706
33700 8.024930447718221
33800 6.3143383837481215
33900 7.3306961258796175
34000 6.389867067780118
34100 8.372630649285883
34200 7.375145962664222
34300 7.141768236092927
34400 6.4997536253619765
34500 7.9407107668774355
34600 4.795316290690579
34700 6.526902848875379
34800 8.24358199183591
34900 7.113067241015532
35000 6.23350503105586
35100 9.265870579679962
35200 9.347231638475922
35300 7.095355009416293
35400 7.161016451462197
35500 7.779179374664455
35600 7.086866103363291
35700 8.018258900590967
35800 9.776916669506596
35900 9.233660441670523
36000 9.339686412861198
36100 7.001617759941452
36200 7.303168103566121
36300 6.139342477551995
36400 8.234507965860177
36500 8.178511672523804
36600 8.553543160065837
36700 9.67676470165977
36800 9.01067237884029
36900 7.402282519973426
37000 7.891312814975884
37100 5.674762854278608
37200 5.998643041197932
37300 6.489387766927287
37400 7.767181798014252
37500 7.351010813959303
37600 6.41918544131789
37700 6.955416262940608
37800 8.467372400586834
37900 6.143997368940644
38000 7.562171020442945
38100 7.870402664472003
38200 6.553926544442233
38300 6.049322401737888
38400 8.338551299805031
38500 6.940184082311352
38600 7.600777104942761
38700 5.448145131935717
38800 6.576528560190213
38900 6.886860739779105
39000 6.9089300025824105
39100 6.740059609552267
39200 6.863361519195066
39300 6.502017607523893
39400 8.127808178985047
39500 5.009350020876532
39600 6.217714032269404
39700 5.589721411188661
39800 8.82021039926999
39900 6.341520845880286
40000 6.503633480155579
40100 7.523407499039661
40200 7.653288548996176
40300 8.576407666854218
40400 7.047546043212361
40500 6.125615563763366
40600 6.270025976076202
40700 5.700163779733005
40800 7.255577904281571
40900 6.395330144411909
41000 8.154444010727177
41100 7.831537609777523
41200 8.693939490148795
41300 7.196038439197698
41400 7.425181040410304
41500 8.386046655879424
41600 7.664853658977044
41700 6.398992440528146
41800 8.36120000751716
41900 7.629352236512121
42000 6.41537788000255
42100 5.177668560034185
42200 7.398100590314983
42300 6.776040665837042
42400 7.172219367408915
42500 7.752650405124932
42600 7.550236705825558
42700 7.393562536045162
42800 8.235354962268325
42900 8.070681472810135
43000 8.206364712563927
43100 8.927709217992795
43200 8.16303730254336
43300 7.4566055413663
43400 5.587878660595781
43500 6.12653782642958
43600 8.53791352322393
43700 7.736492182711986
43800 7.196976997068417
43900 7.7797759937764575
44000 6.3433832220830215
44100 7.171941876588593
44200 9.638629256874085
44300 5.150306841751678
44400 6.387854957025478
44500 6.756679741170337
44600 7.396936414494868
44700 6.334105892408099
44800 6.412355338707523
44900 6.134796023891074
45000 7.655053454330923
45100 7.823781819415177
45200 8.264706421365842
45300 9.500634211172972
45400 5.19147154554269
45500 5.165077844695012
45600 6.226865438883471
45700 6.366404443358767
45800 7.341052938414362
45900 7.794571724050034
46000 7.577001415857201
46100 8.690649096451427
46200 5.88255800004713
46300 6.976418957695667
46400 7.239848157203566
46500 6.332598025960867
46600 6.537080866388195
46700 5.989085795009791
46800 6.534176647673217
46900 5.768426868969331
47000 8.473465876824095
47100 8.012675027333195
47200 7.767087791394672
47300 9.054160469691313
47400 8.641532619117308
47500 6.823716228344696
47600 6.4823808920180195
47700 8.96012611521883
47800 8.568401638235416
47900 6.219054771706888
48000 7.398334165032808
48100 8.67679811559476
48200 8.202536868035011
48300 6.3799918589248445
48400 6.397326180354072
48500 7.14746086827396
48600 7.403252069551546
48700 7.575937508869653
48800 4.456237828273783
48900 6.692676632984334
49000 6.364099512670118
49100 6.734854137729238
49200 6.892165494578456
49300 6.719798878398003
49400 6.458437354683562
49500 6.53293040732788
49600 7.744606307625046
49700 5.701627398008821
49800 7.129866671564106
49900 7.9511859829575915
50000 8.00023678379009
50100 7.47856810762861
50200 9.842162254854118
50300 8.478412043577562
50400 6.90983521509901
50500 7.7370610847099535
50600 6.2493526979895115
50700 7.396266814391915
50800 8.185136735316426
50900 9.032896120443876
51000 6.5529993743790715
51100 7.131540100883722
51200 8.412507491001108
51300 6.710588278591184
51400 7.64382084685579
51500 6.8441918331784475
51600 9.875008076517988
51700 9.399616351921436
51800 6.469562283842999
51900 7.826013726974158
52000 8.19553408687449
52100 8.129320743750887
52200 8.259344053088396
52300 8.155418939293929
52400 7.254756416799117
52500 7.164456287669677
52600 6.94228625322083
52700 6.8427373121125505
52800 6.1667513962195875
52900 7.7827375242363575
53000 7.702576127790888
53100 8.440573403926676
53200 8.192982657145574
53300 7.1415372698437904
53400 6.595788064414994
53500 6.461958034751488
53600 5.3462031729879085
53700 5.642389930005841
53800 6.8009045055914745
53900 7.024381155103755
54000 7.33868190657046
54100 8.545149697737575
54200 8.110732735918372
54300 7.749089292682666
54400 8.00327451753116
54500 7.8181649242032005
54600 7.355199627878263
54700 5.66944418677075
54800 6.8888288679122
54900 6.764181136930096
55000 7.3610799248942005
55100 8.44468615521821
55200 8.25245109923475
55300 7.833396287891331
55400 7.567793249875821
55500 6.813617062610741
55600 6.415026390457325
55700 6.686365586496656
55800 6.951070932841799
55900 8.332429940090407
56000 7.27244052254807
56100 7.251620002203635
56200 6.867861568162646
56300 7.091112801023562
56400 7.872211996618881
56500 7.592020281574381
56600 7.748335697329997
56700 7.081595470024918
56800 7.617685937060193
56900 6.663708841375911
57000 5.995014851991105
57100 7.070247370538582
57200 6.4405724014939105
57300 6.635069897807243
57400 5.178444979433589
57500 5.6660036835517005
57600 3.448379377598731
57700 5.213788826171915
57800 5.3624896460301
57900 7.082517259639819
58000 10.295396656757974
58100 9.63140522812914
58200 7.984989803055819
58300 8.44983130386855
58400 9.235880625685091
58500 8.390321548452091
58600 5.757719292657828
58700 8.026183469886357
58800 6.347191381620533
58900 8.756145899914584
59000 6.73873824851727
59100 6.917711467148437
59200 7.7416575053714505
59300 9.83381129394263
59400 7.184296845510288
59500 6.714003060307794
59600 7.570387693826387
59700 7.968635115858228
59800 6.8437981610709695
59900 7.729674726042829
60000 6.630051567664775
60100 6.334496890608362
60200 6.634013141671993
60300 8.008092852123426
60400 7.0517921145499916
60500 6.6479271294851126
60600 7.744174180056752
60700 7.6508583864033275
60800 6.57110266759968
60900 6.960140575750676
61000 7.99150606918603
61100 7.354239375859539
61200 8.581205130144841
61300 6.097621328152619
61400 7.420607110987995
61500 7.375802888167821
61600 7.560771663945335
61700 6.469524834062436
61800 8.552148667891723
61900 8.855201245086256
62000 8.12945807343746
62100 7.800555205620213
62200 8.279023386998508
62300 8.565353564389556
62400 6.113081918450864
62500 7.017960002450449
62600 8.664829791169309
62700 7.955295450722516
62800 7.254773079495843
62900 6.965466029387763
63000 6.825548485390483
63100 7.387176542067909
63200 7.426264240576935
63300 7.531278360019686
63400 6.783859544894028
63500 7.490534964608877
63600 6.272683679620542
63700 6.609189919357578
63800 7.491484424574056
63900 8.757005979194433
64000 7.327255918777244
64100 5.286111948087523
64200 5.308099999751432
64300 8.739957050407286
64400 7.352156268211787
64500 7.13813714943934
64600 5.901928234972858
64700 8.634823209136869
64800 7.416905196481971
64900 8.250582207633698
65000 6.094001956439167
65100 6.901751087997345
65200 8.323855209858326
65300 7.405295065561198
65400 9.652072008279426
65500 9.200277145650752
65600 9.433281628463764
65700 5.924273621242491
65800 8.008472704740504
65900 8.66792643952371
66000 7.638236971900746
66100 8.107229312658323
66200 6.337528007924058
66300 6.234593295126866
66400 7.30315866641716
66500 7.844556392316265
66600 9.160337159068298
66700 6.538493508392994
66800 8.88282947960095
66900 8.392083601304385
67000 5.949757081226459
67100 7.67709016761985
67200 7.392880855313992
67300 6.864777613609859
67400 7.8551716753099035
67500 8.018756069076812
67600 8.602144644897091
67700 7.423764953322446
67800 8.161622291384303
67900 8.111521973595957
68000 7.910517463425294
68100 8.066178843378626
68200 8.899728233222204
68300 8.244091640907305
68400 6.675884329850233
68500 6.939602478445497
68600 7.214465466728143
68700 6.760512772345781
68800 7.536970197072413
68900 8.314785268675976
69000 8.394071474132682
69100 7.030598864496433
69200 8.282792326616521
69300 5.153244928636469
69400 5.047588417707576
69500 6.766621832607501
69600 6.33582391334358
69700 7.233731402281253
69800 9.969627678478133
69900 9.20254987359635
70000 8.44381897859908
70100 7.568157789018076
70200 6.492984980436563
70300 7.499069468503047
70400 7.792016773935942
70500 7.4762307137470225
70600 7.60372286038828
70700 8.476293250712857
70800 6.508289312645329
70900 5.960135849953978
71000 6.78525208251899
71100 7.8275572964978055
71200 7.09396913870557
71300 6.416560855119556
71400 7.910859261100922
71500 7.516110643438356
71600 5.976007658222115
71700 5.624069657421058
71800 6.981450620466798
71900 8.027571367636865
72000 8.319153579480455
72100 6.408417307045827
72200 6.4486032567192835
72300 6.687096123283689
72400 9.138285903224737
72500 8.040484674790333
72600 8.165656152166939
72700 5.975543281157084
72800 6.296927325940757
72900 8.782188123380102
73000 7.029368901516236
73100 6.455728669768587
73200 8.260022566514504
73300 7.064201348218168
73400 8.195790684453822
73500 9.611364834918104
73600 7.016381658255744
73700 8.46348515490151
73800 5.7261663444910935
73900 9.196079235318532
74000 6.617712417269279
74100 7.280499391391287
74200 7.360116591068356
74300 7.60271830396089
74400 8.530489781155307
74500 7.3658636669963
74600 8.65975474269092
74700 6.875998034409269
74800 6.036986907432299
74900 8.566438725397862
75000 8.005717736740662
75100 8.87894666717897
75200 8.752451376579552
75300 6.938556271493093
75400 5.850064943211793
75500 5.51268646007978
75600 5.697979468174529
75700 6.505613931031582
75800 7.21299675319886
75900 7.700486626749653
76000 8.778542400076546
76100 7.905323640596349
76200 8.301332614903906
76300 7.867880931684019
76400 7.068837498126701
76500 6.144783387407137
76600 7.290481896501876
76700 8.002840943252444
76800 7.337511039306837
76900 5.835497843514601
77000 6.802293660844153
77100 6.667704181130965
77200 8.494785347529898
77300 9.137379444015915
77400 7.016494186020252
77500 6.873257141905567
77600 7.680376333333715
77700 7.948415607491923
77800 7.434425139091297
77900 8.69361486334574
78000 8.3118439966772
78100 9.23505324715941
78200 8.406000536848053
78300 7.502025335350913
78400 6.3448513121450345
78500 8.387520078358452
78600 7.41642256982685
78700 7.5470141451549795
78800 8.051351609391656
78900 6.631648648267642
79000 6.882161659651866
79100 5.52940775288155
79200 7.149408047069396
79300 7.0561589304951395
79400 6.538528089683066
79500 6.436771501255764
79600 7.417162751215209
79700 8.049482662828133
79800 7.487147003482476
79900 6.719004604670418
80000 9.379660863100046
80100 9.921043747230502
80200 8.08693325658266
80300 6.218899571912367
80400 7.696034572028802
80500 6.044335590438523
80600 6.793771691011906
80700 5.811927356617468
80800 6.309237857541167
80900 6.786330811130644
81000 8.728981373935795
81100 6.271880697227775
81200 7.778066991968177
81300 7.295517273592292
81400 7.8758804297925495
81500 5.510824245115275
81600 6.842833957755811
81700 7.019207937117079
81800 6.057557326687482
81900 5.099679968570774
82000 5.646236254324499
82100 7.0245965968492925
82200 7.944789678212562
82300 7.7103715695460915
82400 7.384437106580954
82500 8.976021903367759
82600 6.6699293840620175
82700 7.070208551030994
82800 9.461269288400024
82900 7.891418471069917
83000 8.493189001514805
83100 7.01397383266511
83200 7.017254649531467
83300 6.221228002812488
83400 6.988378567490455
83500 8.059831340375714
83600 7.632651870587022
83700 7.739570660057507
83800 8.415468239954418
83900 9.006180512331609
84000 7.463765815495847
84100 6.9738557841101
84200 8.258514222247822
84300 8.059686763723406
84400 10.006252409188564
84500 6.972659150629103
84600 6.116777365860629
84700 7.912764297274136
84800 7.188509755573254
84900 6.600156171580666
85000 8.104173891286143
85100 7.957326254276871
85200 6.928902775124836
85300 6.706742338968165
85400 8.533624029143828
85500 4.621160249264697
85600 8.20667669189595
85700 8.528788028968805
85800 8.392753539752153
85900 7.211629690161743
86000 6.380122331819375
86100 4.438578355538833
86200 6.413888532913457
86300 5.255694495431528
86400 6.831710336133341
86500 8.417340612839267
86600 7.661864004310315
86700 6.828200025679868
86800 5.656955685011887
86900 7.348591725478088
87000 8.866015137760488
87100 6.9432852920960375
87200 7.777612280257018
87300 6.883858240450175
87400 6.218148917984175
87500 8.157065902791143
87600 8.84925163722273
87700 7.912241548030603
87800 9.295101760620797
87900 8.849036098931695
88000 7.629383326299319
88100 8.197043906084076
88200 7.572837946872464
88300 8.336510454075725
88400 7.062597299415664
88500 7.871550786721068
88600 6.8188546490268696
88700 7.287084714258186
88800 8.542396574316633
88900 7.000003665306368
89000 6.55485768340624
89100 6.937264503029751
89200 7.343770080102069
89300 6.806757213263225
89400 5.647582454922851
89500 8.135069198839034
89600 6.245340538701537
89700 5.988371091025266
89800 9.332436581068489
89900 7.013134020747553
90000 8.246028468234789
90100 6.359841428954265
90200 8.077076047847807
90300 6.584644365278299
90400 6.836427200412654
90500 7.853465494003047
90600 6.614967944372708
90700 7.79640202064872
90800 7.775268699337414
90900 7.2552779589997245
91000 8.88862786412682
91100 7.962993615134435
91200 8.019757616031253
91300 8.052443663178039
91400 6.892046188097718
91500 5.2148476681227205
91600 6.922036833943993
91700 4.532227168083657
91800 4.812103240399427
91900 6.3141863981204205
92000 6.168390802716681
92100 6.911615352263304
92200 8.92266939156
92300 9.050296238221083
92400 7.938214277975736
92500 6.451572113222214
92600 9.151377117463413
92700 8.797558234484606
92800 8.856203156641195
92900 8.488939834837543
93000 8.743265823103098
93100 8.499786533312616
93200 7.6455138695768525
93300 9.359548194354279
93400 7.837505533223438
93500 8.19122991652338
93600 8.521000850352191
93700 10.015084530307607
93800 9.688903483804342
93900 8.957098401521261
94000 8.640409014770736
94100 8.052030091799748
94200 7.205055702918749
94300 8.309646017094343
94400 7.833220113415792
94500 7.476936442938761
94600 6.570603956655051
94700 6.733272675168687
94800 7.333747467211784
94900 7.91493885742742
95000 7.632148539225896
95100 5.872682978906276
95200 6.2313337905565165
95300 6.195433384514886
95400 8.958889033818659
95500 9.054674378068894
95600 9.17976247582589
95700 7.581187391043728
95800 7.018164955871264
95900 7.2640009206124105
96000 5.771292350755563
96100 6.190517278943374
96200 7.486009896949498
96300 6.689509689526807
96400 7.035093893849545
96500 6.208616971963246
96600 5.3946577017576995
96700 6.603901280647276
96800 6.808339511768842
96900 7.131035038680877
97000 4.913656502067092
97100 6.689938891697589
97200 8.848693906496973
97300 7.9373723985426174
97400 6.95254576519874
97500 8.449205868947486
97600 7.09921112364854
97700 6.95694769400508
97800 7.776516918851345
97900 8.638815908742641
98000 9.665771854373977
98100 7.9439313528208535
98200 6.207021844723003
98300 7.781647880593884
98400 7.541804177591163
98500 6.49940062745228
98600 6.308079596526098
98700 4.89297306621711
98800 6.7890659032782725
98900 6.75961650694456
99000 6.5908021655869335
99100 8.016267483338787
99200 6.817414454111796
99300 6.669866313995003
99400 6.2737121580006345
99500 7.116380703712526
99600 6.438345944611339
99700 5.606449365727371
99800 6.7058861287911915
99900 6.289255270870457
100000 6.168545688046458
100100 7.082306164199573
100200 6.381660669316623
100300 5.925085870734523
100400 7.144183960606429
100500 8.494699429201468
100600 6.176555310470256
100700 6.573258750378631
100800 7.464925328957451
100900 7.9174808074569745
101000 7.538400144071555
101100 6.680406745913043
101200 7.45173340692954
101300 8.501268472311303
101400 8.147827811829933
101500 8.643615969852103
101600 6.751449517824426
101700 7.502074450601501
101800 5.647272091614656
101900 7.813795989598987
102000 7.40861586406483
102100 7.996562724530586
102200 9.695657450424171
102300 8.447251906453026
102400 6.449640573477427
102500 7.604259164598813
102600 7.415187280870681
102700 6.325062783236995
102800 5.646467451391598
102900 6.393226832819419
103000 6.748009987293135
103100 6.800895703860779
103200 6.575499914936232
103300 7.526919913199592
103400 6.584159302229123
103500 6.926636099232142
103600 6.387885440548189
103700 7.585275403979739
103800 6.991711317827204
103900 8.7833859532538
104000 7.772119875468
104100 8.02217815423159
104200 8.385100031306184
104300 8.46415869796154
104400 7.794127705854312
104500 8.565171859689979
104600 6.645153520062697
104700 4.483628330115433
104800 6.367285842567965
104900 8.189995527632245
105000 7.756180283328641
105100 7.49503616381204
105200 7.424618729800757
105300 7.866682856555221
105400 7.675136249724048
105500 7.1805300071104705
105600 6.311300741619296
105700 7.72940781888597
105800 5.68464044792341
105900 6.654397133564458
106000 5.594053972460272
106100 6.770531627963682
106200 8.401231839519015
106300 9.068136259463797
106400 6.987508212588593
106500 8.199462715910755
106600 8.846114573954987
106700 7.58068371780464
106800 8.009815434063242
106900 9.044826180727163
107000 8.522790193077011
107100 7.152730070725888
107200 5.382577489424316
107300 5.407040063171564
107400 7.7899582458626595
107500 8.090444291691952
107600 7.764366179530674
107700 8.399034943265624
107800 5.8423710591555045
107900 7.11263590759956
108000 6.9365081964651285
108100 6.301180599620027
108200 5.431200824241506
108300 5.775504697021032
108400 7.165042159452896
108500 7.920829771955373
108600 9.865103001663991
108700 7.218967005262547
108800 6.101413207972725
108900 5.953545167814241
109000 7.827750761669382
109100 7.843368969444424
109200 7.2895018486926695
109300 8.15585870100251
109400 7.872769732677712
109500 7.210154892875803
109600 7.441782432585109
109700 7.584487191767094
109800 8.053408928648539
109900 7.827991663725573
110000 7.2258032461212975
110100 5.5526406752687185
110200 6.905410169430329
110300 8.270359570914707
110400 9.327926768645481
110500 8.018762504928361
110600 8.509395240579241
110700 8.445442143474954
110800 8.347272757274816
110900 8.42238879037105
111000 5.830154633580636
111100 7.111288825477651
111200 7.760389726977854
111300 7.962272516330113
111400 8.388663738124142
111500 7.959224172562593
111600 8.7983724576745
111700 7.756620257096123
111800 8.514765901419487
111900 7.532597423038074
112000 9.19610164360035
112100 8.915154771018406
112200 7.915453157541548
112300 7.553610505776038
112400 9.263724820834552
112500 7.240318260540107
112600 7.60594932284056
112700 6.632052407726176
112800 6.999550627363292
112900 8.273659229370256
113000 6.342401288068292
113100 6.713107247006673
113200 8.185027767465513
113300 6.578318928911258
113400 5.5654405446406745
113500 6.103146334085468
113600 7.401762500479895
113700 7.869982520945764
113800 7.81099674035653
113900 6.178153119907475
114000 7.101001069924207
114100 7.540466784058402
114200 9.032253149983623
114300 9.196918415937047
114400 9.363125955250677
114500 7.544054538981241
114600 8.814089348686624
114700 8.343265380465395
114800 8.008527409922127
114900 8.5765861075833
115000 8.008523588681062
115100 6.695815449169872
115200 7.237044814262431
115300 6.624994149749038
115400 5.109735451079593
115500 5.409819828527525
115600 5.248807047863574
115700 6.947311277680839
115800 8.118005859933087
115900 5.739598195648224
116000 6.527684851587805
116100 8.039531565976482
116200 6.872397924619885
116300 7.519534955456737
116400 5.760690596522191
116500 7.90451466132946
116600 4.878126929605152
116700 8.68958529516379
116800 8.788118324843143
116900 8.56105129253676
117000 7.173081831738079
117100 7.400975047539744
117200 9.09707833985193
117300 8.474970312204857
117400 6.29853723099752
117500 8.196201923121084
117600 7.335186222809276
117700 8.702090346064528
117800 7.739673484103208
117900 7.896983509049661
118000 7.494948754808311
118100 7.080570350973301
118200 5.769796253843696
118300 5.908960364218144
118400 7.552039531926041
118500 8.360655488701044
118600 7.250910283730233
118700 8.202724208839081
118800 6.504402266503038
118900 6.276852077835303
119000 6.423977991902616
119100 6.256026394083872
119200 8.306583981109942
119300 8.828309577889817
119400 7.2526436722262515
119500 7.559960024686321
119600 7.97094751277822
119700 7.4308805721185704
119800 7.932235987489809
119900 5.294107390777063
120000 7.648630589865778
120100 7.668407937115025
120200 8.483938831476516
120300 7.771186301341028
120400 8.860918775656213
120500 7.8338196400066025
120600 10.68450546221857
120700 8.430276960675025
120800 8.020694372710912
120900 8.63741307047692
121000 5.612580641378188
121100 7.06649512277958
121200 7.203429326834903
121300 7.786682710015714
121400 6.9153401032326025
121500 6.784109146008071
121600 6.607461127865457
121700 8.838052297418484
121800 7.291832390600225
121900 6.973319703410804
122000 6.958540428108089
122100 6.659851277548151
122200 8.402093828610695
122300 7.774895964341142
122400 7.325203023394587
122500 7.948351205877811
122600 6.242258748456926
122700 5.299794538256179
122800 6.53958444385807
122900 8.738259210369671
123000 5.897658740090758
123100 5.112991306629718
123200 7.599216549237598
123300 9.3825983459273
123400 8.581229050684668
123500 9.20663408744492
123600 6.427142720962908
123700 5.798482530499216
123800 6.953493362667536
123900 5.491767882181618
124000 6.676043797844075
124100 6.2894694766750705
124200 6.6351371328515665
124300 7.023513299537735
124400 6.010940060845101
124500 7.283088457637707
124600 6.413769028871401
124700 8.48003802649888
124800 6.309678257197018
124900 5.565107022177591
125000 8.060006499900744
125100 8.000660892238978
125200 6.9330197466004275
125300 6.107098516452757
125400 6.992757153055249
125500 8.416744161023923
125600 8.385283002313459
125700 8.467544852179806
125800 6.602151058792943
125900 7.9973539853284565
126000 6.741469272848305
126100 6.310687033380407
126200 6.175843854534615
126300 7.6909565674601215
126400 8.786850435734817
126500 8.323705300138082
126600 8.154093382602118
126700 7.54338129314231
126800 7.138529015201836
126900 7.817454287213255
127000 7.044859950645983
127100 7.037305352706542
127200 7.393439798107532
127300 5.174339111861161
127400 8.374183277261876
127500 8.465731094360114
127600 9.837764782192055
127700 7.629915224337161
127800 6.357708703438581
127900 7.001993035355931
128000 4.430003513903647
128100 5.29825219642752
128200 7.5495421807905165
128300 6.919414644386329
128400 6.752407171444844
128500 8.383671578366144
128600 8.390224230136404
128700 9.152002189693016
128800 8.967825637362896
128900 8.537733567476149
129000 6.9359120741008375
129100 9.083879927680703
129200 9.798371695457803
129300 6.603933515345886
129400 6.2048330086896275
129500 6.632025871819686
129600 7.155549292945308
129700 8.675398151747856
129800 8.036424121293694
129900 6.9541560331499985
130000 7.9482425513875326
130100 6.8526354945810235
130200 8.330267652954582
130300 8.467049668324446
130400 6.481310456788834
130500 6.974014943243021
130600 7.70640572952824
130700 7.822105682197957
130800 8.56458392826725
130900 9.34695099302654
131000 8.213944424323293
131100 7.25700520478115
131200 6.776002052856149
131300 8.087305666913332
131400 9.067948598143978
131500 6.953577629950028
131600 6.872818028521692
131700 6.5296620498047115
131800 8.669622832968159
131900 9.84343770965437
132000 10.510636409037483
132100 8.191131554983965
132200 10.01239058426
132300 8.602122922828103
132400 8.211553630879285
132500 7.710521149498485
132600 8.90456092309296
132700 10.044990153302983
132800 5.888190817337172
132900 8.006970280961562
133000 8.281579369138477
133100 6.615641073418626
133200 5.270175593507866
133300 6.187963134287582
133400 6.725085439251408
133500 9.176655461708775
133600 8.025497684300593
133700 6.170500344927172
133800 5.497738374176415
133900 7.384722527110979
134000 8.18120730723567
134100 6.325926295135471
134200 7.423863572289281
134300 9.506746097487342
134400 8.99825300742874
134500 7.533112733246411
134600 8.63914927875284
134700 7.463232894585342
134800 6.559147684821809
134900 6.0050796704567135
135000 6.9026373423685214
135100 6.8313523157691245
135200 8.553624981413464
135300 5.428248553124578
135400 6.012746006669133
135500 6.689498319883767
135600 7.054470463884485
135700 6.814211101930721
135800 6.748392032126663
135900 8.136326593434946
136000 7.530224641026672
136100 7.484685257874431
136200 7.756858196023488
136300 8.852900747120785
136400 7.712721508465649
136500 7.12224216394181
136600 5.397053109847812
136700 5.589796105475352
136800 6.713204610595126
136900 5.69350503730543
137000 5.200020723599971
137100 5.9096819438304875
137200 8.30638363969306
137300 7.003022628497589
137400 6.526676157875177
137500 7.408412409423215
137600 6.523199795314729
137700 9.156759063923191
137800 9.304349132676087
137900 9.609939080798107
138000 8.977334060311364
138100 8.47473361901082
138200 7.648300463875129
138300 7.0835299488221395
138400 7.758546896939823
138500 6.860491311997897
138600 7.066282945566849
138700 8.240531056464022
138800 8.629380224219645
138900 8.158063971430085
139000 9.423299382549617
139100 5.5995356304470345
139200 6.8296018224194865
139300 9.152711780224124
139400 9.088110868777223
139500 10.357864259328927
139600 9.245842119203697
139700 7.249510601969224
139800 5.204977983319192
139900 8.492555722632302
140000 7.565432422393032
140100 7.057086672484088
140200 7.104797195283424
140300 7.977617622853024
140400 7.471233101815009
140500 8.223895013748482
140600 8.39223054257659
140700 9.432598748385336
140800 6.959570352614971
140900 6.933005490003638
141000 5.565805689033472
141100 8.67666662140048
141200 7.225665864220379
141300 6.250316272017548
141400 8.642915761423527
141500 8.978871926088138
141600 5.982229463019111
141700 7.043874925304993
141800 8.582100237183523
141900 6.1255132538817
142000 7.1156082617476
142100 6.062062031738314
142200 4.716735067759457
142300 4.841289836090114
142400 7.19350538447409
142500 7.689089612521138
142600 7.896266104498889
142700 7.8007667993763965
142800 8.17816650755061
142900 8.413003535512368
143000 6.830389553281864
143100 8.567016904495555
143200 6.653015922664545
143300 8.868870936019633
143400 7.918892014855883
143500 8.159377292120046
143600 7.960713631579739
143700 7.743679527464794
143800 7.0073970435814505
143900 8.67756860053577
144000 7.652015190801837
144100 6.831216997613801
144200 7.362588619026136
144300 8.137213677819302
144400 7.158624734957885
144500 5.3141995124382095
144600 6.1277726170923925
144700 7.100019877017661
144800 7.124456481447996
144900 6.743640690277275
145000 8.431557539947041
145100 10.408469983921687
145200 8.55606696425876
145300 8.58880441126742
145400 9.267727857301368
145500 6.961016566547622
145600 7.338250416753918
145700 8.838235856116835
145800 7.7633942298553515
145900 6.943210529437059
146000 7.551219130230864
146100 7.276423507184805
146200 7.003795553559469
146300 10.421404931647611
146400 9.287337947727043
146500 6.524616897060103
146600 5.173407688616583
146700 7.790573590647182
146800 8.043154681495428
146900 7.197076312375363
147000 5.3409591109814505
147100 8.612278040008356
147200 7.910294341617235
147300 7.0824165815574505
147400 6.720432499952402
147500 8.613430989158507
147600 9.302184243170135
147700 6.166077327516446
147800 7.307606733885011
147900 7.53657695878128
148000 7.96255002408059
148100 6.379646338401635
148200 4.926705189382409
148300 7.061149433677595
148400 7.493673216883318
148500 7.677369326075952
148600 6.956722068866034
148700 8.568088903100236
148800 7.03331209431893
148900 7.9826037501279785
149000 7.606518764704523
149100 7.18928389893977
149200 7.8479254622698384
149300 8.126794724922002
149400 6.978516763280512
149500 7.050348613327511
149600 8.91725745286657
149700 7.3016508859983045
149800 8.61372652033315
149900 7.141823081340033
150000 7.134754150766084
150100 9.372523426891279
150200 6.477246459499395
150300 7.88265552622746
150400 8.667005954627971
150500 7.282952770048086
150600 7.306760357629441
150700 8.182952712706564
150800 7.186283135643009
150900 7.144072925616816
151000 6.827922544943915
151100 5.900243468573055
151200 6.126709087422412
151300 7.7749661023685475
151400 7.399244340552311
151500 7.3000718626127785
151600 7.376706863849388
151700 7.940648940785949
151800 8.232895279023282
151900 8.888287505602014
152000 9.377967514111981
152100 7.827407247551895
152200 8.428634716335107
152300 7.0593426125440155
152400 7.387883928175092
152500 7.944881771153479
152600 7.030294611648698
152700 8.021095888785627
152800 9.657107926368784
152900 6.487655803333698
153000 4.7575707068404745
153100 8.277024798545986
153200 9.009902397432505
153300 6.794863927674227
153400 6.75225934356328
153500 5.233097511765469
153600 4.4458284364659555
153700 5.099941127705867
153800 7.118868064862075
153900 9.05376273885368
154000 7.064492360009391
154100 8.859040724720382
154200 8.832050164769543
154300 7.042937281907088
154400 7.521425218042992
154500 7.971733665352636
154600 7.9198217377824855
154700 7.219471662920827
154800 7.437464289605666
154900 7.988845702576211
155000 6.81917500470704
155100 5.392527014513399
155200 5.191634375844673
155300 5.863425786166674
155400 6.080095750534984
155500 7.56963816456877
155600 6.323035786927911
155700 6.870009906869304
155800 6.157191318570342
155900 6.083228909496076
156000 6.1404921064415765
156100 7.8708546699917346
156200 9.56971539042018
156300 8.343083348332863
156400 9.52424888220502
156500 7.191203643480622
156600 7.646832510370446
156700 6.786381779626514
156800 7.6200246353152465
156900 8.373977275229784
157000 9.046797655671607
157100 6.816157934587604
157200 7.91850741367268
157300 6.421086062785601
157400 6.735745349285996
157500 9.10305928925114
157600 6.112347076708581
157700 5.821201067808724
157800 9.30326118893467
157900 7.1395556079696245
158000 5.265601690770281
158100 7.100801798783515
158200 6.360084068698884
158300 8.133376858759638
158400 7.696310405786652
158500 7.499709646303795
158600 6.908145377325418
158700 7.205691618178864
158800 8.860620251987795
158900 8.459392557274956
159000 7.517401756153875
159100 7.631166964558917
159200 8.279944160305295
159300 6.517603706410857
159400 6.529131343304928
159500 8.36700828616405
159600 10.223624273722505
159700 9.322133803167095
159800 7.875904545570161
159900 7.460048423076688
160000 9.346631793629161
160100 6.468429101085745
160200 6.014009871798483
160300 5.542301890340757
160400 6.776788055071559
160500 6.930044609710811
160600 8.064309284378814
160700 7.242853838777342
160800 7.888246334610868
160900 7.735726049421843
161000 8.854394829730056
161100 7.445048877192762
161200 7.033634624604335
161300 4.643802807857004
161400 7.6957108424862
161500 7.109977054462504
161600 7.289068522761232
161700 7.109092562108698
161800 8.83596383135118
161900 7.407391350657887
162000 8.333573920717983
162100 10.05407270920296
162200 10.04739402423915
162300 8.87449134057599
162400 7.460485340151171
162500 8.072261235711629
162600 8.885235496815858
162700 8.926317781082197
162800 6.422487685218597
162900 8.29055223334254
163000 8.15255646233063
163100 7.343700949180857
163200 8.423318506516232
163300 7.141442012201409
163400 6.376495352554561
163500 7.34123800795759
163600 6.865837286281732
163700 7.706652076806311
163800 9.154561352346402
163900 6.3185055438791276
164000 6.871247275870687
164100 6.441840428393448
164200 8.29819246280879
164300 9.33915508174089
164400 7.842381864622425
164500 9.733878231778533
164600 8.704922349689186
164700 8.436783178602736
164800 7.537109741967772
164900 7.275042239064139
165000 8.026682397150532
165100 9.504546163497235
165200 8.332265126016063
165300 8.39936668626754
165400 6.25575928257978
165500 5.9727717046399125
165600 7.310688985391077
165700 7.847610811821858
165800 6.023275327831557
165900 5.7639145420393705
166000 3.7923972504580488
166100 4.748327644832749
166200 6.645388747639894
166300 8.453135098687461
166400 8.257145022798184
166500 8.018678207709215
166600 6.494905728427611
166700 7.344762781703845
166800 5.0091621864623015
166900 7.612709856085138
167000 8.350803263518927
167100 5.579453097438376
167200 4.517648479892989
167300 6.740236356279016
167400 5.316877092566627
167500 8.797800901230802
167600 8.89047984445988
167700 9.184124801224414
167800 8.69525349924248
167900 8.880263773947156
168000 8.15971932769773
168100 9.325371969390252
168200 7.259414333503556
168300 7.820331707173651
168400 7.969226221055096
168500 9.175900662444835
168600 7.563443530379699
168700 7.942857319240346
168800 10.186828348420386
168900 8.690097719343278
169000 8.300240954130468
169100 7.701596467165892
169200 6.53899729959146
169300 8.354180975049328
169400 7.35609941456234
169500 8.646905081335055
169600 6.4806059340628215
169700 6.772465012597056
169800 6.866853726345343
169900 8.027765637714287
170000 6.632970982948846
170100 5.861620867141836
170200 7.426352771174503
170300 7.803823723399641
170400 7.931790487912992
170500 7.775170719149806
170600 8.69818986375536
170700 9.296425302739808
170800 7.885593084453174
170900 7.550055751322034
171000 7.356665758755782
171100 6.0670623563055175
171200 7.687610684636966
171300 7.971841101159547
171400 7.392860656802411
171500 9.363007653162965
171600 9.758448675572543
171700 8.565434632485912
171800 8.41934319806831
171900 4.711685407388944
172000 7.878063759519114
172100 5.9862550527042115
172200 7.877486851977955
172300 8.148841017765276
172400 7.503201785264564
172500 8.015143603383937
172600 7.05445930362295
172700 8.160506193446585
172800 8.106819863016796
172900 7.486878601017531
173000 8.509316761998829
173100 7.20198321824896
173200 8.523240917846277
173300 10.067969579241133
173400 9.634465056246967
173500 8.100263980582373
173600 9.225433010117662
173700 9.06268399127809
173800 7.506805282374079
173900 7.016274925883935
174000 6.5714834628660235
174100 6.466439449620157
174200 9.944237986310654
174300 8.01972984883917
174400 8.517393288667055
174500 10.39340246135763
174600 9.605582245187675
174700 8.089762087707498
174800 7.194067778191565
174900 8.31363157708818
175000 7.631507501681164
175100 7.153770753422695
175200 8.158269264196068
175300 9.084964033407584
175400 8.110692268133436
175500 8.023556673182934
175600 6.165830179210543
175700 6.559554025051853
175800 7.272627837259969
175900 8.975493013630503
176000 8.33940121344767
176100 7.27878684848357
176200 7.432352847522594
176300 8.655188908006165
176400 9.087872550624896
176500 9.92665901075609
176600 9.114349534949204
176700 8.105937006973072
176800 7.34764849563223
176900 7.050687259205246
177000 5.0326484347100005
177100 6.579164769233384
177200 6.645511145235866
177300 6.266891396121895
177400 8.813580210837152
177500 9.764246435218432
177600 8.863625980390255
177700 7.853088149102756
177800 6.93118045567038
177900 7.923048740016485
178000 7.740112890654208
178100 5.9054448116242355
178200 6.5604411601241175
178300 6.608527230826145
178400 7.7119776114584315
178500 7.475438358526874
178600 8.759331786553737
178700 7.043878748544266
178800 6.465050631389001
178900 4.829501424918404
179000 5.295800296348106
179100 7.27479478255747
179200 7.756958937420741
179300 7.061509659650163
179400 8.94181093327018
179500 7.186117315322806
179600 5.867607787647591
179700 4.851999440311228
179800 8.275071259732334
179900 8.213654453352007
180000 8.097404885391281
180100 6.929182669348383
180200 8.442066693184485
180300 9.870983080216748
180400 7.224357203917364
180500 9.030322403136367
180600 8.059143575935241
180700 6.864615238879889
180800 6.319564995870838
180900 6.721510389728757
181000 6.200292561665459
181100 7.968404117913281
181200 8.523419123638405
181300 8.053701490356886
181400 7.8869845381929
181500 8.663258456811445
181600 7.843911786953375
181700 8.247605938062351
181800 6.040066210987254
181900 5.574727137186142
182000 7.670469203699615
182100 7.874033040629607
182200 6.589703028756386
182300 7.487723805242075
182400 8.088179120270206
182500 7.7703434692899735
182600 8.631222757015125
182700 8.304791601250216
182800 8.86483616599604
182900 8.600871442860473
183000 7.232469623552272
183100 7.929037868706641
183200 6.786618104636964
183300 7.758487998428576
183400 7.496171013739854
183500 7.650858485290935
183600 6.800856458029685
183700 6.293078734675695
183800 8.46314603420455
183900 8.010815856928222
184000 5.7797322463656675
184100 6.029834918539468
184200 6.925938014716805
184300 7.420431773133443
184400 9.234743714186662
184500 8.618458210349049
184600 9.370630661279366
184700 5.9696108485557025
184800 3.975206049471388
184900 6.952957966395753
185000 5.005957237577898
185100 6.478225727487715
185200 6.952856449820193
185300 8.60226586598355
185400 8.4219098765892
185500 7.047974255773556
185600 5.1815184208265945
185700 8.119700933968337
185800 8.20286884268938
185900 8.116303819416647
186000 8.609123104308713
186100 6.843910467121594
186200 7.599874541184584
186300 5.807422496950194
186400 5.884314532388664
186500 5.898367245758206
186600 6.722077812859546
186700 8.487458828325304
186800 7.880580687473395
186900 8.204476299462147
187000 7.063840032357372
187100 6.545867698439197
187200 6.490006036086789
187300 5.7191345121612285
187400 6.861895266935448
187500 8.673543935982394
187600 8.319407326923995
187700 7.896802056597072
187800 7.1781261692771565
187900 7.195937408335225
188000 7.447168704431602
188100 7.362945418390642
188200 7.576935416323882
188300 9.640754159313211
188400 7.510101478585116
188500 7.873053161371115
188600 6.303777146433478
188700 5.190895717565281
188800 6.30721473047685
188900 7.6913648136757065
189000 7.834050656920845
189100 9.193605820094142
189200 8.463264377093907
189300 8.92676279349286
189400 7.170787563550681
189500 7.895677151448376
189600 8.451711031679555
189700 9.6848166781364
189800 9.076786850727103
189900 8.774089235654134
190000 8.741274200815006
190100 8.152046396238536
190200 7.470894731387428
190300 6.027485156335076
190400 7.65795445915471
190500 8.58083260183762
190600 9.138392774085284
190700 8.87721326689645
190800 7.9802648544019155
190900 6.982953679688866
191000 8.712108606284781
191100 5.911376480686728
191200 6.587264865027097
191300 8.237010663446503
191400 6.7912344058372005
191500 8.222019766100807
191600 5.726483198266047
191700 8.26533739226075
191800 8.75398870017506
191900 8.20974798343517
192000 8.463269084322993
192100 8.37664999085365
192200 7.143155842101551
192300 5.578739732177365
192400 7.40290161746801
192500 7.393585646272918
192600 6.690034391993433
192700 8.644988832117615
192800 9.6852358745295
192900 8.762645903465545
193000 6.637114229032589
193100 7.123249615711368
193200 7.270613659794935
193300 8.037078527419968
193400 8.710848941460531
193500 7.630326345808203
193600 8.258228964778942
193700 7.896798138592332
193800 8.772069310818223
193900 9.558949019521993
194000 9.720619319197253
194100 7.026881360810002
194200 7.697580643208077
194300 7.598745459419471
194400 7.635481912793217
194500 7.085323063151773
194600 6.9726755134335985
194700 8.070448561976422
194800 7.384475407579852
194900 7.861612145655118
195000 8.59745326095869
195100 9.464548109063715
195200 10.7902944184974
195300 8.280831686153778
195400 8.438747904677166
195500 7.4236904922968865
195600 7.470092461333767
195700 7.412442569779675
195800 8.372632119264791
195900 8.77423618303226
196000 8.865025346869563
196100 9.231657090749678
196200 6.972172874387318
196300 8.31599090808444
196400 7.666792113883996
196500 7.6626772403295
196600 7.505372249185244
196700 7.159236705778097
196800 7.693564992019551
196900 6.622534248485438
197000 8.209294122475116
197100 8.1809686517202
197200 7.339266863817656
197300 7.376660837731585
197400 7.455633556702518
197500 7.140397937174334
197600 8.424489471854235
197700 7.1904994112638425
197800 6.829884656981805
197900 6.073481761686818
198000 6.803387370573465
198100 5.746133176767506
198200 7.858461951078952
198300 10.085686860151961
198400 8.275283478755442
198500 8.625725939510945
198600 7.139036865861785
198700 8.00215750710313
198800 7.545324629584673
198900 7.0620596077155176
199000 7.321648730831308
199100 8.968932172658622
199200 6.713007080330314
199300 8.949815810582335
199400 7.064388450581836
199500 9.317733087097809
199600 8.096695283451337
199700 8.189608138248314
199800 8.789358124418515
199900 7.323202032412437
200000 8.184644431665108
