# Model = DQN.shrink.(9)-16-16-16-16-16-(9)
# Num weights = 1312
# Learning rate = 0.001
# Env random seed = 111
# Start time: 25-12-2023(00:45)
100 -25.0870775485473
200 -26.110314164069532
300 -23.14001826477233
400 -26.480536517717905
500 -24.274581782881064
600 -26.889796368189856
700 -22.698621972411647
800 -25.70795477932207
900 -26.130416896414452
1000 -23.265328073435317
1100 -22.980666996202554
1200 -23.188065841415852
1300 -23.419987926161724
1400 -26.23316833787429
1500 -28.289995706646526
1600 -23.225787435871943
1700 -26.931256892864003
1800 -24.422689459367163
1900 -26.797945841515684
2000 -27.465031088264972
2100 -28.089505983860185
2200 -22.585967256691617
2300 -23.387614359995467
2400 -24.31662544917166
2500 -22.792805606851438
2600 -23.648260581384267
2700 -24.014564031756777
2800 -21.94737941693728
2900 -24.809563004232544
3000 -22.162024438978886
3100 -25.682654842442872
3200 -22.186087837943262
3300 -22.344199695637112
3400 -23.767097531140777
3500 -27.700827013445117
3600 -24.702402099094062
3700 -22.777634915267722
3800 -24.62942339122864
3900 -20.892680503830274
4000 -27.270985732228304
4100 -24.466426145939682
4200 -27.522951065225833
4300 -26.133178855546536
4400 -24.035003516572296
4500 -26.053785477090727
4600 -24.61879223285528
4700 -20.80364190567367
4800 -25.290215035353064
4900 -25.10480893944871
5000 -26.939672208094628
5100 -24.074959008041656
5200 -22.923686573964698
5300 -27.405357654059056
5400 -24.528972214471608
5500 -22.548355004369963
5600 -25.02426623525428
5700 -23.177508532764186
5800 -27.607318082552258
5900 -27.482677183532182
6000 -27.60883889822595
6100 -24.887304174599272
6200 -24.545717716103635
6300 -23.700010099906635
6400 -26.333070335382683
6500 -24.30975320472906
6600 -26.05488543285826
6700 -20.70160441150063
6800 -19.64819136002772
6900 -26.37725602068818
7000 -27.25756554691904
7100 -22.513707862936023
7200 -25.965389282536986
7300 -25.46893724219318
7400 -24.9468574747002
7500 -25.77125908421731
7600 -26.45778108328046
7700 -26.29741728123659
7800 -24.61905153431911
7900 -23.85365986480297
8000 -27.607128520302616
8100 -28.347873567223637
8200 -24.734795405437666
8300 -26.589464092947633
8400 -25.542271099080082
8500 -27.510907748319106
8600 -25.249808789369492
8700 -25.33498089552141
8800 -24.87937388212952
8900 -24.124678121267515
9000 -22.707327621410265
9100 -25.176280585142926
9200 -21.83766219512981
9300 -24.516436955242465
9400 -25.453247634330566
9500 -25.591926050243753
9600 -24.373241535430775
9700 -25.184103757795135
9800 -25.510940276681332
9900 -23.266971021961684
10000 -17.313126294361787
10100 -20.739494161986233
10200 -24.297091172420128
10300 -24.352249465208928
10400 -25.420264674031625
10500 -26.642076316120423
10600 -25.367482463603395
10700 -23.591895187640144
10800 -21.690373789372536
10900 -22.527558249836666
11000 -23.177533009473045
11100 -24.716896320214026
11200 -25.5292976306275
11300 -19.894848000960717
11400 -22.90168713635094
11500 -20.708439222652203
11600 -25.63414687439528
11700 -21.679621510400946
11800 -23.42919209057842
11900 -25.149559250945476
12000 -25.48413780809675
12100 -23.393295726854355
12200 -20.510061142081724
12300 -21.765761233184286
12400 -25.071866368241373
12500 -22.04602770031625
12600 -18.345039603512106
12700 -23.00091726307405
12800 -24.654828473545827
12900 -21.27118835640313
13000 -26.43483435970005
13100 -25.04376379940407
13200 -25.26045148171832
13300 -26.21437777010323
13400 -25.19960527016228
13500 -22.044051422962504
13600 -23.88775381532118
13700 -23.563322217637392
13800 -22.25497803978653
13900 -21.207234975771403
14000 -22.32964758119339
14100 -24.20796032368177
14200 -19.909436344766164
14300 -19.91864143574049
14400 -20.9417205867473
14500 -22.075820777465378
14600 -23.26528537029827
14700 -23.010589065690283
14800 -24.762007740195312
14900 -25.09170618845379
15000 -20.890361918820407
15100 -21.080228800051056
15200 -23.94628815547325
15300 -21.046027997579202
15400 -19.08504605191862
15500 -19.60981824791697
15600 -22.2568980081491
15700 -24.17158359343443
15800 -19.474420780751515
15900 -22.31238596492116
16000 -21.232325721035636
16100 -19.92318344996428
16200 -21.593149463040366
16300 -21.17410047096949
16400 -23.010691579579564
16500 -24.51053234351382
16600 -23.70778743285858
16700 -22.60498419353654
16800 -22.22919223265879
16900 -18.819855641635083
17000 -18.25659408134446
17100 -23.014225912184127
17200 -18.861434293683953
17300 -22.528651357831862
17400 -18.23487757230205
17500 -14.030967943169635
17600 -21.34522239376727
17700 -19.46063983080384
17800 -19.24013785732955
17900 -15.746408505324311
18000 -16.442291149034215
18100 -14.092658143328896
18200 -16.22104408157105
18300 -18.955896870256105
18400 -13.899826434457188
18500 -19.957937242739906
18600 -15.519397285499899
18700 -13.837228141819864
18800 -9.11911723628536
18900 -5.716494620319296
19000 -11.29374067768758
19100 -9.438936312123593
19200 -8.306508928425652
19300 -8.208227046329428
19400 -14.167580388969991
19500 -13.180809856206118
19600 -7.533936899831746
19700 -12.027395376443165
19800 -7.302321307440899
19900 -6.634279045738631
20000 -5.401125623189698
20100 -4.587305801871438
20200 -10.237624968002415
20300 -6.823142882438767
20400 -3.5919268299247755
20500 -5.1041133375259715
20600 -4.873732844025668
20700 -0.1245521228914307
20800 -2.74484444319213
20900 -5.846595126808664
21000 -5.010919387158069
21100 -3.8790913604050528
21200 -5.293169317854911
21300 -1.7528711388329326
21400 -2.0540669375148335
21500 -7.654747677272006
21600 -4.350249767895422
21700 -4.594064144101123
21800 -4.444251723232332
21900 -3.2023497956934674
22000 -2.222413799050397
22100 -8.618833270378637
22200 1.185704824730887
22300 -1.6032484234912188
22400 -2.020832969163097
22500 -1.4853550053361315
22600 -0.7916152578809155
22700 -1.9197495039385521
22800 -1.8083076251137005
22900 -7.596579208570592
23000 3.615093333122213
23100 2.247357874675004
23200 -2.181700292753518
23300 2.598906433886319
23400 -0.47671701146360046
23500 -1.5598091821158775
23600 -0.2982394189307689
23700 -3.1981839037366186
23800 -4.360230909153032
23900 3.253217783843614
24000 0.2372269399056417
24100 1.8122042065352333
24200 6.532068200078194
24300 -0.7301113139012047
24400 3.0264255749499536
24500 5.805597537922374
24600 -0.3993939218815843
24700 0.6791695900440426
24800 -0.8095487107816883
24900 2.0500354672164995
25000 2.2732644539969575
25100 3.2715268000893127
25200 -2.0181650188192277
25300 2.976259443135232
25400 -0.19487990005222633
25500 2.0107599227536825
25600 -1.6255915174835494
25700 4.638541002170324
25800 -1.2887192848639584
25900 0.12584990335363083
26000 -0.21811015057076344
26100 -4.1851236046544855
26200 -0.8589374774505353
26300 4.615140796068332
26400 0.5357586740038954
26500 3.8196355097840127
26600 2.5547321338135096
26700 0.22118608620176006
26800 -3.0556728833570714
26900 -5.318260300762095
27000 1.4447516399783966
27100 3.551780773864794
27200 3.125546902641777
27300 4.699426146380965
27400 5.320389917761458
27500 -0.7180876356532262
27600 4.171881074141155
27700 -3.558190094824301
27800 -0.15015661148652093
27900 -1.2979356937864912
28000 -0.32900793850037224
28100 -1.910670954098248
28200 -0.40244219653284474
28300 -3.534979708634487
28400 3.644917231961088
28500 2.421851520589691
28600 2.667647566640354
28700 5.241675315475788
28800 1.0232491323028938
28900 0.6381218984903648
29000 6.959909489081866
29100 -1.4406050172789207
29200 0.13487393525090036
29300 1.5026704142407894
29400 2.4784670162425133
29500 1.648112550410544
29600 3.055639483414632
29700 2.8910842012028906
29800 4.359750394032307
29900 5.9783201883213435
30000 3.106452243985754
30100 1.2041549424363924
30200 -0.19394131729008368
30300 5.400204755447033
30400 6.111327632333216
30500 1.9206104885889936
30600 -0.02794347276369402
30700 -0.9009586164993296
30800 3.437982134006376
30900 5.697998276505397
31000 4.280688236170683
31100 6.545317405291817
31200 5.021956253389712
31300 6.767338641658339
31400 1.1192372553443701
31500 0.8934598505048804
31600 -0.22468607172895405
31700 -2.176034937602915
31800 5.053050671130196
31900 2.9621550069903013
32000 4.380286202581331
32100 3.9751953164952414
32200 4.828409852364946
32300 1.414970511452942
32400 3.3105468138943523
32500 6.587751859102452
32600 4.873268252120035
32700 6.276047963171405
32800 -0.9883484248778608
32900 8.272163671551207
33000 7.587397116941961
33100 -0.022830812460927108
33200 3.4611806457484557
33300 3.4653891424084056
33400 3.8160069562964596
33500 -0.6877445351998116
33600 3.3595074785040664
33700 6.368271543543479
33800 3.924164525730127
33900 5.868822308677497
34000 5.252464030056664
34100 7.897787429455457
34200 5.228190240720926
34300 2.7074350314955793
34400 5.690713194299162
34500 6.6903276161412615
34600 11.495286659395042
34700 4.245349465571493
34800 5.367739929511575
34900 6.682236318505016
35000 1.200510859833872
35100 3.9613457121802864
35200 1.6004654810681052
35300 3.315699572526087
35400 1.192106848988256
35500 2.8686597052397964
35600 2.5224820295170494
35700 1.178427338043849
35800 8.456027532440132
35900 4.6285129732375285
36000 2.774137664141664
36100 4.3822140911687075
36200 1.8837586819197352
36300 6.650663655815604
36400 2.192333072967127
36500 3.1776719994677762
36600 3.0661761648520507
36700 4.8542627464932995
36800 6.0536443838258265
36900 7.967699411762117
37000 2.843187700681708
37100 5.8049764556143675
37200 5.822143687828567
37300 5.961500456398094
37400 0.8949798235593569
37500 0.6937236968058991
37600 -9.585528164819786
37700 6.672382335187921
37800 2.910079978460435
37900 2.5208093250928116
38000 4.1560861684291694
38100 -1.1395523129525147
38200 1.9803382716743085
38300 7.288105016899878
38400 7.968094273194697
38500 3.6376984269430257
38600 3.648032946572863
38700 -0.8286174588072416
38800 1.3471182390664134
38900 6.613304414125848
39000 0.8105589506183837
39100 3.991935050667182
39200 6.301988946514378
39300 7.838786067231957
39400 5.009440189665304
39500 4.462407281874773
39600 3.2015390653296363
39700 3.1746764557586005
39800 7.379047247765374
39900 4.960080993224148
40000 3.139421417000165
40100 6.509153393322547
40200 6.280071788940164
40300 9.97342097261865
40400 6.279666186137583
40500 10.010761235131763
40600 5.5216135107346265
40700 7.511667982819255
40800 5.346657530775511
40900 7.440067286485775
41000 1.1731904887688296
41100 6.843472404592678
41200 5.714098577259172
41300 5.137276074456443
41400 5.388176481648306
41500 7.515437758163257
41600 4.760117125730424
41700 -2.7247035080053648
41800 3.8719879052208745
41900 8.312457263756128
42000 7.115499661124672
42100 4.503712963167503
42200 5.144824647265047
42300 1.4147681714821787
42400 4.349162738201085
42500 3.6322574474514426
42600 12.074802968338528
42700 4.094171710180796
42800 1.3540553682307115
42900 6.655082851719001
43000 9.247540499537356
43100 8.042424166090544
43200 8.391129456801197
43300 7.694549607116038
43400 7.369504003786609
43500 4.380264784882571
43600 7.06040372302574
43700 8.239107679955461
43800 5.383847189404248
43900 7.165229231531122
44000 9.602600524486164
44100 3.5990416820833597
44200 8.720464892392286
44300 5.734679326073365
44400 6.199049507291302
44500 10.034070840551752
44600 5.724560194452181
44700 0.5875855069629179
44800 6.413205847047559
44900 1.5150191844135548
45000 -0.26708069189037453
45100 4.863757189044631
45200 3.075611344946141
45300 4.7331211121080266
45400 7.523263456573855
45500 7.442347953068628
45600 3.4248038616383756
45700 3.5906161931126475
45800 7.906840738829592
45900 7.694439207180749
46000 4.6824498791074225
46100 8.982457479771895
46200 7.984885708085633
46300 4.928961443305136
46400 9.895356373576343
46500 8.084566061661
46600 5.854050451561816
46700 6.290005310209562
46800 1.0700261744720403
46900 5.246999838652225
47000 1.8596989898904606
47100 3.6036223956163327
47200 2.0777802408237496
47300 9.332539447578615
47400 1.3454977317985497
47500 2.228245097217912
47600 7.674496169909133
47700 3.2101880454915297
47800 6.082374615403164
47900 2.941594415072283
48000 9.80181982936704
48100 10.906212959121953
48200 7.611333625588173
48300 2.8568607540393
48400 9.184083667758607
48500 5.644809682396618
48600 6.437080144541193
48700 4.594280034649105
48800 6.511816193636719
48900 11.154105238304545
49000 9.586474643291664
49100 9.107373212952787
49200 9.825120746789745
49300 7.078464579658383
49400 7.540994326158466
49500 5.280189771077974
49600 5.144019597203817
49700 10.2347599140865
49800 8.118395126152723
49900 4.754099778554732
50000 2.324315657489072
50100 3.6465598526212117
50200 4.110022757327936
50300 6.648289812843223
50400 7.451101192003415
50500 5.053769498774364
50600 7.945166329655414
50700 7.5053644883809785
50800 6.235818131440194
50900 12.85242391260358
51000 6.83030186695547
51100 0.2804510620111442
51200 6.495834081503279
51300 4.948971180518458
51400 9.115633999438575
51500 7.331900731465556
51600 6.458207606424912
51700 9.013485156959582
51800 7.280735232573083
51900 3.886786033578503
52000 4.383348867500846
52100 5.836477716390447
52200 8.263309276539301
52300 4.028606925467369
52400 3.8284403383369447
52500 8.367431369114716
52600 12.282137820841022
52700 10.09940972750811
52800 5.893709037037403
52900 5.49325819114347
53000 10.608590140388374
53100 9.463127641509967
53200 8.567412842808505
53300 9.473039243330872
53400 10.415693518711779
53500 9.402659993182274
53600 7.129992086512978
53700 9.319776911460677
53800 3.857802456536596
53900 9.31012051161126
54000 7.3555160020209716
54100 6.3686076623455765
54200 6.592531774215787
54300 10.189429155630966
54400 11.480454205829542
54500 8.579501004047854
54600 10.435675284105514
54700 7.9012079225818885
54800 9.745789745660218
54900 5.254745921438127
55000 4.060259932606906
55100 6.061744524232522
55200 6.116771126041567
55300 4.61537742885926
55400 6.88276969243488
55500 6.557034757117036
55600 7.58603189844648
55700 6.072575338005708
55800 4.069673902901842
55900 4.213734314564542
56000 13.401089253732808
56100 12.273395556013472
56200 8.72278074649484
56300 8.054769484120124
56400 8.322963226196237
56500 12.416482739469659
56600 6.120958397457606
56700 6.614789148070805
56800 11.514793413930112
56900 9.052623418096047
57000 7.30286083392507
57100 5.886646906066345
57200 8.65348173567478
57300 11.366625190453227
57400 11.784143984328344
57500 7.046594645161436
57600 10.3773824007703
57700 6.243005301612877
57800 9.512162560030095
57900 6.655357841139259
58000 4.8137786504685165
58100 9.067743827783886
58200 6.9037126785419645
58300 8.261049818405255
58400 5.105238680516328
58500 10.105644679779406
58600 10.654659887891354
58700 9.146191442198091
58800 11.07257584416412
58900 11.133629647072187
59000 11.779956165480314
59100 9.035575868786465
59200 10.723853682968116
59300 7.224500462899412
59400 7.987762966342083
59500 9.349904877207537
59600 6.561435050207444
59700 11.42291561782044
59800 7.889145791571188
59900 9.36532369612547
60000 13.2655770354398
60100 11.13530086420174
60200 11.892771667015877
60300 11.980736296233186
60400 9.470952049131126
60500 8.405594768320034
60600 7.08986142574946
60700 6.151100335748051
60800 9.61322154135004
60900 8.62846781949666
61000 9.70896687771865
61100 11.945615633233238
61200 11.174597973012721
61300 9.358374685032057
61400 3.7972322192421095
61500 10.457733165844289
61600 7.660938488519776
61700 9.758429582384876
61800 10.418298752857245
61900 11.00023245886822
62000 13.645541552442737
62100 9.413892436315628
62200 8.12015682760742
62300 13.879760493639843
62400 9.047401950118568
62500 8.597482993753742
62600 6.024977309180991
62700 6.430666058950882
62800 9.075622119742821
62900 8.838580758834533
63000 7.774450005195106
63100 9.63418780666594
63200 9.850270648493348
63300 10.695649351519592
63400 7.642985873526817
63500 7.651128738339162
63600 10.804609129200328
63700 11.419810632741635
63800 11.599835188938199
63900 10.781825402881038
64000 8.833816335801341
64100 9.905807431831278
64200 8.791440484901386
64300 11.497544528944841
64400 10.681674015243486
64500 8.357686368209558
64600 12.116094310468537
64700 7.952017289241489
64800 10.580544174150374
64900 10.08562344727988
65000 11.14854107431011
65100 11.684736252397393
65200 13.466862087255535
65300 7.812366058878533
65400 9.951278685825683
65500 14.113609964367104
65600 10.867863617236479
65700 11.592579706665765
65800 5.775158042449395
65900 5.575608446104444
66000 9.867127066671115
66100 10.516658586945503
66200 9.866614379366636
66300 11.103181009063713
66400 6.693635196038114
66500 9.460456126904152
66600 12.369990550142978
66700 9.250439051403411
66800 12.010661087784374
66900 7.3668370991291505
67000 9.404711235811687
67100 8.71683105801737
67200 5.065244855548312
67300 11.286800708577756
67400 12.399635604594708
67500 13.267333464040805
67600 10.480727046527646
67700 12.346733424697868
67800 13.579252677836998
67900 9.23317689101183
68000 13.444098968212714
68100 8.436988613390529
68200 12.737897324261482
68300 9.42640771575785
68400 11.912314139534223
68500 15.522652004312741
68600 7.163688778531713
68700 12.334380161274996
68800 10.453608518614393
68900 11.504585379089166
69000 10.246542630872696
69100 10.225499447428707
69200 6.940603564454529
69300 14.186638150250703
69400 13.081605383706483
69500 12.111375402129678
69600 11.243799381866094
69700 8.592082820815877
69800 6.720385612371716
69900 8.808306056751167
70000 13.403722050952647
70100 11.098713686921675
70200 13.27781724510549
70300 11.354362577774918
70400 7.9027039471410765
70500 11.684372687696788
70600 7.320995252048355
70700 11.068104652552991
70800 12.420631170312292
70900 10.44869676997541
71000 11.615045644355806
71100 9.941196011865786
71200 13.855565527371215
71300 13.455872422169206
71400 11.895953894499419
71500 12.626320168585801
71600 15.354435819750353
71700 12.103797186137719
71800 8.560568539241752
71900 14.10482322971362
72000 8.652118802152428
72100 15.716760749136883
72200 13.139447895801146
72300 13.881482094919514
72400 11.640461914904943
72500 8.072987343499763
72600 15.093026752704064
72700 6.102398690710551
72800 12.839499191629981
72900 6.605668375438073
73000 12.01190178583133
73100 11.27404116361596
73200 12.703791510184677
73300 16.104848965925882
73400 12.134656581860348
73500 13.044037987103112
73600 11.458440186516416
73700 12.21727719424444
73800 12.338652476692602
73900 11.188420553547855
74000 11.396253588828085
74100 11.50881776984948
74200 15.239986424953083
74300 12.108019033764966
74400 13.061164553019767
74500 8.415291648232284
74600 14.394124806347953
74700 9.599544173782297
74800 11.636750542203984
74900 13.095012241659523
75000 8.807345266295295
75100 13.63535618905385
75200 10.825242585224794
75300 13.834157197230345
75400 12.481641049908676
75500 11.826069842285513
75600 9.759007322598578
75700 15.66495947759772
75800 12.643207830026878
75900 11.771661066090312
76000 14.98618245553865
76100 13.424892990515342
76200 14.09419121742301
76300 14.370668367580402
76400 11.281956954132704
76500 16.60362926101647
76600 14.621432538072494
76700 9.80626295191552
76800 13.24704729193194
76900 14.74584492966702
77000 12.273238634654946
77100 13.367084024856021
77200 15.104228497640845
77300 12.37760321153739
77400 10.010356846838416
77500 9.706682566854566
77600 12.210791116476088
77700 10.62206193126356
77800 13.938256827471646
77900 15.254722581642568
78000 17.81944625554645
78100 15.621554966165517
78200 12.923348884955011
78300 17.404001838576864
78400 12.828311280135186
78500 10.94864338473192
78600 14.359081591444946
78700 13.928515443700109
78800 8.56306889840722
78900 12.539710112273617
79000 14.219253138345081
79100 13.577358205428304
79200 9.293191879079838
79300 12.22363995810072
79400 15.073191129817006
79500 15.058753167266243
79600 16.85661193521532
79700 13.354625374411647
79800 13.42544254710272
79900 14.22331120262035
80000 17.037051749139785
80100 11.932464051458807
80200 11.64254044030442
80300 10.01142361379549
80400 14.782101702001349
80500 12.7692788128093
80600 10.262028727728927
80700 9.989944955430978
80800 10.775991935628271
80900 15.521381847317928
81000 12.520017456427249
81100 14.355496148079315
81200 10.12862880351478
81300 14.008031147396501
81400 13.676838829915834
81500 12.885597195297137
81600 10.918992415722366
81700 11.952986564214688
81800 14.06057981815015
81900 12.963393484895855
82000 15.131815816354257
82100 12.971521742178128
82200 15.335868321521438
82300 13.30756032629003
82400 13.572163083438594
82500 14.776569675638038
82600 13.02573920903779
82700 14.462102155322574
82800 13.217961076086713
82900 9.60784353889322
83000 15.18446553486367
83100 13.823426313461587
83200 10.041534380808423
83300 16.155378127558073
83400 11.620005606580134
83500 14.386528347281812
83600 16.041580581449395
83700 8.298596129166086
83800 10.243895935988277
83900 15.276803452820644
84000 14.170476808547189
84100 15.344027109331421
84200 13.843620790679717
84300 10.985415360474615
84400 12.56847814514114
84500 12.650957049759405
84600 12.04246478327877
84700 16.489081659562864
84800 17.0500871815247
84900 12.91108541868845
85000 12.519126630008719
85100 17.199135797897377
85200 12.673186895875327
85300 15.109505873936762
85400 13.336845988553272
85500 15.271393993092325
85600 13.002258169351894
85700 17.80585312527791
85800 11.19910510858281
85900 15.42222475670963
86000 9.081621258840668
86100 14.406743488931939
86200 8.601441531548085
86300 11.518132641433246
86400 14.727544092265108
86500 14.393042005075785
86600 13.64689682941301
86700 12.64317414390849
86800 12.904645895877305
86900 15.011053618851228
87000 15.86286578350342
87100 14.44397722179825
87200 10.672734907016878
87300 14.095693709320198
87400 13.250411501357751
87500 13.416179954919693
87600 16.292049017938457
87700 13.657830989100146
87800 12.35548076550132
87900 10.632776120593926
88000 12.539314673599147
88100 12.701065111996044
88200 15.967127241895845
88300 12.715564696136852
88400 9.076697342424591
88500 13.970144367143227
88600 13.977652767376723
88700 11.294941956222067
88800 14.788699677754268
88900 12.62908526217581
89000 14.643741078767288
89100 15.942541056078579
89200 14.328115231484796
89300 15.328078070379906
89400 13.322284246380406
89500 12.0335099549621
89600 12.683761481506473
89700 12.90858605757905
89800 14.088679110443788
89900 10.906725349469605
90000 12.586171053774505
90100 10.004068118078168
90200 10.873553748727424
90300 13.835380596486118
90400 12.699799457429302
90500 15.068790287825724
90600 16.663973460080626
90700 11.328265024956211
90800 16.19960662510169
90900 14.536775617028033
91000 16.12555846236602
91100 17.407347889742606
91200 12.745453889622908
91300 14.742121244876099
91400 13.762749551014398
91500 16.73783115783377
91600 12.707929690198847
91700 9.675394957380762
91800 16.236978428593527
91900 15.736233744433273
92000 15.52892369881694
92100 13.13433657873084
92200 11.044916718183282
92300 14.494008660000123
92400 14.086493834509923
92500 10.466137593045973
92600 14.443603733246288
92700 13.373667571196156
92800 15.286663289852093
92900 11.589575439910911
93000 14.745364653654663
93100 15.552673824780259
93200 12.072016769421397
93300 14.445111151755524
93400 16.057772645652495
93500 13.245061322331237
93600 14.186007463826618
93700 10.543480456977063
93800 10.910075301148398
93900 14.809863142369077
94000 16.603775422288034
94100 16.11389195306286
94200 15.989217416573087
94300 12.808990032449989
94400 16.150718863826704
94500 12.741259366440703
94600 13.024620719300405
94700 10.399220493257827
94800 15.512326248218695
94900 10.854320195985443
95000 14.02209754977298
95100 12.721798547940033
95200 12.124071692985197
95300 14.009058250213823
95400 11.307935916737096
95500 12.346850379040637
95600 12.754863214892524
95700 13.73479957737692
95800 13.69279639559774
95900 14.207016207711233
96000 14.308236195128785
96100 13.883370973033793
96200 14.573173765637662
96300 14.507113479519383
96400 12.18729735780707
96500 9.23525966649284
96600 14.104347340875576
96700 13.879544081071613
96800 13.865304063250848
96900 16.54407516600618
97000 14.013095587932751
97100 11.448898394587845
97200 11.918074918263235
97300 12.780955421997577
97400 15.317016774722491
97500 10.464140558197304
97600 11.686801919252229
97700 11.95995991148873
97800 13.95253943977278
97900 8.348672970650645
98000 12.844704929075398
98100 10.135382862042409
98200 13.879956974495267
98300 11.373199522046455
98400 14.529638973916004
98500 16.37653916409656
98600 13.03852146367656
98700 13.9246500945962
98800 9.533412803667515
98900 12.651258436112563
99000 11.793079137374718
99100 12.888576165593092
99200 11.180215332487224
99300 13.224567815120823
99400 13.608080793062749
99500 13.78849556658251
99600 11.518043487743569
99700 18.33540569245956
99800 14.62203292076301
99900 15.146142418169749
100000 14.998651460760867
100100 14.984729138523528
100200 14.456643106934603
100300 8.23701033206103
100400 13.26505770040525
100500 11.197004447518797
100600 13.116443990300807
100700 15.305727028192607
100800 15.71759180730203
100900 14.044650225037536
101000 14.271230936257947
101100 14.668517985378129
101200 14.860604069831247
101300 12.322809530477251
101400 13.184174187934447
101500 10.512913099582278
101600 14.872949400510455
101700 14.90587221188633
101800 16.588326729561427
101900 8.246659431343886
102000 11.74722310833366
102100 15.832583821984322
102200 13.362619510177144
102300 15.057183954094205
102400 9.759882376652987
102500 11.505578223283285
102600 13.760520561253866
102700 15.932085350320909
102800 15.97049593448074
102900 12.026117634019455
103000 16.029381309639916
103100 16.970974895863844
103200 7.255866590121006
103300 14.552547020984143
103400 10.829849590899885
103500 11.999248432331067
103600 13.017146100344062
103700 15.780247013951527
103800 15.108026471908147
103900 11.849775799548128
104000 10.416144789222049
104100 14.972821355549092
104200 14.891756134681462
104300 15.168818161905655
104400 15.4267069517247
104500 14.407532631660086
104600 14.82847475515919
104700 12.182653060754282
104800 16.126449835152663
104900 16.119352177511207
105000 16.56843969815195
105100 15.74092131057329
105200 15.4427541596925
105300 15.34766709783335
105400 14.787346766659425
105500 14.284171466923413
105600 15.211225397760451
105700 13.253760704360822
105800 13.18337445762858
105900 9.723499284145491
106000 9.494826926062698
106100 12.955793232960694
106200 16.085270138508612
106300 12.66530432968418
106400 12.113396489710837
106500 15.336481443913966
106600 16.033229760954768
106700 15.648250834515983
106800 13.592899936143525
106900 11.16240255098117
107000 14.93693237154433
107100 15.306449952794607
107200 15.851464913189199
107300 13.134477852088427
107400 15.480697445571296
107500 15.057497262912579
107600 14.337963845082413
107700 11.715834343774468
107800 13.281422771589968
107900 14.554573630988457
108000 12.408270306245416
108100 18.277525674418467
108200 11.46881862968122
108300 14.611408907151526
108400 15.685534355218826
108500 15.58427112816141
108600 12.372525686840023
108700 12.147446914086103
108800 16.83888834360464
108900 9.772716308627908
109000 16.919190450005924
109100 11.873405223826833
109200 15.892920010376516
109300 14.528870712257898
109400 12.46566107758421
109500 11.802572178863697
109600 14.04863421896092
109700 12.951283347690364
109800 13.967048576656413
109900 11.176885157528929
110000 12.864532634465903
110100 15.886895284888949
110200 16.784590543653312
110300 14.861183265052883
110400 13.526927946837874
110500 13.101204658393607
110600 9.999292277026537
110700 12.289964568630154
110800 17.144765901280504
110900 13.629360107083427
111000 12.443111914333642
111100 15.620391368514818
111200 10.400232983095291
111300 17.76199782382385
111400 14.208524129941129
111500 12.774502836837085
111600 17.899622920143777
111700 15.731600271410917
111800 15.981100519580645
111900 14.819882526604376
112000 17.05527961801467
112100 15.295370629950849
112200 15.395253067792115
112300 13.423891377252966
112400 14.284019934077754
112500 14.531240609553997
112600 15.278971396064964
112700 15.019527852578145
112800 15.853992949163842
112900 17.548268917510985
113000 16.26115958087387
113100 13.257529780259846
113200 15.536319129757578
113300 12.4949938140653
113400 15.42185338743962
113500 15.10597985693271
113600 17.946226601863298
113700 16.929128125748537
113800 13.029234195586927
113900 18.83359246235354
114000 17.794254486965965
114100 15.139790887392989
114200 10.24079548820439
114300 14.670144007540035
114400 12.0155353015673
114500 11.333679159141175
114600 14.396508240866016
114700 16.94260689093885
114800 16.625253464814026
114900 11.966111783182756
115000 13.414041289725319
115100 14.211066713408947
115200 13.517855823584837
115300 17.487456377856905
115400 13.47747196711073
115500 15.33675122341997
115600 12.331646999452353
115700 13.831715878317702
115800 15.741884122511763
115900 12.197081309117289
116000 14.755923498587903
116100 14.108278131071998
116200 16.25081342882597
116300 17.78483213821871
116400 16.360298275665215
116500 11.367131492507005
116600 12.895177610171292
116700 13.881920315875053
116800 16.7218888220891
116900 19.0857692191056
117000 13.731908754041385
117100 16.88269408845002
117200 13.391575970248311
117300 15.08528966095507
117400 13.24742246659176
117500 16.250606666993747
117600 15.838198100706965
117700 10.482368902382538
117800 14.88508182684413
117900 17.1498736467874
118000 17.421424349666317
118100 13.709774867312765
118200 15.721862190351338
118300 15.805629811617296
118400 17.400438972579337
118500 12.538969609809351
118600 15.015217872162177
118700 16.4750181079562
118800 17.055497129500104
118900 17.758065534266034
119000 13.699519009730148
119100 15.364615794899636
119200 13.878074626070143
119300 14.818012751176118
119400 14.391092265151785
119500 14.697823515571326
119600 14.2178637681646
119700 17.967984210229975
119800 12.313465437690096
119900 15.914602950383275
120000 11.72786507235848
120100 12.401587649764114
120200 15.717632157275537
120300 13.379893829900816
120400 14.240511269967676
120500 15.12094438788008
120600 15.225282985183478
120700 17.83202694015479
120800 17.039788998746094
120900 17.404860558563623
121000 18.619885470891774
121100 17.014310869548744
121200 15.179424800768189
121300 14.334601746481631
121400 15.149811122302847
121500 15.55017022498863
121600 13.12311477549315
121700 14.62065541122484
121800 15.284870752613118
121900 15.778505826899835
122000 17.886739548392555
122100 17.08288125835805
122200 14.745477016781983
122300 14.144728578205607
122400 16.49814488924851
122500 17.15542394002797
122600 13.58118511911778
122700 12.410989897056618
122800 13.767337391491152
122900 15.964879003539961
123000 13.634268416697497
123100 13.520045946515195
123200 15.786559417869071
123300 16.796924393577
123400 13.000663638072005
123500 17.69231785248374
123600 12.613246974591235
123700 16.36153931710425
123800 17.31519677956229
123900 15.40178809983598
124000 16.679173427587468
124100 17.61968993129355
124200 12.290904859761078
124300 15.431064642117486
124400 16.92298720521583
124500 13.725274910826666
124600 13.474019309456848
124700 14.847162439702084
124800 17.366705203618253
124900 16.485906967391482
125000 15.00981362596182
125100 16.38707959769013
125200 14.350190531296128
125300 16.096352887843153
125400 16.97261985506491
125500 14.80617697926339
125600 14.115327616027864
125700 15.413143987563638
125800 15.979515031493243
125900 16.458470277596046
126000 16.861075948159698
126100 14.536377447361845
126200 15.573856758185583
126300 15.356170030944412
126400 13.335685930737696
126500 15.239705751594201
126600 13.63884452654713
126700 16.93208672869878
126800 18.426072768700436
126900 18.111414909471254
127000 17.49355917735046
127100 14.253402528076554
127200 12.063668445212079
127300 16.818221461722747
127400 14.514506015016858
127500 16.39614301669271
127600 13.77047855596463
127700 15.894922644326147
127800 15.815600490529778
127900 15.398816196241047
128000 16.6491490127752
128100 14.77095848313545
128200 15.395301023156991
128300 17.060410507103597
128400 16.742064642344943
128500 14.140835338229314
128600 15.79627761935872
128700 18.25465427578846
128800 17.480888288856956
128900 17.646603407552497
129000 14.530054637190858
129100 13.167799217634204
129200 15.635536860579682
129300 14.481427302835717
129400 15.669329237931457
129500 16.564122860511922
129600 14.261990128578821
129700 17.031944021944142
129800 14.712437985369597
129900 15.897100078266343
130000 14.269369642195901
130100 16.198232962560446
130200 17.728793255851816
130300 13.413287004510368
130400 12.636677327769995
130500 15.428489751355803
130600 15.899810536372
130700 13.605355187289637
130800 16.867579329700526
130900 19.22008921461581
131000 16.890630449245467
131100 14.032614933545307
131200 15.928688052558256
131300 16.896255269888645
131400 14.964895147983666
131500 14.805776208854136
131600 12.596485077316132
131700 16.47291380158883
131800 13.113888676510346
131900 12.662818522779615
132000 16.612626793551538
132100 16.480429618361715
132200 16.971142183211654
132300 13.676438558410052
132400 13.78812826615979
132500 15.146741157177443
132600 16.43165262585117
132700 17.01951656856879
132800 16.36008126226748
132900 15.596114044881514
133000 18.47011084963011
133100 16.531930154420806
133200 14.965158784544531
133300 14.419494872746721
133400 13.564612439996308
133500 15.40159989172689
133600 14.097060787785779
133700 18.076985086565788
133800 15.986367471049801
133900 15.33178352448565
134000 15.905366305473269
134100 15.409450939062841
134200 15.761081403440228
134300 16.131554470307048
134400 16.327473489869117
134500 17.48986544847178
134600 16.23625440260456
134700 15.695559934680553
134800 17.736074762245334
134900 14.81419680517681
135000 18.45721358013676
135100 16.138908155649315
135200 14.466137600323336
135300 14.050048844367453
135400 15.015327657932794
135500 16.650761577847238
135600 16.58548192926354
135700 17.238855311646223
135800 14.90178062033655
135900 15.471025349754932
136000 14.458576254071483
136100 15.576977864617783
136200 17.15490152959978
136300 14.99389581652951
136400 15.397045458288481
136500 14.762351029995406
136600 14.69921601233405
136700 16.174396180700793
136800 16.54759952359858
136900 18.32791815403219
137000 14.599289629323154
137100 16.13216785834956
137200 15.186761037962764
137300 15.970840267103867
137400 14.35815814451387
137500 17.341717833449596
137600 17.44867750892398
137700 15.992745600430176
137800 16.073088144016413
137900 16.688834832805316
138000 18.49788504689389
138100 15.01158317744035
138200 15.702053776833404
138300 14.9516171573146
138400 15.911949360474544
138500 17.83617229448436
138600 15.512312043216987
138700 16.007994698536713
138800 16.59084311105994
138900 18.092324622844295
139000 15.905543360769514
139100 15.913842259412117
139200 17.557770988662178
139300 18.62330952609585
139400 15.864386541527695
139500 8.687385817278235
139600 14.715850767690211
139700 15.788209662997478
139800 18.504702098801236
139900 16.712568126982575
140000 13.074048579590885
140100 14.539023733246673
140200 18.719431093156317
140300 17.236845116477642
140400 17.797167971139416
140500 16.209273059203163
140600 14.100306263475527
140700 14.808556994619853
140800 13.392423639373325
140900 14.716528351827385
141000 18.357495454073387
141100 16.300039928177444
141200 12.33345040888092
141300 15.170548304173236
141400 17.83448480537202
141500 12.916814243970554
141600 15.752544046076743
141700 19.136231397384456
141800 15.38019600565368
141900 16.16891788253279
142000 17.46005190004684
142100 15.311633194923802
142200 17.357258787700495
142300 15.586305158416929
142400 13.44589497915668
142500 16.03099893865995
142600 14.715418668298621
142700 17.75052680288001
142800 15.070553903639052
142900 16.67578481012231
143000 15.46889011908975
143100 16.033141174270757
143200 13.411638321156119
143300 16.015715062305244
143400 17.805630249216616
143500 18.419494062461634
143600 13.448284854160182
143700 15.326194158524839
143800 14.147761219869396
143900 13.507188159116469
144000 12.9305097795335
144100 16.15934740467136
144200 15.741795922340012
144300 13.159781501370052
144400 14.287966350881822
144500 17.553834690171932
144600 14.280293168232701
144700 16.067810165273343
144800 13.935244677426018
144900 16.52152935301712
145000 18.44883545081382
145100 13.053375551654081
145200 15.950903831043545
145300 16.065271861788844
145400 14.099556326773499
145500 12.589783884400354
145600 16.030350153278363
145700 17.005765504322863
145800 17.387009152538496
145900 18.505722844233745
146000 14.388656431040625
146100 15.987158127861289
146200 16.1684450163434
146300 16.07824364255169
146400 15.655871514880795
146500 12.277939975327085
146600 14.788187533949104
146700 13.575303981039415
146800 17.971544861032722
146900 16.014981282623722
147000 17.77858136608957
147100 18.073748339744743
147200 15.171050458151495
147300 17.248046949404056
147400 14.81615591023269
147500 14.639269058548182
147600 14.277269069322033
147700 15.407371291352906
147800 11.804509607515337
147900 16.39940316490172
148000 16.899206016053537
148100 12.466702796790356
148200 17.39808679294522
148300 15.760256285763699
148400 14.836041927693627
148500 13.48776828926036
148600 14.341086707404282
148700 17.458095376350652
148800 15.942363181797216
148900 15.389946050413355
149000 17.625358728809083
149100 17.427087192757288
149200 16.142909044158742
149300 15.98054683149451
149400 11.61816535597095
149500 17.385965738856108
149600 13.641161750353753
149700 16.547997389125978
149800 15.89906518385723
149900 17.00771872820665
150000 17.545734771220864
150100 14.755662783399194
150200 12.766171395697286
150300 15.71274849483116
150400 17.693954350863486
150500 13.50773941670556
150600 12.27491094200861
150700 18.54791674806483
150800 16.773946970020276
150900 17.7745721067652
151000 16.904597817110723
151100 17.284637675471046
151200 17.66243749997324
151300 17.917027364756795
151400 16.318032592143112
151500 18.77969801412991
151600 14.78439150934543
151700 15.06177847980953
151800 18.522561340986506
151900 17.536509369400523
152000 13.440791404536627
152100 14.997065410680834
152200 17.23179668964407
152300 13.524064068630615
152400 15.06473619585274
152500 14.102500219316815
152600 12.787877852190968
152700 14.325684833500448
152800 18.766836246673854
152900 17.234433334772604
153000 16.968988434369784
153100 16.272185656937577
153200 18.484323923939193
153300 15.01173428202793
153400 15.832204445993089
153500 16.490929008664793
153600 16.935802435293994
153700 14.689091594651927
153800 16.69445764981649
153900 15.378060246346445
154000 14.822727168357245
154100 16.945673761103887
154200 16.786721835396943
154300 17.234672442421076
154400 11.266399692221036
154500 14.786084113135185
154600 15.70217383044587
154700 17.202403410774085
154800 17.361512213132276
154900 16.775664789304813
155000 13.905045974268823
155100 15.509631934090452
155200 14.332152388413215
155300 14.796943968684042
155400 15.361714142408369
155500 17.437284563629742
155600 16.685586374993548
155700 18.776619401245608
155800 13.958034682788966
155900 17.07654062169707
156000 13.563438850952437
156100 17.305855943768314
156200 13.627798685347019
156300 15.736636638458133
156400 15.750870049388338
156500 13.738549623244925
156600 16.424345451335764
156700 14.509327219527322
156800 16.707523954119086
156900 15.414231432794505
157000 15.230135527474044
157100 14.819559160144658
157200 15.269321848185227
157300 14.91514082117597
157400 15.157391976328556
157500 18.763087835517346
157600 17.405917861977947
157700 18.290467320270864
157800 16.034264194711383
157900 16.829155531527537
158000 16.428697722651094
158100 15.21106917705998
158200 15.703457098626664
158300 15.082646290921629
158400 15.086587671425603
158500 17.986351281325025
158600 12.712159938833421
158700 15.052826879161811
158800 17.01663134001111
158900 15.076722649302443
159000 17.60789404651898
159100 14.425723827284521
159200 15.951285127837233
159300 15.367119826707132
159400 17.60038135355742
159500 17.02573044729225
159600 15.203629128068748
159700 14.96168964351724
159800 15.295757809555083
159900 17.458080822943554
160000 11.719287894923104
160100 17.001823017548787
160200 15.698228060994577
160300 17.4929614906473
160400 18.133770726551052
160500 15.359866349134823
160600 17.314698692441915
160700 13.537747309772783
160800 16.750688840265084
160900 15.598315260220177
161000 15.450303132625256
161100 15.447362249755775
161200 14.883571323385638
161300 16.360007642614455
161400 14.715547120805054
161500 14.242524598588103
161600 15.93944479597132
161700 15.196251080453802
161800 18.509455638291886
161900 17.248184156322672
162000 16.604984296766897
162100 15.642751397689015
162200 12.662380924742324
162300 16.456753737325165
162400 15.67006815448352
162500 17.005325166972863
162600 15.666198327568464
162700 18.460619520695573
162800 17.46343074171786
162900 15.00031073430024
163000 16.940893023236566
163100 14.163297817993806
163200 15.7488302870601
163300 17.80006969044712
163400 16.71316784905982
163500 17.541956172786787
163600 16.940851590263993
163700 16.250672377505637
163800 14.30753875980198
163900 17.032760638798678
164000 18.086626251271
164100 18.548644272860162
164200 15.167129967756196
164300 14.988393011714715
164400 16.13149939360318
164500 18.41058576302954
164600 18.75151726071247
164700 17.089087691932388
164800 17.054568784422194
164900 17.73395594948482
165000 14.93778100960213
165100 16.19188277235123
165200 15.677632886492757
165300 13.746881139662229
165400 15.507348589112558
165500 17.793869488683796
165600 17.091418258211835
165700 18.850563866842776
165800 15.053169603079095
165900 16.020959074600967
166000 17.52598979419858
166100 16.915099303375925
166200 17.219003923841825
166300 18.79311048244042
166400 16.118486492908144
166500 14.159444088140349
166600 18.584599633629367
166700 11.586868512815077
166800 15.959562693830915
166900 16.562475334289484
167000 17.959451774918374
167100 18.435020610583443
167200 15.365789127509693
167300 16.257899378445444
167400 17.83617430598512
167500 14.266950428791281
167600 19.016051850369486
167700 18.868367150016965
167800 17.55965649974877
167900 14.791417336733616
168000 15.82461033196845
168100 15.810941795384025
168200 14.86328436173446
168300 17.303653586758447
168400 12.971291737439767
168500 17.141960307058213
168600 14.141726907298573
168700 17.921498326433237
168800 17.35119578310878
168900 16.075607403363847
169000 17.005649796378062
169100 16.581091983294574
169200 18.011197955427168
169300 16.726809332199448
169400 16.509216257590193
169500 14.108988248280111
169600 16.278073449849543
169700 18.66611731110402
169800 17.702060594250593
169900 18.690514186341055
170000 18.9019917795257
170100 15.083208183441776
170200 15.872670086157104
170300 17.071886225130395
170400 14.755284607492618
170500 17.94567907666033
170600 16.126898468128463
170700 16.89193819697115
170800 16.987495323482122
170900 18.16898344746984
171000 17.112523776959463
171100 17.560485902007613
171200 17.075157199031846
171300 17.944551144800098
171400 15.01466507508625
171500 11.652002170298843
171600 14.887931953336336
171700 17.530535967107696
171800 13.20126316509342
171900 15.736232869565848
172000 17.01007768832584
172100 17.02998341389993
172200 17.51123322640674
172300 15.923189479720522
172400 17.210295946509937
172500 15.747810232685717
172600 15.308574709176701
172700 17.73811635701198
172800 18.193044510833992
172900 16.126066391189127
173000 18.520898336833927
173100 17.014302428867285
173200 14.76368998011611
173300 16.8612534149256
173400 16.218694035359263
173500 16.245284772323267
173600 12.908679761050932
173700 17.55790177310775
173800 15.295774544587568
173900 18.05147389839702
174000 16.913045490502803
174100 17.006446276467656
174200 18.90020148410055
174300 16.624026397531754
174400 15.840587966737676
174500 15.25619828791382
174600 16.492997582408613
174700 17.32536711063628
174800 14.940193109931013
174900 16.314220287338852
175000 16.63032051486257
175100 17.05249467223497
175200 16.69964997019994
175300 15.49859825519505
175400 14.984509054190923
175500 18.293492107639484
175600 14.641599705320195
175700 16.187385257163807
175800 18.130656635139417
175900 19.105060347585834
176000 18.337673116985155
176100 16.322158224467184
176200 16.91071626379917
176300 17.447676013002337
176400 15.930924631697156
176500 17.77111816804728
176600 19.483880207584974
176700 16.873936347755933
176800 17.131482536740982
176900 13.505527135538
177000 17.331862758850185
177100 13.072615145111156
177200 17.02873127885604
177300 17.336256131750105
177400 16.87182807596632
177500 16.422386866585025
177600 17.108524984318137
177700 17.766625365542026
177800 17.21296042217516
177900 19.051869206374793
178000 15.777742780245545
178100 17.29416972347069
178200 16.836623997539476
178300 14.458945185531249
178400 14.02880086120987
178500 18.943991450715536
178600 13.838937508053684
178700 15.462015769454315
178800 19.51997631559253
178900 14.53298426285417
179000 16.85848091772771
179100 15.007181539766277
179200 17.511182236875836
179300 18.10837364857815
179400 16.80717557878461
179500 17.13797097908863
179600 14.834967084833787
179700 15.653572829872155
179800 18.045523648628762
179900 16.173211842779388
180000 17.908207702684873
180100 12.823996362973084
180200 17.01568692765524
180300 17.753259679368377
180400 18.378276163429454
180500 18.15528859998918
180600 18.26912692545281
180700 16.96506113398341
180800 17.338028190948144
180900 16.812188367803028
181000 17.93593098250979
181100 14.981083008692327
181200 17.796204859668645
181300 15.963926883220449
181400 17.34135375967712
181500 16.71969224909138
181600 14.089789883415898
181700 15.02153567090813
181800 17.691931154115597
181900 17.81413623603602
182000 16.04486207279537
182100 15.866129062261075
182200 15.392340493790885
182300 16.659046880767153
182400 14.853219342459653
182500 15.455459939951067
182600 16.873930191756685
182700 15.460568115380008
182800 15.995217300027306
182900 17.877792794040804
183000 17.786296618145155
183100 17.481975649754848
183200 14.780268905264927
183300 16.626942543230346
183400 16.732316219436147
183500 17.8202631190933
183600 17.863391247460395
183700 13.75533495175988
183800 16.29679363035507
183900 17.40505456346566
184000 14.0892584726378
184100 18.321475312532698
184200 17.09203113571205
184300 17.066961394441385
184400 17.14335587164973
184500 17.03293123265168
184600 14.936180118549203
184700 14.980226617438136
184800 14.233959372327753
184900 17.770476623134208
185000 17.006262710047487
185100 15.754686329604322
185200 17.509704465370856
185300 16.61221532634043
185400 17.757358959614397
185500 19.021362273561746
185600 19.953463321757475
185700 18.653795583460926
185800 16.00404554169156
185900 13.546362137410847
186000 15.520972412512934
186100 14.635729462655503
186200 17.510677885288086
186300 12.440550506510245
186400 18.06981234547849
186500 18.759602489936057
186600 18.176012535934767
186700 18.066061692521636
186800 16.516300439901254
186900 18.31560506512857
187000 16.637345952114263
187100 15.994644283686192
187200 15.890821914600233
187300 16.903756789412892
187400 15.201985895887539
187500 15.912039263306939
187600 15.430194214730573
187700 15.606979555289946
187800 16.84229894243936
187900 17.56606539839095
188000 18.17243808372785
188100 17.390557358268797
188200 12.68732335271919
188300 17.367554861535627
188400 18.749437274992736
188500 19.796813403964045
188600 19.07316483173972
188700 18.859965343071327
188800 15.236283016610809
188900 17.568246829534985
189000 16.958179817291743
189100 18.5228144284955
189200 18.175399452764356
189300 18.77363026064033
189400 16.78037376063436
189500 18.12266426179535
189600 16.432403936637904
189700 16.3188375248168
189800 18.699482183550053
189900 18.779935055116045
190000 18.064041194484744
190100 14.803133743799185
190200 18.721561435934316
190300 16.8358138200366
190400 18.2195325304961
190500 18.59425579376941
190600 18.42199388159669
190700 18.3512095129657
190800 14.61162719401727
190900 17.109868696896115
191000 13.944220877445282
191100 15.995396576735414
191200 18.484985329814023
191300 11.943375110962128
191400 15.611763006321057
191500 17.755483461096386
191600 18.72106863576009
191700 17.65172880165966
191800 15.157827404812792
191900 19.099479324763042
192000 17.027184384272537
192100 17.520585128307886
192200 18.630279958273427
192300 17.526855675683766
192400 14.914961292028568
192500 17.278917970516897
192600 16.927982497708246
192700 15.501833778492193
192800 19.185260264008697
192900 19.06080824820676
193000 14.347072785494674
193100 17.43695393536785
193200 18.71814978449699
193300 16.199781528591412
193400 17.290237932476682
193500 17.4372516188123
193600 19.57156200982811
193700 17.70431077792281
193800 16.323337195925408
193900 15.923913933654827
194000 16.023399626323645
194100 17.03441373818033
194200 16.183876382462813
194300 18.89362928278997
194400 18.864025371783875
194500 17.11940315956646
194600 15.462975163661412
194700 14.688732741600747
194800 17.49161276956863
194900 18.764034068125547
195000 15.234396769544876
195100 18.38258457725492
195200 17.800327503381812
195300 13.958120804338845
195400 17.48563147309322
195500 18.961697341680125
195600 13.645708557974052
195700 18.048925728272888
195800 18.01770003426882
195900 18.900293111868372
196000 17.68832554015149
196100 15.551774857112804
196200 17.43266258571095
196300 17.032603306746445
196400 17.814199627168847
196500 15.108061128736395
196600 13.406251838450453
196700 17.228943943153606
196800 18.38750926825941
196900 13.764461502984497
197000 15.434497363512232
197100 18.057319810509966
197200 15.12937606377116
197300 17.95171366092251
197400 16.414637845903417
197500 18.59156910194948
197600 16.23123634498289
197700 17.2268737789207
197800 17.374457015571828
197900 16.49935566600202
198000 17.542673738952313
198100 16.95024369402686
198200 15.200719886547585
198300 13.85850317264144
198400 18.263628215926634
198500 17.2786747303053
198600 17.26588569160492
198700 14.565053033660753
198800 17.33136514657797
198900 19.238685461048014
199000 17.839099160274902
199100 17.168546123159537
199200 17.483993316785945
199300 17.85615859425001
199400 16.934374747217362
199500 14.407112418222919
199600 18.4093139418135
199700 16.479986404112854
199800 16.418443415056874
199900 16.978902264378476
200000 14.63351286765702
