# Config # = 29
# Model = DQN.3_layer_logic.concrete(9-12).abstract(12-6).action(6-9)
# Gym = TicTacToe-logic-dim2-v2
# algorithm = logic.hierarchical
# Num weights = 417
# Learning rate = 0.001
# Env random seed = 333
# Start time: 01-12-2025(04:10)
100 -12.231192087796316
200 -15.886876045598244
300 -15.215308367362933
400 -13.390228558137773
500 -14.489343413032126
600 -12.333695416166893
700 -14.314949897255994
800 -15.455243681173194
900 -15.349143121996772
1000 -12.944970430649395
1100 -14.945536469648882
1200 -13.478162749330549
1300 -11.52269912873785
1400 -13.386143167867086
1500 -16.523204148646666
1600 -17.352165807361086
1700 -9.984368119671265
1800 -11.288932223330564
1900 -14.162789203744486
2000 -13.00298379879602
2100 -14.405150986385317
2200 -10.383815174520349
2300 -15.95432108970463
2400 -15.547073472828382
2500 -14.76449119357593
2600 -16.652575074070278
2700 -17.189669861250447
2800 -11.199391919688832
2900 -11.382850399187072
3000 -13.967467012670886
3100 -10.199603994569603
3200 -15.31548517204598
3300 -12.309267649770542
3400 -12.541838304925559
3500 -8.859340997395318
3600 -14.208741798267997
3700 -14.882942095001058
3800 -12.58637339616161
3900 -10.722826636131403
4000 -11.331645847707067
4100 -12.32963176576856
4200 -10.848856580765787
4300 -12.697137413862285
4400 -15.57763395570123
4500 -12.904142653677534
4600 -11.711926551708759
4700 -11.808308127849099
4800 -10.872721638429782
4900 -8.218438494058121
5000 -11.14883486683691
5100 -11.00302555107199
5200 -14.601029000630326
5300 -12.130068060022742
5400 -13.451927397637888
5500 -15.220968743395128
5600 -15.048539539791577
5700 -16.458493550306724
5800 -16.420362879957704
5900 -19.072957812544267
6000 -19.33479443822545
6100 -19.104140116998156
6200 -17.675228423578478
6300 -20.29286428489089
6400 -18.91431970127905
6500 -23.227019381137936
6600 -18.05290167574758
6700 -19.463202932098753
6800 -18.35271178699767
6900 -18.840453993241844
7000 -19.01585348498817
7100 -19.05508430247581
7200 -19.338154215468716
7300 -17.97382397291633
7400 -12.489787135850907
7500 -15.074784325538486
7600 -14.862055445271691
7700 -17.19299663329213
7800 -16.546350556083887
7900 -15.232785695541954
8000 -17.33810575669401
8100 -18.651181990107194
8200 -18.383606417522948
8300 -14.233992828692779
8400 -17.48320187542499
8500 -14.881918083034416
8600 -17.228500124300748
8700 -14.588219217381104
8800 -17.605789534265732
8900 -17.611718605396106
9000 -17.488897365342552
9100 -19.774921218218704
9200 -16.51750307831735
9300 -18.260303018706633
9400 -14.531444727519931
9500 -18.399851211922957
9600 -18.551947799678533
9700 -15.478337139651401
9800 -16.68629695694647
9900 -13.888897924495241
10000 -14.913134980786614
10100 -12.354109682907067
10200 -15.510772810957588
10300 -19.532877877623942
10400 -15.602344208538508
10500 -19.09936571690096
10600 -20.135662160186452
10700 -18.444250804493404
10800 -20.58763785184986
10900 -17.88553602227072
11000 -16.783456145416846
11100 -14.53662896191232
11200 -15.483954921445111
11300 -16.042975828419333
11400 -14.552390563431851
11500 -14.868816922179398
11600 -15.588414528771759
11700 -18.113106030961067
11800 -17.420437649896492
11900 -16.66139385294786
12000 -16.6026467445897
12100 -18.17476905466251
12200 -14.71101228469904
12300 -15.744287263496593
12400 -17.956537482790335
12500 -16.72695170166707
12600 -16.306489534693558
12700 -14.884529227957124
12800 -15.880870088874182
12900 -17.28759030686529
13000 -16.674944791646258
13100 -19.33263194697547
13200 -17.30304098694656
13300 -18.29938718589199
13400 -18.404460057526258
13500 -19.564137739222595
13600 -15.077352035346475
13700 -17.817910586701895
13800 -17.386063455493527
13900 -15.119197760951964
14000 -14.933846769756405
14100 -13.688794272725456
14200 -15.795215325619447
14300 -15.21162702119181
14400 -14.179796455495719
14500 -15.830831480718542
14600 -11.160665816036722
14700 -13.72812968697119
14800 -14.634803138758812
14900 -13.07974421520099
15000 -12.498589048196932
15100 -13.912685041027492
15200 -14.736522185796616
15300 -15.064777733864917
15400 -15.444955150713124
15500 -11.422726963232675
15600 -14.99507747237436
15700 -15.164849955427966
15800 -14.04626925526254
15900 -15.26827908412149
16000 -12.216789514347605
16100 -11.94621136373722
16200 -14.3790827096644
16300 -15.505203565611737
16400 -12.540351467468648
16500 -13.059467632220018
16600 -10.589467063885808
16700 -15.826787753281527
16800 -13.641553119594994
16900 -15.176880985331456
17000 -16.19524198708891
17100 -15.074287355114118
17200 -16.1422522766658
17300 -13.069512167124802
17400 -14.718712209116124
17500 -14.603897166190427
17600 -12.732091147958657
17700 -15.151105981451478
17800 -16.034366619005006
17900 -12.647638552124064
18000 -13.887942836233659
18100 -11.157834560714026
18200 -10.036262839581983
18300 -7.0533155314374145
18400 -8.747015827207305
18500 -7.698259026415077
18600 -7.820037515270673
18700 -5.359110002286832
18800 -8.512316257284223
18900 -7.566333642556614
19000 -4.882603915061494
19100 -4.5565434197444015
19200 -7.951193796210365
19300 -7.3735077614459685
19400 -5.104810733706748
19500 -11.959993466552811
19600 -3.8128449978070056
19700 -5.264414106294275
19800 -6.305920181183154
19900 -4.198271611476739
20000 -3.9901004040173826
20100 -2.013362518594308
20200 -0.5208495599225142
20300 -7.310720665063822
20400 -4.4831023712185205
20500 -3.5348358155270994
20600 -3.8558058186016333
20700 -2.7711822650325177
20800 -2.6199740331658825
20900 -2.9367114653483988
21000 -6.073998200820649
21100 -5.395667138923923
21200 -1.4004735453620396
21300 -5.139733075013334
21400 -11.418499972938555
21500 -13.174037018274966
21600 -11.973625141609451
21700 -16.65525758665589
21800 -18.835186547138115
21900 -16.378824872419457
22000 -14.309224362455177
22100 -13.242882627242045
22200 -14.074562112761711
22300 -15.633037066315827
22400 -12.39917452056635
22500 -14.344664798119696
22600 -15.293851849930773
22700 -16.102716138053975
22800 -9.953005431278763
22900 -12.611741130976348
23000 -11.25526593190554
23100 -13.347468895556355
23200 -17.66339843758506
23300 -12.119182555267694
23400 -15.06499951237157
23500 -13.38341990421134
23600 -12.549035179052565
23700 -13.21915019882236
23800 -12.293731068631182
23900 -10.277939169943444
24000 -13.100786617506197
24100 -14.578581871785898
24200 -11.306653403552023
24300 -13.28948455090582
24400 -12.705661766738432
24500 -16.685580985698945
24600 -13.21783904119115
24700 -16.516398208493662
24800 -17.37776718656267
24900 -15.65352835450402
25000 -12.00335515755807
25100 -14.549735504105879
25200 -13.938807273366013
25300 -17.260537276524396
25400 -21.436807035805124
25500 -12.089630468500278
25600 -8.518025319429213
25700 -12.288036278748839
25800 -9.727808546109175
25900 -7.853688293911476
26000 -13.486331575855488
26100 -10.549801922438428
26200 -11.123709529944062
26300 -10.43878535246265
26400 -11.831123289509188
26500 -13.685509529658981
26600 -5.795520838250301
26700 -10.46346096780166
26800 -9.993273159289338
26900 -7.425724281269135
27000 -11.417754833750125
27100 -6.305403403014881
27200 -12.445269981505373
27300 -8.535296622740074
27400 -9.608755906159823
27500 -9.629284302473637
27600 -7.049762221183743
27700 -12.754361735670479
27800 -11.143451120615582
27900 -10.706730703320726
28000 -11.932124418741987
28100 -12.432263118753955
28200 -11.50878787114276
28300 -12.488149040318486
28400 -13.065315144317413
28500 -12.700730964221176
28600 -12.239544786923464
28700 -13.885808127892819
28800 -11.80546932098012
28900 -10.473413928200472
29000 -12.403753397945248
29100 -11.690610143526913
29200 -7.786803555933761
29300 -8.953048491876041
29400 -10.904665757295968
29500 -10.338896996362358
29600 -8.772204451624289
29700 -9.997932043324973
29800 -10.545250940471004
29900 -11.763294798712026
30000 -16.788898485029872
30100 -17.39530241307448
30200 -18.456585355776376
30300 -19.060691421987233
30400 -14.874437705204166
30500 -16.704665674586952
30600 -17.38468935791161
30700 -16.525973586864467
30800 -16.090990611282134
30900 -16.289028279510926
31000 -16.001813727758766
31100 -16.291195766528155
31200 -11.028296312009543
31300 -10.812821315824102
31400 -7.274683570259901
31500 -13.11166523493913
31600 -10.176350979978496
31700 -15.178519363517
31800 -9.982790784763012
31900 -10.39776473843381
32000 -12.474028777479102
32100 -11.394525646285047
32200 -13.537293132896684
32300 -11.245462304960865
32400 -10.334482646531313
32500 -14.98153919653795
32600 -5.90727500627599
32700 -10.861727231180037
32800 -9.239463506979444
32900 -11.750106015335748
33000 -13.293834746376124
33100 -5.249951227191307
33200 -5.170995667013181
33300 -11.057827937693448
33400 -8.491691238754063
33500 -9.568730081313428
33600 -6.987994021394938
33700 -8.72286891889087
33800 -8.460032399889423
33900 -8.93116314835772
34000 -10.763962000411432
34100 -5.183239879268383
34200 -6.795748042837568
34300 -8.052171343926387
34400 -8.040480189788076
34500 -10.518746532599584
34600 -13.357331284662504
34700 -12.005471260703839
34800 -7.662846449851026
34900 -13.291568429120153
35000 -6.2088015684540645
35100 -7.924271503370661
35200 -13.25983920647297
35300 -10.798127763135877
35400 -10.280514629408191
35500 -7.89842585599989
35600 -9.099082195056507
35700 -9.506220160444453
35800 -10.985188621220296
35900 -8.797557633285528
36000 -9.481208796807145
36100 -11.615198573835228
36200 -11.201906876120665
36300 -8.377901991682181
36400 -11.472782788946912
36500 -12.20324465564925
36600 -13.014863195598299
36700 -9.124836480040853
36800 -10.354438207852343
36900 -10.559227126977195
37000 -10.571349804947483
37100 -13.853400647123763
37200 -12.067513516473657
37300 -11.211593159521874
37400 -10.593929643287789
37500 -13.175613098852775
37600 -12.058455559530291
37700 -11.700535909053281
37800 -11.740427979565737
37900 -11.256587165334825
38000 -7.957761756447313
38100 -10.930637337522136
38200 -14.388672115150626
38300 -10.446935255507633
38400 -10.120503676126855
38500 -12.45926065191573
38600 -15.401084445871904
38700 -11.45062389204993
38800 -8.949994812776977
38900 -13.346365957162043
39000 -9.37293687627141
39100 -14.58294315569594
39200 -13.807477752271009
39300 -9.156106642006769
39400 -11.330245899444078
39500 -11.967114784030843
39600 -11.708450485492142
39700 -11.488458590253622
39800 -10.454950472432925
39900 -8.658665195665794
40000 -10.109516163277766
40100 -11.495466702178973
40200 -10.326693875941459
40300 -7.165328934278614
40400 -9.306565366451624
40500 -13.780980610465232
40600 -8.01233762340214
40700 -7.788955142822628
40800 -9.375604317457263
40900 -10.618764440000097
41000 -5.705249024926599
41100 -12.026569224698083
41200 -12.467630776616618
41300 -8.89016026018701
41400 -10.73237778205951
41500 -10.957003244756265
41600 -13.127247236646252
41700 -12.848312956110473
41800 -12.330240234802682
41900 -10.82872818197199
42000 -8.398719999347284
42100 -7.66847443231942
42200 -8.014628163880497
42300 -6.083517332232867
42400 -12.12325515037849
42500 -12.632460990163684
42600 -8.998599096779651
42700 -4.64621289902743
42800 -9.98223430798681
42900 -7.259633157677941
43000 -7.121105496403478
43100 -10.395472662214935
43200 -8.373781087236777
43300 -10.029974694519833
43400 -9.998212043385648
43500 -7.248018563923558
43600 -7.900187773858132
43700 -11.468415598207969
43800 -10.34380203250042
43900 -8.68011508231755
44000 -10.040933079943011
44100 -10.95431540853395
44200 -10.498531034069432
44300 -8.39548148689943
44400 -10.76765319998714
44500 -7.944984558654844
44600 -11.426135690199661
44700 -10.001188568802016
44800 -10.69043227100986
44900 -10.538659247183661
45000 -4.1846409558414575
45100 -5.537560211677529
45200 -5.485348991490189
45300 -10.075816090040616
45400 -13.182651308218203
45500 -9.709148168405251
45600 -10.632125953724973
45700 -10.242137573143347
45800 -6.178379098494857
45900 -9.220195838704486
46000 -10.190404123207893
46100 -18.87640098581661
46200 -8.169982502425873
46300 -14.411249614265655
46400 -10.063788512784011
46500 -18.608765798457675
46600 -16.191358228780707
46700 -12.708606673016432
46800 -9.514975650881377
46900 -14.0560099464623
47000 -14.995854493927311
47100 -12.135619848422518
47200 -16.75704255635871
47300 -14.744099555335605
47400 -15.663397273319895
47500 -7.980582783991965
47600 -8.805973472531074
47700 -9.837618002936221
47800 -10.120543633702818
47900 -12.202324865935381
48000 -15.081408062850777
48100 -15.184792785112233
48200 -13.988306808364536
48300 -10.47217468720934
48400 -13.61996659946387
48500 -16.701104017567303
48600 -15.506440182461294
48700 -9.66258048759712
48800 -12.823106252780441
48900 -7.96689106806839
49000 -13.732811790249652
49100 -13.243672784467885
49200 -8.875286254573119
49300 -15.71685195888462
49400 -11.106413662050254
49500 -12.36665330498603
49600 -10.822321814818826
49700 -12.339491862850073
49800 -5.928191877562279
49900 -10.018199567201462
50000 -10.9100424044452
50100 -14.189307371677929
50200 -9.790939882318648
50300 -10.475409764873254
50400 -12.404266744541514
50500 -11.123979823510052
50600 -10.058016959816392
50700 -11.493927959674807
50800 -7.561300089138339
50900 -7.892771615644054
51000 -12.72441745688086
51100 -12.08018099285726
51200 -11.793064728649018
51300 -11.408362724559527
51400 -7.924473793585957
51500 -9.71013487415034
51600 -10.115677992912882
51700 -12.15663778142637
51800 -9.282405337040071
51900 -7.718656032724592
52000 -9.830072355770037
52100 -8.400155316997214
52200 -11.506484235933502
52300 -9.240903305441204
52400 -8.768863841830028
52500 -11.27857453737272
52600 -9.19763349337955
52700 -10.466762545663457
52800 -12.259820164677489
52900 -10.713587866353375
53000 -10.091097222943194
53100 -8.88392509799074
53200 -6.1685010791812696
53300 -9.440734080694437
53400 -10.920223050021388
53500 -11.21503701889173
53600 -10.933299114318876
53700 -14.401675032242066
53800 -5.814128594722776
53900 -13.241887489168917
54000 -10.92802793848307
54100 -10.253349164414841
54200 -8.521061515048348
54300 -11.837656280416232
54400 -10.255307428373039
54500 -13.005637232698158
54600 -10.923227623588364
54700 -11.819686347717191
54800 -14.139716903439284
54900 -9.35959962585818
55000 -8.330388413150727
55100 -7.484290577531507
55200 -8.398902554709323
55300 -10.43373180512082
55400 -7.060365146931794
55500 -7.992029709748675
55600 -10.243059004213226
55700 -6.732810864760072
55800 -8.876003653979184
55900 -9.331058785554134
56000 -8.430471513282228
56100 -6.257895592881565
56200 -7.040491303441064
56300 -7.273560301283719
56400 -8.750768353004366
56500 -9.23687664960189
56600 -9.349848570154947
56700 -7.130034451235792
56800 -9.230150776219961
56900 -4.737070600150606
57000 -6.93667966759285
57100 -3.4076598358802928
57200 -11.719631113936602
57300 -16.25483506324025
57400 -13.735043004147238
57500 -11.417085362782268
57600 -8.136192807410644
57700 -13.334763399284565
57800 -11.089449938700897
57900 -3.2742200582870917
58000 -8.493330418600028
58100 -8.80688372913937
58200 -10.373069676143746
58300 -8.47858006128568
58400 -12.061087073762808
58500 -6.757120313305988
58600 -10.611835283095537
58700 -11.882398149589541
58800 -13.30196180905225
58900 -8.13040746851489
59000 -5.75265276013273
59100 -7.812902718641496
59200 -8.442291394119023
59300 -9.546278520592885
59400 -6.114895223525284
59500 -7.499228774757302
59600 -9.170654169658318
59700 -7.513351306663094
59800 -6.600264162193946
59900 -5.626049422411132
60000 -7.461965691731505
60100 -7.806671407748368
60200 -9.390959591598941
60300 -8.522695307046583
60400 -7.683297190435882
60500 -8.099832814869123
60600 -10.757358579321258
60700 -8.342898455983017
60800 -12.15124649343117
60900 -12.350135422165346
61000 -7.535273263336082
61100 -7.0507107260565265
61200 -4.88636061697418
61300 -6.992334821927639
61400 -9.220376743209176
61500 -7.832921547604609
61600 -2.718589478288251
61700 -5.031747197019509
61800 -5.910897738778862
61900 -12.304004211862502
62000 -6.539330963911957
62100 -6.247618332670916
62200 -9.78018546575785
62300 -8.825543434508285
62400 -2.8593564969123455
62500 -9.957988139086256
62600 -6.075474580022656
62700 -6.194802480699414
62800 -3.4033890715386934
62900 -5.235849306138284
63000 -4.986336390341816
63100 -6.006293621186062
63200 -6.536983812971745
63300 -5.8145361381948195
63400 -6.511149167276988
63500 -6.63849877309288
63600 -10.668036438977689
63700 -7.710777817544081
63800 -10.410212147928652
63900 -6.397644253172378
64000 -8.649042072843553
64100 -3.685465557349554
64200 -7.1737755121521865
64300 -8.313053636026142
64400 -8.423007369432701
64500 -9.002319238850195
64600 -4.064497550512754
64700 -11.133921452466184
64800 -6.725860959069211
64900 -5.619771554049748
65000 -4.881821100846718
65100 -5.6834776397022235
65200 -5.498165536018037
65300 -8.918580676361989
65400 -6.403128267743435
65500 -7.869404396516131
65600 -6.938331329510435
65700 -3.721143111700951
65800 -2.982801210846803
65900 -6.1882515052820075
66000 -9.090051207107722
66100 -1.4377697064241652
66200 -5.551762721399683
66300 -4.828103846191869
66400 -4.928639746365178
66500 -3.7301703575136673
66600 -5.5495404846507626
66700 -7.682550320556592
66800 -4.796427585464409
66900 -13.150228594559431
67000 -6.696914936663637
67100 -7.600382100171142
67200 -2.8427071276444345
67300 -5.949572517954709
67400 -5.287255211875378
67500 -8.298734032769229
67600 -4.137249842796643
67700 -4.927077609933426
67800 -8.037511522274599
67900 -7.018903535142358
68000 -4.436917450625508
68100 -5.038119109879935
68200 -4.487117302405
68300 -9.148352207100915
68400 -2.4436766072457696
68500 -4.9037090928028295
68600 -8.448695103128266
68700 -8.425529763740842
68800 -4.782877905412654
68900 -4.0454855052342005
69000 -9.503979933593875
69100 -5.683958560503159
69200 -5.691278923009047
69300 -2.3265746353708465
69400 -3.8705694266066453
69500 -6.317243033429687
69600 -9.845712803874273
69700 -6.354705011983893
69800 -6.767180671343012
69900 -4.392114705942422
70000 -5.758379628375632
70100 -8.062015203054312
70200 -6.509222952653178
70300 -6.293931332832969
70400 -9.887942824498388
70500 -6.00469180240742
70600 -4.3876129705951845
70700 -6.474309565204752
70800 -4.420743116788059
70900 -2.9687647784468725
71000 -5.196233804947992
71100 -4.18688473239538
71200 -6.146599570602448
71300 -9.093731376767154
71400 -4.9408767965239395
71500 -6.769429968562571
71600 -9.320089564237376
71700 -7.371472973259943
71800 -9.661092172597849
71900 -5.4171594857765815
72000 -3.9394408952573987
72100 -5.90484269254025
72200 -6.643530643612526
72300 -3.5875052248759767
72400 -7.205259218961275
72500 -8.137560717871292
72600 -3.223860473358508
72700 -3.110301355485908
72800 -10.074478204943262
72900 -12.454069763333477
73000 -6.507831308360226
73100 -8.791815839880297
73200 -3.1376735733742747
73300 -10.536080693604115
73400 -8.503639774204544
73500 -8.522333154906098
73600 -8.35234402866103
73700 -3.6002254973755545
73800 -6.810139180177153
73900 -8.084568079119592
74000 -6.052236862017531
74100 -8.020839592786125
74200 -7.1177078399349245
74300 -7.7970998577549535
74400 -12.445163856602193
74500 -0.04033636192974693
74600 -7.10436605639818
74700 -12.181730807765813
74800 -8.45389814311648
74900 -3.7550220847229796
75000 -5.218322142802338
75100 -7.191006833712295
75200 -4.07131115435733
75300 -7.779064511627862
75400 -2.5174529605941767
75500 -8.87267536620241
75600 -3.7936843385586982
75700 -5.223600308826373
75800 -6.221747479653507
75900 -8.184521033522397
76000 -6.158820358983888
76100 -5.645953583703215
76200 -2.3714082770847806
76300 -11.837019304323267
76400 -7.909775796420287
76500 -7.611319757584598
76600 -8.2314777689215
76700 -12.066660474290549
76800 -10.688234676380437
76900 -6.97980484829368
77000 -10.602729081704796
77100 -7.40860002245385
77200 -8.599189155665304
77300 -8.48748210864783
77400 -9.323491085795709
77500 -8.4512129939491
77600 -12.380151166925065
77700 -7.033666535628723
77800 -11.080240458261333
77900 -8.05064304338334
78000 -5.885893386281588
78100 -8.039616087068593
78200 -10.802543262068893
78300 -8.141800750706555
78400 -9.450046535854193
78500 -10.375516995703538
78600 -10.456099405179229
78700 -8.477113554565948
78800 -10.562457585137611
78900 -9.545940560824747
79000 -7.13887859180387
79100 -3.998447053994092
79200 -11.323544303667948
79300 -7.38779079073293
79400 -4.338865439740884
79500 -2.3739119948748235
79600 -4.953244530758525
79700 -7.917289604292372
79800 -7.434328544714377
79900 -7.341161459976523
80000 -6.107207365435093
80100 -4.302335286791197
80200 -3.73033809995723
80300 -5.170395342818973
80400 -7.647694437951751
80500 -6.4525881239405996
80600 -5.46424586235526
80700 -1.8597595825975066
80800 -6.397726485449
80900 -4.553223730553494
81000 -2.594333251272286
81100 -7.321714217182109
81200 -4.902982332273908
81300 -1.938648309595326
81400 -4.377004525407623
81500 -5.141588838223829
81600 -4.128211569519185
81700 -5.748178583830915
81800 -5.945904120946854
81900 -1.7091012459041632
82000 -2.2867998508951097
82100 -6.527353218241681
82200 -8.174921676177618
82300 -4.8510355929000655
82400 -4.7157825635579265
82500 -1.313529492071881
82600 -11.350321632777895
82700 -10.866369948708511
82800 -8.337138799273474
82900 -5.066539823610222
83000 -5.886710843763137
83100 -7.391048793003417
83200 -5.221148051174883
83300 -4.682730372520269
83400 -6.994399994530735
83500 -8.255694635777
83600 -2.9777635786950656
83700 -7.849179872674232
83800 2.008864882842774
83900 -1.9388407589892558
84000 -5.85817883077744
84100 -6.969735318021393
84200 -6.926291311549121
84300 -6.1644624696209736
84400 -4.948827473503972
84500 -6.265371088144146
84600 -6.109074834540703
84700 -5.464530089508262
84800 -4.83619822628363
84900 -7.042486354593651
85000 0.019316033696792603
85100 -4.943214093056891
85200 -4.545275936609018
85300 -5.308540748788909
85400 -3.724279130433004
85500 -5.619105391293301
85600 -2.7752471911460788
85700 -5.408584821292731
85800 -5.762980540008537
85900 -7.804034051015265
86000 -5.006285108062419
86100 -6.529040845484614
86200 -5.669106718008352
86300 -3.2093947234601115
86400 -3.246126729638794
86500 -6.153668521614852
86600 -8.617042385597205
86700 -6.693444345326432
86800 -10.592417413471802
86900 -6.026836621030185
87000 -4.414034230745331
87100 -5.81764156232164
87200 -2.6599464443463443
87300 -5.646773842110014
87400 -1.0424559618147642
87500 -5.1805089453355615
87600 -4.896585810309
87700 -6.39897331325137
87800 -0.5138234959489052
87900 -7.478171179148413
88000 -2.2415891084508863
88100 -3.1108296647368725
88200 -1.187481724795716
88300 -4.3791307992887
88400 -5.1197541861192555
88500 -14.752900093924698
88600 -17.552244970864876
88700 -2.4012541420413758
88800 -5.831285510880546
88900 -5.33048444495978
89000 -4.227719719527182
89100 -2.148661977581185
89200 -4.16844504455495
89300 -3.33785423960138
89400 -1.8487584907918182
89500 -2.8317319821876836
89600 -5.666106273434131
89700 -3.500719308014989
89800 -4.189546751668706
89900 -6.280475523698106
90000 -3.740842263632856
90100 -5.168334921727476
90200 -4.406873299430579
90300 -2.5640407005218364
90400 -6.591429755602823
90500 -3.517186862375483
90600 -0.8046568343638055
90700 -3.381955457042801
90800 -3.1502696340970493
90900 0.15627402392800882
91000 -0.5933203276997016
91100 -0.03194413849632467
91200 -5.115746420309242
91300 -4.134729229262112
91400 -3.376616721783989
91500 -3.4075538473006675
91600 -1.4774425721834943
91700 -3.445505890053749
91800 -4.047052982161529
91900 -2.2719815240697576
92000 0.753393059819147
92100 -3.088302562862088
92200 -1.7649050972784517
92300 -0.7672123117834604
92400 -3.3329664748859034
92500 -3.888158684890917
92600 -8.207188200846392
92700 -4.717933696131394
92800 -3.6599140080574704
92900 -5.776966094304753
93000 -3.3889237360495277
93100 -2.387156037003807
93200 -2.6083643648639976
93300 -3.4293659567855728
93400 -4.893369410051639
93500 -2.835545264216064
93600 -5.764239341137962
93700 -0.38511557714034117
93800 -2.629894363608728
93900 -6.851365573402617
94000 -3.9669050026208446
94100 -2.159175272198581
94200 -4.007549759449607
94300 -1.9435520286492403
94400 -5.876183933104143
94500 -1.9229890758223547
94600 -2.599708716794996
94700 -4.034641624901378
94800 -4.843348897967626
94900 -0.550742341593489
95000 -3.0754988687328404
95100 -3.0604757886049274
95200 -4.610025432775526
95300 -0.5869271544381243
95400 -2.2813890155035526
95500 -3.439830196513343
95600 1.1677487633999195
95700 -0.1292428170520452
95800 -4.761615402832402
95900 -5.199894398428368
96000 -3.0958902895905585
96100 -6.898616144714665
96200 -5.122740133175277
96300 -7.36927015366939
96400 -1.6544049747757636
96500 -5.913795267088406
96600 -4.980892598987399
96700 -2.1730982142546598
96800 -1.8891428947816595
96900 -3.2253107380723116
97000 -0.6474814141508961
97100 -2.414091242808972
97200 -1.0919295873865678
97300 1.64213985401888
97400 1.1086788974528972
97500 -2.8892093791319766
97600 -0.07099688420610495
97700 -3.8978846199355757
97800 -3.278056171085964
97900 -1.6986365353263784
98000 -1.3127874425505688
98100 -2.3150697921937065
98200 -0.19915511977500144
98300 -5.123217749596693
98400 0.12197108780713171
98500 -2.2931623132036
98600 -0.8933015621918846
98700 -0.8999590846181047
98800 -0.716753452446717
98900 -1.45979425575321
99000 -6.076464017316761
99100 -3.435588725422346
99200 2.262955181448848
99300 2.3703204949938455
99400 0.6281879966578097
99500 -3.2972567014770235
99600 -3.896152729553745
99700 0.4229725611003168
99800 -3.8003131212406305
99900 -1.1799125456763961
100000 -2.775957823914891
100100 3.7314427658485663
100200 -0.606068660046621
100300 -0.14708268633482838
100400 -2.9049626545929392
100500 2.9139707094982996
100600 -3.2854653489640553
100700 0.2294283858980145
100800 -0.8210345014055037
100900 -1.20864137667995
101000 0.8827812388963922
101100 -2.6867339858304833
101200 -0.013510656323552528
101300 -1.3315211827300355
101400 -4.317602857999106
101500 -3.837755144265802
101600 -0.7812985880323151
101700 -2.7360618297817316
101800 0.4661380720242163
101900 2.0316204944092098
102000 1.8760968048994329
102100 -0.9925193801814498
102200 0.6620355120380912
102300 -1.6749464183797296
102400 -2.207832441441682
102500 1.71991278312127
102600 -1.4867787761222182
102700 -1.2181356928517741
102800 0.6842866801114336
102900 1.2106442958801247
103000 -1.8340675855682174
103100 -1.3288044330414732
103200 -2.8736411128019608
103300 -5.202098651616716
103400 -1.653349309910322
103500 -5.107504445564861
103600 -1.0645071353801434
103700 -4.130636214646199
103800 -4.184582484291166
103900 2.1015172335291865
104000 0.22714888876308187
104100 -3.535001968422004
104200 -0.6147965661144219
104300 -3.2996690086256955
104400 -2.297289274922432
104500 -4.30217859925993
104600 -1.8970613572435104
104700 1.3330630907098289
104800 0.5938138150352806
104900 -3.329550712440062
105000 -3.3981344354366603
105100 -2.5682189302683422
105200 1.303010806141006
105300 -1.2236344197592504
105400 -0.18540623166933204
105500 -2.5880957636974733
105600 -0.6217617416485729
105700 -3.0697312163502564
105800 -1.4789320282059872
105900 -1.3970176787294795
106000 -3.804644341959129
106100 -4.718277672525912
106200 -1.5382180352415635
106300 1.1990859962725895
106400 -2.5735541817315464
106500 -1.9736624646647445
106600 0.7220192639346228
106700 -0.13317023153369234
106800 -0.9848376372900002
106900 0.12839657275101654
107000 0.7381596541091545
107100 -4.741192767632434
107200 -2.795113196783867
107300 -0.05072013388782177
107400 -0.4912046865636812
107500 1.9444244314728776
107600 -0.8033019953263318
107700 -2.5802372290518036
107800 -3.30083445146345
107900 -2.137773627397982
108000 -4.8127812846816935
108100 -1.173718118206354
108200 -0.8360425049456739
108300 -1.0738553953849839
108400 -2.0902092549256177
108500 -0.22346278023921362
108600 -2.408249588740875
108700 -0.1892489603239158
108800 -2.1557999206134726
108900 -1.7263097545151984
109000 1.8293843647337586
109100 2.007733838440787
109200 0.22052412667735202
109300 -1.9706746214090116
109400 -1.143008209317148
109500 -2.593227950523402
109600 -1.5058949395430274
109700 -4.692361240169093
109800 0.5278334560405147
109900 0.08998856397853713
110000 -2.4773584495239263
110100 0.003748727065540777
110200 -4.4031046805734855
110300 -1.8013146744936244
110400 1.12871071357998
110500 -1.3758114871711677
110600 -2.3798771099170986
110700 -4.238465616259296
110800 0.5829322406732202
110900 -1.8776628128686923
111000 -0.9248046896184647
111100 0.2216550204043998
111200 -2.2965383958071652
111300 -3.7505729009414064
111400 1.0211988244414698
111500 -1.61585537874609
111600 -5.728334189512163
111700 1.4921527238785879
111800 -2.1047700127849827
111900 -3.2140172069837485
112000 1.6858584240012782
112100 -2.356311618956266
112200 -2.719888200339164
112300 -3.3028310313472926
112400 -0.5437735478018084
112500 -2.1698762126514795
112600 -3.9684161270734255
112700 -0.8318631630844519
112800 0.9737341898110549
112900 -3.6297003552972793
113000 -1.4340144874961327
113100 0.015023478020986844
113200 -0.8982194738755159
113300 -2.2226642202248583
113400 2.6876792134374385
113500 -0.8598959826044197
113600 -2.066833556047158
113700 -3.811339332024262
113800 -0.6855679600578136
113900 0.15120193392413417
114000 -1.6493993197705925
114100 0.5322143013254266
114200 -1.6535327251364687
114300 -1.8094410099597549
114400 -2.1547340996434263
114500 0.4020909553854896
114600 -3.6100021928809607
114700 0.4877448071725591
114800 -3.309629821924632
114900 -3.214432015729539
115000 -4.435960288186753
115100 -0.9013327679994504
115200 1.271036732238373
115300 -0.987376432577148
115400 0.522623231939354
115500 -3.9535517112356664
115600 0.09690603239172679
115700 -2.6740916481632997
115800 -5.27356487155697
115900 1.2795456696414145
116000 -1.5164132476614975
116100 -2.5221779395856267
116200 0.0297556929980467
116300 -0.28949226366992775
116400 1.71894820252766
116500 0.7939094673745296
116600 -3.2565772770160315
116700 -3.0972344848837365
116800 -1.9586751611306081
116900 -2.497822055947556
117000 -4.288636870297728
117100 -3.3185435095080327
117200 -2.0932203833313703
117300 -2.1146459266581794
117400 -6.014246162994377
117500 -2.442345529889122
117600 -3.007056752562991
117700 -2.3233314657897126
117800 0.07464371560999128
117900 -1.1854770005110673
118000 -2.8088981434216507
118100 1.787681889269738
118200 0.3047621144775963
118300 0.40719201291254603
118400 -2.752994537045817
118500 -0.8668948399181114
118600 2.632673528122909
118700 -4.871950878898091
118800 -1.6550187018691942
118900 0.6985240705945699
119000 -4.272970218583174
119100 -1.2622139085296504
119200 -2.234301582350646
119300 0.14653770764087845
119400 -7.303476027106925
119500 -4.722608964068798
119600 3.771763126559877
119700 -0.7067469722495422
119800 -1.432108340778147
119900 -1.5820035383140794
120000 -2.3239736904284602
120100 -0.807330369577588
120200 -1.3611410497038117
120300 0.5316178620053974
120400 1.2668753896348237
120500 -1.1795241176724618
120600 -7.060164191258984
120700 0.6698091514391082
120800 0.22185694564079494
120900 -3.8128234000936074
121000 -2.7598785471839915
121100 0.13454293772111303
121200 -0.44561016148550026
121300 -0.673467365405635
121400 -2.975915086494133
121500 -5.54505674609244
121600 -2.013288040935374
121700 -2.4440822451736524
121800 -2.275805368118764
121900 -2.5427671001666243
122000 -2.485504361584924
122100 -5.00011240640374
122200 -2.4621353060205564
122300 -2.146367636169804
122400 1.0169499482316116
122500 -4.232183003393914
122600 -7.771179075456342
122700 -5.44404663131748
122800 0.5156090171682775
122900 -5.2292446506938735
123000 -3.0574006014166333
123100 -7.0832510394203805
123200 -5.266141090582012
123300 -4.32902144166413
123400 -3.68293159084958
123500 -0.494285632896621
123600 -0.7851591439696992
123700 -2.898751427859851
123800 2.9898245093156723
123900 0.007664405369417456
124000 -4.18583922566721
124100 -3.824046651517275
124200 -1.7735546341009463
124300 -1.6621770958198725
124400 -2.0148825078571426
124500 -1.7051166296981024
124600 -2.882316271484116
124700 -1.6717138139373888
124800 -6.476786523018712
124900 -3.6832729681926444
125000 -2.5858420414360284
125100 4.771338095037872
125200 -4.151975414692889
125300 -1.4262693979751848
125400 -3.3314974751193493
125500 -5.496090357929968
125600 -1.809809352119724
125700 -0.18123502962229254
125800 -1.4275376627283523
125900 -1.3286431078630563
126000 -0.4648528713705259
126100 -0.9491620218039485
126200 -3.9823498154879617
126300 -3.100706367739089
126400 -3.210466804276639
126500 -1.378166333576335
126600 -1.5783813801957622
126700 -2.037315504867862
126800 -0.4820055335433071
126900 -1.3610755909174261
127000 -0.15555713041950336
127100 -5.502580190178814
127200 -3.9165802076144898
127300 -4.391087141055203
127400 -3.462491498117921
127500 -3.7954588021669267
127600 -2.0476235145091306
127700 -6.084479875669906
127800 -2.8848475700390313
127900 -2.5702878222993313
128000 -0.7846590794820386
128100 -3.588062448357786
128200 0.4073787845210503
128300 -0.39119307083471727
128400 -4.30774626789524
128500 -3.8188604193814535
128600 -0.2004687186567676
128700 -3.661211907742139
128800 -4.007908823908931
128900 -0.6303939758662229
129000 0.22037357936029128
129100 0.008964111721060264
129200 1.826576438287181
129300 -2.377584520476099
129400 3.431258600419862
129500 -2.7618626404020894
129600 -6.248048892331834
129700 -2.9525899238350917
129800 4.172260757118526
129900 2.1001455797132205
130000 -3.2131281010005455
130100 0.20054336022279837
130200 0.46078390466486624
130300 -0.9525497109664942
130400 1.168603604313149
130500 0.41753576064798026
130600 1.2228893959676292
130700 -4.679025377487283
130800 1.0028925498093162
130900 -4.165470786761232
131000 -1.8393494984477576
131100 -2.695416330136138
131200 -2.5338169802613684
131300 -3.6225899592778377
131400 -1.8771051606806162
131500 -3.0812765204225547
131600 -0.1735572733776103
131700 -1.3023426196250294
131800 -0.6907200544822277
131900 -0.7334353877517664
132000 -1.012898123216464
132100 -4.182648401616273
132200 -0.928208322650276
132300 0.06376056425735677
132400 0.7656732868644803
132500 -3.205447456662806
132600 -1.2281900349782826
132700 -3.7231625339390613
132800 -7.825667986465868
132900 -3.8470445480490794
133000 -2.0443426762317065
133100 1.4849670425322943
133200 0.012016122717267885
133300 -6.206867792595726
133400 -2.7287072438458932
133500 -0.3306913691781741
133600 -3.3605894253702915
133700 0.9281712015878953
133800 2.6440014280450748
133900 3.536394125681416
134000 -3.3998636428261246
134100 -2.877025663621977
134200 -1.0077359162830053
134300 2.7492104662739627
134400 -0.04494994913355071
134500 -5.626458710717365
134600 -4.872430622672624
134700 -4.272000879627733
134800 2.2809388984980186
134900 0.5083730282280525
135000 -3.7006223948502686
135100 -1.4778553622840138
135200 -4.167162306981998
135300 -0.8675271797805948
135400 0.24612123528033114
135500 -0.11097215338786293
135600 -2.1450290978074356
135700 -5.851469314473809
135800 -3.765505406710418
135900 -0.592030583414968
136000 -0.4238983633884429
136100 -0.6504956300712036
136200 -1.619166700889694
136300 -3.6771352185196338
136400 -3.51501480375496
136500 -3.9830250841317847
136600 -2.696305989703042
136700 -0.8908214359696928
136800 -5.715101154769308
136900 -2.317920359799533
137000 -3.694856088985307
137100 -1.8508119079084109
137200 -2.773645194647754
137300 -1.8690982785405685
137400 -3.2717115919356505
137500 0.2678535274534078
137600 -0.41478366145233986
137700 -1.5637128691848958
137800 -3.280266554713536
137900 -3.733427239821172
138000 1.3169288485595185
138100 -0.7647988544755628
138200 -3.0526539400335797
138300 -4.570034801723274
138400 1.1128270153055233
138500 0.3214915644379405
138600 -1.19689813843251
138700 -0.8691971193367232
138800 -3.1687189851623154
138900 -4.743409183365974
139000 0.11629926720865968
139100 -2.4749153904070202
139200 -3.223978100430524
139300 0.22432747228640082
139400 -0.4377954044715282
139500 -0.22107268840088584
139600 1.2374808113279676
139700 -1.1941029709453694
139800 -0.708785719348957
139900 -1.0339255109995964
140000 -1.5987796462395982
140100 -2.9492513479027025
140200 0.8904156252824198
140300 -0.7577263174150611
140400 -1.048171828518272
140500 -4.201699839264768
140600 -1.2065467413909645
140700 -0.8590109235967541
140800 -4.3376030515971955
140900 0.5587492631741944
141000 -1.9490445951055393
141100 0.16604281076755284
141200 -2.151469038499995
141300 -3.249240647950525
141400 -2.3976061279656666
141500 -5.835209966843546
141600 0.8823735776700226
141700 -0.9883572504369175
141800 -4.18296778691657
141900 -4.457537811043847
142000 -0.49369309327503064
142100 -0.5808083158173347
142200 -4.050174465074376
142300 1.626636501668618
142400 -3.3250056292283774
142500 -1.5465879140258783
142600 -0.7476171869449273
142700 -3.7372332949311065
142800 2.43979634399742
142900 -1.4040895984820088
143000 1.7098135718608671
143100 -1.2442697743365407
143200 -3.6453922124163474
143300 -0.4628378213266521
143400 -2.2446855262419425
143500 -1.216161583901537
143600 -0.19924074864289265
143700 -3.112013333917327
143800 -1.8705137007948474
143900 -5.718961255173569
144000 -1.202871222480503
144100 -3.7597190931812206
144200 -2.070777951628475
144300 2.3238183495967264
144400 -1.7632590756668522
144500 -3.243823209730367
144600 -1.719814601791167
144700 -3.4010201101190827
144800 -5.20030871758488
144900 -5.5256675078494055
145000 -2.0917711886659975
145100 -1.1017504897804913
145200 -1.7766843985610503
145300 -3.5963825249268058
145400 -1.267140575726966
145500 -1.9287493183020805
145600 -3.172731309429308
145700 -4.794474463844131
145800 -2.7930359464834913
145900 -3.1993064433074143
146000 -3.0147995297771972
146100 -3.550936374265246
146200 2.324034818418609
146300 -0.19952586197616495
146400 1.0884794313823947
146500 -5.79382281353023
146600 -2.550834896669639
146700 0.7171592062679604
146800 -3.80256220132381
146900 -3.4997727525563387
147000 -4.183420842791007
147100 -2.764937173527215
147200 -1.7216022127335417
147300 -5.5105399976192455
147400 -7.821190030237867
147500 -6.16353954504891
147600 -1.872574688208834
147700 -0.9302823640391499
147800 -4.236098633857618
147900 -4.123725281307047
148000 -1.8707072394019242
148100 -3.556566386005751
148200 -2.6042209035782693
148300 -2.9020031328363864
148400 -3.2634972524211094
148500 -0.5635581173132648
148600 -2.6531213807718794
148700 -2.6606156720265295
148800 -2.216704786436595
148900 -3.1716727001919787
149000 -4.077341438252493
149100 -3.5231306673549097
149200 -1.8736165467842174
149300 -0.5557484966908023
149400 -6.411258027394544
149500 -2.8291510048011554
149600 -0.2813342817270619
149700 -0.8929214555666082
149800 -2.5331998414673067
149900 -1.1400920496302707
150000 -3.5811588293471486
150100 -1.1071544155923285
150200 -2.745457791157571
150300 -1.4181862881132157
150400 0.6310546521927574
150500 -4.793134672800631
150600 -3.7928463192950774
150700 -2.4885625608205655
150800 0.14849327083758435
150900 -5.940319697626201
151000 -3.7038467711946956
151100 -5.422838120432324
151200 -5.196003867882684
151300 -2.6618865197661146
151400 -2.4695069566810592
151500 -8.105861459880467
151600 -0.9954447514582916
151700 -6.1757123166391175
151800 -2.715845676594463
151900 -3.389570205047962
152000 0.47812943996769786
152100 0.1353792842660877
152200 -4.200262669395458
152300 -0.6493806283391786
152400 -4.471563885007285
152500 -5.023394814961721
152600 -0.9491744593737891
152700 -6.5623465534942085
152800 2.4335966229544126
152900 -2.3697350185488837
153000 -1.11513481879219
153100 -4.992226839296689
153200 -1.937095229426731
153300 -1.962495257799579
153400 -1.5127818067271246
153500 -1.6588202036119202
153600 -2.1849371771527606
153700 -4.4630102189896395
153800 -4.4679208739053
153900 -4.228373565980203
154000 -4.468141047480815
154100 -0.307657383360718
154200 -1.9503265464542983
154300 -1.1602035546448697
154400 -2.6188052729241558
154500 2.8595477787508994
154600 -0.042138258541056794
154700 -3.0090240373391706
154800 -3.9663923372086876
154900 -2.2082554044048743
155000 -0.5987865019434743
155100 -2.308033903962932
155200 -0.2174707383096868
155300 -0.32498635892323346
155400 -4.780729556354703
155500 -3.239014521614942
155600 -6.329230162556875
155700 -1.269520867309797
155800 -1.3344431519684945
155900 -2.6869096639024717
156000 -6.8166117370045445
156100 -1.8779500249360268
156200 -1.1223336880971013
156300 -0.582379216806555
156400 -3.327955771722191
156500 -0.5818519522076361
156600 1.5813987977361106
156700 -1.384372342016998
156800 -1.449199187010226
156900 -3.8707558169810237
157000 0.0550264069455881
157100 4.499147948773681
157200 -0.09595204713738292
157300 -2.4032692826737123
157400 -1.6160576718096331
157500 -3.8618840002600767
157600 -6.3265739407524535
157700 -0.47864321154725664
157800 -1.011624602730601
157900 -3.884171570030296
158000 -1.9542140340456817
158100 -0.03623317788228479
158200 -2.7966720648724475
158300 -1.3604302737866176
158400 -2.039297684694022
158500 2.4196145975838257
158600 0.048175588597614324
158700 -0.21871189497862054
158800 -0.29000940751811627
158900 -1.8805695489135132
159000 -1.34914286941197
159100 -0.3570672751449359
159200 -5.700199627722675
159300 -3.1454700527381663
159400 -4.35222767193207
159500 1.7706681299880138
159600 -0.7271399135646051
159700 -2.9405113053014107
159800 -3.7456841471228888
159900 -1.8170404380896064
160000 -0.952197424165556
160100 -8.563616316186236
160200 -3.8116591366712704
160300 -5.801923652980735
160400 -4.817061765996476
160500 3.036577004077051
160600 -0.3449250915673387
160700 -3.9846351923086076
160800 -3.278885148660111
160900 -0.7610563542841055
161000 1.5947708422360556
161100 1.6979354021279445
161200 -3.089440908764997
161300 -2.09669549820557
161400 0.20974515406677163
161500 -0.29525102417604354
161600 -2.133279546949616
161700 -0.25185702533158744
161800 0.1280309876880676
161900 -1.3615242906855336
162000 -1.4082104375252933
162100 -1.7502073807685377
162200 2.101682818151114
162300 2.541884312486105
162400 -6.047942028818328
162500 0.8558811291060201
162600 0.1021377583276592
162700 -1.667480031075293
162800 0.9418152397191271
162900 -2.875991225284946
163000 0.3294151530028461
163100 -0.3158982761411265
163200 -1.5547576205920417
163300 -3.197013452751334
163400 -4.959716756131781
163500 -2.8567335274518943
163600 -1.4219543042295115
163700 -0.10897899741550698
163800 -2.302615653528695
163900 0.8201393205869332
164000 -1.0415402986022826
164100 0.0563828144423182
164200 -4.679960705533007
164300 0.004514382886246282
164400 -5.179376196818841
164500 2.0395755358166805
164600 -5.062805542589701
164700 -2.386636224380567
164800 0.8491645101128419
164900 -1.8386147332083034
165000 -2.0022829552933175
165100 2.391773493158249
165200 0.2510696072875479
165300 -2.8449628072028714
165400 0.5871654519455838
165500 -2.203172221333065
165600 -0.610071469904418
165700 -4.136326074166941
165800 3.705495482002429
165900 -4.564692365829205
166000 -2.0284726006672744
166100 -4.68380548538379
166200 -1.4831249317987019
166300 1.0045108042233204
166400 0.6284563866573385
166500 -0.6995153982073341
166600 -1.3166516943979332
166700 -3.6278034443622365
166800 2.338466830229503
166900 -3.4755506749876437
167000 -1.6251766348969074
167100 -1.7809857726880693
167200 0.714423418632423
167300 2.0240614530699554
167400 -0.6734616688314036
167500 -2.037783451206962
167600 -2.6767220209542106
167700 0.00650768495938947
167800 -2.452378900596828
167900 -1.2527891255243158
168000 -2.1261376697364454
168100 -0.040345758763986016
168200 -4.221378812923507
168300 2.3329964825286753
168400 0.5011875740480383
168500 -5.212083119173732
168600 0.7269241503039572
168700 -1.5416113092224666
168800 -4.058539467778322
168900 0.9537771758883962
169000 0.40366870728890186
169100 -3.899813011408566
169200 -2.305706394393285
169300 -1.292531867357538
169400 -2.2388326992236607
169500 -6.851043010596365
169600 -3.719610254110576
169700 -0.19198999775376757
169800 -1.3851110984099084
169900 -0.3258522940159401
170000 0.7391308248589505
170100 -5.617346101242397
170200 -1.4255841247263015
170300 -2.302452914625388
170400 -1.9964662516414182
170500 -0.08520709987623487
170600 0.32436592857414837
170700 0.4701692326423013
170800 -7.350465346924664
170900 -4.982972940136526
171000 -0.22639597842868675
171100 0.3806090202291014
171200 -3.493756751429554
171300 0.7825917359058014
171400 -1.6294391888036914
171500 -3.155473124109845
171600 -5.11318143709922
171700 -3.7545413652376225
171800 1.55582137239505
171900 -2.920355901943202
172000 -2.0145659000723044
172100 -2.7179616855154114
172200 -0.1957761645479058
172300 -1.0882119288622074
172400 -1.9113494460029163
172500 1.194029295223991
172600 3.0080972863607776
172700 2.747342106280331
172800 -1.6117909489753806
172900 -6.370246048858635
173000 -2.730335615708451
173100 -4.455140269600066
173200 1.8520759560929054
173300 2.539398880388345
173400 -2.523385832781842
173500 -1.939322880863191
173600 -2.000487980472721
173700 -3.464510896143406
173800 -3.960961884924789
173900 0.29616325089358614
174000 0.8887359936354996
174100 -2.1255185940051518
174200 -4.513521454355846
174300 -3.348070233678979
174400 0.7614700732363706
174500 0.4713297730416117
174600 -1.1343788660402838
174700 -4.012051766703792
174800 -0.10276750747991734
174900 -3.2670504547783943
175000 -1.2946327883189994
175100 3.705554684973156
175200 0.7270097253158345
175300 -1.141451491282824
175400 -0.7233224497845309
175500 -0.957777555530214
175600 -4.6502327920371105
175700 -2.341391569003161
175800 1.1982669767164182
175900 -1.5150250109753896
176000 -0.4223981191825986
176100 0.0015607652469774686
176200 -1.0823528404806406
176300 -3.022904102136232
176400 -5.910844996912314
176500 -0.03398779715539724
176600 -2.3580642851519165
176700 -1.234559612236417
176800 -2.846476524458059
176900 -1.391255606233401
177000 -1.1449884488295075
177100 -1.7083811113969085
177200 -4.08856051816708
177300 -0.3731162074196961
177400 -2.474669964516389
177500 -3.394320833411764
177600 0.4319496066470467
177700 -2.9678850307220954
177800 -4.109171372930602
177900 -3.1775307230411207
178000 -2.5286574632019008
178100 -2.459465858841651
178200 -1.241942099352802
178300 -0.9126303854817587
178400 2.1697642240093495
178500 0.792187426221192
178600 -1.0691155333246734
178700 2.178067178606275
178800 -2.6207993513010153
178900 0.6960113737987869
179000 -4.65171153381116
179100 -2.823559034607909
179200 -2.9460145384823457
179300 -4.192833280915348
179400 2.694236127640298
179500 -3.655610040710363
179600 -4.497162497657879
179700 -1.051896123182511
179800 -2.9832820874185666
179900 -3.4726419148016867
180000 -0.011762785005988803
180100 -3.0656220187802745
180200 -1.7810295477390972
180300 -1.6901672887266823
180400 0.6125634137881414
180500 0.09524474438262957
180600 -4.250247207116443
180700 -1.154014316599781
180800 -1.1568008673545123
180900 -1.8897765297625604
181000 -0.5037408365403515
181100 -0.5372393919166634
181200 -5.247194445777709
181300 -1.720952583627005
181400 -3.6341416157368194
181500 -0.8076997471198506
181600 -2.2688729052454666
181700 0.3711701531501131
181800 -1.971160767848656
181900 1.6976638677750202
182000 0.10999776276058282
182100 0.6433328228103431
182200 0.20002070779949382
182300 -1.534058794536427
182400 1.9422181202738036
182500 -0.06718935258754637
182600 3.303228106788494
182700 0.2532126676973576
182800 -1.4337002496887334
182900 -4.64888252612247
183000 -5.672850855117869
183100 0.9907959450655074
183200 1.0471578863035416
183300 -0.5004201746520529
183400 -0.9609559009086911
183500 2.0594070215555322
183600 -3.7554405890760667
183700 -3.836610288503679
183800 -3.4789028619373106
183900 -1.584131717287022
184000 -5.550369653740878
184100 1.1195262615365895
184200 1.367595145074558
184300 -2.171076689214832
184400 -4.634051181098616
184500 -6.540555771647989
184600 -0.4262435775870111
184700 0.6645357351578834
184800 -2.7070195926419176
184900 1.485612150535844
185000 -0.11683158265493743
185100 -5.741631239598617
185200 -1.0532164762452052
185300 -3.1985204663313973
185400 -6.228157668986883
185500 -0.1691907463945551
185600 -6.003392632762154
185700 -6.11212145782998
185800 -4.510313550067269
185900 -1.8448023306058063
186000 -1.5871305728517875
186100 -5.510413271576297
186200 -1.6842505804409869
186300 -2.5021058629275363
186400 -3.6102603294719966
186500 -7.395319601088362
186600 -2.397161470505137
186700 -0.5372256961681916
186800 0.466949008326405
186900 -1.4727865481380051
187000 0.3151300845897329
187100 -0.34941869570875994
187200 -0.8984497386511326
187300 -4.032089944606305
187400 0.7232218588457344
187500 -0.23736250889780008
187600 -6.105776027896345
187700 -0.41018542478595005
187800 -3.710240635593341
187900 0.23194247540687535
188000 -1.9270768748200044
188100 -2.9758446059806074
188200 0.5760280158602633
188300 4.649881633609523
188400 -1.3854631346877273
188500 -3.260854893831482
188600 1.2144510340620922
188700 1.9316191482590153
188800 0.916227466253529
188900 -2.7483810433077474
189000 -4.296170509215123
189100 -2.3066248813512353
189200 -4.313883130192611
189300 -1.1803337982980862
189400 -0.4570020646710362
189500 2.2970449779026936
189600 -1.5495617836734974
189700 -0.7451613267503747
189800 1.1089805489659406
189900 -2.113990140669292
190000 -2.2319852053633227
190100 -0.9628193092728435
190200 -2.5535433740957068
190300 -1.7246051469068573
190400 -2.232824324428806
190500 -3.5046728304373187
190600 -0.7959247240610393
190700 -3.56058410317323
190800 1.5156666710901656
190900 4.379636423166829
191000 0.2511256952606162
191100 -2.935596274090953
191200 0.7858896821600867
191300 1.4140196302810106
191400 0.7611078802887622
191500 2.0199369119324375
191600 2.9825824469009876
191700 3.749689363338469
191800 -1.4462353191580835
191900 0.731155030030491
192000 2.020132760670538
192100 3.3710188430103725
192200 -0.4796634912142758
192300 5.433583384901784
192400 -2.171928727778054
192500 1.1571817532969055
192600 -0.33997352519924817
192700 1.9916411588964906
192800 3.855171445441588
192900 1.9491535154720276
193000 -0.27471853304311455
193100 1.7406266989037262
193200 -0.0046879629155317515
193300 1.6738916327721831
193400 4.861456558871604
193500 -0.14606879323936367
193600 -4.334669436995608
193700 1.8786761329909654
193800 -2.200167492980523
193900 1.073843731612106
194000 2.6451239157248168
194100 2.1829965664460333
194200 -2.14038114683282
194300 3.797334534941973
194400 3.0327760864403817
194500 -0.838273650625945
194600 0.9501010347009042
194700 1.3399680490361652
194800 -1.4689078120710137
194900 -1.9890883572345395
195000 1.0663742854198273
195100 -0.37904437292414705
195200 2.5610471390112393
195300 1.0503211336257863
195400 5.0031977617029995
195500 -0.47262766833575365
195600 -0.508939921626294
195700 -3.6197192554254745
195800 3.315622468251818
195900 2.0299690366023038
196000 3.607135561749979
196100 -0.39932919508477605
196200 0.21821895404975644
196300 1.1496925937165565
196400 -1.972139489799556
196500 1.4639679977416105
196600 1.3295310567282903
196700 0.882545359152309
196800 -0.13638550254117965
196900 0.12129608998770464
197000 1.8335210227124084
197100 0.206417807943311
197200 2.814643012734354
197300 1.1048807601307429
197400 3.8396427008509404
197500 0.207536549947541
197600 -0.8723089018389695
197700 3.839959295681196
197800 2.8926794654536354
197900 -0.4689584981453466
198000 2.4490878093223762
198100 0.10272276628310995
198200 -1.7536043213157964
198300 0.9106323636835326
198400 1.5541501716137542
198500 2.7510805831950886
198600 -0.7712017429122608
198700 3.3195833375087918
198800 -1.2808429812106474
198900 0.32816611760162756
199000 0.4256580105896774
199100 2.213703552649155
199200 1.924394296274751
199300 0.8248439648059063
199400 0.9511280642571405
199500 3.959656537353661
199600 1.0110803209108394
199700 -1.1966865637746986
199800 0.19553702695849462
199900 4.372707730180979
200000 2.5693909076285144
# End time: 02-12-2025(08:45)
