100 18.08547488329713
200 18.471675297522246
300 18.172005024497178
400 18.64268991172856
500 19.04652627470041
600 18.917631640910344
700 18.8053865090917
800 18.013616824172434
900 17.280906091629667
1000 16.848980259542323
1100 18.35838576753976
1200 18.640844410677502
1300 17.953749937735314
1400 19.01205143700037
1500 18.10117681573417
1600 16.145392367475395
1700 18.79281700023271
1800 18.103321072450402
1900 18.329453695443156
2000 18.53523853630132
2100 18.20041449136179
2200 18.168294766838688
2300 19.280650448417838
2400 17.981202889172874
2500 19.35602631267666
2600 18.470940799962502
2700 17.881243269381233
2800 16.817033960647095
2900 18.019438102903198
3000 18.285831300046354
3100 18.036928300831413
3200 17.974838359729606
3300 18.007986100782798
3400 19.206344612726788
3500 19.18368618280241
3600 18.883426139622696
3700 18.685262033423722
3800 18.669048697181726
3900 18.137593755505872
4000 17.92417275398438
4100 19.144357512232958
4200 18.06934533483283
4300 16.092565545333017
4400 17.595452635790306
4500 17.799372134840954
4600 18.745771014849655
4700 18.58822087844924
4800 19.142848535733737
4900 18.40817271907075
5000 18.745536499500275
5100 16.257426736129656
5200 18.860330241637566
5300 17.915395802897237
5400 17.745432192911288
5500 18.032628086950965
5600 19.393927583463302
5700 17.897647513325033
5800 19.186817853514007
5900 18.283998202645655
6000 18.909923292046606
6100 18.501095415436005
6200 17.0673771370671
6300 19.16180910711196
6400 18.881241637103038
6500 18.796131131022765
6600 17.303823495811187
6700 16.636243497966152
6800 17.839010512790924
6900 17.76385325814199
7000 19.026183315848954
7100 16.541248024747148
7200 17.078720065161924
7300 18.876053696273623
7400 17.772715887711144
7500 17.114508223940163
7600 18.097928548315902
7700 18.12433351939799
7800 18.24145681922432
7900 18.503583877769014
8000 19.464124394766422
8100 17.249780964266314
8200 18.85144096498651
8300 16.999540446970254
8400 15.703737490228649
8500 18.98559885775945
8600 17.99760208110936
8700 18.140096543516158
8800 18.335703130729346
8900 18.326119155729142
9000 18.988675606952405
9100 19.14956106526929
9200 15.479962316380055
9300 17.573484268060366
9400 18.127744838097794
9500 18.160736372770184
9600 18.78396324385435
9700 18.211022814306656
9800 18.514142177455348
9900 19.08065415744279
10000 17.91111907665779
10100 16.603211593844247
10200 19.26618336465746
10300 18.642482952361508
10400 18.895852671084704
10500 18.436634208389478
10600 18.784959843813496
10700 19.508754178761745
10800 17.409196032204964
10900 18.059651476089975
11000 18.986689514514346
11100 19.376729296053416
11200 17.278400467489472
11300 18.398466286267585
11400 17.95056805848442
11500 18.381669313056637
11600 18.774933376450733
11700 17.963579650347846
11800 18.64120172972976
11900 18.704740085887387
12000 18.62954502475989
12100 18.98347646805411
12200 17.605954361486457
12300 18.56691165221751
12400 19.20445976075413
12500 18.729068028332296
12600 18.67787568092469
12700 18.557635414596263
12800 18.587204133236256
12900 18.229274320192292
13000 19.52076441061358
13100 18.685298324811153
13200 18.640947821905872
13300 19.65136766177642
13400 19.341503155005665
13500 18.935738292368853
13600 18.38511538870616
13700 18.290995544016216
13800 17.463186663421805
13900 19.269312247730873
14000 18.584976702881885
14100 19.28040617856334
14200 17.84884339279983
14300 18.21953126235795
14400 17.92455890198592
14500 18.232755966427682
14600 17.88510881567556
14700 17.72997371855143
14800 18.21340225248907
14900 18.138876159102967
15000 17.273240256233166
15100 17.08852008526892
15200 17.019943097072577
15300 17.967755029251947
15400 18.43473497410116
15500 18.391019158989213
15600 18.720893952234526
15700 19.18271321930263
15800 18.801040823409803
15900 18.569422821669015
16000 19.353407453803612
16100 18.424447828631767
16200 16.485540978951217
16300 17.429808388617754
16400 19.279619906448133
16500 17.11882735460915
16600 19.208144245388098
16700 18.990454938204536
16800 17.95258127394995
16900 18.24299336038947
17000 18.598863932356224
17100 18.456084528950818
17200 19.106311309216732
17300 19.229928297193435
17400 17.185652201493586
17500 18.41222424944441
17600 17.872018866278047
17700 19.458013637085784
17800 19.149425748208383
17900 17.96674161734512
18000 17.58518140340727
18100 18.76264510453285
18200 18.078413994489562
18300 18.993978982665993
18400 17.54685863754159
18500 19.164704944072707
18600 19.102831767356644
18700 17.935507748852125
18800 18.409445991912047
18900 17.288562035134557
19000 19.07737685564353
19100 19.035987655928903
19200 18.159697807219246
19300 18.384565969452908
19400 17.030510649587793
19500 17.822191032235292
19600 18.71232537868876
19700 19.175880357820418
19800 18.707296273263758
19900 18.67616747606189
20000 18.30913423454633
20100 18.33376064019623
20200 18.984389921901094
20300 18.61542902715467
20400 17.55235010947287
20500 18.95654531683933
20600 18.67881721715884
20700 17.44244421793277
20800 16.208965309330697
20900 17.768643798287624
21000 18.191760134683946
21100 18.790785097657498
21200 18.24148119416547
21300 19.36061836042084
21400 19.150272089230448
21500 18.709074424417675
21600 18.742736394681472
21700 18.1459412358252
21800 17.76385571701049
21900 18.73629747795868
22000 17.811962457807816
22100 17.377793039834653
22200 18.483226715694155
22300 17.09612333449235
22400 17.01416232393188
22500 18.184480394977385
22600 18.793335546526617
22700 18.571645201578907
22800 19.679823084794844
22900 19.59876329793934
23000 18.780784244764668
23100 15.166688408251513
23200 18.488602443139957
23300 17.7794730393843
23400 18.377539749080082
23500 19.287879224970776
23600 18.290461724840572
23700 17.689887811372433
23800 17.207324069391106
23900 18.7122678149913
24000 18.497404118504907
24100 16.31326213673446
24200 18.121961438000135
24300 16.872794854475035
24400 18.93313903236693
24500 19.469198775453545
24600 19.18876526494255
24700 18.226041432337457
24800 17.557323686225445
24900 17.672008190057646
25000 18.930997708918415
25100 18.91522399265746
25200 17.801289403104573
25300 17.797905257650406
25400 19.05912555270124
25500 18.004073544469236
25600 17.679187640685498
25700 18.867170084570187
25800 18.500489006943816
25900 17.376369525689764
26000 18.806622978318103
26100 18.55382606907353
26200 19.330434625517544
26300 19.089093870450714
26400 18.561110971966283
26500 18.425387202943657
26600 16.76080661222509
26700 18.305987559779574
26800 18.673955139758164
26900 19.37967714033266
27000 17.842172448718355
27100 18.17495553549847
27200 18.45559229024215
27300 18.52462080410671
27400 18.299151626158025
27500 19.080075707165452
27600 17.911865803741986
27700 18.70719455776745
27800 16.664602620887386
27900 17.121952143290823
28000 18.325541746554386
28100 18.76645255945627
28200 18.255197835327447
28300 18.475860933424183
28400 19.575688549046337
28500 18.698682959791352
28600 18.242983293005018
28700 18.96342035018938
28800 18.415350903007653
28900 19.366650495689353
29000 18.893291522005224
29100 19.31113543967563
29200 17.167571313419835
29300 18.064053468424273
29400 18.542545294205375
29500 18.43853422897412
29600 18.808139624148236
29700 16.71681829870678
29800 18.20616260573176
29900 17.622578860466216
30000 18.421588911477073
30100 16.783433869934786
30200 18.694419975812597
30300 17.87476190402282
30400 17.064195516942156
30500 18.62047674616447
30600 17.82826576274676
30700 18.85516066084142
30800 16.972309972213107
30900 19.085602265420647
31000 15.806304051937401
31100 18.908201221764333
31200 18.540339608197407
31300 18.160256838229753
31400 18.599897451348863
31500 19.262185895668186
31600 18.814443516355162
31700 18.95874523930153
31800 16.913923505446295
31900 18.782414864355943
32000 18.56223866605468
32100 18.32805638388886
32200 18.070052164658488
32300 18.748587394924122
32400 19.204761684139363
32500 18.72114235921803
32600 17.9082349211804
32700 18.20036590055159
32800 18.213211833724856
32900 15.548610713436897
33000 17.946053569530758
33100 16.77476459876504
33200 17.72423448984643
33300 18.682455789700477
33400 17.945790043638247
33500 18.69307514128226
33600 16.58289979215256
33700 18.80352596790323
33800 19.146252662087345
33900 18.06918827265401
34000 18.911819543871538
34100 17.3938264794723
34200 18.43424957499271
34300 17.93574693292688
34400 18.349388766672895
34500 17.96474461019404
34600 18.589427877339116
34700 17.493276550315024
34800 19.37158179958899
34900 17.035871789055218
35000 17.57258533850905
35100 15.087946729320041
35200 18.752238071598782
35300 16.456090534143684
35400 18.68077891991082
35500 17.493627842207808
35600 17.480524548956502
35700 18.739153500592153
35800 18.192261474460732
35900 16.543403536068205
36000 19.29834990163201
36100 16.48670278889241
36200 18.363034146868454
36300 18.754914142536112
36400 17.87979014010969
36500 18.36125792877931
36600 17.876093905948565
36700 18.110800721535995
36800 17.987247452231152
36900 18.280681138428275
37000 17.419273299830028
37100 16.65746744164908
37200 17.014104534510956
37300 18.75799584503714
37400 18.528171357214504
37500 18.529347411764938
37600 19.56121190800894
37700 18.463494474385598
37800 16.25940543783838
37900 18.130256607321858
38000 17.40515604134821
38100 18.951959591726148
38200 18.738124730922678
38300 17.44139744238847
38400 18.450786207158327
38500 18.255845131963223
38600 19.103390171790867
38700 15.678977285011259
38800 18.79392958815152
38900 16.771968430912022
39000 18.420991973475896
39100 18.933112479141702
39200 17.803905398800406
39300 19.035732386958628
39400 17.81260467372495
39500 19.26036712157675
39600 18.984025196021904
39700 18.57593718040355
39800 16.674075931218738
39900 18.570334645179294
40000 19.17721783393714
40100 18.054989851488287
40200 17.893655724349657
40300 18.112120930689816
40400 17.921867010630834
40500 18.724506266205875
40600 18.434731226609895
40700 17.745981905917827
40800 17.06606973710334
40900 19.256099730807705
41000 17.099780522668475
41100 18.126745521765432
41200 18.15257749591591
41300 18.67962065526486
41400 18.623439902494717
41500 18.67192718788809
41600 18.738576003598286
41700 18.24779976733039
41800 17.940046795720104
41900 18.637688331971436
42000 17.478269277747607
42100 16.999585116903905
42200 16.98654590489274
42300 17.34498901104826
42400 18.897188063676733
42500 18.750064070196263
42600 16.94035702096025
42700 19.221625140328573
42800 18.674061730959707
42900 18.904821522654483
43000 17.42072161796219
43100 18.043708106512433
43200 17.095791334626448
43300 18.122074952162865
43400 17.829313998342425
43500 19.45501570171968
43600 18.487067452970628
43700 18.784437592855905
43800 19.422206495570485
43900 15.680416520993361
44000 18.471836281401085
44100 18.80949748202049
44200 18.26236991342737
44300 18.828020954714333
44400 18.562950563346174
44500 19.159030778022935
44600 15.70477778098947
44700 18.153677639283373
44800 19.14743744061791
44900 16.503496057332697
45000 19.198833643796974
45100 17.926657313660442
45200 17.927664335426087
45300 18.47313805314627
45400 17.80707177396351
45500 17.989468131129385
45600 18.047678697040908
45700 17.683576519754062
45800 18.374763638143442
45900 18.495540110132694
46000 18.01957563619907
46100 19.131222387249668
46200 18.738574345569106
46300 17.853026733851678
46400 18.22881376900608
46500 18.675933353716232
46600 19.09536494852414
46700 18.74985437062603
46800 18.346929444241916
46900 17.18678097412814
47000 18.71500900466548
47100 17.615676854389946
47200 18.200510491067938
47300 19.585219006688146
47400 18.575346134835534
47500 18.36855052568328
47600 17.6947535559529
47700 17.892166926164954
47800 18.417860957675476
47900 18.439349966207065
48000 17.050388187166845
48100 18.218263630965122
48200 17.583513972189056
48300 15.99579045155898
48400 19.15178096246676
48500 18.665055577555467
48600 18.84362212300875
48700 18.37945862799083
48800 18.37864911849693
48900 18.869253395506153
49000 18.681471533850313
49100 17.898230374135064
49200 19.041263718979824
49300 19.15268886961121
49400 18.5446358376886
49500 16.77685077991239
49600 17.780668602292227
49700 18.808570191662472
49800 16.400206580373307
49900 18.96741082669705
50000 19.187149359912567
50100 18.176379975533585
50200 18.128663305396795
50300 18.885149268536395
50400 17.252999364287106
50500 18.867197625594997
50600 18.314549461507404
50700 18.977760715559505
50800 18.6629687384544
50900 18.856745634245065
51000 16.344466232300963
51100 18.634837252220983
51200 19.209077288947448
51300 18.48108829209055
51400 17.65581312266107
51500 18.976978471271533
51600 18.932574097171187
51700 19.440580204804508
51800 16.852281666656015
51900 19.03986843900481
52000 17.88310959884566
52100 18.31827576163823
52200 17.470379875815397
52300 18.99285423383586
52400 18.699271790390462
52500 18.659061880773525
52600 18.102617338274968
52700 17.423356154028294
52800 17.809806209719717
52900 18.277544285683014
53000 18.839086116272718
53100 17.55033051252349
53200 17.790532979012283
53300 18.21311641134273
53400 18.82893675706896
53500 17.988794726540416
53600 18.255367835330098
53700 18.88730053364379
53800 18.52420926112417
53900 16.504463086295846
54000 17.715135905145033
54100 19.111482250045206
54200 19.234773150906406
54300 19.30735129458949
54400 19.040966693184657
54500 19.425759289269585
54600 19.155032078240502
54700 18.63424276604751
54800 17.001060555244937
54900 15.65277946581522
55000 18.50023815643378
55100 18.29363468959644
55200 18.361189550520134
55300 18.343905168668638
55400 18.351743216268737
55500 18.74248116371951
55600 19.49615028753149
55700 18.800177258586817
55800 19.10139443968646
55900 18.77339376393902
56000 19.261978326983822
56100 18.103021713868515
56200 18.179996023078573
56300 19.25711120508186
56400 18.838863492131413
56500 17.292183581948002
56600 16.58389297447899
56700 18.68724326095728
56800 18.48692676321146
56900 18.990408465467368
57000 18.559381136404216
57100 18.072778891566664
57200 18.435496193135258
57300 18.84233834645604
57400 18.400038318339256
57500 17.601667681350126
57600 19.205721836035398
57700 17.833130896013575
57800 18.645046289466936
57900 17.151638602510086
58000 18.694357910659626
58100 15.113429669774789
58200 18.823327622380127
58300 18.645914074590703
58400 17.974160290478025
58500 18.227400000176175
58600 18.72123286200306
58700 19.07105554230143
58800 18.418438809836022
58900 18.763882326609686
59000 17.33277031682236
59100 18.529014274387553
59200 19.185594679608474
59300 16.848816762213012
59400 17.873236289310693
59500 18.362151839687176
59600 19.32636046042088
59700 19.275744424874777
59800 18.17411258344817
59900 18.164177099318678
60000 18.415335791167998
60100 17.889536044849102
60200 18.581287124424783
60300 17.956967615556376
60400 18.40256175113311
60500 18.40880619412671
60600 17.63067163371376
60700 18.287376790871196
60800 17.81100829244945
60900 18.849248217396948
61000 19.234253382261542
61100 18.864983913377216
61200 18.873643963807716
61300 16.56515219397951
61400 17.49851307308114
61500 17.34460640843686
61600 17.48035140107986
61700 18.75677951885464
61800 18.952154443776084
61900 16.96158227174874
62000 18.556683373206393
62100 17.49662780861702
62200 18.54184026222706
62300 18.982591104309318
62400 18.372565756781416
62500 19.28745858774834
62600 18.49251278188384
62700 18.359680720585118
62800 17.935527193933492
62900 17.520032772366847
63000 18.223833953926963
63100 18.08044222786897
63200 18.628882553023722
63300 18.218880846916633
63400 19.234567093754855
63500 18.854422639545646
63600 18.60256336179154
63700 17.72724793018167
63800 18.099463507463337
63900 19.547214945654268
64000 18.844954234504957
64100 18.633095457991672
64200 17.829775245404342
64300 18.02490792055894
64400 18.452779166133077
64500 18.729646250918414
64600 17.890496025598953
64700 18.457044005678
64800 18.70293877721178
64900 19.058436018264327
65000 18.47760315431385
65100 18.675082604385057
65200 18.41485080329019
65300 18.839429930345588
65400 17.194956246448108
65500 17.734343426526472
65600 18.89329568719853
65700 18.11023923649899
65800 19.09328348222244
65900 18.82681664426617
66000 18.660444847304287
66100 17.126999327796256
66200 19.30191897298624
66300 19.223214915461085
66400 17.372554704518514
66500 19.3606989967956
66600 18.68482816243389
66700 18.513219217922774
66800 19.30226716150456
66900 17.370804347511612
67000 18.22188514987495
67100 19.59453844310774
67200 19.16193543883936
67300 18.756435160326312
67400 18.8361765252436
67500 18.080867627498773
67600 18.06397044544617
67700 18.49640287337134
67800 18.866544958277526
67900 18.894317996075063
68000 18.45144743638475
68100 18.019032583892674
68200 17.966646834834364
68300 18.969059789799225
68400 17.415191907015863
68500 18.896745222248715
68600 18.11052940955202
68700 19.204404591716685
68800 18.36374647635985
68900 19.104668451610568
69000 19.149823964017724
69100 18.305268853635056
69200 18.760107806868824
69300 18.633335418753695
69400 19.064457104874183
69500 18.88647714085658
69600 18.920436274373778
69700 18.310139142876118
69800 18.796596203846995
69900 18.305789406823102
70000 18.501762742223097
70100 17.80641766140218
70200 17.77832152878123
70300 16.012352146662803
70400 17.86182811448958
70500 18.468448666634227
70600 17.782709815389705
70700 19.28923808025485
70800 18.86472477707929
70900 19.453903078365492
71000 18.337372704853095
71100 17.74664553823516
71200 16.757891848623764
71300 17.229158090585173
71400 18.386675232157355
71500 17.283242364789384
71600 17.822219946225296
71700 18.087657957632373
71800 18.403620747910967
71900 19.06398724058856
72000 17.498181470267617
72100 17.582948886003813
72200 18.0946419279112
72300 17.71160194383597
72400 18.078053471806815
72500 18.114692997495737
72600 18.657639779662915
72700 18.351142280745933
72800 18.616920699937413
72900 15.337799939108807
73000 19.30983928313676
73100 19.225698720583896
73200 19.217822339401692
73300 19.15750833305201
73400 17.439658519206468
73500 19.136963506773487
73600 18.258462586376865
73700 19.37596384089893
73800 18.517246226017306
73900 19.63068561854254
74000 19.331427726430764
74100 18.865620142198075
74200 18.164981227743986
74300 18.220601431322667
74400 16.983088575293543
74500 17.81230604822742
74600 18.34682379371916
74700 18.744719085287453
74800 17.68768336672545
74900 18.158371796365948
75000 17.550942198721824
75100 18.387883629139814
75200 18.913764556630518
75300 18.403826583163017
75400 19.058878614463147
75500 19.39109126999763
75600 18.667680553796124
75700 16.677632690110023
75800 16.705328048868058
75900 18.70956240195712
76000 18.79686727333355
76100 17.49786458593313
76200 18.71880404691871
76300 18.179281324470818
76400 18.565149144769272
76500 18.782399248641717
76600 18.486973496904028
76700 18.00288798082869
76800 17.06166985286144
76900 17.708050999543417
77000 19.240512463562453
77100 18.72062630244098
77200 18.263257931852383
77300 18.004242148376512
77400 19.32213184688886
77500 18.604266387970778
77600 19.334078101600834
77700 17.796037821657794
77800 17.94473562179791
77900 18.524612763723642
78000 19.401058806380725
78100 17.172138312327736
78200 18.35341086781259
78300 18.01625994888675
78400 18.754669699907183
78500 18.81992267497508
78600 18.25561374388249
78700 16.62163854417248
78800 17.29080942949418
78900 18.129234933233516
79000 18.350785594235816
79100 17.47504003447361
79200 18.911712858164595
79300 17.369338672831123
79400 18.46039741259138
79500 17.704270919957555
79600 18.24050629176847
79700 18.776767799024356
79800 19.38555723523792
79900 18.30662854656193
80000 18.07869426443933
80100 18.879152193437157
80200 17.15429858239121
80300 19.077975220839644
80400 18.760481397249134
80500 17.497387003411603
80600 18.891949091386003
80700 18.614943047349346
80800 19.160935956727243
80900 19.336299090146486
81000 18.722581743285676
81100 16.16665494784399
81200 16.38869459935466
81300 19.233655307784858
81400 18.807904514625424
81500 19.142761999684033
81600 18.009755962726864
81700 17.26555897014272
81800 17.741762415693554
81900 17.840461592426692
82000 16.74254954427585
82100 19.179064937566103
82200 18.75690534592517
82300 17.85956151239183
82400 16.61167198776797
82500 18.896350098364593
82600 16.67148648969365
82700 18.035005709025448
82800 18.704938088019123
82900 19.56102688180711
83000 19.476251055717814
83100 18.853511771897995
83200 19.431637502063783
83300 17.96668881930159
83400 19.308031239375193
83500 18.891125890708267
83600 17.98354547352686
83700 19.151735806652386
83800 18.655382064629986
83900 17.866932084610323
84000 18.213165189068334
84100 18.746445531333716
84200 17.994094171289397
84300 17.679483187383976
84400 18.288433681277564
84500 19.388915670259614
84600 19.360030449066333
84700 17.96741182477202
84800 17.922693630654834
84900 18.141872435223824
85000 18.75583882092338
85100 18.708167391633832
85200 16.607811008153366
85300 18.34585323458877
85400 18.949134031014808
85500 19.065747776206052
85600 18.802711332649334
85700 19.25525143142956
85800 17.782819906808253
85900 18.64754995167561
86000 19.378794870986894
86100 17.09119876106589
86200 19.257242343289295
86300 17.529760932511984
86400 18.077100042789237
86500 18.316613435269925
86600 19.34636898322472
86700 19.147245052206706
86800 16.652713852667173
86900 16.93642033167463
87000 18.52042399635944
87100 19.627273249947574
87200 19.229898947962674
87300 18.57861235468823
87400 18.27180637706796
87500 17.348632107760313
87600 18.99379948623593
87700 18.63144381149983
87800 16.76590131996545
87900 18.673839227613485
88000 16.97491483678793
88100 18.4860642649687
88200 18.81904232776215
88300 18.526889824987848
88400 19.134480542386036
88500 18.84718871390142
88600 17.044354101211415
88700 18.855384285855592
88800 18.643504329431234
88900 16.96248237018268
89000 18.71672639265332
89100 18.252209587759587
89200 18.76619281632144
89300 19.02732404853095
89400 18.62334662734901
89500 18.18505593036013
89600 18.914802210462085
89700 18.816054506650445
89800 17.79466283283954
89900 16.98061046551411
90000 18.676611655232552
90100 17.97945871464261
90200 16.80587630143287
90300 18.206189585342493
90400 19.10313280590269
90500 17.368505363370176
90600 17.756529621970433
90700 16.899436785418807
90800 18.35782891599443
90900 17.12562644314378
91000 18.680741250631748
91100 16.64937525437966
91200 18.662450426535585
91300 18.83260386761159
91400 19.35121943444535
91500 17.874854829489795
91600 18.48588772159306
91700 18.26258357153472
91800 19.07176542566719
91900 19.325038731615315
92000 16.419792754893
92100 17.799434084262806
92200 19.057723267074813
92300 17.820153920678774
92400 15.804170350041707
92500 17.522542376687888
92600 18.07490683415317
92700 17.34219733476213
92800 18.411161721783795
92900 18.763908143076208
93000 18.882161262356515
93100 18.11677017106112
93200 18.359085349089387
93300 18.83187361769574
93400 18.87409832651845
93500 18.81366704932393
93600 18.8562869863212
93700 16.30461334223644
93800 16.87483798101461
93900 18.70994018659482
94000 17.799465294627996
94100 18.373118983337083
94200 17.071380174767036
94300 18.98339078786614
94400 18.379137825747662
94500 17.716181681909717
94600 18.984642919715395
94700 17.575112413225362
94800 18.657814574546606
94900 18.20542394192786
95000 19.546922775241313
95100 18.06768985507249
95200 18.10811090670967
95300 18.180243103594627
95400 18.570404121341575
95500 18.938748890473022
95600 18.12926645248572
95700 18.519315680219815
95800 18.880086889481653
95900 18.025176345332316
96000 17.9168463345155
96100 17.690252227140245
96200 19.120054067187933
96300 17.357475063125428
96400 18.252550607384247
96500 16.044798492418433
96600 18.518864237336896
96700 18.050631716377374
96800 18.514013056064183
96900 18.40360852561619
97000 18.4558239746258
97100 17.796322232728926
97200 18.139692395737388
97300 19.12389222069715
97400 16.736933565607494
97500 19.193062934418094
97600 17.770674849480606
97700 16.532742394875207
97800 19.100420532140753
97900 18.47670755837488
98000 18.518277340639518
98100 18.560110272955267
98200 16.45159077677133
98300 18.474464949040502
98400 18.514569443568416
98500 17.836243440609515
98600 18.439374192408348
98700 17.447523399157994
98800 17.95963910631996
98900 18.29253649283428
99000 18.212799012250084
99100 19.088324489135115
99200 17.30012398036378
99300 18.453226972708045
99400 18.5331263465988
99500 17.827810695652442
99600 18.721542772899582
99700 17.761968887430065
99800 18.321428124453973
99900 19.269525889798594
100000 19.098713558367443
100100 18.54580282716703
100200 18.744009114961568
100300 18.617108863735425
100400 18.38050402709728
100500 18.78780190763206
100600 17.410907422849906
100700 16.843315446378174
100800 18.43348506863772
100900 17.972739985854762
101000 18.178547997234265
101100 19.101771750650375
101200 19.05217593049299
101300 18.123548945332594
101400 17.59736177044426
101500 16.72852920293866
101600 19.457637228888565
101700 19.100592321357063
101800 18.87014819446227
101900 18.83773317284947
102000 18.714595316597734
102100 18.169544814130848
102200 18.10667610085842
102300 17.778798378476218
102400 18.563887909766272
102500 17.606862820619494
102600 18.84266285529628
102700 19.25984149279727
102800 18.091027076565624
102900 18.576937786293755
103000 18.276549354796565
103100 19.190387124139594
103200 17.654926927707727
103300 18.24104474150782
103400 19.554668646710706
103500 18.823605868051168
103600 19.322884225252675
103700 17.385670464105882
103800 17.3851251718525
103900 18.83685988771911
104000 17.874916340457382
104100 17.968128153698306
104200 19.113040288356068
104300 18.212098391276427
104400 17.68635506371659
104500 19.255722235298396
104600 18.358681912605153
104700 18.49436225706267
104800 16.072551658692056
104900 18.501854824963736
105000 17.269919985197387
105100 18.501632415829892
105200 18.90022937862015
105300 18.697754821800274
105400 17.05554339699049
105500 17.37834903678477
105600 17.42880902465399
105700 18.73665796652138
105800 17.990662599034984
105900 19.518024874378693
106000 19.066710158041758
106100 18.871509069568955
106200 19.350508873226183
106300 16.70895345292828
106400 17.594274030553056
106500 19.2256442193875
106600 17.327703901101614
106700 15.448152116248153
106800 18.254960816436807
106900 17.792437443528513
107000 19.292856561283454
107100 19.18620983748414
107200 16.586328354745287
107300 19.15713813443179
107400 18.32691118859934
107500 19.172308354939606
107600 19.639291594477484
107700 18.22695622056993
107800 17.423767950926127
107900 19.37349531757656
108000 18.982360031062903
108100 17.615791755063
108200 18.972848273945026
108300 17.2696784324335
108400 17.75239295832736
108500 17.14307110646059
108600 18.0566092953166
108700 18.07304505898197
108800 18.8055061541249
108900 17.974346607715017
109000 18.469059366386254
109100 17.714995107074664
109200 18.649217223671247
109300 19.582507260639783
109400 17.06174733688388
109500 18.17612582804993
109600 18.468268189727876
109700 17.332618307898993
109800 17.896661580395133
109900 19.131677744908693
110000 18.272598026506632
110100 18.95177747685401
110200 17.300288587062834
110300 18.073363953834125
110400 17.513203066121235
110500 18.775479437149713
110600 19.52087221954541
110700 19.275820373813815
110800 18.360981188389804
110900 18.40684386306381
111000 17.45241018681327
111100 18.371901418896893
111200 18.227847563561685
111300 18.208326788028423
111400 19.524893076810184
111500 18.06677439013954
111600 16.186778182249405
111700 18.973083505886724
111800 18.843247016991434
111900 18.081337702010572
112000 19.12263053910644
112100 17.548814466496975
112200 18.649600957362505
112300 17.97109572236129
112400 17.97133635370813
112500 17.979762699832087
112600 18.541442751658096
112700 17.16200631072503
112800 19.077024452791555
112900 19.03706229637335
113000 19.36129078290334
113100 18.11148764893173
113200 18.177991644150403
113300 18.394138692621077
113400 17.309344496393066
113500 18.946211907698505
113600 17.715179770164635
113700 18.60504195462746
113800 17.949140605133156
113900 18.761317453634113
114000 18.21584414427275
114100 18.100056569530796
114200 17.23404306953663
114300 17.4988948173769
114400 16.86354499815188
114500 17.48811453622201
114600 18.465246926310375
114700 19.09925360500072
114800 18.452897366037195
114900 19.11792700021745
115000 18.78664240666782
115100 17.498387096629223
115200 16.949886044780747
115300 18.415573832365148
115400 18.705001039921648
115500 18.803101954689456
115600 19.476469297380522
115700 18.16964004375042
115800 19.017399488623962
115900 18.357927820174957
116000 19.067974564533635
116100 18.82404546841042
116200 18.9255770395287
116300 18.985016564900302
116400 17.40613513662052
116500 19.202090257074307
116600 18.994484821992852
116700 18.18756358547969
116800 17.690070075595422
116900 18.191263391305196
117000 17.851201363012812
117100 15.181583081076885
117200 18.026595876170457
117300 17.519320845792947
117400 18.258691944099173
117500 17.61291345468528
117600 17.977648826390453
117700 18.050788989425026
117800 17.160228599041055
117900 18.71957873482432
118000 18.541327070867723
118100 18.740017164629844
118200 18.56374828731684
118300 17.88103417763777
118400 17.552029514850037
118500 18.214699375002226
118600 19.320015281111615
118700 17.92005740288791
118800 19.063018998579164
118900 18.219638573386963
119000 18.600035782932448
119100 19.521926327145145
119200 18.49999843384038
119300 19.178805355296767
119400 17.451621262656143
119500 18.811724165346153
119600 18.553288327136762
119700 18.302046222242144
119800 18.365452517996236
119900 18.490944363526044
120000 17.213799751965183
120100 18.917808753817138
120200 17.863817383327472
120300 18.62673218069961
120400 18.96906598189458
120500 19.1425951842193
120600 17.14953842475518
120700 17.639027095029586
120800 19.434056987143602
120900 16.94358816664183
121000 17.481713260666613
121100 18.568423844453793
121200 17.633486826679132
121300 18.065200634003794
121400 18.72808686944639
121500 18.423103587962913
121600 18.316235860360653
121700 17.594822229411662
121800 18.523613201548756
121900 18.180627015048994
122000 18.285839664602907
122100 19.274280590941512
122200 18.42630094448613
122300 19.34741977692495
122400 16.94886689001074
122500 18.29017041499962
122600 17.61384306937958
122700 19.31786595297976
122800 17.027415920199374
122900 19.44533364140008
123000 18.690910473058793
123100 18.398678259089195
123200 18.42524684670352
123300 18.205298737466286
123400 18.24585256411865
123500 18.425690532053398
123600 18.701325768707704
123700 18.128427423611694
123800 17.481487647563505
123900 18.788891746892773
124000 19.01848730282445
124100 18.291671593395765
124200 18.061581230396055
124300 18.888763557438477
124400 18.532062929716723
124500 18.38986477354932
124600 16.924758159646863
124700 18.71565730676473
124800 17.639285453855845
124900 18.57868815610066
125000 18.786731701649558
125100 18.805247100061774
125200 17.843792389661147
125300 17.780950225968684
125400 19.287910326172934
125500 18.356492687225746
125600 17.21391686321869
125700 18.73580808410313
125800 18.076666530656674
125900 18.823381998501194
126000 18.308370888054267
126100 19.185418572545903
126200 18.314644313889968
126300 16.803950344213064
126400 18.821441217405255
126500 18.697997088047334
126600 18.302865958255317
126700 18.272771117558044
126800 17.09620201898008
126900 18.825083214641314
127000 18.815633068841795
127100 15.544192368423648
127200 17.1232026811331
127300 19.462645342260988
127400 19.396766676537744
127500 18.307846423361863
127600 17.40532563411559
127700 18.8943014890303
127800 18.971107691609102
127900 18.12276980530737
128000 19.33480460290215
128100 17.971117454827574
128200 16.6510100635737
128300 17.117642434925923
128400 19.236757543536743
128500 19.173420456260445
128600 18.283528958511955
128700 18.698717285149662
128800 19.113880316239644
128900 18.602929161091982
129000 17.61368368208456
129100 17.470934130681563
129200 18.383590073867108
129300 17.85091916288617
129400 17.11584238113277
129500 18.918265627325486
129600 18.491145101092165
129700 16.445435089316447
129800 18.636127947963118
129900 18.01559392057933
130000 17.742484073870997
130100 16.20607835115028
130200 18.372024557850615
130300 18.798595972999994
130400 17.011631903227453
130500 18.67084138326406
130600 19.05032008964239
130700 18.569147634914216
130800 19.0204696928017
130900 19.507587349573978
131000 18.62515223387128
131100 17.294027023824157
131200 18.95171189340126
131300 19.287301532550618
131400 19.557737433753875
131500 19.117821460548534
131600 18.380042441045482
131700 19.399072767842778
131800 18.189846249127
131900 18.32317811494099
132000 18.791705086029488
132100 18.755077635809037
132200 18.3973223491474
132300 19.174137347308125
132400 19.077354478364867
132500 18.14283702161524
132600 19.441880848969088
132700 17.883376497147673
132800 18.584920874899307
132900 19.1645612249998
133000 19.558842103146702
133100 17.361969255520997
133200 18.32481187641536
133300 18.04250927118651
133400 18.159273264045506
133500 18.95660335782056
133600 18.33900055296029
133700 17.817843348469744
133800 17.72139573276724
133900 17.911103099783286
134000 18.738817518628977
134100 18.865050011256038
134200 18.410408543786275
134300 18.16642597016488
134400 19.556322363512642
134500 16.714181680775987
134600 17.254280694506303
134700 19.27907054696188
134800 17.424949619065213
134900 18.128675527790165
135000 17.432155137879846
135100 18.515002085570416
135200 18.347266520893957
135300 18.798517235686152
135400 17.658482525594067
135500 18.6878017381391
135600 18.323981574139335
135700 17.10601630883881
135800 17.557095415030396
135900 17.78495175142461
136000 19.198890514478876
136100 18.622858184901194
136200 19.141941579297765
136300 16.98300397181771
136400 18.199700131448736
136500 17.879083590455394
136600 19.09291041442759
136700 18.97240892906866
136800 19.234093211862294
136900 17.88811773376093
137000 19.297631094644537
137100 15.835984488791942
137200 18.330192057166975
137300 18.327547494289817
137400 17.960735471412995
137500 18.303563051722787
137600 16.492308973675
137700 18.47344381241772
137800 18.913777977834705
137900 19.244872305274043
138000 16.505897532292447
138100 18.524822164871303
138200 18.551217830413922
138300 18.48969899476249
138400 17.666566996462464
138500 18.644599858100936
138600 18.016471752081515
138700 17.81676209818585
138800 18.22762556994603
138900 19.014966422789012
139000 17.154746129068613
139100 19.18893818942323
139200 18.48939183573488
139300 18.02092825061531
139400 17.81224125580898
139500 17.495275105675116
139600 19.077472193067734
139700 18.237284793292808
139800 18.398168081199355
139900 19.084306185061195
140000 18.208354363740455
140100 17.35817969054265
140200 18.52944324521516
140300 18.83528472176763
140400 18.158644431825874
140500 17.36859008281365
140600 18.748125213462707
140700 18.844602554674
140800 17.15659040713269
140900 18.16453919507644
141000 18.841425232484617
141100 19.736264582507456
141200 18.432345216273987
141300 18.890148474426255
141400 17.922644885078757
141500 19.053173155730114
141600 19.67154478147169
141700 18.34981533744089
141800 18.943161782872657
141900 19.13076129665524
142000 18.93806112455561
142100 19.045839006030004
142200 17.90085099206337
142300 18.512275200105435
142400 18.89084322871845
142500 18.7048241181516
142600 18.517668951303772
142700 17.224208550930324
142800 17.57328453426024
142900 17.535158893814184
143000 18.44051168024331
143100 19.450823940814207
143200 18.621621200642853
143300 18.95649958480569
143400 17.833016332788176
143500 18.098232052093447
143600 19.2177504379135
143700 17.995795427242953
143800 17.915146231291985
143900 17.870785890581924
144000 18.404438689102186
144100 19.068763554380872
144200 18.649163032475627
144300 18.609695360859842
144400 19.148184101734266
144500 18.048011905109234
144600 18.853262728813114
144700 17.945455351729805
144800 17.803735079786914
144900 19.204788340242082
145000 17.070572075099694
145100 18.385355603374514
145200 18.68196836688403
145300 18.940871861660668
145400 17.832532237309692
145500 17.828459605225746
145600 17.426922233968657
145700 19.109865358933487
145800 19.154639237922453
145900 17.92186281776083
146000 17.811249720201378
146100 18.993330358845302
146200 17.955295861768843
146300 17.61113409307699
146400 18.915190011476298
146500 18.778098171093202
146600 17.64538959190586
146700 19.194373976423165
146800 18.93823526668672
146900 17.997419631853425
147000 16.480471169511084
147100 16.59695494467463
147200 18.529269154227432
147300 19.476983285531475
147400 18.047966039370504
147500 18.19206893752157
147600 19.376003560116384
147700 17.896047235077493
147800 17.681481374847003
147900 18.81297999578015
148000 16.89706352815466
148100 16.602432424750432
148200 17.66294780852863
148300 19.190003980727887
148400 18.097216231198733
148500 18.932796658136272
148600 17.817231418791927
148700 19.089701289602043
148800 18.207440119220234
148900 17.841976262478735
149000 16.246998012308975
149100 18.356322152139896
149200 18.67258510139597
149300 19.301361527173608
149400 18.497702285547476
149500 17.11475784238163
149600 19.14279356088693
149700 18.18974588680617
149800 17.659049246187795
149900 18.820432316732607
150000 17.613390925607824
150100 18.597994503392428
150200 17.7238878871742
150300 18.374095627568984
150400 19.408896661471182
150500 17.987956225724893
150600 19.178075865159443
150700 18.78576222208543
150800 17.418744341733227
150900 19.232837356023424
151000 17.676594600477408
151100 16.4092044225943
151200 19.40975222384449
151300 18.390216615439954
151400 19.00857813942886
151500 16.567384067342466
151600 18.494117163111476
151700 17.14458450829238
151800 17.65885045986422
151900 18.5207149078313
152000 18.7258583033256
152100 18.483759080011424
152200 17.58644948004615
152300 18.235151147065938
152400 18.677894860682876
152500 17.349468474031166
152600 18.99226929063963
152700 18.05359845225714
152800 19.409619949449556
152900 17.75278691409948
153000 18.35290727474993
153100 17.177748134315816
153200 19.077320463885766
153300 17.02439354752857
153400 18.15049904429731
153500 17.872154400727567
153600 16.30949666080971
153700 18.83437105421101
153800 19.106229469054878
153900 15.937359629648464
154000 18.07545403031621
154100 17.880427571582704
154200 18.704850625011087
154300 18.494022796755317
154400 18.461555538142427
154500 19.09535196993794
154600 16.78925255796116
154700 16.153838145470555
154800 17.91950505931148
154900 17.422112951493514
155000 18.64558642288351
155100 18.53395699602962
155200 18.281539950093702
155300 18.806284255090947
155400 18.932064653677354
155500 17.842464337849965
155600 18.39958053923784
155700 18.480458686849104
155800 16.724777431450654
155900 18.749540308710582
156000 18.867840789334373
156100 18.78726866599362
156200 18.969000149768334
156300 19.313349407308984
156400 19.248512467794622
156500 16.846376459788633
156600 17.684608436408162
156700 17.604286358177472
156800 18.357036571723576
156900 19.097356341675788
157000 18.433806890808373
157100 19.208129099918015
157200 16.52349853985142
157300 18.894955624228636
157400 18.312380261353546
157500 19.52504698681163
157600 18.118549897361998
157700 18.583301396148304
157800 17.698175932194506
157900 17.430480536333285
158000 18.468829577405355
158100 18.076644655173112
158200 19.03209663855773
158300 17.721606992216895
158400 18.20638990924236
158500 16.965985119065635
158600 18.30245128225882
158700 16.51435601769159
158800 18.373535094784216
158900 17.841001497215974
159000 15.887326135547095
159100 19.11948577862312
159200 18.884776534848108
159300 19.011782078005893
159400 17.424029944980326
159500 17.427100609736492
159600 18.138510001431285
159700 18.83601773759208
159800 17.970111695955474
159900 17.91349147635443
160000 17.78736661360216
160100 17.244918600143684
160200 18.678604294661408
160300 16.896512697416693
160400 18.807836056992613
160500 18.45568573033097
160600 17.298804112658907
160700 17.47595145272428
160800 17.633206494152105
160900 17.670987957154324
161000 19.173430282901755
161100 19.04959912759383
161200 17.84004714447707
161300 18.971756422737744
161400 17.182281589569026
161500 19.460503779616204
161600 18.51487922662492
161700 18.846184219105595
161800 19.216627264991388
161900 18.045834860001413
162000 18.524616703593367
162100 18.96183455412806
162200 18.56615039861548
162300 18.79055050954994
162400 18.796506046292244
162500 18.68723454198252
162600 18.20721332034401
162700 19.064317798070885
162800 19.203069222561933
162900 19.588406267691113
163000 17.092228275992817
163100 18.835644706966804
163200 18.844775118926297
163300 17.77026570913494
163400 17.90560200149655
163500 18.552164924740186
163600 17.440796992332853
163700 16.41543554515909
163800 19.004643655614682
163900 18.26750242426573
164000 18.907625437271594
164100 19.53502494559165
164200 18.97370774031875
164300 18.19189524414208
164400 18.25500880481962
164500 17.96832356873052
164600 18.171308129893713
164700 19.341454938305677
164800 18.20186287811291
164900 18.4842859207569
165000 18.770845753577202
165100 19.20405422698694
165200 19.581435158997714
165300 18.81164773898779
165400 19.008962291729514
165500 18.24284019393112
165600 19.098897848676295
165700 18.8393422719515
165800 18.755369700567748
165900 18.63556414853084
166000 17.901272092684017
166100 18.443634783608978
166200 18.56938004162105
166300 18.27554543965792
166400 18.516578357846996
166500 18.365033285071288
166600 19.326222234421074
166700 17.467255084887228
166800 16.948306950903284
166900 18.374408316529866
167000 18.549583484244067
167100 18.64530248904356
167200 19.212542622688943
167300 16.834731057025973
167400 18.17337144008179
167500 18.814990975132538
167600 19.13282292523572
167700 18.28469048383196
167800 18.25393699477293
167900 19.28706932977139
168000 18.97130069984459
168100 18.96639628871811
168200 17.51315440987536
168300 18.245461905858186
168400 18.022555780767792
168500 19.202952880021552
168600 19.194074084888154
168700 18.99885578427299
168800 18.81344077652478
168900 19.366366030352218
169000 17.932849764784507
169100 18.292006508381096
169200 19.23676499654477
169300 17.729670067517322
169400 19.05098900243014
169500 18.616317614340222
169600 18.579295439262086
169700 18.498625400471873
169800 18.804350501745603
169900 18.225323879997966
170000 18.38033071890898
170100 18.217755571790857
170200 18.243891149236656
170300 18.31532895026058
170400 18.58439539733213
170500 17.379764320058726
170600 16.853989726416078
170700 18.066493724513315
170800 18.899785255986124
170900 18.696700074874702
171000 17.573811671382852
171100 17.184722591445592
171200 17.6150846134705
171300 17.658914276841784
171400 18.57111208097828
171500 17.229597514475305
171600 18.768676909377575
171700 18.777972161238626
171800 18.768828747549726
171900 18.93758755769585
172000 18.72817313539481
172100 17.93571915741087
172200 18.46680889145833
172300 18.30325184115208
172400 19.123760926775628
172500 18.738766294786345
172600 18.618345755214918
172700 18.173718931655408
172800 16.909569579402447
172900 17.835945482016125
173000 18.897404153826027
173100 18.8096336009039
173200 18.87724872317143
173300 18.779335600794123
173400 19.062730977766297
173500 18.97652978235367
173600 17.683565356288177
173700 16.982854502997945
173800 18.252726590266818
173900 18.24522349681516
174000 18.369917627743483
174100 17.488917208620357
174200 19.12273888696715
174300 17.711387942126876
174400 18.81037328087805
174500 18.14505935612002
174600 18.694584957529102
174700 18.655803442278543
174800 18.44068284994537
174900 18.076808789783495
175000 18.840375464346643
175100 19.185656251363415
175200 18.023770749387243
175300 17.273616603406435
175400 17.713196437996984
175500 18.27390684025781
175600 18.706744973682707
175700 19.050142996522734
175800 17.275251513227566
175900 17.41695239079899
176000 18.84272829080963
176100 19.111638697512927
176200 18.55797616468708
176300 18.311113963880103
176400 19.06551966202854
176500 17.645172453043607
176600 17.53199938528237
176700 17.868384501585716
176800 18.24255997608923
176900 18.905233958881844
177000 17.721992052994676
177100 19.011345443169347
177200 18.98748090441508
177300 18.697516403320307
177400 19.23297043261529
177500 18.600319267308777
177600 17.699985772349812
177700 19.113231766731573
177800 18.342799111764574
177900 17.926372228939595
178000 18.146888293989583
178100 18.463900192187616
178200 18.212779379749602
178300 18.681283145307482
178400 17.693875265465678
178500 18.93309839265347
178600 18.952202616535345
178700 17.77451403701731
178800 17.61184483346183
178900 18.138685453742553
179000 17.16894686651559
179100 18.411892314853983
179200 17.094974419436955
179300 19.28930101044989
179400 17.87479109828131
179500 19.143507448169522
179600 16.954271523131823
179700 18.862195151912868
179800 19.408589519756447
179900 16.65273491508336
180000 19.045160835694798
180100 19.285624507287714
180200 18.8629903291182
180300 17.861003017729214
180400 18.752682184337388
180500 17.903133118129237
180600 19.025516686664
180700 18.681421203627274
180800 18.966005160180217
180900 18.993596288580633
181000 18.415006198731497
181100 17.628720923131137
181200 18.85526431721244
181300 17.515846667836318
181400 18.48731765729535
181500 18.743369841350777
181600 19.1221688875515
181700 18.662951839992047
181800 16.770628011987593
181900 18.49410513512203
182000 19.450518261600948
182100 18.73097404464586
182200 18.524053222162202
182300 18.917663854629854
182400 19.324304839697586
182500 17.98050054756982
182600 16.753472332551443
182700 19.03927280958308
182800 17.433976380345147
182900 18.044086500550524
183000 18.523585652736678
183100 19.22159288469951
183200 18.910529710764234
183300 17.598664086471977
183400 18.391683897557105
183500 17.80748306031517
183600 17.817021343016602
183700 17.642120949752023
183800 18.613408134476735
183900 18.597332260843668
184000 18.742824801029837
184100 19.349881042756294
184200 19.006302292732272
184300 17.55151973868932
184400 19.16242918830245
184500 18.594442253633883
184600 18.849887640634293
184700 19.293568750232932
184800 18.171358539126807
184900 16.745871751671086
185000 18.033557130232246
185100 17.82103892720665
185200 18.90189249951543
185300 18.76210688031855
185400 18.922531809419418
185500 17.567156278818416
185600 18.299822297096124
185700 19.29689303715539
185800 17.963548141324672
185900 18.026957696348227
186000 17.445163923621013
186100 19.068316634565925
186200 18.593987870412313
186300 17.657142292350873
186400 18.39044823841461
186500 18.798868696129126
186600 19.291657074990393
186700 19.507316017215228
186800 18.22978550639653
186900 16.326955623690363
187000 18.679105323046155
187100 18.761523104870857
187200 18.525628071191516
187300 19.217243419289844
187400 18.348654847789472
187500 18.41620293544909
187600 19.36481575095885
187700 18.983558841332748
187800 17.67283049624933
187900 18.626523905594745
188000 17.05083717936107
188100 18.9716058318947
188200 18.058366860376722
188300 19.146905299807905
188400 18.34213427608119
188500 19.166735316590444
188600 19.239291464673084
188700 18.779735930821708
188800 18.042522315614526
188900 18.309243338212504
189000 18.76788638935889
189100 18.67254683292095
189200 17.215154839630287
189300 18.413187917730696
189400 18.25144883200662
189500 17.640367410825444
189600 17.5376730215225
189700 18.043495127195232
189800 18.611368785082828
189900 16.59599778599038
190000 17.137208510346834
190100 18.317081587074018
190200 16.972209147769746
190300 18.74143822657956
190400 18.169349385530865
190500 18.605447031360463
190600 17.862779263781658
190700 17.33581989468971
190800 17.156369153015323
190900 18.626714930833582
191000 18.39162145686916
191100 18.07211712936251
191200 18.286384275759573
191300 18.335033353776048
191400 18.72905738470073
191500 18.882604827901034
191600 18.62037991386931
191700 19.29073970964102
191800 17.984745568094194
191900 17.877060108220455
192000 18.622042604332233
192100 19.222552693609156
192200 18.49571582929654
192300 17.895887092309696
192400 17.687324458771432
192500 17.145777219640472
192600 18.381320011190134
192700 18.840947765603453
192800 16.617029499315503
192900 18.400235873026
193000 19.558056429406783
193100 18.434178142397727
193200 17.53830259247993
193300 18.77963687201187
193400 17.116183525190213
193500 19.24447153893396
193600 18.402734202091544
193700 19.591272095867964
193800 17.36911438437845
193900 18.802275575118472
194000 17.895186290878176
194100 18.775095764846
194200 18.664626835616968
194300 18.22281267320979
194400 19.051917348206906
194500 19.104155476703216
194600 19.087899494202276
194700 18.486083872458504
194800 17.582825927580497
194900 19.006483725451574
195000 18.560840628157404
195100 18.363468602764634
195200 19.20894824769133
195300 18.148982434955514
195400 19.180850842364425
195500 19.017805365660735
195600 19.341559284340775
195700 18.434216535389428
195800 17.997307323795948
195900 18.913917752671182
196000 17.706631835623252
196100 18.953286736528128
196200 18.452918868308835
196300 18.174007796171217
196400 19.219687519973075
196500 18.818657172257435
196600 16.387505349936163
196700 19.048641391724846
196800 17.898621640392534
196900 18.223336532057242
197000 18.80673959343856
197100 18.84951009719728
197200 17.447503238724632
197300 18.044483549129126
197400 19.114718784334816
197500 17.653943827249787
197600 17.97962611069243
197700 19.134470688441123
197800 18.684335827983965
197900 17.461651224484804
198000 18.807923669628263
198100 17.61862565274452
198200 17.809867823874168
198300 18.068925105002503
198400 16.609010101810092
198500 18.186759245477727
198600 18.12949531628366
198700 18.81772556472052
198800 18.853259561404357
198900 18.206089161439333
199000 17.92785431854042
199100 17.784110012324984
199200 17.560457049293404
199300 18.890190002123457
199400 18.040873085352498
199500 18.439023419408024
199600 18.190391397502093
199700 18.941675723429668
199800 19.36546875786883
199900 18.620965909824594
200000 18.37521147657976
# End time: 22-11-2024(23:45)
