# Model = symNN.pyTorch.(3)-9-9x9-12-(9)
# Num weights = 1188
# Learning rate = 0.005
# Env random seed = 113
# Start time: 31-08-2021(22:54)
100 -19.079357716705054
200 -17.490056620989055
300 -15.346200971444304
400 -14.555690101401112
500 -13.581723360548704
600 -13.45926757741663
700 -12.987144920400736
800 -12.046918262378561
900 -12.644123160255969
1000 -11.3994409036201
1100 -11.406988049106928
1200 -10.694478455304283
1300 -10.610950958054639
1400 -9.749634143248576
1500 -11.385528010155301
1600 -8.96857515444993
1700 -9.131803293438116
1800 -9.845608706238282
1900 -13.940716022127736
2000 -11.565473820040753
2100 -9.039968778541475
2200 -10.091880276550407
2300 -8.984738234602412
2400 -8.012631809268242
2500 -9.350470319359097
2600 -8.661154850797955
2700 -10.504159700412414
2800 -9.659392515665576
2900 -11.60558817546419
3000 -11.933018529686898
3100 -10.552111023174733
3200 -9.36289918887157
3300 -11.22131231459342
3400 -8.41104754417305
3500 -12.956935797507347
3600 -11.315851548994974
3700 -12.092926415897873
3800 -11.034236000421906
3900 -10.9210791088558
4000 -10.476777421937122
4100 -11.830879290457865
4200 -11.429014284937706
4300 -11.66543979627069
4400 -8.534994015126694
4500 -7.888055771319436
4600 -8.83994747035267
4700 -13.02786742267024
4800 -12.394790862003775
4900 -6.830698539411248
5000 -8.657017738838165
5100 -10.56522856921627
5200 -13.292855364248396
5300 -9.703973361884673
5400 -11.180670584474166
5500 -8.942140278091363
5600 -9.960356057298316
5700 -10.955778505264327
5800 -8.836831313891548
5900 -9.026619440362252
6000 -9.598278727445278
6100 -10.670461761386733
6200 -9.457111684880813
6300 -11.65553299150418
6400 -11.83899761143948
6500 -13.06105153581686
6600 -10.752962286299427
6700 -11.88732839104674
6800 -10.37742142128354
6900 -11.216904700797189
7000 -11.596439531999522
7100 -10.469789058599702
7200 -10.934746970829524
7300 -10.196646561463048
7400 -9.455734845948799
7500 -9.701156157418076
7600 -9.896115169201586
7700 -10.82956825142952
7800 -11.898410182619106
7900 -12.38495710053435
8000 -11.060564876754006
8100 -9.570401246419427
8200 -11.08162565316306
8300 -10.261385047942552
8400 -11.934241029776842
8500 -10.71705796388188
8600 -11.394902812783432
8700 -9.37817075039335
8800 -11.178860093495166
8900 -9.822126300441575
9000 -8.364734386828827
9100 -10.494565898398116
9200 -11.3841154656046
9300 -10.082824445505276
9400 -10.99891243414655
9500 -10.414082992463067
9600 -9.571623020935485
9700 -9.884263111403676
9800 -8.91154720996275
9900 -10.337856784930809
10000 -10.38614975131102
10100 -9.656323034877635
10200 -10.868805422647002
10300 -11.682881807574937
10400 -7.617469684455359
10500 -10.200815879993362
10600 -10.655968053212579
10700 -10.286849649983514
10800 -12.081404593420746
10900 -12.680150227389582
11000 -10.026224713262025
11100 -10.976823139670321
11200 -10.021614699965511
11300 -10.463728940717717
11400 -11.347335022788284
11500 -10.858576604616182
11600 -12.605249747240556
11700 -12.288973019510255
11800 -10.914294127759163
11900 -8.71393603117627
12000 -9.494479475418434
12100 -11.490715950798084
12200 -11.585457197670424
12300 -10.005255028678045
12400 -10.230326602273522
12500 -8.738347901400825
12600 -10.281635822684896
12700 -9.028386680575773
12800 -8.871070414418671
12900 -11.138831653381233
13000 -10.90208354069959
13100 -11.468169571969113
13200 -9.664637296374583
13300 -9.343603080963058
13400 -10.711580648015532
13500 -9.840058088554903
13600 -10.47770400626587
13700 -11.279104620542213
13800 -10.701882360290016
13900 -10.365109620945013
14000 -7.714412454666454
14100 -10.09258995504215
14200 -11.020516481778932
14300 -10.829431259900172
14400 -10.599177060637667
14500 -9.830179086579543
14600 -9.496440000643457
14700 -10.811972195228716
14800 -13.745299468617095
14900 -13.997914568796906
15000 -12.697389343616143
15100 -11.330131404573661
15200 -9.639456023070892
15300 -10.355124731842714
15400 -10.940269675581437
15500 -10.902020804810073
15600 -10.433238969278909
15700 -9.99341224219082
15800 -10.335618366328905
15900 -9.677548830678868
16000 -8.391018172147719
16100 -10.032201861922983
16200 -8.52694013328082
16300 -10.412006205527844
16400 -11.658727861945563
16500 -11.818724519428333
16600 -9.91887013050926
16700 -11.847170277364159
16800 -9.377115109288262
16900 -9.542263665283633
17000 -10.681414418295399
17100 -11.016370454879818
17200 -11.1440659589882
17300 -10.082013347921805
17400 -9.564390065623824
17500 -11.13071101915251
17600 -10.336848287566106
17700 -11.278903273814846
17800 -9.431001089345104
17900 -9.944012286837271
18000 -9.666644649746987
18100 -10.83701577377921
18200 -9.353510415468508
18300 -11.600819460977718
18400 -12.417506138406914
18500 -11.515381865903864
18600 -6.792265765121413
18700 -7.816403111218589
18800 -9.584451246223125
18900 -9.92363257647298
19000 -11.732665030236827
19100 -11.840229869247745
19200 -9.808588780487035
19300 -10.196380424610089
19400 -10.414278559696411
19500 -10.08601351336077
19600 -8.5680996460211
19700 -8.875142151044464
19800 -11.67529394006916
19900 -11.27327836826472
20000 -9.579800450317139
20100 -11.252434591455172
20200 -12.00135002148091
20300 -13.682022039526498
20400 -14.010036923863305
20500 -13.032968325220775
20600 -11.260129360036043
20700 -9.83169979598455
20800 -10.499352511038104
20900 -11.504810092712713
21000 -9.864533973771795
21100 -10.490376164096475
21200 -11.659760736012084
21300 -11.935487070289902
21400 -10.28435801601541
21500 -10.746611865827148
21600 -11.954206870706942
21700 -9.43032838393894
21800 -9.567262357967698
21900 -9.587527603201652
22000 -10.016425070533641
22100 -8.816482995586025
22200 -8.70539639214397
22300 -9.525862363496165
22400 -9.093767741370515
22500 -11.32670619537962
22600 -9.78917131411119
22700 -8.921157495032245
22800 -8.539356821061345
22900 -9.929101810699441
23000 -10.200791681250369
23100 -10.94079078734776
23200 -11.685703955101104
23300 -9.898520928459508
23400 -7.888789151327948
23500 -10.419844433194097
23600 -10.63665310463903
23700 -9.904407335260059
23800 -10.994640537596998
23900 -7.706824982977675
24000 -9.990782227411547
24100 -10.336185253407933
24200 -8.450251028645694
24300 -8.80134316579639
24400 -11.111491953546555
24500 -10.421684442941029
24600 -9.638128096307788
24700 -11.5764041180224
24800 -10.758587962264974
24900 -11.67231084718913
25000 -11.615566096840132
25100 -10.071510190867448
25200 -12.664856871395674
25300 -9.232094187501861
25400 -8.894962757580878
25500 -10.8107554842151
25600 -10.51692590415372
25700 -10.991593682486775
25800 -9.305152484218752
25900 -9.981048870754208
26000 -8.479455405847451
26100 -9.199228183807277
26200 -8.507969771539198
26300 -9.499644103773827
26400 -10.58895938222048
26500 -11.179048827145502
26600 -10.613886091560067
26700 -11.015594253669908
26800 -10.564412615777615
26900 -8.963902302263298
27000 -11.871102050423856
27100 -12.545335530181719
27200 -10.937476521366788
27300 -9.57601956417104
27400 -10.694084618993818
27500 -9.42624125491028
27600 -10.69849277118056
27700 -8.45277347606679
27800 -8.779392706746954
27900 -10.615290687563622
28000 -6.864238993138344
28100 -7.893356128089281
28200 -11.20080466685724
28300 -9.058479414300114
28400 -15.127758594817438
28500 -18.216602071212602
28600 -18.55745829847723
28700 -17.230366553964604
28800 -15.192056772810659
28900 -12.911282011527007
29000 -10.798988891611886
29100 -11.94400376031737
29200 -11.770519421951422
29300 -12.120185860137285
29400 -11.499428796637972
29500 -11.170330481338338
29600 -7.98579813639521
29700 -8.71590994378935
29800 -9.898492460827253
29900 -9.541154574989989
30000 -8.962833728360105
30100 -8.725970108959537
30200 -9.116849677829608
30300 -9.226037742109806
30400 -10.59657895328283
30500 -12.174606432052068
30600 -7.923610125818299
30700 -9.252869359335405
30800 -10.522713506480034
30900 -10.153156110537443
31000 -9.6122851516387
31100 -11.352937554373437
31200 -11.136935997257178
31300 -9.225525336786934
31400 -8.140499290561339
31500 -10.743796455034891
31600 -9.382530387245296
31700 -8.205256695623524
31800 -9.839775850481852
31900 -12.297154418088732
32000 -9.605300696902475
32100 -11.810544322488733
32200 -12.006333134381348
32300 -11.269748954662099
32400 -11.852898023113921
32500 -11.447783859818216
32600 -13.48271089910911
32700 -13.517690364345533
32800 -10.325388125372465
32900 -10.739982597773597
33000 -10.682169106967986
33100 -9.443599756156216
33200 -10.693656583387595
33300 -10.067019796108696
33400 -10.885145957902914
33500 -10.977012362691964
33600 -10.540277243874991
33700 -10.73273302595218
33800 -10.682045121422462
33900 -13.888637209851128
34000 -12.230749888289852
34100 -12.392262833963533
34200 -9.506444643802595
34300 -10.031797656835677
34400 -10.641209329339528
34500 -10.269797361123443
34600 -11.517993613735543
34700 -11.346714540553215
34800 -11.094064594197528
34900 -11.327111097695793
35000 -9.84171180309687
35100 -12.427865452234556
35200 -12.407558481830728
35300 -8.900158609849468
35400 -8.93958905273191
35500 -9.6639176355207
35600 -9.254770119597971
35700 -9.944006677602944
35800 -10.912481550120756
35900 -10.092865187119152
36000 -9.849286367977987
36100 -11.905493913170517
36200 -13.795471930826736
36300 -11.231786897473908
36400 -9.750374837809622
36500 -9.775545580152048
36600 -9.764164134407494
36700 -10.70778481677894
36800 -11.274976708195661
36900 -9.627141075851764
37000 -10.350813857034053
37100 -11.80977093959969
37200 -11.128888792632095
37300 -14.01897674053232
37400 -12.450842666129766
37500 -11.332880078494005
37600 -12.678782445882275
37700 -11.840999101811077
37800 -13.620532772744188
37900 -11.415856826280388
38000 -11.278375364774165
38100 -11.301439305571833
38200 -11.839806340728863
38300 -11.827252412100565
38400 -10.031315401177345
38500 -11.269650628086382
38600 -10.17829100214039
38700 -10.54718460361234
38800 -10.68913399300573
38900 -9.16111448084595
39000 -10.71706263862303
39100 -10.081508539559506
39200 -9.793027166767285
39300 -7.105427414551473
39400 -8.04298716675026
39500 -8.193903920636814
39600 -7.5520864724081544
39700 -10.180136789591996
39800 -9.883374008274519
39900 -10.726431131877026
40000 -9.976702227018198
40100 -8.516882545634838
40200 -8.649154871731632
40300 -6.102355173699518
40400 -7.358703519004981
40500 -8.654646836627398
40600 -8.523243986834334
40700 -8.716154184126157
40800 -11.59599156040649
40900 -11.198837435716229
41000 -9.763121827154025
41100 -11.174319243271714
41200 -9.581162620782633
41300 -8.326893209927476
41400 -8.679341234441978
41500 -9.5090973998199
41600 -9.321844850932534
41700 -10.52986090654362
41800 -9.367564856866489
41900 -10.920720578661397
42000 -8.403649801463242
42100 -9.59874136216631
42200 -9.531097594511786
42300 -10.738739997672102
42400 -8.485760950272631
42500 -10.106286547479288
42600 -9.814647541868204
42700 -9.941155272644053
42800 -11.22811401325024
42900 -9.475406028849237
43000 -11.653306842748782
43100 -8.775979237467597
43200 -9.972120053257928
43300 -11.537762612708102
43400 -12.82594433684262
43500 -11.056296300592122
43600 -9.609850476224246
43700 -10.679530116557189
43800 -11.643550105008138
43900 -12.656098105106784
44000 -11.40638616649006
44100 -10.25886307280177
44200 -8.973539873336572
44300 -10.032317386969728
44400 -10.991177039468639
44500 -11.780307567400587
44600 -11.181677211791587
44700 -8.55010360849206
44800 -10.069856890526207
44900 -11.303939838381986
45000 -9.369502716456278
45100 -7.140349481902317
45200 -8.128235725272429
45300 -10.266570001382522
45400 -9.860305880086901
45500 -11.280324561018073
45600 -9.702545316112126
45700 -10.379640624646079
45800 -11.094291660650363
45900 -9.89170698236477
46000 -9.247665631193522
46100 -11.419310461931069
46200 -10.164579988643208
46300 -11.700189444785638
46400 -10.717348378339127
46500 -10.204844470447775
46600 -10.865632262592438
46700 -10.912669918977963
46800 -13.666779484376013
46900 -12.18086327420668
47000 -11.470434448424864
47100 -11.010287528117653
47200 -11.0168709712222
47300 -11.237993595465785
47400 -11.669303079158965
47500 -11.903474620705236
47600 -11.971184968536951
47700 -10.373946279069777
47800 -12.06698365642578
47900 -12.095378931741044
48000 -10.206558373067198
48100 -9.946011573493275
48200 -9.227167478588186
48300 -10.00524898695693
48400 -10.440452217341532
48500 -10.473631354004079
48600 -11.058777454451205
48700 -7.902482712149768
48800 -9.568098875450948
48900 -11.81380964962872
49000 -12.781678663180879
49100 -10.675218627811569
49200 -10.403549952694444
49300 -11.368845045828946
49400 -10.1511179154028
49500 -10.762655578853632
49600 -9.47415992065548
49700 -10.991624798285326
49800 -10.85608432198218
49900 -10.954824873003284
50000 -10.005998358134667
50100 -9.906877276530135
50200 -11.108854144225129
50300 -12.802072616126079
50400 -9.966484059486305
50500 -9.133544562176999
50600 -9.756199884694325
50700 -11.064549155538446
50800 -9.788082316211245
50900 -9.918873738453696
51000 -12.24071110526774
51100 -10.769773259680608
51200 -8.900157459817974
51300 -10.163004266677833
51400 -9.000912836042254
51500 -10.435191316506252
51600 -10.635736532580768
51700 -10.100296438601983
51800 -9.139091281680594
51900 -10.017630406728385
52000 -7.895997136291606
52100 -7.954957705664966
52200 -10.73678376482824
52300 -10.384252565970842
52400 -9.6293789931617
52500 -8.923940127286315
52600 -9.655404510227582
52700 -11.008398572629424
52800 -11.703678125572726
52900 -12.22565848957159
53000 -12.315055917852192
53100 -12.14557800771865
53200 -11.486684497815618
53300 -10.304947525212388
53400 -8.219619481949756
53500 -9.074591629793956
53600 -11.114415127783241
53700 -11.74668159052533
53800 -12.288284108594041
53900 -10.453792161274576
54000 -12.531529233871451
54100 -10.368778089938983
54200 -8.936951732674666
54300 -8.994454363790378
54400 -8.811947082861908
54500 -10.812286600314883
54600 -10.179903055688857
54700 -9.661048189342559
54800 -12.836466141809643
54900 -11.748533778542795
55000 -11.471321550944795
55100 -9.834332691151033
55200 -9.023065343160447
55300 -9.73445447020483
55400 -11.183494614339782
55500 -12.595772423353917
55600 -10.958700524369378
55700 -8.710779661863082
55800 -10.241691881778769
55900 -11.982539452749943
56000 -11.325156964816003
56100 -9.44797267242425
56200 -7.91143881125515
56300 -10.243555406418581
56400 -10.037615881249325
56500 -10.206163876699682
56600 -9.407290593389574
56700 -9.046228703862026
56800 -11.690113155183928
56900 -10.441887311162313
57000 -10.062499478406188
57100 -9.060031908836285
57200 -10.402123331158371
57300 -9.299074958554135
57400 -11.845080003144616
57500 -10.315498957190863
57600 -9.637914016978984
57700 -10.432424541167848
57800 -9.69467708938582
57900 -10.39966200424859
58000 -10.667080733180478
58100 -11.0583736841754
58200 -10.744784717370871
58300 -11.276431266601099
58400 -10.735633111542768
58500 -12.99628270938469
58600 -12.830793604628205
58700 -11.82429442555998
58800 -11.329213080600244
58900 -11.439532291566104
59000 -9.977323368734234
59100 -12.064303098889914
59200 -12.985915703514761
59300 -9.266748630423866
59400 -8.206799196432621
59500 -9.20499976417201
59600 -9.363519207985963
59700 -11.241601631603283
59800 -10.059337334344578
59900 -12.565414722401952
60000 -12.398333828139634
60100 -10.120923519654408
60200 -9.874590491067693
60300 -9.91736885989598
60400 -10.820527984228917
60500 -10.300332446603436
60600 -9.77141701769119
60700 -9.77804332830195
60800 -10.287163203333176
60900 -11.337026955979644
61000 -11.816507926323071
61100 -12.328976371319245
61200 -13.10099073832244
61300 -10.68419976787742
61400 -11.824669157734604
61500 -11.489242794786872
61600 -11.84885356020524
61700 -10.644634906545416
61800 -12.970662138462583
61900 -9.849901884592493
62000 -8.954797092700758
62100 -8.437853140149613
62200 -10.247630846652452
62300 -10.88716470965806
62400 -10.164412691655015
62500 -10.40237956739457
62600 -11.35418648678547
62700 -12.448908969437294
62800 -10.362954879765658
62900 -9.022025885600769
63000 -9.607666711138329
63100 -11.53989574773407
63200 -12.001367739999877
63300 -11.93802697764597
63400 -11.984156185590194
63500 -7.905770909528392
63600 -10.611586049652567
63700 -13.116901404274689
63800 -14.35905533748976
63900 -12.385283198530052
64000 -10.612832002709867
64100 -12.722066255569647
64200 -11.549178380475123
64300 -12.603036354269827
64400 -12.160183344738703
64500 -11.531879777731385
64600 -10.696354002656417
64700 -9.308281266509281
64800 -11.29877912749195
64900 -12.070374386706192
65000 -9.344062692168935
65100 -8.772612221827677
65200 -7.87323745546161
65300 -10.371234527737604
65400 -10.345914256690008
65500 -9.032991705795476
65600 -5.657398281293341
65700 -3.336145994579393
65800 -3.4875532069240616
65900 -3.2888195195434244
66000 -3.1475213208829786
66100 -2.2714221599192026
66200 -0.7236500708258553
66300 -0.5178414448583833
66400 -9.873623667841224
66500 -6.899398779765059
66600 -5.303685411566541
66700 -3.36462771652213
66800 -0.158276459460979
66900 -2.4443723027708257
67000 -1.7062288853274017
67100 -2.273941993040491
67200 0.24075650876899302
67300 0.8726860581685187
67400 -1.4090202511789587
67500 0.2907519784601646
67600 -2.0574041782769936
67700 -2.0799054492834426
67800 -1.2580487285881674
67900 -2.044648697165135
68000 -0.7861795043118243
68100 2.740633101403533
68200 -0.15390132939736667
68300 -2.6183379056166998
68400 -1.2985162613594305
68500 -2.1911616801241056
68600 -0.08717457687748083
68700 1.9322394978654942
68800 0.33068705392591385
68900 -10.325165258117927
69000 -16.45869758799727
69100 -18.703768786978053
69200 -19.525537454266072
69300 -19.826331363538504
69400 -19.936431662390223
69500 -19.976731932553786
69600 -19.74456707841879
69700 -19.906503289675307
69800 -19.96577718021846
69900 -19.98747334115034
70000 -19.995414837732874
70100 -19.998321682320196
70200 -19.999385681450203
70300 -19.999775139542884
70400 -19.99991769380037
70500 -19.999969873268988
70600 -19.824541971918087
70700 -16.665770249085345
70800 -12.664867154087302
70900 -11.180721480114258
71000 -9.383176822961584
71100 -9.167879748609408
71200 -10.645478532899297
71300 -9.080348361271032
71400 -9.748867626393483
71500 -9.602461007392758
71600 -10.006369536584277
71700 -10.710088697537877
71800 -10.53470176061946
71900 -9.797930012069058
72000 -10.445905647368743
72100 -10.250119019560211
72200 -8.356581173460015
72300 -9.01576932809135
72400 -8.073518924191502
72500 -8.682071737524112
72600 -10.641203122942454
72700 -10.194725314740234
72800 -9.517233295357455
72900 -10.014305576197
73000 -10.454744015970308
73100 -11.980444073775534
73200 -12.126723831927457
73300 -8.752257155147918
73400 -9.787172012328542
73500 -10.709818155780976
73600 -10.585575622198778
73700 -10.102510870128114
73800 -11.203378625546613
73900 -11.048067959995839
74000 -8.091233142606223
74100 -9.430635275018407
74200 -9.543198332165643
74300 -11.016962786793027
74400 -10.109056677301988
74500 -8.759523239408626
74600 -11.007923218228234
74700 -8.14075502133582
74800 -8.5544175135836
74900 -11.407662448790004
75000 -11.300182830676748
75100 -11.258681580769261
75200 -8.970850867458825
75300 -8.214038365880166
75400 -8.703549903907382
75500 -10.263813317043692
75600 -9.410233670532126
75700 -10.960290822312812
75800 -12.22386920778766
75900 -10.863875182330382
76000 -9.502266448838212
76100 -10.20245392431512
76200 -9.702907445714208
76300 -9.377359509615838
76400 -9.90397813330511
76500 -10.796669577706252
76600 -10.100695431436439
76700 -11.39735976283201
76800 -9.49599668988125
76900 -9.149889885205834
77000 -10.958798449335026
77100 -11.584817310609038
77200 -12.244523212467273
77300 -11.343382814207217
77400 -11.63522281033149
77500 -11.551387757489609
77600 -12.226689852367462
77700 -9.114334587851149
77800 -10.11101794659106
77900 -11.037441965836914
78000 -10.091969168629914
78100 -9.973044503776325
78200 -12.934071251946579
78300 -13.26832538840103
78400 -11.695484971295297
78500 -11.496945342959895
78600 -10.276682071764075
78700 -10.209876144126767
78800 -11.720115451308578
78900 -11.74055409800397
79000 -12.099773009077724
79100 -10.063330652309004
79200 -10.351513148715872
79300 -12.039507359198163
79400 -10.602662664906022
79500 -9.431546190139024
79600 -8.805754787469175
79700 -10.577079656620045
79800 -12.013589362454875
79900 -9.631674600497893
80000 -7.418304284585044
80100 -8.363133458949267
80200 -11.435842724338938
80300 -10.577654803773331
80400 -10.374789152266654
80500 -10.97481184743234
80600 -10.541352936148595
80700 -10.309464612558891
80800 -10.776959790693148
80900 -9.444140411908052
81000 -9.791012488770813
81100 -8.110372734589166
81200 -8.235908190601467
81300 -9.809979535119881
81400 -11.163601286607614
81500 -8.373190577012462
81600 -11.250870394092782
81700 -11.042656357008608
81800 -9.942202487895138
81900 -9.235881228126312
82000 -9.336718105985659
82100 -9.762926371453311
82200 -11.369914495531031
82300 -10.399680292701559
82400 -12.780235641770588
82500 -12.733213075158185
82600 -11.1094654516768
82700 -11.576843606643298
82800 -10.26375752852407
82900 -10.211518893486975
83000 -8.867242819162934
83100 -9.633472855349863
83200 -10.499306755137718
83300 -10.634725257747336
83400 -12.338439657377563
83500 -10.300298425560163
83600 -10.084711047960036
83700 -9.448191946190233
83800 -9.241124300610906
83900 -8.807718073345548
84000 -9.808513589870925
84100 -10.999274898284476
84200 -10.655299870938094
84300 -10.131446851965196
84400 -10.303823369151521
84500 -8.466440155798653
84600 -9.663610614921462
84700 -10.406297965037771
84800 -10.519465692529554
84900 -9.49200245587083
85000 -10.287613917670921
85100 -10.85665765996613
85200 -12.05183522551694
85300 -9.506918454139509
85400 -11.215188857459852
85500 -12.070980767350632
85600 -12.648837097756815
85700 -8.859452784543217
85800 -9.799806503504195
85900 -10.301003816272903
86000 -10.643022336488016
86100 -12.858351079527253
86200 -10.22776464802626
86300 -9.375523407915574
86400 -10.43964363347949
86500 -12.830974301171308
86600 -11.407550480557651
86700 -10.93943046054738
86800 -11.013065423301969
86900 -12.87197173392491
87000 -13.580080252240474
87100 -11.46702249742983
87200 -10.925409519503042
87300 -10.422309772381801
87400 -10.286515366352381
87500 -9.300985042845772
87600 -12.159455941351592
87700 -12.887732357226483
87800 -11.86263152470676
87900 -10.787142552856613
88000 -10.820818121030118
88100 -9.497097617520526
88200 -9.509868074494415
88300 -10.218549132217271
88400 -9.38618876886549
88500 -10.985901973129408
88600 -9.374323376004858
88700 -9.368978140835353
88800 -9.581911304436678
88900 -8.781401189886974
89000 -10.973558294755957
89100 -11.566147648350944
89200 -9.309322907456849
89300 -10.788373917170336
89400 -10.875088052469088
89500 -12.23616374243183
89600 -10.862979779602355
89700 -9.975217128740018
89800 -10.565715293710001
89900 -12.092622589722458
90000 -9.478497595796755
90100 -10.281081533074229
90200 -10.522048151838964
90300 -10.66742169507124
90400 -10.035283957910414
90500 -11.791540021312349
90600 -9.502330414692429
90700 -10.506656943248075
90800 -11.140966460257552
90900 -8.665229979957187
91000 -8.93505998370434
91100 -8.309339948727876
91200 -8.950332627646125
91300 -9.35973303989329
91400 -11.540549044271945
91500 -9.795242571050128
91600 -13.745742360192125
91700 -12.725224998572484
91800 -12.993365047242099
91900 -11.563454591233631
92000 -12.619374953781511
92100 -11.528265191623808
92200 -11.819148862648287
92300 -10.860903540781397
92400 -8.973506737357773
92500 -10.119851979788306
92600 -11.498919345916253
92700 -11.65584507581965
92800 -10.70482937796155
92900 -12.350372489032214
93000 -11.607189784323255
93100 -12.549438302767918
93200 -10.56907824380862
93300 -12.463553801324917
93400 -11.62383743675244
93500 -9.853519794844864
93600 -9.846950470736278
93700 -9.704767804364934
93800 -10.022731944827534
93900 -10.80395789882389
94000 -10.668521702755463
94100 -10.887252645517652
94200 -12.345009244916428
94300 -10.651649933752665
94400 -11.240358412169748
94500 -9.873665827573012
94600 -7.572089097856148
94700 -10.165297417218865
94800 -10.636767387216977
94900 -10.208699577827913
95000 -9.570885248264958
95100 -9.081623928762363
95200 -7.625472693768146
95300 -9.851634859581663
95400 -10.679717760258752
95500 -10.742406562443618
95600 -10.626249116000219
95700 -10.738494436381734
95800 -9.171287922627192
95900 -8.162151355261155
96000 -9.429914625436709
96100 -9.305983473317072
96200 -8.32984425355949
96300 -8.419686863324946
96400 -10.823979231348297
96500 -8.704280883519363
96600 -8.427774103912489
96700 -9.764125457373902
96800 -9.644397462410348
96900 -9.439829053615334
97000 -10.542802228889636
97100 -11.728824493497212
97200 -9.909339477087212
97300 -9.846489555505478
97400 -8.775325301543848
97500 -8.596129564045537
97600 -10.420406245371966
97700 -11.521675489470832
97800 -10.324373688735928
97900 -10.573248857083348
98000 -12.671765957009717
98100 -10.573525761920285
98200 -10.435953684108854
98300 -13.00318545927619
98400 -11.331418331862073
98500 -12.029017383620959
98600 -10.248348479979608
98700 -11.356264491939577
98800 -9.595487208602714
98900 -9.962685218913855
99000 -9.644272579657013
99100 -9.26627955546709
99200 -10.075662943099895
99300 -8.92351858640163
99400 -7.995507631941733
99500 -10.882404885753768
99600 -10.749075619543934
99700 -10.234757735482118
99800 -11.267136519973349
99900 -9.426212490456368
100000 -9.544193682648098
100100 -7.709671424501365
100200 -7.696768461712906
100300 -8.08249713089169
100400 -9.868528138723685
100500 -9.476571395914583
100600 -11.257069588082754
100700 -9.265172494744405
100800 -7.954624963248006
100900 -8.770537171886257
101000 -9.474785800968371
101100 -12.498300703714914
101200 -12.226710568500009
101300 -11.133027090247424
101400 -10.978581184327625
101500 -10.15422669471146
101600 -11.15176380566953
101700 -8.768772863275395
101800 -10.353372900993255
101900 -10.799080335321959
102000 -12.83943298810269
102100 -12.234796288427264
102200 -11.6053325500494
102300 -10.22285570397213
102400 -12.139782789779176
102500 -10.769720833537313
102600 -10.675285807277042
102700 -10.396843704809871
102800 -10.068284061907343
102900 -10.287965621560831
103000 -9.844411810967724
103100 -8.384597282031704
103200 -9.012722054904236
103300 -10.232173690819696
103400 -10.818347212681312
103500 -11.207568387892929
103600 -10.757887860595812
103700 -8.609675289742336
103800 -8.03888188217773
103900 -10.528688022135197
104000 -10.622065465279185
104100 -9.645570176717005
104200 -11.366866065781405
104300 -9.385932610456925
104400 -9.086699680973151
104500 -7.389761249001239
104600 -9.578554912611978
104700 -11.632322701443895
104800 -9.84772835928337
104900 -9.119551702907271
105000 -10.050280128457354
105100 -10.540149194349647
105200 -11.149461316446718
105300 -10.93771872237334
105400 -9.600072219623243
105500 -8.75799989298658
105600 -10.903210779994572
105700 -10.175790450514057
105800 -11.0307845933158
105900 -9.946457464908459
106000 -12.373069234079379
106100 -12.32915592956361
106200 -15.46628298442858
106300 -10.983607621826291
106400 -12.115534487905043
106500 -8.342540042746522
106600 -8.294449450698218
106700 -10.198130308596587
106800 -11.729293768031841
106900 -11.699788832179841
107000 -12.724571761198296
107100 -10.62187600594837
107200 -8.535377261066733
107300 -8.10665392785031
107400 -7.934110168213463
107500 -8.802761943299789
107600 -9.15647457263255
107700 -10.107172699462946
107800 -10.301239272937954
107900 -7.7478741443873655
108000 -7.81774659293639
108100 -9.763759074377518
108200 -9.462685326919235
108300 -9.464816628876541
108400 -11.071679382006161
108500 -11.537385836555279
108600 -12.421346042216474
108700 -12.327312147952156
108800 -10.539546755840988
108900 -9.102347635713953
109000 -10.83763758452865
109100 -10.462390101161539
109200 -9.331954188236246
109300 -8.293927580504334
109400 -8.074169370988864
109500 -8.658702221608756
109600 -9.705964887682388
109700 -10.528191650649672
109800 -10.729829875924839
109900 -13.286256480692412
110000 -11.47331652794914
110100 -11.355225424831602
110200 -9.089424877214535
110300 -11.20541628391809
110400 -8.506156053736696
110500 -8.832812316823514
110600 -9.209580258256013
110700 -8.195603516243022
110800 -11.2899993191185
110900 -9.413269684364105
111000 -11.158058086262805
111100 -10.931699646324661
111200 -10.219241173109285
111300 -12.392491265472051
111400 -11.79197407316357
111500 -12.593044554645976
111600 -7.610321932102355
111700 -11.348912056581298
111800 -12.570093213155728
111900 -12.80563108581912
112000 -11.8860699486231
112100 -11.293331040145885
112200 -10.837722519444029
112300 -10.25739394738582
112400 -9.457625171216838
112500 -12.331522831442264
112600 -11.741923926512255
112700 -10.714279385674248
112800 -11.471551214519156
112900 -11.009167921615783
113000 -13.041555671670176
113100 -11.087191048232977
113200 -10.737643893930354
113300 -9.859527983323517
113400 -10.754434613976912
113500 -12.18642108800032
113600 -12.576386565412562
113700 -14.039492038395794
113800 -11.921426090713133
113900 -12.269350388324026
114000 -8.89588400902112
114100 -9.72427510722006
114200 -11.502394185849058
114300 -12.776324475250933
114400 -10.700149271102617
114500 -9.6990943182057
114600 -12.038422566175365
114700 -9.562148300295066
114800 -10.12001316501409
114900 -10.019083272819996
115000 -10.917447859463303
115100 -10.540536344210874
115200 -11.535860908435268
115300 -7.760273212680542
115400 -9.546862206405033
115500 -9.837232051933666
115600 -11.007394831589176
115700 -12.028483247754188
115800 -11.083617437336923
115900 -9.273563970665478
116000 -8.360267865353777
116100 -10.144877164631488
116200 -8.668999983388105
116300 -7.73431712099422
116400 -9.304372328957735
116500 -10.780170498613066
116600 -9.411977418291418
116700 -10.891843661416706
116800 -10.950302027304584
116900 -10.180827851010799
117000 -9.611552897109116
117100 -11.15462087306361
117200 -11.116448118626163
117300 -10.252668498342077
117400 -8.258239940594663
117500 -8.37890741954675
117600 -11.909451648986035
117700 -11.531957178830298
117800 -12.433717232760424
117900 -11.72019043790788
118000 -12.623508205355893
118100 -11.0870351701288
118200 -9.548602162746109
118300 -11.187267280703
118400 -9.080985331261111
118500 -12.109092185550828
118600 -10.625760894448053
118700 -10.355412758298485
118800 -11.598403593128916
118900 -9.700836839991743
119000 -9.49090527926429
119100 -10.999060214654632
119200 -10.25173898429464
119300 -10.793936842694622
119400 -11.561899522978855
119500 -12.16627716771072
119600 -10.242741977050999
119700 -9.951871919793154
119800 -8.944578124252233
119900 -10.477291604674154
120000 -11.297114799280179
120100 -12.218526900413073
120200 -11.173344100366576
120300 -11.868853341204979
120400 -8.991303318860142
120500 -11.744661436033612
120600 -9.930730909462696
120700 -9.037305213507864
120800 -9.35934052276178
120900 -8.978396277937682
121000 -7.307508387328486
121100 -7.372446669179131
121200 -9.662710366983559
121300 -9.514084825291691
121400 -9.170514781041431
121500 -9.8515120217071
121600 -12.220467704611558
121700 -12.04783150115742
121800 -11.532462805935443
121900 -8.811507912495541
122000 -8.662692855539184
122100 -10.5701183044017
122200 -10.386996409702704
122300 -9.186288443365688
122400 -9.015347285657208
122500 -9.191213226720928
122600 -9.482132789923956
122700 -9.633972610260042
122800 -12.535233772788887
122900 -12.089741112491675
123000 -13.185039988427317
123100 -11.741144706794984
123200 -11.598723007946269
123300 -7.778434199437716
123400 -10.06922337921621
123500 -8.932174445014393
123600 -9.78528932133215
123700 -10.241748806242551
123800 -7.436380546331803
123900 -7.849389284627686
124000 -9.49784242627464
124100 -9.973807966617121
124200 -10.254760049141636
124300 -8.995671137578471
124400 -12.312383360739677
124500 -10.657618821096145
124600 -10.792247109605485
124700 -10.213356496091802
124800 -11.375536497847479
124900 -11.445968440518254
125000 -9.428223918914782
125100 -8.822853511752065
125200 -8.105011177310233
125300 -10.598448451953569
125400 -12.297036116066806
125500 -10.100294143773219
125600 -8.260377315240488
125700 -8.768455310845525
125800 -11.32072576603826
125900 -10.652096175803967
126000 -10.481831816721822
126100 -9.61158108632819
126200 -9.862481977141508
126300 -11.711661094531447
126400 -9.885678710756288
126500 -10.669597039243138
126600 -10.80392774214285
126700 -12.227981267914831
126800 -11.653352952686461
126900 -12.58980338130219
127000 -11.571002549690306
127100 -10.209753486761835
127200 -11.495349147462454
127300 -10.568155908260835
127400 -10.286908936878367
127500 -8.968039828724118
127600 -11.552839226992685
127700 -12.713994084472844
127800 -12.155740079010897
127900 -10.26673164261194
128000 -10.848378707501002
128100 -11.32447784766116
128200 -12.398260386633682
128300 -9.283073313464941
128400 -9.475334098007368
128500 -10.154795475777068
128600 -11.206972343790536
128700 -10.225924430286142
128800 -10.768652655483129
128900 -10.638220321514057
129000 -10.361359119226432
129100 -12.714726275374613
129200 -11.832209282984495
129300 -11.824690961828976
129400 -10.293391874459402
129500 -10.577145135344798
129600 -8.977523488684866
129700 -8.654502858683855
129800 -9.088309181566625
129900 -9.168073077846444
130000 -9.99248738599853
130100 -9.377807299973867
130200 -10.184894673198626
130300 -8.499614594376867
130400 -10.617942979569316
130500 -9.728979049914221
130600 -9.493690057227381
130700 -11.454716488401735
130800 -10.869666024753352
130900 -10.934545856846135
131000 -12.063030542041515
131100 -10.345125943775354
131200 -12.365099390432743
131300 -13.32085033428064
131400 -11.246414942454068
131500 -9.988469440338818
131600 -11.657416995010975
131700 -10.920187541775693
131800 -10.943144529827135
131900 -9.943892342417344
132000 -6.878246184010132
132100 -10.97217472669295
132200 -12.646752606347565
132300 -10.667107686635037
132400 -9.994603515083982
132500 -11.343289667817848
132600 -10.017675557006852
132700 -10.299261129586757
132800 -9.905744979771274
132900 -9.70445108218618
133000 -9.765323160837744
133100 -9.793446953530555
133200 -10.214864476866861
133300 -10.862861277408904
133400 -12.182262539451429
133500 -11.231312315508305
133600 -10.0334557110188
133700 -10.183208621697997
133800 -10.053986839317714
133900 -8.974717395544108
134000 -9.283960370109828
134100 -6.448505847473676
134200 -9.098551820993627
134300 -9.82743561072804
134400 -9.96996809118192
134500 -12.397331590608518
134600 -11.482952142282775
134700 -13.452533485233486
134800 -11.091272805592718
134900 -11.790043736059264
135000 -12.228753212883158
135100 -11.846791348337009
135200 -11.24629440549336
135300 -12.34944922007768
135400 -11.037743027837175
135500 -9.435757867634612
135600 -7.161437881198893
135700 -6.582935965560915
135800 -7.5230673764541685
135900 -9.812760778615052
136000 -11.50391002542516
136100 -10.870118172104927
136200 -10.581211748778625
136300 -8.711492447267736
136400 -9.924469898754477
136500 -9.532850285995002
136600 -7.813401660957475
136700 -8.4332806389014
136800 -8.317500087485117
136900 -7.999920987052694
137000 -8.236658180810888
137100 -8.333832794110888
137200 -9.246356021150858
137300 -8.477344705774732
137400 -7.544765348548754
137500 -8.430784620374206
137600 -9.388042125790308
137700 -11.336431810960667
137800 -9.506661439693112
137900 -10.649345015402965
138000 -10.112827645340788
138100 -10.025712868444495
138200 -9.236637398551776
138300 -8.234515493791303
138400 -7.702879574636796
138500 -11.696325073890515
138600 -10.975571597989386
138700 -10.82599963425514
138800 -10.287804758235662
138900 -8.057916105184981
139000 -9.801446906796388
139100 -10.69652217393951
139200 -11.970119599139583
139300 -10.763307039705209
139400 -10.138942671148772
139500 -9.8604887163045
139600 -11.39616639659974
139700 -10.402844470964956
139800 -10.715635196802316
139900 -8.415683393651763
140000 -8.538201397573022
140100 -10.01802315196108
140200 -9.086604077094972
140300 -9.619278639809735
140400 -9.953948180730315
140500 -8.948932317339406
140600 -10.647313201339005
140700 -11.94691392944105
140800 -8.860274032000454
140900 -9.42362245011725
141000 -10.630071933251363
141100 -11.20917247544711
141200 -10.819877168388286
141300 -10.121152480242928
141400 -10.076553749610692
141500 -10.93212211365354
141600 -11.049062084326724
141700 -11.787182064090453
141800 -10.908622595178937
141900 -7.54712145013024
142000 -7.652207388255229
142100 -9.574577488284852
142200 -10.269005138095444
142300 -11.093928003872357
142400 -9.771931868361845
142500 -7.329467282147928
142600 -9.74885731292723
142700 -9.266159741517086
142800 -9.846421457427443
142900 -11.559565619609234
143000 -10.856659706638062
143100 -12.571865566629379
143200 -12.719426513727944
143300 -9.726128281611528
143400 -9.89893158140767
143500 -12.565952793039683
143600 -10.445276378411451
143700 -10.73588912276425
143800 -9.44082088390055
143900 -8.981849317820913
144000 -10.498545367358792
144100 -11.249603617818622
144200 -10.668410102588576
144300 -11.552540394434484
144400 -9.714605038695217
144500 -10.82460232863936
144600 -9.457701901810148
144700 -10.553288959560536
144800 -7.932923162953643
144900 -11.483698473983702
145000 -12.56897270246466
145100 -13.771046355292501
145200 -12.178117003121748
145300 -9.69585296721511
145400 -10.203489552446031
145500 -9.45702520844527
145600 -8.95755233822667
145700 -9.805545387945934
145800 -11.794620526353446
145900 -11.956008822216202
146000 -10.190265163771656
146100 -9.73738559018484
146200 -11.854763558562196
146300 -11.4443039040197
146400 -10.889908711630342
146500 -12.497734148999388
146600 -10.618064007488462
146700 -11.194398134508015
146800 -10.57439560307631
146900 -10.164061204090533
147000 -11.375381809510564
147100 -11.725948704193229
147200 -9.822680540992689
147300 -7.930047163885063
147400 -10.129037588705023
147500 -11.711967916851373
147600 -11.328274085112676
147700 -8.812558745981772
147800 -8.936609921752021
147900 -11.697695448830675
148000 -10.293351404744152
148100 -8.907655198663598
148200 -12.86575308263933
148300 -12.183163406012643
148400 -11.715298773753009
148500 -11.22092612844403
148600 -11.178659596100685
148700 -11.4710391226693
148800 -13.5635094222142
148900 -12.21318224636649
149000 -9.186474492899665
149100 -10.637498779802762
149200 -9.76679714605421
149300 -11.134247885873961
149400 -12.749509127050107
149500 -11.800812722445812
149600 -11.034097566088318
149700 -10.728322122053637
149800 -9.415009688570205
149900 -10.405147009762304
150000 -9.88523900717713
150100 -10.116054861965642
150200 -10.46062044860854
150300 -7.794012984768964
150400 -8.70454266552156
150500 -10.205064531476674
150600 -10.426019108992858
150700 -10.689950346166146
150800 -11.749670523113556
150900 -11.054142701892602
151000 -10.834124206962873
151100 -9.761315981461761
151200 -10.467210644091866
151300 -12.106241858517816
151400 -10.694844872305602
151500 -10.428700200152505
151600 -11.627335022715208
151700 -11.663722064076834
151800 -10.506680704400718
151900 -10.621100027866706
152000 -12.273924720395632
152100 -12.447890316955093
152200 -11.98623027358617
152300 -11.072939407003885
152400 -13.284260660235983
152500 -10.549651178185536
152600 -10.063737734443782
152700 -8.487363976972917
152800 -7.972477121533858
152900 -9.671718836962972
153000 -9.639943174900814
153100 -9.737271326239958
153200 -11.24762380615487
153300 -11.66520317740088
153400 -11.98019693014942
153500 -12.738347676634827
153600 -11.576833940739151
153700 -10.54992992047232
153800 -9.696781209749302
153900 -9.02812914183455
154000 -10.404728389847348
154100 -10.83574997038425
154200 -10.6577627829185
154300 -9.499748074605332
154400 -10.560948001455055
154500 -9.968811761713743
154600 -10.206066759395295
154700 -11.363108843303479
154800 -9.32914165733275
154900 -9.395818500580994
155000 -10.633998278839144
155100 -11.803101978862635
155200 -12.842286231194716
155300 -9.637440091284157
155400 -9.186718670053974
155500 -8.444832105280696
155600 -7.394307580290062
155700 -8.232713359509056
155800 -8.869764026968085
155900 -10.954060243941113
156000 -9.811306095229975
156100 -8.448364979943435
156200 -8.338783267113241
156300 -10.983371131246026
156400 -9.59690758840928
156500 -10.150072464649204
156600 -9.67443102947953
156700 -8.77260681786
156800 -10.06062434572366
156900 -9.452617197160725
157000 -7.854448605418438
157100 -10.56309001849783
157200 -10.29990163753024
157300 -11.011719960627973
157400 -9.794571101866975
157500 -10.844404941698155
157600 -7.938121386912141
157700 -9.55346495296607
157800 -8.5306972923415
157900 -9.972351020895973
158000 -8.770855941638555
158100 -9.711206848022984
158200 -12.319580827820246
158300 -12.367684498044559
158400 -12.27229785689569
158500 -12.200903024373373
158600 -12.388614190434492
158700 -10.75101459744807
158800 -10.559350092147685
158900 -9.201328861778912
159000 -10.457582921605423
159100 -12.124561424160989
159200 -10.26150723970546
159300 -8.663520819243242
159400 -9.505332627880584
159500 -7.018778013550465
159600 -9.349687673373019
159700 -11.46364374863237
159800 -10.344601685730975
159900 -11.876256011051103
160000 -13.115463060235516
160100 -11.356581281960818
160200 -10.548648914455153
160300 -9.43133017192187
160400 -10.148363148494726
160500 -10.507630579280416
160600 -11.091919446805449
160700 -10.72131733645302
160800 -8.496437175446042
160900 -10.244015014316451
161000 -11.470754185462553
161100 -10.519212546101015
161200 -8.773810264629796
161300 -8.664580945493295
161400 -8.908335179840767
161500 -9.216658029056134
161600 -10.768146479641779
161700 -10.476580881845598
161800 -12.933378579425112
161900 -11.799772469840711
162000 -10.562112978851383
162100 -10.369150757989999
162200 -10.699158104694263
162300 -11.750974521874364
162400 -11.33220353318905
162500 -10.769010951567417
162600 -9.605483056847973
162700 -11.637155899675298
162800 -11.276423038933638
162900 -10.007921436069594
163000 -9.165807020813686
163100 -9.193482761866923
163200 -10.94135884857903
163300 -10.633611896443218
163400 -10.204765206991137
163500 -9.193295601475755
163600 -9.64611954847673
163700 -9.968481984548974
163800 -11.97303929123343
163900 -9.979603543102707
164000 -9.84354008301782
164100 -10.525659123017974
164200 -8.935141040172955
164300 -10.961328169497193
164400 -8.399480545813773
164500 -8.901305001505214
164600 -6.552444164514579
164700 -8.66919504883553
164800 -10.223503891815522
164900 -11.51682899477469
165000 -12.419396622903538
165100 -8.550475742148453
165200 -9.259066374731079
165300 -7.737665018534752
165400 -8.437226302180141
165500 -9.10097358055412
165600 -9.978709131409346
165700 -9.993724130512538
165800 -12.316067458356299
165900 -11.128517479170037
166000 -8.761667938440928
166100 -10.755471089939348
166200 -11.324669263633522
166300 -9.078803557776123
166400 -8.762489277329253
166500 -11.855435238088424
166600 -15.675001763818651
166700 -12.804478674713344
166800 -12.462646497574775
166900 -10.271511347058851
167000 -11.74539188112798
167100 -10.468108719540572
167200 -11.205282442647448
167300 -9.117401652361377
167400 -10.201077245428818
167500 -11.693307771990876
167600 -9.642792225104078
167700 -11.66872853216116
167800 -10.777964541477356
167900 -11.828921283436381
168000 -10.176740116238307
168100 -12.923238111159472
168200 -11.023525876510815
168300 -8.505678817226938
168400 -10.541731405837918
168500 -11.26412741000516
168600 -11.036312129442498
168700 -10.82874210999609
168800 -9.643501993787023
168900 -10.275524970811254
169000 -9.06819315230015
169100 -10.506140864907078
169200 -9.060344025948467
169300 -9.720726041813414
169400 -7.722535334660251
169500 -7.8224869744822545
169600 -7.058245937401905
169700 -10.324050737745093
169800 -10.543174626684277
169900 -9.919652162222423
170000 -11.47873384581186
170100 -10.836206652684435
170200 -10.147563804577832
170300 -10.887332965282873
170400 -11.368484623374336
170500 -11.28917337319513
170600 -11.285149375727265
170700 -12.310454918031269
170800 -10.289533592494127
170900 -12.679974371678384
171000 -10.408446731287102
171100 -10.634381191310737
171200 -12.35882574763461
171300 -12.340171043573326
171400 -11.8336634239687
171500 -10.898030627750172
171600 -10.751560932527262
171700 -10.178748094864712
171800 -10.498316868791873
171900 -10.782729513199579
172000 -9.604750369972203
172100 -9.794329212291535
172200 -10.725402912718152
172300 -10.618296323760655
172400 -11.418410305148731
172500 -9.332578598177387
172600 -10.59237925132839
172700 -10.151077745658286
172800 -9.874298693820029
172900 -10.903534855456975
173000 -9.163194968427954
173100 -9.692245964730011
173200 -11.6538537623227
173300 -10.650784660988586
173400 -10.297556250683288
173500 -8.974179142304829
173600 -9.395356418690524
173700 -9.34392874665653
173800 -8.088212077785125
173900 -10.850214664695564
174000 -10.32918271722415
174100 -9.157568359987163
174200 -9.892903794585497
174300 -9.999371057554576
174400 -11.227364245784553
174500 -9.381602621589721
174600 -9.433209189868505
174700 -10.08782310169387
174800 -9.747809594819143
174900 -10.42451969726936
175000 -12.369350530696211
175100 -11.230420280153705
175200 -13.189355232121452
175300 -10.74793311792981
175400 -8.736661766612745
175500 -9.268210025160156
175600 -9.651259048639643
175700 -10.806900979398913
175800 -10.504349826475012
175900 -8.98931359956924
176000 -9.112794865893088
176100 -10.322934697124182
176200 -10.328364891094798
176300 -9.993024553159804
176400 -10.895551680655018
176500 -11.592645960341697
176600 -10.751910896319645
176700 -12.774762690772178
176800 -10.573765316933319
176900 -10.667569274204247
177000 -10.752281204779448
177100 -9.049547995869316
177200 -9.296266692533399
177300 -11.036000224392712
177400 -11.863789446977231
177500 -11.423705848963177
177600 -11.509182149572503
177700 -11.128850951334897
177800 -11.689208409399262
177900 -11.72350354639725
178000 -11.005440675542019
178100 -9.66337069408482
178200 -11.462676474615638
178300 -12.328495366925775
178400 -10.810238717912299
178500 -10.55301615574676
178600 -11.066567666674581
178700 -11.078210139299935
178800 -9.283136792623864
178900 -11.131055474586722
179000 -11.243101276291814
179100 -9.538608732519835
179200 -10.064814172223674
179300 -11.277912332317234
179400 -11.914388776540779
179500 -9.860126158706217
179600 -8.874187658974208
179700 -11.89913459109592
179800 -11.762098162204035
179900 -11.380077049500697
180000 -10.848667355340956
180100 -8.888863331865792
180200 -13.191531606899954
180300 -12.115820246740919
180400 -11.166128679481297
180500 -9.949777117403567
180600 -12.521961199129011
180700 -9.585996107124842
180800 -10.130850133663857
180900 -11.943853122037224
181000 -10.487755041335513
181100 -9.655048691062522
181200 -8.959692289429235
181300 -11.113230595369869
181400 -13.540675822633954
181500 -10.94018644491292
181600 -10.994893252432105
181700 -11.611932699450573
181800 -11.580932140991559
181900 -10.992450914418024
182000 -10.363264296048175
182100 -10.205202130245723
182200 -10.725095218869821
182300 -9.17722434667088
182400 -8.924413238688128
182500 -11.040312620185453
182600 -11.5731616968883
182700 -10.360091555627314
182800 -10.013338325350619
182900 -10.938674522880733
183000 -8.301119906113026
183100 -8.364486443272808
183200 -10.755498568567852
183300 -9.084772508273028
183400 -11.392566270494747
183500 -9.848329326341776
183600 -9.98462369886217
183700 -12.280720588370137
183800 -9.466147690667533
183900 -10.770537809530785
184000 -9.988942186252388
184100 -10.70905506899596
184200 -12.865030149765454
184300 -11.525321369228685
184400 -13.622783417207279
184500 -11.929280002340747
184600 -9.488691849059151
184700 -9.44159768844347
184800 -8.943549275520178
184900 -11.35450655302887
185000 -11.263905411781202
185100 -11.627468838335968
185200 -10.995990046602973
185300 -9.10716372946248
185400 -12.054709599470153
185500 -8.740379476023946
185600 -9.64701438091098
185700 -8.9489710996759
185800 -10.547245501941582
185900 -7.966157846629919
186000 -9.801959436630463
186100 -9.492335450472256
186200 -10.012314656689847
186300 -9.439996984925799
186400 -10.807643562324435
186500 -11.137383141266117
186600 -10.848924641865938
186700 -8.932918552916163
186800 -10.47849311741695
186900 -8.464693819750426
187000 -10.290883705851941
187100 -10.149165987183808
187200 -11.708290120159782
187300 -10.396548036652819
187400 -13.094341240811408
187500 -10.210394348175791
187600 -11.688345691684855
187700 -11.265387460765417
187800 -11.07541834888824
187900 -9.757092927401722
188000 -10.777911671695348
188100 -6.09224639732598
188200 -7.774953523275465
188300 -9.16922630858466
188400 -9.732555160054925
188500 -10.952101148547724
188600 -9.578924266847974
188700 -11.502414760599773
188800 -12.087223211991876
188900 -10.40922533189174
189000 -10.072194639270394
189100 -9.056313291966465
189200 -9.251822538669558
189300 -10.876976722538851
189400 -11.292558831798171
189500 -9.900533899319893
189600 -8.551412824398493
189700 -9.635350384508484
189800 -9.016276868353208
189900 -9.53941789743899
190000 -10.858215864042386
190100 -11.899387346178685
190200 -11.2077208845569
190300 -10.91654171034481
190400 -8.836349757801695
190500 -9.538537440698075
190600 -9.710237688834331
190700 -8.529257065740547
190800 -10.960791687384713
190900 -10.173745763163382
191000 -10.69395948887611
191100 -9.646763486472878
191200 -8.070923404251916
191300 -7.845483055173003
191400 -8.793716616764776
191500 -10.1220481314101
191600 -9.412840775241369
191700 -9.087369156314399
191800 -11.454457439914243
191900 -10.72509677802264
192000 -13.027675152254215
192100 -12.81741885530273
192200 -12.434501114504405
192300 -11.378180310945675
192400 -10.422075991174898
192500 -9.967995150212351
192600 -9.981831702488565
192700 -9.68221440680636
192800 -11.907344831924023
192900 -9.980936363926164
193000 -5.7740571557599605
193100 -9.41725432006349
193200 -9.351497686143333
193300 -9.789403579975467
193400 -11.762184953781594
193500 -10.33678248472682
193600 -11.500493766848157
193700 -12.213390355360977
193800 -11.495962485604537
193900 -12.314980717911917
194000 -12.40978039029517
194100 -10.406091943732186
194200 -9.672065542419285
194300 -9.431756851397202
194400 -7.924694722421523
194500 -9.535883709267708
194600 -9.02939921204228
194700 -9.687707968471093
194800 -9.704125621656368
194900 -10.755780838276083
195000 -11.379839964789907
195100 -10.68474064961434
195200 -10.153360160565642
195300 -9.679299399029233
195400 -11.804798460063015
195500 -12.475120156632487
195600 -11.000367085846923
195700 -9.202240901046444
195800 -10.02116458958217
195900 -9.768208669412138
196000 -10.229709372787452
196100 -10.308654438337953
196200 -9.452729788731073
196300 -12.24106932572709
196400 -11.198720623567748
196500 -10.902097858250531
196600 -9.257006972230949
196700 -12.210236667046336
196800 -10.818894275018645
196900 -8.77540830194522
197000 -9.255639067533924
197100 -9.158803196794159
197200 -10.063547003975135
197300 -11.56814666788439
197400 -10.160337101607787
197500 -9.069813285006356
197600 -9.909632944036742
197700 -10.822638535681648
197800 -12.599752362045157
197900 -12.116360281962681
198000 -12.104226101913115
198100 -11.369431382460572
198200 -9.356017714113568
198300 -8.499893037694877
198400 -10.253520410971987
198500 -9.77866648350877
198600 -11.277195422816224
198700 -9.442864828697138
198800 -9.106597616588157
198900 -10.027782969564717
199000 -9.958419816613238
199100 -11.098351489827198
199200 -11.425767740962355
199300 -12.611838148026719
199400 -11.221856165417297
199500 -11.462984648179132
199600 -11.920109575022106
199700 -7.311251530074908
199800 -9.563373812604787
199900 -9.357805278321123
200000 -10.45544469022714
