100 0.17143814698912332
200 -0.4444524909346448
300 -1.6116002539533263
400 -0.2340221373198162
500 -0.021606318494270527
600 -1.2645208962685632
700 -0.2733877314590916
800 -1.211628886092362
900 0.7462499142888879
1000 0.6581865947426886
1100 -0.22917412475978144
1200 0.539301411244751
1300 -1.4335619899502285
1400 -1.6015819523033994
1500 -0.18897283420122513
1600 2.1476293969343687
1700 0.4910726868866449
1800 -0.4679617006834035
1900 0.39568745738590044
2000 0.8320037387607084
2100 -0.10891092662762855
2200 0.9467440269968281
2300 1.358514282764899
2400 0.9962256391896596
2500 1.3568331837664978
2600 1.043630831452585
2700 1.501722214972787
2800 2.386332212034318
2900 -0.7216514115340358
3000 0.9786023277781095
3100 -0.48012128659933806
3200 -0.6073472470457457
3300 0.043789929823426
3400 -0.45981449828593857
3500 0.4656923539188506
3600 -0.8578064652376047
3700 -1.3556726230212368
3800 1.8784564015231602
3900 0.5734057065737097
4000 -0.014902040723033166
4100 -0.30069389591249346
4200 -0.028440885076704475
4300 -1.6958532054760633
4400 -0.07594437341586102
4500 -0.2378427976169481
4600 0.043546531086730705
4700 1.34119614505412
4800 -2.521966127330916
4900 -2.260390338502639
5000 -2.92592085924133
5100 -1.6610276540689914
5200 -1.5189600820291846
5300 0.15838975886187662
5400 -1.2694605560907317
5500 -1.06703652749003
5600 -1.0464597991864761
5700 -0.7792993749186459
5800 1.3749681162087923
5900 0.8657073908186201
6000 -0.08114215231476359
6100 2.535269759166727
6200 1.6036408890501577
6300 -1.022492634257065
6400 -1.2463798925999985
6500 -0.5765511462353989
6600 2.714639171079303
6700 1.3430144512537692
6800 -1.1886715063059958
6900 -1.6645573044921198
7000 -2.8870447700206525
7100 -0.6475117028726127
7200 0.1071654129609455
7300 -0.013980556339892924
7400 1.4848553558147428
7500 -1.2099985446351895
7600 0.9640977080776998
7700 2.6691391268328903
7800 -0.4644980046574903
7900 -1.304773848367215
8000 0.32705613405990924
8100 1.1886031519187035
8200 0.5521712591237484
8300 1.601800575999133
8400 -0.824514639424129
8500 -0.5046428338410762
8600 0.5400286687848272
8700 -0.5531710496244339
8800 -0.3456317941674694
8900 -0.5093709830563595
9000 -0.08006500941519289
9100 0.8044756311877468
9200 0.4614747327173145
9300 -1.2448108899171182
9400 0.45266127033532166
9500 3.517761234924624
9600 3.482740723600768
9700 2.08676115088299
9800 0.8953278630815587
9900 -0.21455742754740326
10000 -3.075937817494402
10100 -2.4360884987281666
10200 -1.5111781307906462
10300 -0.6480576845649842
10400 -0.38663777589530024
10500 0.21740713613459775
10600 0.7781707064416741
10700 -0.5824851175604637
10800 -1.2401396459386689
10900 -0.21418372463942192
11000 -1.5580598857474324
11100 0.9404386544151451
11200 1.0448541709956576
11300 0.7160426217890443
11400 1.1923481376765965
11500 1.340812522443806
11600 -2.4092488083582633
11700 1.0858311650883132
11800 0.040686401260791566
11900 0.028412875106936325
12000 -2.439444188885277
12100 0.5490314287698677
12200 0.12237791663850561
12300 -1.7965532200055072
12400 -0.86190994333851
12500 -0.06638045148370875
12600 -0.21038499544108313
12700 -0.7050498302761294
12800 -0.8949673427234623
12900 2.329930533520732
13000 -0.28313069190302886
13100 -1.9201462811445025
13200 -0.9977930860290998
13300 -0.5477010373957445
13400 1.1293441553066919
13500 2.0149966391485004
13600 0.1993571120580694
13700 2.063389443394875
13800 0.5565593840360417
13900 -0.38081811839871976
14000 0.14984429358213325
14100 -1.0730989525619363
14200 -0.46076168014215524
14300 0.8665446075503878
14400 -2.225533906186929
14500 -1.4107676089937597
14600 -1.4920989345926046
14700 -0.14939970297423227
14800 -0.5250642189030295
14900 -1.9497849489022434
15000 -3.4539669082782303
15100 0.07620969178718202
15200 -1.7662499233268785
15300 -3.025065352001285
15400 -0.22466283084095146
15500 -1.4046274704706674
15600 -0.30948267446662736
15700 -1.7533207254911292
15800 -0.44195414861492893
15900 -1.5884214292308478
16000 -1.6855741193055171
16100 0.3906349416282686
16200 -1.139771052659603
16300 0.4477254772189891
16400 1.3570230971272987
16500 -1.6155043650216818
16600 1.7156775460746063
16700 3.025660033665402
16800 0.34418164676139884
16900 3.205125979184675
17000 -1.1714225226556103
17100 -0.9501429971406052
17200 0.9993177436016045
17300 1.153942842888126
17400 -0.48511164947402274
17500 -0.019803899617885423
17600 0.44699569776207954
17700 2.001007558158079
17800 0.2229528305750672
17900 0.973359395405974
18000 1.4473803321624006
18100 0.33569674846306496
18200 -0.4940392606176565
18300 -0.32004018175533927
18400 -0.26356687305779647
18500 1.9882847557164396
18600 2.79420681291229
18700 1.5906849407544388
18800 1.841377501124659
18900 1.110323822039522
19000 0.15824545448434924
19100 1.2958436666838924
19200 0.11718440687334497
19300 2.046828527971568
19400 0.5378099571183692
19500 -1.4260262678212872
19600 -1.6302161397227928
19700 -1.0316221143294961
19800 -0.285371785295107
19900 -1.7424636626584418
20000 0.8910564055082901
20100 -0.0187631353669111
20200 0.8746039094616092
20300 0.8301948692975889
20400 0.43046136718994327
20500 -0.23823188270787865
20600 0.18101777117794976
20700 -1.2594234456737607
20800 2.4020972435738077
20900 0.5665598285899662
21000 0.21952424465570558
21100 -0.4529847303732198
21200 -1.4413568881082928
21300 -0.3099753771363501
21400 2.113933555312887
21500 1.7744266436901113
21600 0.691114814186901
21700 -1.2472561100997896
21800 -0.4599075112692382
21900 -0.34022582187842926
22000 -0.8267982727874965
22100 -3.4887096816714123
22200 -1.7405422907710033
22300 1.041019231975583
22400 -0.11964746621413697
22500 -2.0877676399328453
22600 1.0923509935395428
22700 -0.6879197918878586
22800 0.3110676315310271
22900 -1.9424961080042238
23000 -0.51928981520646
23100 -0.6505851794341255
23200 -0.3138590570297059
23300 2.193357696671567
23400 1.2316096502904512
23500 0.5433065899116684
23600 0.7404913558056421
23700 -0.19427154670701852
23800 -0.5865269490472447
23900 -1.1913653092790144
24000 -0.22514912461843328
24100 0.25812582166421333
24200 0.7366524700161654
24300 2.355581489317936
24400 -1.335301707314773
24500 -1.6891896013047583
24600 -0.005927547887455892
24700 -1.0094828779257838
24800 0.685573468286818
24900 0.26677782088721996
25000 0.6927500887836662
25100 -1.032460791526789
25200 0.4320822855777147
25300 2.3223515282150604
25400 1.1752019899491195
25500 -0.33528416807718675
25600 -0.6788395196910422
25700 -1.4609382959384565
25800 -1.5578213253997515
25900 -0.30753892781781944
26000 -1.06749791956249
26100 1.4097834636075826
26200 0.30630157467802854
26300 -0.11985739650505743
26400 -0.19283011109109216
26500 -0.7615045897202632
26600 1.6936014012154572
26700 1.7337083899793844
26800 -0.699617863695442
26900 -2.1963496919688392
27000 -0.11312559425659563
27100 1.1533575323129417
27200 1.3082022117689351
27300 1.844813135593552
27400 1.673705657425907
27500 0.5761874618497556
27600 -0.5839290734073694
27700 1.1069033909139423
27800 1.9412505022504052
27900 -0.5516740236473668
28000 1.0150167328307815
28100 0.12131722023419012
28200 0.20279132697225954
28300 1.167752751485562
28400 0.06982462739299278
28500 -0.9012580569350301
28600 -1.4067895494612888
28700 -0.9631184892299196
28800 -0.5807150517637689
28900 -3.979019785159495
29000 0.4819754643055275
29100 1.0421238911442474
29200 2.362089452692083
29300 -0.7295595599131075
29400 1.755384219689953
29500 0.18372106337007182
29600 -1.3854766991178877
29700 1.1414968946545494
29800 0.41625174089535805
29900 -0.5099918914458835
30000 2.1080986221893103
30100 1.3422027660577402
30200 2.6908668306065295
30300 2.5825799024762333
30400 1.330653070407944
30500 -1.3225332746066405
30600 0.4043250463094601
30700 0.7456338498280315
30800 -1.745600211017767
30900 -1.6803843419465456
31000 -3.0429199791731363
31100 -0.3023462394909204
31200 -1.9800144186941089
31300 -1.2230095214571188
31400 -0.8415057649716804
31500 0.7847352211101086
31600 -2.44155116215536
31700 0.08207796107632893
31800 0.3663862290364377
31900 -0.3673298235034213
32000 -0.22413778226168987
32100 1.1894443782215387
32200 2.3257620008767375
32300 1.3524629139204094
32400 -1.4736628235615143
32500 -0.31018250491372357
32600 -0.2782590175763412
32700 -1.8972339406327636
32800 -1.0959174058308763
32900 0.5978861185149422
33000 0.16653250258882712
33100 -0.8264876987961558
33200 -0.5373680487893137
33300 0.5185331224728221
33400 -0.0005240633685761054
33500 1.4746086608287958
33600 1.6422270606853557
33700 0.9489978224006739
33800 0.19984754476532382
33900 -0.3694239508828661
34000 0.6743544616920264
34100 -0.28736077008462696
34200 0.931776504321187
34300 0.2706324868539955
34400 1.1220269192932322
34500 -0.5961125195021332
34600 -0.01719785421694081
34700 -1.4438469876145883
34800 -0.39371024184825887
34900 -1.2956907876205221
35000 -1.2173010932732078
35100 -1.9132555399017628
35200 1.4109869659282817
35300 -1.192928563038836
35400 0.9550610017760377
35500 -0.6577974133015569
35600 -1.6487301673393198
35700 -0.6373657756421369
35800 0.4261737672206804
35900 -0.1949251509252063
36000 -2.73160732621351
36100 -2.5932886311594827
36200 -1.7150792213889834
36300 -0.8101244172112894
36400 -0.018889994586146985
36500 -0.13889915316000373
36600 1.5571956104281623
36700 1.5892206667025663
36800 -0.27943418974897966
36900 -0.3046886668065993
37000 -1.9191253047594787
37100 -0.4607569483148813
37200 -2.940580862909658
37300 -1.0054454916288653
37400 -1.0624745096395651
37500 -0.7395851292733959
37600 1.4646327546719862
37700 0.23363772711249242
37800 2.0991289419350143
37900 -1.1844115822152772
38000 0.7468400507699393
38100 -2.049696935796451
38200 -0.33433091769695167
38300 1.7431409470296446
38400 1.020889340640246
38500 -0.6962841833892448
38600 -1.79759540416652
38700 -1.0386930122802527
38800 0.5900489428607949
38900 1.3587425163354359
39000 0.2760666678640893
39100 2.111745690660263
39200 0.5896480299074491
39300 2.711054725807843
39400 2.0453695154819154
39500 0.3645956354420132
39600 -0.30375967001717047
39700 -1.102525772934915
39800 -0.6156663920614118
39900 0.7723499502705318
40000 -1.0622498628660362
40100 -0.6449083267661164
40200 -1.4679973188261461
40300 -1.9147952967611788
40400 0.1603416822070694
40500 -1.1858430698086526
40600 0.6894546977135756
40700 -1.4384546911686829
40800 0.35951006675870445
40900 0.762656795193583
41000 -1.207391881705197
41100 -1.8605168959091392
41200 0.9480095470395491
41300 1.4304680484904972
41400 0.7108113928396478
41500 0.786358534589759
41600 1.6236461251733605
41700 2.6517630468396605
41800 1.9297158978330462
41900 -0.7540297423375435
42000 -1.3245803641890104
42100 1.1029928545087622
42200 0.7558273301694494
42300 1.5841066815329474
42400 -0.1669259780256684
42500 -0.00933988117174886
42600 -0.10305725769400065
42700 -0.46554760109285637
42800 0.4454012812488857
42900 0.2867668595562791
43000 1.1631940540678354
43100 0.9703924506435284
43200 1.3481884309962555
43300 0.3616023910402691
43400 -1.8603233866667659
43500 -0.3689658626827157
43600 0.3325508336385732
43700 0.8547542894795079
43800 -1.6304159511653755
43900 -3.6564472585105094
44000 -2.0494512730558694
44100 -1.6448759091976224
44200 -0.5689961858175441
44300 -1.9194440637480825
44400 -2.4975186544317136
44500 -0.7015071093516785
44600 0.3610893785845766
44700 -2.0588808607276365
44800 -1.4464169684080521
44900 -1.4085477704075102
45000 0.10678017950138902
45100 -1.0371382476113074
45200 -3.3930442326392907
45300 -1.9287853395868992
45400 0.32933528623937186
45500 -1.49886545185612
45600 -1.8741925785872697
45700 1.072635012792405
45800 1.714021138234086
45900 0.6519263386075593
46000 0.2539419919413865
46100 0.32533976159635564
46200 1.8847469601477782
46300 1.8176858773202829
46400 0.8250351772431801
46500 1.285862575007806
46600 1.2933388608689638
46700 0.4421480549672176
46800 1.1002261041000676
46900 -0.2839540715977849
47000 -0.02497110690511639
47100 1.4334161306893116
47200 3.3762211983014185
47300 2.1825048243254144
47400 2.352801375025371
47500 2.20373982844897
47600 0.5497964154467829
47700 1.6158080959048586
47800 -1.0147915513542047
47900 -1.754816207551511
48000 2.1309983114728235
48100 2.0210224152108287
48200 0.22197094601259687
48300 -1.1591221563113565
48400 -3.0338156984517997
48500 -0.17403902984939174
48600 -3.5091705735325625
48700 -2.5186182677143285
48800 -0.9679905886561087
48900 0.0665376854653868
49000 0.7313974801473999
49100 1.6146751822050769
49200 -0.5937607660799846
49300 -0.9249992599639549
49400 2.038284764120656
49500 3.7512717399309037
49600 2.827108587368166
49700 2.3289169840457635
49800 2.1889505752436276
49900 1.018285564271393
50000 -0.2663286380187326
50100 1.0229413903136035
50200 3.2974319933076726
50300 0.20147501794230227
50400 -0.6594046031241886
50500 0.7434125475087705
50600 -1.139518263421051
50700 -0.15702783279495708
50800 -0.2645067829320973
50900 0.6692184953216753
51000 2.0378390414514462
51100 -1.6904771874383273
51200 -1.7394496745665144
51300 -1.3731590759996393
51400 0.36925526810424786
51500 1.5507581072707557
51600 0.5939178811070389
51700 2.400762062917884
51800 1.3207554741641434
51900 1.2575109885162807
52000 2.4490127859907402
52100 1.032773509949275
52200 -1.381143209390794
52300 0.33617799787117597
52400 -1.4512212219988538
52500 -1.5934452105875192
52600 0.062152039920866764
52700 -1.2947995855971506
52800 0.5569185614863381
52900 -1.7762679137797766
53000 -1.415140571306019
53100 -3.479564974960048
53200 -3.094563017333463
53300 1.0079743652639173
53400 0.2252361897222801
53500 -0.8497555751652206
53600 0.3190882809526651
53700 2.1189408219088026
53800 1.4803173388447608
53900 0.25408799092701956
54000 0.4841998328902016
54100 1.1567467005598961
54200 0.3462327397890017
54300 0.40267187857327363
54400 2.7168959904844017
54500 0.31042823836845196
54600 -0.328498860941845
54700 -0.12705380843159142
54800 0.755696081689599
54900 0.43157140859404436
55000 -2.8838438120387972
55100 -1.2670989057569726
55200 1.249215482573995
55300 1.5142560362168984
55400 1.7973298385154648
55500 1.2285643834346163
55600 0.3159512687579083
55700 -2.033193865215397
55800 -1.6556442193303655
55900 1.1048681277623191
56000 0.534621912040725
56100 0.42456322945794
56200 -1.565204676895905
56300 -1.1495940355065544
56400 0.0423367652193766
56500 0.6366933205657876
56600 -0.11827665512588334
56700 -1.65490339581255
56800 -0.04968376052254561
56900 0.28413139411995586
57000 0.9486969407151389
57100 1.984134513356383
57200 -0.3160788345984007
57300 1.2678150426633887
57400 -0.2110742307282522
57500 -1.2609895075504902
57600 -0.2879141669173049
57700 -0.6105443459381334
57800 -2.534309730917502
57900 -0.018833054066897004
58000 -1.1472615664021235
58100 -1.1577299759480324
58200 0.6523440739479955
58300 -1.0741743516894762
58400 -2.9874641176718253
58500 0.9673076572702755
58600 -0.35675125223324394
58700 -1.8901039242882554
58800 -1.460874106018503
58900 0.15431234271005434
59000 1.0504157693506424
59100 1.5497140390112631
59200 -1.3196546354826235
59300 -0.7588574510200996
59400 2.776117008302936
59500 -1.7373795585284932
59600 -1.1303917431811237
59700 -0.04565437849946158
59800 0.6635545647718849
59900 2.0181439230039473
60000 0.0371422014372946
60100 0.48369519916896236
60200 -0.01743023937309804
60300 -0.5547118297230273
60400 -0.5118529398604694
60500 -0.6823141992533557
60600 -1.1049470609381853
60700 1.2415001156320726
60800 1.3906343270155515
60900 -0.12436981045988055
61000 -0.9199853535530076
61100 0.06325145073937499
61200 0.9756219465223532
61300 0.38268563112575626
61400 -3.394688361140177
61500 1.7404482272991402
61600 1.5153113631217654
61700 1.2247447837025576
61800 -0.22447995803364396
61900 1.9120897850984717
62000 0.11594334265397536
62100 2.035624826262021
62200 0.7468044650671899
62300 0.9581367262808156
62400 -0.020174904374696184
62500 0.888180618379615
62600 1.8007293605230494
62700 -1.1863015624881104
62800 -2.168892155381019
62900 -1.6387889205512187
63000 -2.3151718249781914
63100 -0.05140110556293523
63200 0.46818064815172333
63300 0.17581990137365094
63400 -1.0293308461463964
63500 1.4765949828180729
63600 2.1194251800702006
63700 0.9779118489192073
63800 0.5145388630460705
63900 0.2052152495893712
64000 -1.3739655352226878
64100 0.15775512713329914
64200 -0.5979017381705698
64300 -0.5621739262265983
64400 -1.3535002203513582
64500 -0.5302322125237082
64600 0.565626063467787
64700 -0.43640560333696427
64800 -1.6538061669771074
64900 1.050435804509231
65000 -1.389093953103903
65100 -1.195356746819649
65200 -1.4675497963032573
65300 -0.09540637979100988
65400 -0.5698923555189772
65500 0.6860047913758569
65600 -0.8966546861062115
65700 2.2923442098861866
65800 1.416589915917521
65900 0.9594084574286752
66000 -2.1085790366390538
66100 -1.2721647381420593
66200 -1.7779690592508435
66300 0.3888561142094336
66400 2.6450146577655187
66500 0.14093546487006386
66600 0.4892959124183593
66700 -0.8352030723964325
66800 -2.2134078551335135
66900 -2.17496291552146
67000 -0.8325370633101665
67100 -0.5907866598372664
67200 -0.7411816100985922
67300 -0.3540206620196566
67400 1.9988140802187284
67500 -0.022028958430254986
67600 0.3259272226882126
67700 0.029850697039093266
67800 0.6607034889934107
67900 -2.253233391658429
68000 1.1731079916236067
68100 -0.037395907262244205
68200 -1.6037781120093313
68300 0.7016142555789644
68400 0.4184069342462187
68500 0.7636414663074784
68600 0.6504220106728147
68700 1.3929472415541433
68800 1.018265581758108
68900 1.6993923488622487
69000 -0.08095525802806924
69100 0.48490020202295453
69200 -0.2443711074696826
69300 0.3778920674588047
69400 -1.1511078751389838
69500 0.5188381114336457
69600 1.2215768746729359
69700 3.9221914419279362
69800 0.46374452902402435
69900 -0.8504676096986947
70000 -2.833592847470654
70100 -1.203718294531051
70200 -3.3730967134754373
70300 1.2077964355493915
70400 1.0169094983496003
70500 1.2373068309968287
70600 0.32334076567445813
70700 1.4594400768226685
70800 -1.2590359160143054
70900 -2.7726175783021545
71000 -2.9609909583594196
71100 -0.14049786957379196
71200 0.6253080763032091
71300 -0.39844929231582044
71400 -0.6072625880644871
71500 0.8136174191155268
71600 -0.36784964400036635
71700 1.8225166394855015
71800 0.14069995862786272
71900 -0.2880293865408978
72000 1.229553846652101
72100 1.4625866123849467
72200 0.3059490682194141
72300 0.09048541716747042
72400 1.3968775132036526
72500 -1.4661672362778921
72600 2.3201627389083015
72700 1.761399345208154
72800 1.7489116416154042
72900 -0.174125004103952
73000 0.07154033992010128
73100 1.2323895304924894
73200 0.9423797968665155
73300 1.7059752910796149
73400 0.7953439175219059
73500 -1.61658997150908
73600 -0.6513930706588869
73700 -1.409456303777916
73800 -2.3601369054433716
73900 -1.853403535545653
74000 -0.8515526145661483
74100 0.7868376350866317
74200 1.6014313772773037
74300 1.863400615890845
74400 -0.25367806294613204
74500 -0.6000285741765219
74600 1.3811242530381502
74700 -0.11495525444754695
74800 2.0542036813591595
74900 3.0523704170907195
75000 1.4992305358494198
75100 0.9811122473022096
75200 -0.23946367974435442
75300 -2.0331481185259035
75400 -3.7943948385506077
75500 0.34906072402647675
75600 0.951086418095195
75700 1.173753266891134
75800 1.4194389439535213
75900 1.5434662862913107
76000 -1.124668408031637
