100 0.8524274234379741
200 -1.221928619116201
300 -2.6119211320540554
400 1.0437879841672553
500 0.08020296727413305
600 -1.0904626794263685
700 -0.7211750043724798
800 0.19961592079075002
900 -0.05821032644943386
1000 -0.27114946764824427
1100 3.9052394856760486
1200 3.147101310878271
1300 -0.2667815812806477
1400 -1.154909160449263
1500 -0.7602868650243186
1600 0.9956667707292242
1700 0.03298711023309525
1800 1.3832557595299588
1900 -0.11796026722878387
2000 0.4939488820526527
2100 2.776772180043565
2200 0.8572339795603228
2300 0.46520032821251095
2400 -0.3242845118623376
2500 -1.5723746944473624
2600 -0.16209164228909229
2700 -0.8267619425314572
2800 -1.1460364960805614
2900 -2.608260133098135
3000 -0.9130952516192483
3100 1.445832527760629
3200 -0.48686791794174566
3300 0.11618264316815259
3400 1.3585102452267384
3500 1.1354666457457263
3600 -0.7337229745294875
3700 -0.19821102766186058
3800 -0.29326023484448044
3900 -0.19360094922929547
4000 0.10246294990717082
4100 -0.6425880671357327
4200 -2.1261607581361486
4300 0.6417127989070297
4400 -0.20435231758556627
4500 0.19795532449735354
4600 -0.9180481267050369
4700 -0.45089178743316866
4800 -0.13512535029981565
4900 0.2801820064554058
5000 1.1969440877261084
5100 0.4927084710750144
5200 2.36762738038403
5300 0.254620153223454
5400 -1.544638789091194
5500 -1.0958982317176957
5600 0.7941233473418474
5700 -1.4389279478517345
5800 -0.6964883331714387
5900 -1.6837693511838985
6000 2.4332773425802894
6100 -0.8261703543140759
6200 0.5888029461635873
6300 0.3313104527605463
6400 -0.19843601264016386
6500 0.874141955545126
6600 1.0919875750689976
6700 0.05998190761155883
6800 2.6014226556352043
6900 0.8875923185583923
7000 1.372425947073792
7100 1.1062986839495894
7200 0.3654327010595552
7300 0.5439779948275112
7400 -0.19834511616995917
7500 -2.1459869334471544
7600 2.1927690256326833
7700 0.5167866714100885
7800 -1.5804705613091286
7900 -0.8049862995484207
8000 -0.15437762720064657
8100 -0.7537430987363074
8200 0.11165590396272665
8300 -1.102958634659089
8400 1.273451118655512
8500 2.3821930584304503
8600 -0.48691370954615854
8700 -2.0260598005900317
8800 -1.1343581045552238
8900 -1.0512672276917039
9000 -1.3838075994832217
9100 -0.10927886777029114
9200 -2.0905787387694983
9300 -4.377926651453373
9400 -4.123309514658101
9500 -1.1001713530739412
9600 0.9690154652302818
9700 0.5772469393751709
9800 1.990535402254267
9900 -0.18271556108000014
10000 1.90086459800351
10100 1.3498961754978023
10200 -0.4736078543331858
10300 -1.5622367021875314
10400 0.22056846695112356
10500 -2.0836424305428762
10600 -0.6818565193314321
10700 0.605838259486654
10800 1.4562841780660458
10900 -0.6032877667983103
11000 0.40057532751842473
11100 0.09944134839114172
11200 -1.6756664579566811
11300 1.409714201618401
11400 0.49060574496653486
11500 -1.4850774634743624
11600 -0.3653861613411293
11700 -0.6098328841375883
11800 2.1333878211668447
11900 0.7625664376316597
12000 -0.623946631112579
12100 0.5876749847803957
12200 0.14169707535213563
12300 -0.8107761100237936
12400 -1.3791664510388213
12500 -1.4627225507008077
12600 -0.5997024779305211
12700 0.6068857731990323
12800 2.308435683039374
12900 0.485393427544111
13000 1.6938959258114297
13100 3.5283642654052496
13200 1.8398384152241338
13300 1.055735370640543
13400 2.0192570382034787
13500 0.8348088822447399
13600 2.928279544494977
13700 0.5102571649564809
13800 -0.7063628844560867
13900 -2.614880405707702
14000 -1.227100882812978
14100 -1.1891184254862677
14200 -2.0099882917720118
14300 -0.6679578375086568
14400 0.9881860799453694
14500 0.6372068482163507
14600 3.709401938935575
14700 1.0695052171156187
14800 0.3864923391520623
14900 1.0007214411306675
15000 0.28718825809764104
15100 0.6600001080262154
15200 -2.3204219492446545
15300 -0.560716700203362
15400 -0.9602948404533795
15500 -0.21920772646139167
15600 -1.0540910027199863
15700 -2.033501554494517
15800 -0.8709529839005459
15900 1.2702849356970158
16000 1.67914721131597
16100 -0.9553006611198518
16200 -1.0984419521785682
16300 -2.68671703233863
16400 0.46982600785602063
16500 -2.2254404828670857
16600 -1.4255612925154277
16700 -0.9637040753029302
16800 -0.5015921781508561
16900 -1.3404762177560272
17000 -2.948990974895225
17100 -2.120532707661114
17200 -1.9992021215548916
17300 -0.7589630174210702
17400 1.5883716444336877
17500 0.6028481888949926
17600 0.7069162525440515
17700 1.7797481672551496
17800 2.8639444681548483
17900 -0.04741453684695113
18000 0.4072199561827199
18100 -1.6362630902768158
18200 0.9988079928097298
18300 0.561152015358886
18400 2.00042125058427
18500 1.744638014242751
18600 0.234822729876957
18700 0.5987687568849889
18800 -0.8050878112639706
18900 -1.7975376965009249
19000 -1.2940128527990855
19100 0.7538623895746073
19200 1.4169727831757928
19300 0.7266847721892713
19400 -0.9072774285407301
19500 1.17382320966563
19600 0.785784026226054
19700 2.0277564197128504
19800 0.25138296141047933
19900 1.0386112277262842
20000 1.10282728714112
20100 0.5148851429591501
20200 1.1093903380988088
20300 1.1095891226091243
20400 0.6573207029355301
20500 1.3169518329798857
20600 -0.40455934151726386
20700 0.6223835341718815
20800 0.7341264625827488
20900 1.2456509829903974
21000 1.7174364776666555
21100 0.05833861567375148
21200 -0.131391400795639
21300 0.5976629673827039
21400 0.44573126490789966
21500 1.9861532322113191
21600 -0.23291250644645006
21700 0.3920134651182255
21800 0.4210892457715179
21900 0.23430553682722488
22000 0.34131212013196705
22100 -1.5146354949420442
22200 -2.2509384791262432
22300 -1.4935768697078522
22400 -0.47811574549865815
22500 0.5042384803534925
22600 0.3546829970206315
22700 1.3702783536693464
22800 0.943150283348072
22900 1.7814428379396157
23000 -0.6855963902202435
23100 1.2568627088989257
23200 2.405553330198543
23300 -1.4885268385620545
23400 -0.626935449251633
23500 0.7954699203609634
23600 0.2890777628748208
23700 -0.06315165522656832
23800 0.9161645912177954
23900 0.38492764480206676
24000 -0.9183588587019722
24100 0.05274935370186312
24200 -1.4154456766312475
24300 -0.33594063428066506
24400 2.027686126879409
24500 0.88199582120153
24600 1.1159877827841829
24700 1.1275709630911703
24800 2.531675378944725
24900 3.332536080247876
25000 1.2629661278621231
25100 0.9436854580389162
25200 1.695912324998761
25300 0.14578901501444974
25400 -0.43491345773786216
25500 2.4594323264337037
25600 1.4749382757925458
25700 2.7695692320603724
25800 0.4095646193041634
25900 -0.9168848592810361
26000 0.20418531684802818
26100 -0.9580781643524947
26200 -0.5358513312654267
26300 -1.3057673868697255
26400 -2.7725785058375645
26500 -1.124143256699229
26600 1.9039656244913978
26700 -1.736272517013098
26800 -0.2073027248356683
26900 -1.4324161173471837
27000 -2.987696700927996
27100 0.09254721799954524
27200 1.5788175198420304
27300 1.2499173697572312
27400 -0.5644569156884602
27500 0.08932739114708044
27600 0.24111701373977357
27700 0.2864048043633382
27800 1.1529147109988065
27900 0.5894556131636459
28000 1.4813113213961862
28100 2.1185451760659886
28200 1.7798223663487256
28300 0.1389654225314207
28400 0.210622686182367
28500 1.6316265134243064
28600 -1.220582209023081
28700 -1.5827316151751596
28800 -0.283247201660328
28900 0.4306891060314987
29000 1.039207995855649
29100 -0.14044301721505248
29200 0.8984996295880836
29300 1.1407358289079264
29400 1.443024288176784
29500 -1.77770235910181
29600 0.8554433044688885
29700 -1.5244772891804699
29800 -2.0217110782303336
29900 -3.9778100272335974
30000 -0.19026074327480658
30100 -0.4886782425050111
30200 1.9311680416210535
30300 -0.7014768827352564
30400 -0.3829214299793896
30500 -0.13560362853434432
30600 -2.0495264883071678
30700 0.8593652828544802
30800 1.9070470080945412
30900 -0.038180938816125054
31000 -0.2085578959406415
31100 0.6838648127283607
31200 -0.6598963458361895
31300 -0.06603709366141308
31400 -1.1459927397655447
31500 -2.0521382195017868
31600 -1.0734032503773168
31700 -1.693671282248995
31800 0.4566466259908101
31900 -1.745410462266935
32000 -3.305736369010678
32100 -0.20037213528315945
32200 -0.3967989365530656
32300 -0.5113713921473781
32400 0.04511630943903164
32500 1.5737052894230996
32600 -2.8024469694141083
32700 -1.6515247353237066
32800 -0.22819321250459343
32900 -1.7862271870810515
33000 0.8570639861131282
33100 -0.6923235588524106
33200 0.4060786760152711
33300 0.8330930096745106
33400 -1.0005694545246568
33500 -0.3215290410358988
33600 -1.4420883183632767
33700 -2.0557595608126324
33800 -0.6718537140892153
33900 -2.9968499696347295
34000 -0.699759293215148
34100 -0.046673816038394544
34200 -0.5679439377581998
34300 -2.51828858320845
34400 -1.21753361720266
34500 -1.542270999517787
34600 -1.7968415637686188
34700 -0.39512626730102823
34800 1.3359386315072708
34900 -3.3301821163177694
35000 -0.4267994753229943
35100 1.3087054566191352
35200 2.727610295638098
35300 3.398316287998405
35400 0.5108096334421
35500 -1.3220170289867479
35600 -0.48704404899906756
35700 -1.774892685615643
35800 1.5787453750901261
35900 0.31499179085360357
36000 0.7160350114001892
36100 2.5197096917107773
36200 1.6728403283210749
36300 2.3535845891510188
36400 1.4521834352986338
36500 0.524066543043483
36600 0.43770758362436374
36700 0.07243639459336498
36800 0.5583069556371492
36900 0.4016094065357743
37000 1.847881195623508
37100 0.44326709424889277
37200 0.9277791835174656
37300 -0.6353252044823612
37400 0.5798144817419508
37500 2.415260981449014
37600 1.6063636799442926
37700 1.5785736720324088
37800 -0.07702756455455195
37900 -0.0955601226209099
38000 0.8361620001359016
38100 3.5190714967830434
38200 1.4210509184665499
38300 1.6564167965936325
38400 2.170038603587242
38500 0.3185208653474534
38600 0.09790574551059184
38700 -2.253057134523816
38800 -2.6443166515667578
38900 -0.7919576672925628
39000 1.0489437218000321
39100 0.14763445058454955
39200 -0.6579619826254043
39300 1.2160086624685575
39400 1.164121255418614
39500 2.7299521890763523
39600 2.465122665493531
39700 0.2565974564415094
39800 -0.9826361840202262
39900 -1.0282901199023375
40000 1.7575377718470444
40100 -2.1110532428436244
40200 -2.1375240584388786
40300 -2.014188935761871
40400 -2.4282999650366226
40500 -1.5027469158353781
40600 -0.07987668915228321
40700 -0.9099904974832875
40800 -0.6655532446579762
40900 -0.4894456324374325
41000 1.2423025315007756
41100 -0.3513718565461656
41200 0.42397563363626906
41300 0.19206710665274368
41400 -0.02671154151266225
41500 -0.5220566354271253
41600 0.3317035527165231
41700 -1.4579614124665157
41800 -1.8106946407895472
41900 -0.9209987719234347
42000 -2.0175997028799584
42100 -2.10247416230338
42200 1.7796894098346074
42300 0.8275618157017821
42400 -0.05802827025130258
42500 -0.8447996338271433
42600 -1.118000873618706
42700 -2.7522321490169857
42800 -0.008787178924209882
42900 -0.8490758494659234
43000 -0.12151161164615643
43100 0.20220842653035576
43200 0.8013925705068707
43300 1.0848437804322661
43400 0.18573721550252054
43500 1.1787127535523758
43600 1.3528496027686685
43700 1.3240710698044937
43800 1.5924485037831073
43900 3.0072022688812026
44000 1.3644388311331113
44100 0.13926829331003182
44200 -0.14392993598676485
44300 0.3034259131836983
44400 -0.5587570034132512
44500 -1.9896083125725201
44600 -3.205422937437416
44700 0.24557932849259734
44800 -1.8731044848033769
44900 0.9768722196223973
45000 -0.4301615187886674
45100 0.5176769250492637
45200 -0.8807497023564435
45300 -2.2247586920429057
45400 -3.1391185471159027
45500 -4.117951186052248
45600 -3.1665715872936566
45700 -0.05069046867949717
45800 -2.2506209928704535
45900 0.1468995315489512
46000 -0.6750196060699826
46100 -0.3051824405305328
46200 0.2599394342315056
46300 -1.0739597006443384
46400 0.10130545656406703
46500 -0.48873367576153254
46600 1.1411576880948842
46700 0.5090989490049562
46800 -0.16926888160549117
46900 0.3333019757190011
47000 0.6355336763974563
47100 0.35791025489922235
47200 0.7274484663177248
47300 -0.22015952163674468
47400 -0.8408451456079109
47500 -0.37253683686321937
47600 1.706824016153193
47700 0.03608877586608328
47800 0.4130728675988438
47900 -0.3010445246849132
48000 -0.8265899517489159
48100 0.5997588695196734
48200 -1.5600580254814767
48300 -0.8261122732934998
48400 0.8129795893798701
48500 -0.7778356400092101
48600 0.9972578413166429
48700 3.6950794500231345
48800 0.4113040299326442
48900 1.9320582336722505
49000 0.016095762274528164
49100 -0.3556242657103401
49200 -1.7894928212941352
49300 -0.19692325243944897
49400 0.792802648282894
49500 -2.027720606124756
49600 -2.4700373120267467
49700 1.13712799645076
49800 -0.5947320875497984
49900 -0.3552291046880471
50000 -1.37364779773346
50100 -1.865809779170376
50200 -1.297575894279177
50300 -1.2631541833429583
50400 0.5250150540732518
50500 0.6939559484321196
50600 -0.7299506129475035
50700 -1.527764156636446
50800 -1.1796208171232956
50900 1.9870013166075968
51000 1.5712923595549422
51100 2.3766750428810406
51200 -1.277010345994402
51300 0.6088886029769419
51400 1.27424443488575
51500 2.0118491065540205
51600 -0.2774303933662991
51700 1.335621475126861
51800 0.14035880288523644
51900 -0.6607750601526601
52000 -3.091997861843477
52100 -0.20588455013262646
52200 -1.711545819237574
52300 -0.1406784001647624
52400 -1.5539016844746756
52500 -1.5748556501616842
52600 -0.16805624494770416
52700 -0.22179638214976882
52800 1.2855571242204142
52900 -0.5331201139015376
53000 0.7730829089580931
53100 0.009434695520987024
53200 -2.0028285438958995
53300 -2.3053341779394763
53400 -1.2543394889897417
53500 -0.8628062945412496
53600 -0.4563767584586993
53700 1.2673174008737425
53800 2.269061340499573
53900 -0.22655113037796604
54000 0.2684068441707238
54100 0.30743448511934107
54200 0.6324403964223624
54300 -1.219612949791757
54400 0.6131774449417293
54500 -1.496507193215766
54600 -0.4928961245259042
54700 -0.5934417387792441
54800 0.3935809627899728
54900 -0.4054836719154554
55000 -0.26009145964916697
55100 3.7078746129795337
55200 0.27692587443150246
55300 -0.5566265181881274
55400 0.6446739999382395
55500 0.7476201120884216
55600 1.690482399626221
55700 1.5790889344497736
55800 -0.4833416300258801
55900 -0.020589552405353595
56000 -0.04163368498351974
56100 0.19839260247316226
56200 -0.34880765405175795
56300 -1.82429550219573
56400 0.7072233166019111
56500 -1.3819295828325435
56600 -0.5631469976050607
56700 -0.043933896432371417
56800 -1.241135938512586
56900 0.17894758030912472
57000 -1.6930697354881017
57100 -0.9602459305630218
57200 0.35407371123618675
57300 0.5484311701283366
57400 3.0572079743251095
57500 1.1004525369838571
57600 0.3019294066601086
57700 2.351133798697094
57800 2.1992670076822503
57900 -1.5985821858592697
58000 -0.3528514835947808
58100 0.4626888789092679
58200 -0.17611264327403978
58300 0.0401446399827205
58400 -2.4189698749904998
58500 -3.6891425143025502
58600 -0.617902307455581
58700 -0.13122445471122757
58800 0.3896182130757785
58900 -3.1906985923186526
59000 -0.17075766127668002
59100 -0.601544479697727
59200 1.7328200323277483
59300 1.1478794020018566
59400 0.7792326143696122
59500 1.2838420744806458
59600 -0.428837470669489
59700 -0.47435740782939156
59800 -1.0552260086222551
59900 -1.3947239107153273
60000 -1.936211268146575
60100 -0.7727106951047602
60200 -0.36797393202033607
60300 1.1908669175609312
60400 -2.666100109031034
60500 -1.2303187914585025
60600 -0.46532315941634955
60700 -0.1510919850009162
60800 -0.31265452332518223
60900 -0.919607255134117
61000 -2.1359415665103545
61100 -0.32270305245431524
61200 -1.7938277415417243
61300 -2.3784419041357827
61400 0.8261083076260705
61500 -1.8146495856250044
61600 -1.1408560011401074
61700 -0.9714386115184532
61800 -0.24903677790984008
61900 -0.3055159713780434
62000 -1.1534418047587394
62100 0.6885033857052871
62200 1.1559931843192774
62300 0.431603862952685
62400 -0.27023825575359484
62500 0.8130500966830434
62600 -1.7764331186352997
62700 0.9501328722286582
62800 -1.572777756409685
62900 0.5137894731137549
63000 0.41404089011940953
63100 -2.288571459616174
63200 0.62113285451373
63300 0.8916375020616905
63400 0.12044592268519866
63500 0.6471894565355876
63600 0.788531760329328
63700 0.7038611809087587
63800 2.2325829847436376
63900 1.8683568186727422
64000 -0.08573880006182517
64100 -3.3047784602048815
64200 0.07166063632548636
64300 0.8717749513571256
64400 -1.8663983877604065
64500 -1.7638864521059556
64600 0.0038432373326894587
64700 -1.6912831650709421
64800 0.16592088994525023
64900 -0.17497230351061377
65000 1.9617344560551417
65100 2.3519313562755113
65200 -1.0038522010608877
65300 -2.0413255753491635
65400 0.32356276828048663
65500 -0.196318719561909
65600 0.18910780370681313
65700 0.7065336229310848
65800 0.5205263391116053
65900 2.075302774889471
66000 0.8522898519383368
66100 -0.5040081115051083
66200 -0.6601586642226935
66300 -1.4144925800145138
66400 1.5048130519645582
66500 2.0264536506401947
66600 -0.6316139834046302
66700 -0.007765819093997206
66800 0.8521285337333897
66900 2.2106525774277572
67000 1.3767837568140513
67100 -0.3890103909711412
67200 2.001685918543092
67300 -0.4162095567662419
67400 -1.3430109596361797
67500 -1.5717851447128923
67600 -0.28542288872906957
67700 2.4269181148586254
67800 0.3271139931636098
67900 1.7542686248312402
68000 3.3521361465126502
68100 0.35790024422858985
68200 -0.6432610079430681
68300 -2.097792192609516
68400 1.7712891721986788
68500 0.9241951370438133
68600 0.8386175063821877
68700 1.9045333709165413
68800 0.6980814426923005
