100 16.35873995241551
200 12.137868737456106
300 13.066500420612455
400 8.819621418396085
500 12.109379337404876
600 11.743444553778229
700 10.957412324273012
800 10.358804169720495
900 10.587461468541628
1000 15.13207217388369
1100 10.072653037035003
1200 10.631145149380101
1300 14.006072743022294
1400 15.172551556785299
1500 11.34553369540878
1600 14.139410838365515
1700 17.35330083960787
1800 10.819551328468885
1900 16.362484426353223
2000 12.775545309145928
2100 10.995553894927717
2200 12.026993014997315
2300 6.570545737804881
2400 7.845622633438941
2500 13.150924687390193
2600 11.415655224928651
2700 11.557805489766313
2800 10.303138023278597
2900 14.052286311736758
3000 13.919079085229962
3100 6.817427975729978
3200 12.441694353742653
3300 14.485937652495643
3400 11.800609870319473
3500 14.415149539324302
3600 15.96259024946107
3700 11.418418989101193
3800 13.201218421247065
3900 8.833761930484696
4000 7.356768526073224
4100 15.458574005167872
4200 12.478088238564457
4300 12.151349638564996
4400 11.987745260724871
4500 9.582379987654642
4600 10.768251594802958
4700 11.717951090948146
4800 12.477026094659694
4900 9.657655080443561
5000 12.184248866506731
5100 12.61048816438407
5200 12.974510659252676
5300 10.446616328004682
5400 13.798651182849161
5500 14.791685631557604
5600 10.86332303217377
5700 12.380227008583498
5800 14.633329534174674
5900 14.40907290071818
6000 12.574073097088899
6100 9.98125294191634
6200 12.675273767203938
6300 14.149262071330623
6400 10.483413072009567
6500 7.268999557839578
6600 13.766699431502781
6700 12.538560282968124
6800 11.23791441559716
6900 10.524612832770503
7000 11.647856398818787
7100 14.192905747345229
7200 11.829218226403814
7300 9.396460180430068
7400 13.324261118771583
7500 12.543314467366406
7600 13.59030190255967
7700 12.355462849439698
7800 15.784644353353821
7900 12.197967188686683
8000 11.769690595992207
8100 11.796450909949757
8200 12.553060325277805
8300 13.88411607241362
8400 14.596579319109628
8500 7.182479026337261
8600 11.014531705513896
8700 15.512206678766724
8800 10.518441990562854
8900 11.564327046664271
9000 13.202136044289189
9100 13.804546175384758
9200 14.878859144481206
9300 14.545616983032481
9400 8.916172896336297
9500 11.97286912177429
9600 13.927781180098991
9700 14.31978734684634
9800 15.500641521491346
9900 11.468795580839078
10000 10.549156467015418
10100 12.64026247891789
10200 15.1496112093752
10300 13.140486492086945
10400 13.216502423817069
10500 15.849967698277158
10600 10.741218107081432
10700 10.38756159895757
10800 10.11453560365299
10900 16.5526785599428
11000 12.952109677100486
11100 9.628791842080451
11200 14.33178177960419
11300 15.898435268713289
11400 11.75685380844239
11500 10.186334280542736
11600 13.103288065742094
11700 11.661123094039038
11800 13.159265303858657
11900 14.647120661184001
12000 13.537120853916706
12100 14.591293389972337
12200 12.80940779909733
12300 10.163665985968132
12400 13.234306171209584
12500 13.669144783981588
12600 14.256304008985676
12700 14.879462983126338
12800 16.333692761695033
12900 13.824702741105089
13000 14.075384703689489
13100 9.862203743867042
13200 13.189291023139647
13300 11.890019656581988
13400 11.863954732303851
13500 14.256812273128043
13600 10.26737177337606
13700 12.338536287628285
13800 14.91834837236672
13900 14.274956977000912
14000 10.183318435086038
14100 15.833566893147847
14200 12.682224278243837
14300 11.76917881704129
14400 14.994604749525596
14500 12.33679396612908
14600 11.180463370289836
14700 10.831034450186234
14800 13.231174732962879
14900 13.245992649190534
15000 16.51044878143654
15100 14.144943640078928
15200 14.648937628156297
15300 15.309904531584264
15400 10.806042142201916
15500 14.872054670807845
15600 8.615556663131754
15700 11.351225518522183
15800 13.589970238912276
15900 8.22122862514375
16000 13.975887213217346
16100 9.88071784701628
16200 13.096850759087383
16300 13.480582724408293
16400 13.805197010520358
16500 12.667209745512658
16600 8.451484853593564
16700 13.040535012351528
16800 11.179491302546507
16900 14.509537219308962
17000 14.082626030283269
17100 15.196026249932338
17200 14.769421743028712
17300 8.365174680588703
17400 13.46307224607837
17500 12.940983484355758
17600 14.341064509574164
17700 15.20665400009563
17800 12.625915404002026
17900 12.253785709875867
18000 11.565791098546635
18100 11.670702533744134
18200 11.165404690714528
18300 12.998057745871161
18400 15.468115387465865
18500 11.178727352058344
18600 12.576761773139092
18700 14.450946970133073
18800 14.048430044237412
18900 13.23570111946372
19000 15.838530661480133
19100 12.327917823090784
19200 14.319219848902407
19300 9.891629196978288
19400 14.27984887773332
19500 15.633003312811024
19600 11.192563611023065
19700 14.228567916502882
19800 14.905384878992946
19900 12.769055015684133
20000 11.016177899277599
20100 15.308487750792661
20200 15.310011721826703
20300 16.85385431421239
20400 11.15858243277728
20500 14.116929682762496
20600 13.312518320640008
20700 8.990214902738304
20800 10.098699984663483
20900 16.92863572023645
21000 12.644612999778747
21100 12.393787212040534
21200 16.401803503210047
21300 14.149544541307016
21400 15.677344769518237
21500 17.628051677461272
21600 14.23196902434511
21700 13.538911455794107
21800 14.309459333612477
21900 8.114332759671539
22000 13.185075670190583
22100 14.481554800230652
22200 9.825113188547622
22300 15.97244381752729
22400 12.960360617652507
22500 16.2527756720108
22600 13.479634881499937
22700 16.067749209365026
22800 15.128678125394394
22900 12.065029100579366
23000 13.146171959683068
23100 14.596826914544721
23200 11.032699053459801
23300 16.2134217345984
23400 11.461570203021699
23500 15.156387406759075
23600 13.840246835320027
23700 10.79874063330381
23800 12.722393991980274
23900 12.007998296003297
24000 10.03775907551267
24100 13.95437297605977
24200 13.249126944503375
24300 12.005686368344804
24400 12.988902137449013
24500 9.937071988111109
24600 14.80535056337734
24700 14.943233007915952
24800 13.056775627323852
24900 12.025984553563527
25000 14.48833707567282
25100 12.379502003655933
25200 14.537462511442914
25300 14.249299085445545
25400 11.27522910244588
25500 14.456197504750733
25600 8.604602686447945
25700 12.9246528992435
25800 15.617815305335808
25900 13.851054841275404
26000 15.287468773622765
26100 13.260625436228635
26200 10.541034434882212
26300 12.022523210155075
26400 11.352196503664794
26500 13.565056570732509
26600 16.399890287806116
26700 13.960987198255493
26800 13.310624351495278
26900 15.652089203459699
27000 10.880987154191915
27100 10.695882773426405
27200 12.567102108858938
27300 15.643064817173174
27400 13.143194934398737
27500 14.74962748714485
27600 14.01867381139059
27700 9.926561442108895
27800 14.08536084319695
27900 10.488096782492773
28000 8.833258314908438
28100 10.026813596989442
28200 12.733134803110937
28300 12.709360651645499
28400 12.744612445673686
28500 13.419203938833615
28600 14.416800195185033
28700 11.722440220076708
28800 15.147317837801289
28900 8.585084015897396
29000 12.226161531655238
29100 11.861444436257985
29200 7.9807599017649835
29300 15.289002592407204
29400 13.201110759785404
29500 11.760370131011502
29600 11.515643272230976
29700 11.982834186614502
29800 15.714380452366258
29900 10.540295723586151
30000 13.125249957768181
30100 9.142776497607072
30200 14.292309398424178
30300 13.706130663688995
30400 16.27834598792019
30500 13.874651505115102
30600 10.58942091420075
30700 14.935892469976897
30800 12.100682760905512
30900 13.950999696436362
31000 12.181464160808712
31100 14.051797771560508
31200 11.320981078576395
31300 12.772332041610712
31400 16.979972493220245
31500 13.71425243903143
31600 9.244219092608194
31700 15.062183592770317
31800 17.47307583994845
31900 15.8782241158417
32000 9.714494267586511
32100 10.577293091787087
32200 15.229441770107774
32300 11.7725665814337
32400 12.077919472381081
32500 14.348356190146418
32600 14.58357515673797
32700 14.407346849432372
32800 17.426320139040875
32900 13.2487762688714
33000 10.591639875910179
33100 12.753785613940986
33200 12.401905593813984
33300 11.845253758101267
33400 11.817038707353646
33500 14.842087258875466
33600 14.358430123982057
33700 11.839816395860561
33800 11.072116234285849
33900 12.88135679667848
34000 12.830053979400516
34100 8.12959942314547
34200 8.506134147839344
34300 15.232919328117225
34400 11.275825708606781
34500 14.020206507822097
34600 13.089903516363847
34700 14.992930946533095
34800 13.050149199181595
34900 10.651509821038148
35000 10.585412626866061
35100 11.793721875521443
35200 16.901466374637764
35300 15.112250728974278
35400 14.953612369136524
35500 15.791676653244528
35600 12.976377172248949
35700 16.6544108006524
35800 13.120889633250883
35900 14.032353337528331
36000 13.76756951473817
36100 11.263927721920204
36200 16.82087563045757
36300 16.674061831135063
36400 13.156431695469164
36500 10.794776206814415
36600 14.566097789443448
36700 14.380108788857854
36800 13.799855094660497
36900 15.106494470748753
37000 13.285490140086255
37100 16.257877474759766
37200 12.154959612088852
37300 10.25788864368624
37400 6.4142609982131
37500 11.868413754336956
37600 16.463900914698005
37700 15.66715433876657
37800 13.790780327860256
37900 13.642628941965489
38000 14.279149053216281
38100 8.783070251342211
38200 13.200566896226018
38300 7.511363311042198
38400 13.708892879237613
38500 15.320288932890104
38600 11.534570718081197
38700 15.180583802505165
38800 11.355289274754416
38900 14.736309068953243
39000 15.789720497081111
39100 13.790272182832586
39200 9.694129775789982
39300 12.51985564878187
39400 12.303996543992318
39500 10.284635264758013
39600 8.213470071934719
39700 12.474594741319597
39800 12.97560736311662
39900 14.984660616295141
40000 13.488436904517835
40100 11.826183482250485
40200 11.995151682946656
40300 13.94391108424692
40400 13.461901384329309
40500 13.794048023131088
40600 13.209166135149273
40700 15.197477079789907
40800 14.20978149515123
40900 14.747010610770724
41000 14.949881883727494
41100 15.749278416410442
41200 16.115314464814738
41300 13.903592081001078
41400 16.32455785914299
41500 16.862785943815812
41600 16.01373609539189
41700 10.576590193530869
41800 12.493144497567737
41900 13.421486724782564
42000 13.407477416864687
42100 15.27528771564464
42200 14.141320824208545
42300 13.39587084034064
42400 12.438902834812486
42500 7.723212159369075
42600 12.604953717352867
42700 14.011972341399806
42800 12.13013819964741
42900 12.41607975288074
43000 14.892239322681293
43100 10.919169040194335
43200 11.094344329413778
43300 14.808838292757555
43400 15.135062072234108
43500 12.054105938612256
43600 13.966297186385559
43700 12.146690208900694
43800 13.712467706382082
43900 13.400552640540326
44000 13.60975067789461
44100 12.318786077798025
44200 9.480274272768389
44300 13.63620098067711
44400 12.817658711083162
44500 6.172297977850588
44600 14.15089910210785
44700 9.129470416472305
44800 11.379699776570186
44900 17.519033763587938
45000 12.356756164258826
45100 12.683966787604161
45200 12.50313097526737
45300 11.778427671021909
45400 11.263114235380304
45500 14.475141641329769
45600 11.423444407584954
45700 13.305929647170036
45800 14.954007197236608
45900 14.461380617141952
46000 15.596557116295974
46100 11.409968944435242
46200 7.090188225741278
46300 12.30567240739261
46400 12.385390533824857
46500 13.154038353326305
46600 14.774414067787456
46700 16.543650711538923
46800 14.925223859568414
46900 15.239874403388256
47000 14.51728188030281
47100 13.322578694932968
47200 14.85624030379552
47300 12.176752281046008
47400 13.749293565090138
47500 11.918411060258807
47600 17.222927649137556
47700 11.260641628802837
47800 12.249698845845662
47900 14.721695826522978
48000 11.95096752758044
48100 8.545464032235033
48200 12.72445046570025
48300 13.798360028471269
48400 14.014574664067702
48500 16.328345736021625
48600 11.644738900540576
48700 14.542338918585491
48800 13.875644585826787
48900 10.643799988014576
49000 11.134359433291701
49100 11.023749611636411
49200 15.73076589357993
49300 15.196358449361123
49400 12.41905735597476
49500 14.886703911204876
49600 11.115154769988067
49700 9.371766264371331
49800 13.709712699818091
49900 10.374024157743055
50000 16.323685935690484
50100 11.974839928671335
50200 10.082519477277263
50300 12.397651527426124
50400 13.727707185133665
50500 11.384319588241896
50600 10.935015276468638
50700 13.32537963445384
50800 12.79790899766947
50900 11.248234016748928
51000 11.044897254284123
51100 15.251026046998506
51200 10.576761503931206
51300 12.57398406799881
51400 14.38266244314701
51500 12.111055169972712
51600 15.360576175789976
51700 17.014509948310113
51800 12.447515722104285
51900 11.581071171576617
52000 13.768624263115578
52100 12.975001719686954
52200 13.796245878090717
52300 11.698711025375887
52400 13.889002466476247
52500 10.601623603122484
52600 14.718003358780486
52700 14.033600945565933
52800 15.371629623599354
52900 8.289686374601217
53000 11.756434270201387
53100 12.660954634693741
53200 16.144719037795685
53300 17.044169854834834
53400 15.195204529603851
53500 13.760356950934828
53600 10.970366318641924
53700 14.52815145362144
53800 10.681676587243153
53900 15.497933222461645
54000 9.953337742245179
54100 9.063517628534651
54200 9.376421181612528
54300 14.001562879523979
54400 11.613955957960245
54500 15.156473469169699
54600 13.922881953023657
54700 11.47289020899665
54800 11.382040102536191
54900 12.764464182883575
55000 13.91744522455053
55100 13.525413517796581
55200 15.123606246667645
55300 10.231618595079969
55400 10.933385399089348
55500 16.15697219215936
55600 13.623123399726406
55700 11.09565545517768
55800 9.991282218890825
55900 13.884286569887788
56000 15.502811624153555
56100 13.613612071775936
56200 12.26705100218983
56300 12.126087530848308
56400 15.871723002172928
56500 15.15312089452848
56600 12.8821390706314
56700 11.619169389330507
56800 13.204681906698923
56900 14.192463252894088
57000 13.07062145450719
57100 14.218051438439593
57200 13.35016705588663
57300 12.46971938725144
57400 11.356413235243382
57500 12.72136018758537
57600 14.053855921045585
57700 10.070725887087141
57800 9.744564857738819
57900 13.326673037457406
58000 11.940904272328352
58100 16.30766203170446
58200 16.56793279914483
58300 10.886084938963215
58400 8.304217517896737
58500 15.057360089266954
58600 10.17585546149834
58700 10.20072766964246
58800 10.94584046810564
58900 14.185173072047407
59000 13.028149712672432
59100 12.373814460966342
59200 15.362197318665501
59300 12.420356482512593
59400 15.290742961010373
59500 11.867943868672416
59600 12.079587882880032
59700 12.746421673483598
59800 15.991901479487831
59900 15.910750792214465
60000 14.392961660940909
60100 16.273580272452982
60200 14.001938245891536
60300 10.277285676544759
60400 12.976141398698122
60500 11.152791161812457
60600 10.35368997216676
60700 12.77258586539387
60800 12.488495206174033
60900 16.38432912442909
61000 16.39158178048834
61100 13.327984102572614
61200 9.32374793823652
61300 14.106750694560727
61400 15.114783920712275
61500 11.938268550366125
61600 14.339982229215542
61700 13.039625500490201
61800 11.33332161293333
61900 14.152063144074415
62000 11.602108193241602
62100 10.456703399009953
62200 15.925861781554149
62300 11.661809408911914
62400 14.464675524597721
62500 13.11617461859616
62600 14.989099321801115
62700 12.736348532222383
62800 11.27566880396086
62900 12.487168174061946
63000 14.701510355669328
63100 13.12993987632728
63200 14.622296892723035
63300 13.361433027174424
63400 12.768912283435567
63500 15.300101628108308
63600 13.237528776533198
63700 11.71187587093081
63800 14.817607570505826
63900 12.922539440738653
64000 15.210698200698687
64100 13.714041533918175
64200 7.325459114139544
64300 13.556960738943445
64400 15.880793218176871
64500 16.436331918758412
64600 13.308148939765394
64700 13.555386963537389
64800 14.058181222473657
64900 13.053754602372367
65000 10.33833948043565
65100 11.842549243425378
65200 13.65090608946452
65300 13.247160860621108
65400 13.295270928056073
65500 11.006879659928984
65600 12.566651440486966
65700 8.428638046929823
65800 16.09468496206348
65900 10.464029260704322
66000 12.050011078124735
66100 12.189825444687514
66200 11.426228107464501
66300 13.86053788610622
66400 13.570665240799872
66500 12.789545196301816
66600 14.618585791418672
66700 16.600852666689445
66800 13.487059726519318
66900 5.747798482555529
67000 12.558178909615991
67100 13.48921562057608
67200 13.132430630127036
67300 14.928945973541305
67400 16.989471054141944
67500 11.720960902860474
67600 13.241982300688925
67700 13.606691486693977
67800 15.636505442406815
67900 12.120195324758141
68000 13.286813092776265
68100 13.090896249429917
68200 11.259252424077648
68300 14.85620809465078
68400 11.297253702177922
68500 8.465364386519488
68600 12.892491118115586
68700 12.058324317463816
68800 14.633589937136973
68900 12.82935605950406
69000 11.049880834764911
69100 16.364797866949743
69200 13.609195143681804
69300 12.43705697507526
69400 18.04461235908141
69500 13.988314058304699
69600 16.54757197071438
69700 8.112377222043428
69800 13.08764374737515
69900 13.17045762544315
70000 13.739546494484184
70100 12.489248084965547
70200 14.484880998667832
70300 10.859949577775394
70400 9.408084151920304
70500 15.298049997009208
70600 15.452514211154805
70700 11.746378215397863
70800 16.074033061947627
70900 15.272986040352865
71000 14.034053475817219
71100 16.69923869581121
71200 12.483019284257058
71300 12.563072849933235
71400 12.10667017690772
71500 11.377313596897164
71600 14.15164878393701
71700 14.28833479900933
71800 11.552775321833861
71900 15.346875586864313
72000 16.772481317329483
72100 15.792041728754485
72200 13.238514439483184
72300 9.129528271247468
72400 13.953927618192099
72500 13.431995487207686
72600 16.582881000558533
72700 13.66366533597339
72800 8.693500876786755
72900 14.022252040324295
73000 13.325503003268809
73100 16.529068501332176
73200 12.995249378979933
73300 13.208903041171443
73400 15.505251358229177
73500 7.580831062103471
73600 13.911702975111611
73700 12.30218603864874
73800 8.92156039105015
73900 11.893422613755584
74000 12.563529348969073
74100 14.22880665059751
74200 12.360514533115449
74300 11.940056909401784
74400 13.392276197532414
74500 12.672241711490647
74600 12.596117219299963
74700 14.440468869140942
74800 17.755161180730962
74900 10.089769633557967
75000 9.810229508428595
75100 13.271943400621952
75200 7.7051246996210985
75300 11.981228449013953
75400 15.633092391951264
75500 9.621952141048084
75600 10.52871631783201
75700 12.802115492439459
75800 13.537556680778106
75900 13.519900000321599
76000 11.799882744570109
76100 10.413547096811758
76200 12.698249544820884
76300 9.157798843339584
76400 11.524125692942334
76500 16.028433287648493
76600 11.894743573684748
76700 14.245719745687849
76800 15.88596170575308
76900 15.452990886361679
77000 12.559687496335767
77100 12.173667238324631
77200 11.648486180536498
77300 10.63068368979065
77400 12.337964032005521
77500 10.07318014032213
77600 10.612308902918022
77700 14.419918990922202
77800 10.860561483141451
77900 11.445450410979893
78000 10.601823403592716
78100 15.182067224697915
78200 11.934913146742895
78300 12.661561053609324
78400 12.929587665409052
78500 14.400992986108157
78600 13.018990162935577
78700 11.57730032464083
78800 12.983742747628812
78900 13.768900912291333
79000 13.064268468588612
79100 13.616178229188433
79200 16.669545936415165
79300 10.832976224194086
79400 12.793323573251788
79500 13.682119072651899
79600 8.145618737385858
79700 13.272035700896863
79800 15.405885734693454
79900 10.255667055106525
80000 10.696295893614243
80100 14.364522608340778
80200 13.10173744817454
80300 8.976439158612285
80400 12.082594460532794
80500 9.128503868313588
80600 15.032501809743017
80700 10.148751352405057
80800 10.68231800089697
80900 11.603209941607657
81000 8.192610678035514
81100 10.873362811631601
81200 13.826419862272813
81300 15.139557298656
81400 15.27909293270065
81500 10.806010567103392
81600 10.5270877173367
81700 14.530657761777196
81800 12.52625436905289
81900 11.094363543503025
82000 10.690814000800053
82100 13.7057930753581
82200 11.092932849453955
82300 12.840072973151003
82400 14.14406931736757
82500 8.106685936676506
82600 15.141289747715549
82700 15.240816630543128
82800 14.640400255689181
82900 15.446676888890355
83000 12.54658450857325
83100 13.25478116826361
83200 13.097329238859247
83300 14.855941019590066
83400 13.088839106116103
83500 10.646518910335379
83600 12.596986355975114
83700 15.751511700839043
83800 13.307889059578478
83900 9.875091242452383
84000 10.648111593191269
84100 11.788675265642544
84200 10.512490306314373
84300 13.968464018442566
84400 14.200043358225546
84500 14.394953397854874
84600 14.219946343324647
84700 11.61656240076631
84800 9.231278318989697
84900 12.583364322588297
85000 15.855610262423047
85100 12.088137536077515
85200 14.112533101683246
85300 9.975020407415252
85400 14.54550391953101
85500 8.70028803038351
85600 14.111846542661254
85700 12.73240709301629
85800 11.685457105402875
85900 9.253019867710906
86000 10.23647576101869
86100 7.15993299374479
86200 10.049254201808395
86300 15.113863050756473
86400 14.002681466702523
86500 13.22299539951128
86600 15.818858918256742
86700 13.351186783292182
86800 16.507641341970636
86900 8.972856533659463
87000 12.09354960810448
87100 14.100374525701243
87200 14.341734600711028
87300 10.439897283257196
87400 11.606832567603915
87500 11.05121160566361
87600 10.654680923613464
87700 13.945367764416408
87800 11.938513985776238
87900 13.542445322657969
88000 10.053342214557247
88100 10.805305648915839
88200 9.837588770399837
88300 13.9151314082678
88400 14.360557435174192
88500 10.228205484701446
88600 12.68748313234777
88700 12.266465694692112
88800 12.662756400188071
88900 11.846283779104217
89000 7.437330649453723
89100 14.274343397487248
89200 9.048489294281037
89300 11.635577314338162
89400 14.482405384910095
89500 13.954446590695808
89600 14.181140490703838
89700 15.520383350776509
89800 12.755249067254894
89900 14.165695410965505
90000 9.982169520032212
90100 15.20669166834265
90200 12.798813474965623
90300 10.371566113101139
90400 13.928568919256836
90500 9.840791600837418
90600 11.191188338584967
90700 11.428652843090259
90800 9.957682415542806
90900 12.329531202647486
91000 13.830276258039193
91100 14.47557058857982
91200 14.75580375318892
91300 13.626253721336695
91400 12.33000903250175
91500 11.09803830837079
91600 13.770560037878251
91700 15.635913782438031
91800 10.470250349331252
91900 13.411270189657387
92000 12.470191141594992
92100 13.774592233652156
92200 8.225271225002446
92300 11.45847624011207
92400 8.704529370794344
92500 11.194715448872781
92600 15.170266933265111
92700 13.8788230406296
92800 14.008308281485796
92900 15.3742317746374
93000 10.360472366762577
93100 10.674073958026066
93200 15.407655998696786
93300 14.448665046084576
93400 12.350842309440724
93500 14.171421127108855
93600 13.814074391502164
93700 13.534356695672178
93800 15.346946712245643
93900 11.407365516564294
94000 12.826056430416044
94100 13.116374431577155
94200 11.86541733843046
94300 10.110836920923967
94400 12.971606111104865
94500 11.737524908911452
94600 8.13839564350797
94700 9.29544034297115
94800 15.293160979919877
94900 10.64234972677407
95000 14.06135650398436
95100 16.857221294781894
95200 16.990265802623576
95300 13.048574826901202
95400 17.50472823556406
95500 17.12064247422884
95600 15.912498499114829
95700 12.956869427078306
95800 12.06162785805512
95900 14.78427378248083
96000 13.742960353126145
96100 12.077699363224658
96200 16.21088824276987
96300 12.476932986900492
96400 14.450456350094354
96500 15.749335396763122
96600 11.792274845961927
96700 11.737814635800946
96800 14.905442159188684
96900 12.218437683517882
97000 14.338380553193367
97100 16.69352204948873
97200 15.603788695563678
97300 11.448522843122486
97400 14.569451328801179
97500 15.821143424224259
97600 14.837111393929813
97700 13.41507556964353
97800 12.667107571645456
97900 10.31351328135187
98000 11.608074806452226
98100 15.32202888838353
98200 17.977070168437283
98300 12.796693429865678
98400 12.920694045234283
98500 13.691642282700586
98600 12.085132854956653
98700 13.894751468986536
98800 14.514893619537634
98900 15.889522142578965
99000 14.990298515991578
99100 11.402611582354108
99200 11.473816591478313
99300 13.77939923058409
99400 14.21475265009367
99500 15.957708958678873
99600 11.979440660494522
99700 17.124517012326343
99800 14.871776476512627
99900 14.24109845966628
100000 11.817662306729314
100100 16.210013126379174
100200 15.70306778616402
100300 9.33082429561512
100400 11.047476334122413
100500 12.709993658197682
100600 10.61182034460816
100700 13.359941862750635
100800 8.638854467310637
100900 13.04771799629645
101000 15.929308284777926
101100 12.548068089589911
101200 10.755220851278578
101300 11.566970706389364
101400 13.40047723388181
101500 12.007495260333442
101600 15.08930255285686
101700 14.500172323169933
101800 16.024292114000257
101900 12.449242888227722
102000 13.299020636665796
102100 13.419226740116901
102200 15.445145517532048
102300 11.001869621517901
102400 12.857141636338744
102500 12.554444439756542
102600 11.35964093004191
102700 13.398472513784306
102800 15.286363128402325
102900 11.367370117052113
103000 16.23906778590658
103100 11.177419797353622
103200 10.278136742024515
103300 11.767337688595141
103400 15.11334790601828
103500 15.829531722976695
103600 12.912774408590208
103700 11.403296168478608
103800 10.599208996554298
103900 9.300908187875931
104000 13.131147872264059
104100 11.725085187552537
104200 15.329948703578882
104300 15.710868312823182
104400 13.634720955067667
104500 16.376620095559407
104600 11.831247636337883
104700 8.70091440757879
104800 14.726358962441799
104900 14.394943627547717
105000 11.990003732124125
105100 11.694579587535909
105200 13.370926662096169
105300 12.149805495027213
105400 12.843561684739207
105500 10.678607938727856
105600 11.166162307693991
105700 12.94044942295191
105800 13.17218561226574
105900 12.875037015407793
106000 15.828590730621018
106100 11.890788332342673
106200 12.816047686119262
106300 14.605754398932833
106400 13.215599806210648
106500 11.398967356559332
106600 11.197820525509167
106700 13.422165478504567
106800 11.710541672525947
106900 11.10245546291299
107000 9.355031187135694
107100 13.413261031948437
107200 13.086104628699472
107300 14.477371061022618
107400 11.203037396585342
107500 13.54924361523494
107600 12.154498663568495
107700 13.017287732367693
107800 11.102461905756233
107900 14.137214699095257
108000 12.913875822595005
108100 10.17598685059648
108200 12.3330161265382
108300 9.182578898169103
108400 13.75696660475744
108500 11.5423016440797
108600 14.369505392673782
108700 12.135321168322696
108800 10.55253947952336
108900 12.291690444663212
109000 14.905520120504177
109100 14.792512814757718
109200 14.043587460063875
109300 14.3471143230386
109400 14.659878422906475
109500 12.570063733686801
109600 8.864589081093305
109700 15.008434124664792
109800 10.902152713854662
109900 10.709323003651319
110000 10.905413879658527
110100 11.11829073109953
110200 11.35347507784025
110300 11.891100784089524
110400 14.333249273458334
110500 14.421311186107667
110600 13.8313565734788
110700 13.589056380285978
110800 12.991859557691823
110900 11.827195987816578
111000 14.244226547526361
111100 11.23336079580169
111200 12.860215542281813
111300 14.594623992163545
111400 11.272844959830158
111500 15.45520498081481
111600 14.440175484779262
111700 14.316685245173593
111800 12.498819331074456
111900 12.448672068644257
112000 15.644910754954541
112100 8.83466104605974
112200 11.880169608505309
112300 15.830435787707387
112400 15.663017062753195
112500 16.18912799793702
112600 15.515631659537563
112700 13.821957195601595
112800 12.028993469490723
112900 12.684634346290407
113000 12.611725755134971
113100 13.145841112315729
113200 9.381495377197204
113300 14.304652235364758
113400 12.549686623168123
113500 9.728554163573616
113600 15.029513586887491
113700 14.154489835379666
113800 14.617224935156093
113900 12.085039897696078
114000 16.203530794823774
114100 15.999903324349146
114200 14.951546460804929
114300 14.652565561310233
114400 13.937871909982478
114500 15.986369169934097
114600 12.362949148152556
114700 8.663866110232508
114800 13.41606754971646
114900 14.493742107728757
115000 13.93036107931933
115100 13.464409637945666
115200 14.805289957079635
115300 12.633015499310382
115400 13.593774055363953
115500 12.160986376028081
115600 11.742848014763377
115700 14.941308837104925
115800 13.363165174665275
115900 16.41049416137
116000 12.380265689847256
116100 13.254342531606644
116200 12.66618465594747
116300 11.94106180298899
116400 11.094142818886624
116500 13.371055461957484
116600 14.888675021100589
116700 10.433964258809313
116800 12.994382415131627
116900 14.666028991173826
117000 14.54021635706402
117100 14.74057851589469
117200 12.15086340566587
117300 15.984573283534013
117400 12.719937284627774
117500 11.229920831614246
117600 10.439485759089914
117700 14.481158514554858
117800 11.08906849344053
117900 14.872007225074599
118000 12.865834632440157
118100 12.720231925703875
118200 15.555475713590962
118300 9.816277222649468
118400 7.3660453564301775
118500 14.921871212955296
118600 11.131026029430938
118700 17.0813273829483
118800 15.38660781398447
118900 9.141906764447166
119000 14.77574239552238
119100 10.229112233296963
119200 8.780178735426794
119300 12.442563364549287
119400 11.333007038042975
119500 13.722502309388586
119600 9.965760108042332
119700 10.395769882540076
119800 11.25752514261232
119900 12.16157435951086
120000 8.799129912565743
120100 10.369899889708874
120200 10.366211554083462
120300 12.66930405467392
120400 16.23847493043663
120500 13.191076484548104
120600 14.590007073087987
120700 9.798864035749387
120800 12.346865004657692
120900 13.07761639778055
121000 10.970814299573188
121100 11.925655971021428
121200 8.598905072955525
121300 11.836592298512878
121400 10.94257199913181
121500 13.954322302851939
121600 12.670520762496663
121700 13.193136069444087
121800 12.677840685435534
121900 8.614689566735368
122000 12.20565037340315
122100 16.085063139937553
122200 11.393269231165034
122300 16.75625037292306
122400 13.816948919893521
122500 12.212678775363658
122600 8.648426765352292
122700 11.974858189397262
122800 15.087255343125802
122900 9.610762249682336
123000 12.605538922856677
123100 17.544024518259565
123200 11.657708143179509
123300 11.280200458893166
123400 15.496689253186553
123500 12.964664951820374
123600 10.140677211283045
123700 13.022555253392918
123800 13.547459736938759
123900 10.79603732626163
124000 11.218583828834234
124100 13.946953849475301
124200 12.502978225296943
124300 13.560227683710345
124400 11.445806027781476
124500 12.216147443961319
124600 14.110430781392942
124700 11.098469800080641
124800 8.964323254745224
124900 13.36156248384932
125000 10.99187133880993
125100 16.074263069067445
125200 14.04604342314327
125300 12.866782302219578
125400 15.419928210534488
125500 14.006801808299121
125600 13.908635617492145
125700 14.305004359921476
125800 13.521767141468706
125900 15.980189860809475
126000 13.666782992419629
126100 13.197463918452646
126200 13.840590742661593
126300 10.958508618718701
126400 15.246315755191484
126500 13.766994569124092
126600 9.326016797468553
126700 11.89228184804808
126800 14.333308695635697
126900 12.649064883961511
127000 13.81927293033319
127100 15.111838094355791
127200 10.441608778333189
127300 13.595910694606221
127400 13.241005949281329
127500 14.092578185422223
127600 8.396550602057335
127700 15.503102657800474
127800 16.285591287297375
127900 9.673251646000773
128000 5.729364798664729
128100 12.265572630643234
128200 15.791569065100918
128300 12.289026209221271
128400 13.995479471931542
128500 14.671363573280345
128600 12.084912616197666
128700 10.724260683478914
128800 12.187210488468978
128900 13.591285954016476
129000 12.502790837625831
129100 8.860443610275642
129200 13.08462368317237
129300 16.126976665858646
129400 13.008307262026888
129500 14.609751451437415
129600 11.106362131888522
129700 12.187681823461638
129800 12.581936853530339
129900 13.40346621609496
130000 12.712374818936055
130100 12.37406395507622
130200 11.147278014428627
130300 9.660136150482908
130400 9.393728209345092
130500 14.00955327339732
130600 8.312636440771927
130700 12.249258842301725
130800 10.036880647431481
130900 14.627199102116577
131000 7.544732017594082
131100 11.931682669081074
131200 7.990597135940572
131300 10.575756864967918
131400 11.925332673298806
131500 14.334999862472195
131600 11.275198712517636
131700 13.448786750041348
131800 12.64322003682305
131900 8.440851017519044
132000 6.712226196869685
132100 13.57947497252773
132200 7.859344178232369
132300 13.414753639587339
132400 11.622219313310277
132500 11.404204931545486
132600 12.858703554257206
132700 12.210692132876192
132800 12.408141064418727
132900 15.141716879485818
133000 12.142037525454331
133100 12.422421251500591
133200 12.65565038633886
133300 10.947468444003473
133400 13.574823802857802
133500 10.491660723054869
133600 8.884470413612025
133700 10.651539355417718
133800 8.994013680344535
133900 12.252495633259924
134000 13.242760007624215
134100 9.22020197566703
134200 11.716963621835067
134300 10.420166348751613
134400 10.18376993872313
134500 10.456113317601814
134600 11.692005858405848
134700 8.593301567835677
134800 9.176642495909494
134900 10.415022182797895
135000 9.007226224632051
135100 11.975439857173019
135200 10.240094095472328
135300 8.6354415467063
135400 10.55442665325451
135500 10.171047241188568
135600 9.4067229817215
135700 10.546853373209483
135800 10.38240875952314
135900 9.519211385562084
136000 9.071857139311396
136100 8.492743148356174
136200 10.205713759066589
136300 10.308655577999753
136400 8.24961978462175
136500 8.322272258244105
136600 4.188289008868732
136700 11.86525643806355
136800 13.34701402497754
136900 10.300339195597088
137000 7.1283614628453025
137100 6.671785324810725
137200 12.926601795394285
137300 8.660353387054133
137400 4.596629871481405
137500 6.299262486731802
137600 10.942333797700696
137700 10.597840408310573
137800 11.988916084168807
137900 12.836885880479686
138000 8.948566876006382
138100 11.276138203720949
138200 13.230696757512003
138300 9.57979521671367
138400 12.322700161476929
138500 6.912045915091934
138600 12.441059899189641
138700 6.181349731461675
138800 6.240790009043816
138900 7.237996438780204
139000 8.662534049521918
139100 11.19766218418589
139200 12.680594622908862
139300 5.412600644364256
139400 10.738829335086898
139500 9.689061999690699
139600 11.793830295878113
139700 7.400031720158544
139800 12.585762970414553
139900 12.738614062971202
140000 9.851295554950545
140100 10.950369012029524
140200 7.340197756055063
140300 13.194870178797109
140400 9.806531515828704
140500 10.597201387175831
140600 12.081521181008377
140700 13.656066507898176
140800 12.314351246133336
140900 12.344164978491023
141000 11.9242444265631
141100 11.21588257021913
141200 6.751682509117925
141300 13.675972298988686
141400 11.507649687224172
141500 9.716556735707771
141600 9.532310065642504
141700 4.737548581908203
141800 8.99801545215117
141900 14.030731823139089
142000 13.149238139703039
142100 9.858650217780706
142200 7.796577135667499
142300 10.135615122001292
142400 9.675988104034383
142500 11.277187275820449
142600 4.570062790022716
142700 11.325081354488523
142800 11.350336758071826
142900 10.810816806649685
143000 11.364789243047165
143100 9.367540763749187
143200 8.834367103962082
143300 11.61586806349497
143400 12.675671959406015
143500 12.382177584562509
143600 7.672907348774114
143700 7.450292541417973
143800 11.322397572872736
143900 10.941660921012655
144000 6.714910764670695
144100 10.835470858852569
144200 10.904658493368448
144300 14.38684108163816
144400 7.8806829449728815
144500 12.601706769026825
144600 10.587407010401614
144700 10.500929793351103
144800 11.880033954350179
144900 14.19335224311554
145000 10.554005153928935
145100 11.639418490720573
145200 10.280715271339178
145300 13.567325302794359
145400 9.846788012705549
145500 10.948678495719559
145600 12.039410914772084
145700 12.002374848592755
145800 10.027743681724276
145900 15.884265539574892
146000 12.883035197257254
146100 12.885339753876565
146200 12.016801375510095
146300 14.776087300253923
146400 10.589866407997054
146500 14.559441029110394
146600 10.557040346071648
146700 12.079972926903931
146800 15.564673178956353
146900 14.74014556923799
147000 14.277592794011444
147100 11.918655024146853
147200 10.871210806935114
147300 15.596144541435098
147400 10.601861922029903
147500 12.81792664446367
147600 13.388794525414381
147700 15.302440600502218
147800 13.64419629913409
147900 10.829987063310712
148000 10.819899048776152
148100 13.864732388756051
148200 14.840324061754687
148300 12.89270130408607
148400 12.965417612759506
148500 14.324975758905076
148600 12.434835574052473
148700 10.977189857903863
148800 15.816433260334106
148900 10.98531377816834
149000 11.389558358886626
149100 8.982737009296166
149200 14.373915972982035
149300 9.577579124833786
149400 11.381306548391663
149500 12.187500017903682
149600 12.96877146335219
149700 12.050930040302715
149800 12.741789309414434
149900 12.62377555447226
150000 11.450554671447835
150100 13.658866513286105
150200 8.313933532987775
150300 12.99641522784714
150400 15.150569451887488
150500 8.776603991052054
150600 7.968192619962986
150700 13.267079849812985
150800 14.599331372443682
150900 13.185063330496991
151000 12.961453621717226
151100 14.72967860623477
151200 9.839786747210786
151300 13.556286238709513
151400 15.350943592399497
151500 14.462769797311626
151600 14.195288917751682
151700 14.651895938600937
151800 15.570131412389506
151900 11.837405995377868
152000 9.474787453920383
152100 15.356010465469765
152200 13.399945905011114
152300 12.322394325355427
152400 12.42707468779271
152500 14.202667133364113
152600 11.969762528314991
152700 13.125505403014978
152800 11.105980978756223
152900 15.034728462982706
153000 16.40091438391973
153100 12.550660100432468
153200 14.951674686934977
153300 11.992680951446438
153400 13.072648835460274
153500 11.994509473836239
153600 14.103542472177882
153700 15.757701643298981
153800 12.361681832899878
153900 10.366356751689093
154000 13.531834482822413
154100 11.773388714144323
154200 10.62286903021875
154300 12.040893301871206
154400 13.302387445404449
154500 8.950582186481894
154600 14.83778544073108
154700 12.195534202892507
154800 14.305084434550961
154900 13.853225714609653
155000 12.528364374695842
155100 14.994048217367084
155200 15.646885191459003
155300 11.681569575650668
155400 15.078543718238834
155500 13.802400431574833
155600 13.005245298250303
155700 14.366034321894068
155800 14.831700865120164
155900 15.98771143397492
156000 11.95220500679341
156100 17.299065863010462
156200 13.004957143244498
156300 12.080190004028884
156400 15.39926488224361
156500 14.318372551551104
156600 9.01586700922907
156700 14.410868326024474
156800 13.640112537758503
156900 14.027646543521833
157000 15.609710882972124
157100 12.482108402731319
157200 12.14990951774472
157300 13.712681572849226
157400 12.022206563546135
157500 17.210497853917023
157600 12.616966233539877
157700 11.096946435944972
157800 14.081121283972367
157900 12.543024418484602
158000 11.365425861139133
158100 12.812749162047208
158200 12.863850699508857
158300 13.075999521106665
158400 13.853149823966437
158500 14.972886881947824
158600 11.428277030976394
158700 12.994043004858145
158800 7.199704491130937
158900 13.354288886122601
159000 15.867381024319469
159100 14.120918765433615
159200 12.113449206686232
159300 14.31808668908016
159400 18.096936628536195
159500 12.535972188526198
159600 14.942473870194856
159700 16.339092785474858
159800 14.329528359411787
159900 12.634020965967565
160000 12.136481924915817
160100 13.697868421056596
160200 16.2641911158388
160300 13.237657461194502
160400 13.410328479841803
160500 12.047485444861916
160600 14.740737066126751
160700 11.84583656246773
160800 15.23806517177249
160900 15.487444862442622
161000 14.72719642051374
161100 14.81162356190566
161200 13.625350392447194
161300 12.335897209731453
161400 12.686330197296769
161500 16.173112099827964
161600 12.80777241237099
161700 9.371035122863868
161800 15.25309032078161
161900 12.740824094039931
162000 15.896366746320453
162100 15.247629032767405
162200 13.154211053708153
162300 14.558477602820027
162400 14.86261545133602
162500 12.545893447739584
162600 14.076567875410365
162700 14.800287524097195
162800 15.604268419535455
162900 13.156779860825836
163000 15.281761178055488
163100 14.557253278187197
163200 13.015114721391871
163300 11.751587207705423
163400 13.51989961894115
163500 14.720393443440658
163600 14.484978949498753
163700 14.6575472670055
163800 14.475489780167177
163900 13.446198449707998
164000 12.018925486007674
164100 13.320337005013034
164200 14.243761994946183
164300 14.89415672376806
164400 13.347106843355967
164500 11.159595931718954
164600 15.92250418449248
164700 13.863018110536254
164800 11.492060581891836
164900 11.555846114884863
165000 15.94278367588943
165100 17.632269068978555
165200 7.960328899879464
165300 10.466095958588452
165400 10.501456219210619
165500 6.060030769326739
165600 11.731967104578453
165700 11.957373831544352
165800 15.430935454729335
165900 12.439902023048045
166000 18.029726234617833
166100 15.210220075182479
166200 12.41820046851291
166300 12.66405299277633
166400 10.301993798262446
166500 10.886787795389267
166600 11.801703956557038
166700 16.101799591298835
166800 12.112764430205686
166900 11.096576102494385
167000 13.956328468670957
167100 14.455259441103163
167200 12.69846602222677
167300 10.679756644053253
167400 12.123592574115397
167500 15.397021280831725
167600 13.612641284986031
167700 13.275729505077248
167800 13.256167653522427
167900 14.323839149516362
168000 16.335897359317116
168100 15.036059118108955
168200 9.789292441621747
168300 13.523977568074063
168400 12.94305983594686
168500 10.824704613724558
168600 16.01294266931313
168700 11.986155713651991
168800 13.786790429435877
168900 12.648187632450366
169000 15.261287182345013
169100 14.109006038647367
169200 11.343076670997544
169300 12.865015703101523
169400 14.78246324052146
169500 15.168239138678075
169600 13.478008640528277
169700 12.74753699620391
169800 15.9959991531971
169900 10.218624696795588
170000 15.787219289743907
170100 14.900485452597437
170200 11.986699344200732
170300 12.956256558739826
170400 17.3430048479447
170500 15.935220453078587
170600 12.202279022938397
170700 13.880278672932828
170800 15.17143245004251
170900 12.832576029094827
171000 13.842620324497448
171100 11.841826178320062
171200 10.381008784338055
171300 16.313381603292278
171400 15.410603593361659
171500 16.43303009871526
171600 11.587298559784873
171700 12.12480389376624
171800 15.59478648694831
171900 12.197685116061633
172000 16.916881321274534
172100 13.780805827749694
172200 13.524404244019172
172300 16.38303467039578
172400 15.249762927565785
172500 14.11835782232247
172600 16.211510551696517
172700 13.715770861658852
172800 11.245969117752203
172900 8.951245006427387
173000 16.12942438173797
173100 13.609767890671035
173200 12.394396004550195
173300 14.597772062061027
173400 13.693547499445152
173500 15.821610295981918
173600 15.315076481100169
173700 13.693289745563076
173800 11.265382136834255
173900 14.417245507828707
174000 11.880320176668219
174100 8.154517501123507
174200 14.160544064585503
174300 13.564782901429655
174400 10.022407653404759
174500 10.219499262249318
174600 13.770484962701847
174700 7.683190371778892
174800 18.702749455891123
174900 15.653677083950617
175000 7.65222556122364
175100 11.72808519653803
175200 16.092944782750806
175300 12.693156688366816
175400 13.641705851917068
175500 11.981413769918792
175600 12.775036631089302
175700 11.439409262506807
175800 13.826899066854144
175900 13.916370944494608
176000 16.626894527144536
176100 14.511556739877392
176200 15.108222391802625
176300 16.740328571881083
176400 15.36386355672335
176500 12.633638643650002
176600 13.592303770863188
176700 14.913996445349724
176800 13.403878077727914
176900 14.801842312523243
177000 15.802507847829817
177100 9.342397198108703
177200 15.430078225063166
177300 14.166088868710295
177400 13.028916620619466
177500 12.807177523462913
177600 12.252178682192875
177700 13.48741335043473
177800 11.525766757116845
177900 12.4534832553279
178000 14.995456639868259
178100 15.375584503308936
178200 7.299250371532212
178300 12.194784751027068
178400 15.0691734598475
178500 14.678671412065079
178600 14.282865921401044
178700 13.699737345478216
178800 15.246700133958367
178900 13.472049926732847
179000 12.093416923112994
179100 16.428145193548318
179200 13.236233150735291
179300 12.665040115501956
179400 8.230160334779141
179500 10.107474429733431
179600 15.09333268314786
179700 12.542151835139382
179800 13.89715547738026
179900 13.194812995155138
180000 13.468989449201214
180100 14.108435128517103
180200 13.311934780114107
180300 11.93560373855888
180400 10.563035217081666
180500 17.456424100263966
180600 13.518929569856253
180700 13.657549019935312
180800 17.371661413327995
180900 14.410370008697926
181000 13.449477758545767
181100 7.6578546234422795
181200 11.849643202651194
181300 16.016441575444905
181400 9.07020698849513
181500 11.870049686773815
181600 10.671826316277542
181700 11.423284541733357
181800 13.10539840557056
181900 14.527215783066124
182000 8.816970319975868
182100 12.82445362052439
182200 16.31326037048322
182300 13.236082525789731
182400 15.286945712178293
182500 11.883532305195903
182600 12.221816815514014
182700 15.174162069414425
182800 13.41535950999536
182900 10.73790467717994
183000 10.562248179183367
183100 11.989215898000102
183200 12.468359222259345
183300 13.464808924090175
183400 11.782736059178001
183500 14.685184673984834
183600 12.205590889588176
183700 16.64529075848669
183800 11.755014964325309
183900 12.22451910869189
184000 11.801297769314077
184100 12.105428920414091
184200 12.142299436481325
184300 12.11624653264907
184400 14.89386904873746
184500 14.579532306298303
184600 16.750056941211888
184700 15.687947052375613
184800 13.562895466481537
184900 10.228341148352817
185000 15.947291667799067
185100 16.05155524859271
185200 16.017085564176014
185300 12.707242111227595
185400 10.919181161032368
185500 15.393155181818146
185600 13.175797862599481
185700 14.753178484185103
185800 17.001534789074892
185900 13.67877372062814
186000 15.602467384012538
186100 14.079921096444593
186200 14.444006552638017
186300 12.496034745939967
186400 16.183959593985744
186500 13.879251167306519
186600 14.280228642248158
186700 14.705803277521435
186800 16.077599999453263
186900 15.63219191014677
187000 13.502900020591602
187100 11.104213335655084
187200 12.748863907206099
187300 14.5528288796494
187400 13.067862249927748
187500 11.402446055206577
187600 12.786029994596937
187700 13.33084913696367
187800 6.657612161339281
187900 13.213854558424837
188000 11.192173217466669
188100 12.721220606097804
188200 9.004259804590037
188300 13.661283418894628
188400 14.352087926693844
188500 10.92883819004619
188600 11.820345442167573
188700 8.751791457596973
188800 16.295248331812175
188900 13.197413945585767
189000 13.345383567678871
189100 15.439941661134041
189200 15.534477682068893
189300 10.333939330632063
189400 10.749093025898311
189500 13.842581798247972
189600 15.842185559822326
189700 15.159595087190429
189800 13.62821635993249
189900 14.241507729860068
190000 14.669129580338456
190100 12.676903268092873
190200 14.771091130356979
190300 12.584702107212989
190400 8.074513664648922
190500 8.692482311525104
190600 11.443532538809086
190700 12.68547524571305
190800 13.928127822544553
190900 12.02488722192882
191000 12.265739413887308
191100 11.869553768863737
191200 11.248299044027188
191300 16.59883183940597
191400 12.123142696072419
191500 12.298035871967492
191600 12.821778606399096
191700 11.19937050031452
191800 10.888314183754314
191900 12.508815770560451
192000 15.08945048473105
192100 11.105419282667095
192200 9.886671707639204
192300 13.969707808655878
192400 12.082062310591372
192500 11.150090085514101
192600 13.3628991764462
192700 10.835744904607617
192800 14.79581842192682
192900 15.624122732178083
193000 11.647399255457959
193100 14.161209695848823
193200 11.758160623329369
193300 15.821118596446944
193400 11.244857740021258
193500 14.377510985989474
193600 9.470225429137239
193700 13.58934097129588
193800 14.679692894803072
193900 14.012827154891005
194000 13.474185988173126
194100 17.25078642000968
194200 11.566896865881423
194300 14.232696729508554
194400 13.382558261356062
194500 16.749974757217807
194600 11.55265258821542
194700 10.952865534690034
194800 15.964145326269202
194900 16.24653101856471
195000 13.17823212804962
195100 9.18845196873437
195200 13.629105479089445
195300 11.35222853416377
195400 13.418238825774718
195500 11.848269351730362
195600 13.13865193856599
195700 15.019340181494838
195800 15.011891597327482
195900 15.472494327028858
196000 13.092300808768321
196100 9.599720042078731
196200 10.976942782070214
196300 10.14678165188592
196400 16.285351373142568
196500 10.023123292762973
196600 10.611966293279291
196700 11.101580265583422
196800 14.863289711218329
196900 11.186133484576755
197000 12.644035649668034
197100 15.8110702938998
197200 12.668971146270783
197300 10.748432013238533
197400 15.297278200725254
197500 12.457386751021664
197600 12.944680730929274
197700 16.209295473977228
197800 8.543613557386584
197900 14.87629055202003
198000 16.614085780183913
198100 12.698097499675661
198200 13.164173725938817
198300 17.43200913105417
198400 14.281885340578556
198500 12.083753981736557
198600 11.068728167933147
198700 13.059463257144136
198800 13.92412281138151
198900 9.606326567741517
199000 12.283991380024375
199100 13.609687987592835
199200 16.577682627048045
199300 12.61451892619921
199400 11.087847334061333
199500 14.809546380047582
199600 13.996838929439923
199700 17.052381533559
199800 14.134534289614075
199900 10.9596138504854
200000 14.291077481846507
# End time: 22-11-2024(03:05)
