100 -8.284703721124782
200 -10.10930872406881
300 -10.760718675608338
400 -10.096512665240564
500 -12.111934700502413
600 -13.44548689952247
700 -12.39419356411113
800 -11.608514999446788
900 -11.112505962616252
1000 -8.604165692210895
1100 -9.432747448824221
1200 -10.202479451798311
1300 -9.47667305595621
1400 -10.782089595495998
1500 -10.180435892469589
1600 -9.33658689275921
1700 -7.64528219320107
1800 -8.718112098542814
1900 -10.993185464933848
2000 -8.812246583279437
2100 -7.6563673095903475
2200 -7.614132843472915
2300 -8.197879457348822
2400 -10.717573296629617
2500 -11.131234852576913
2600 -11.785919674866465
2700 -11.135748400999095
2800 -10.881581355452358
2900 -10.781975190673426
3000 -9.255179352260356
3100 -12.22657565300636
3200 -11.709583438295676
3300 -11.357006475668989
3400 -10.8165125344841
3500 -10.041164852079863
3600 -11.447596376796433
3700 -9.924713684024194
3800 -9.63649552151246
3900 -9.14092175372386
4000 -9.3200542120517
4100 -10.533292715086475
4200 -9.351964029417637
4300 -10.11086415814078
4400 -11.940891161010104
4500 -11.239304106459675
4600 -9.77113778353143
4700 -12.09956493678639
4800 -11.01851735450072
4900 -12.517427112380028
5000 -13.045932558668301
5100 -11.840535556173776
5200 -11.145910645372485
5300 -8.765903953622537
5400 -8.670392126592835
5500 -9.814580978589664
5600 -9.980319817513074
5700 -9.809897923830357
5800 -11.401460986145013
5900 -10.585070215866997
6000 -10.09785052963737
6100 -9.854323348941277
6200 -10.0599264686312
6300 -10.827254938650148
6400 -11.992761856216966
6500 -10.48458621937093
6600 -10.190800528411058
6700 -10.321005579988176
6800 -9.308580703365042
6900 -11.574004366150959
7000 -10.8508650052842
7100 -8.280195546287574
7200 -10.775108764477809
7300 -9.682934435738385
7400 -8.037136897892184
7500 -10.26893909872082
7600 -9.635777204299368
7700 -9.361891296874344
7800 -10.181392729884044
7900 -8.266266836213347
8000 -10.000098828109554
8100 -10.774626925180634
8200 -9.642474888968922
8300 -10.601799420657857
8400 -11.219177066620333
8500 -13.139261988953878
8600 -11.389883060502703
8700 -8.751825859454842
8800 -9.281896266343159
8900 -11.287922716898034
9000 -8.310624422693254
9100 -11.194920947481314
9200 -10.70531182142622
9300 -9.58435909723873
9400 -9.965871673551968
9500 -9.220358292439185
9600 -10.546933878545415
9700 -13.501742528848423
9800 -10.711475126316403
9900 -11.592417725044113
10000 -10.44564028054225
10100 -11.420966921778964
10200 -11.570512130095912
10300 -11.292390835451991
10400 -12.093160868635723
10500 -10.845349809304425
10600 -8.785633383952476
10700 -9.617567172345531
10800 -9.693094608926662
10900 -10.615125808463977
11000 -9.148159032134153
11100 -9.975084211627733
11200 -11.347644647529295
11300 -9.734008383088335
11400 -11.131458077210402
11500 -11.438432503688617
11600 -12.80293146922258
11700 -11.835950827688434
11800 -10.200447487317675
11900 -11.805506298189336
12000 -10.008290587950055
12100 -9.502283777101223
12200 -9.110476617110283
12300 -10.01975875327962
12400 -10.681166550305754
12500 -8.154783701154996
12600 -8.908743506057101
12700 -9.684341520279345
12800 -8.520786195963511
12900 -10.01722078301529
13000 -9.696548568986369
13100 -9.580610753951312
13200 -8.551809682848846
13300 -10.145225030340923
13400 -12.269868631426956
13500 -12.395956106778035
13600 -12.694045181972813
13700 -12.669530530771056
13800 -11.772606635319129
13900 -11.832588317647584
14000 -11.373647671324692
14100 -12.589674949886371
14200 -11.995441145067964
14300 -11.95723478880762
14400 -11.638066506992718
14500 -11.233197082750316
14600 -11.132449186006802
14700 -12.053313836952706
14800 -11.619080449393822
14900 -11.349624957083632
15000 -11.666443267219053
15100 -9.639874118334724
15200 -10.442707864995418
15300 -9.859719065003025
15400 -9.260260535975485
15500 -11.57785679051167
15600 -9.994546660798667
15700 -9.19120855829602
15800 -9.045542040605378
15900 -9.404494686848468
16000 -8.120978712960454
16100 -9.211638794006523
16200 -10.310911519746917
16300 -8.544350613813954
16400 -11.048371443791039
16500 -12.734542109145945
16600 -13.095932896537777
16700 -12.00472305021041
16800 -10.712938853416963
16900 -10.124389480433802
17000 -10.322808858737968
17100 -10.852262154419577
17200 -11.685045486322647
17300 -8.813099214864105
17400 -12.236871503794644
17500 -12.337231144721486
17600 -11.542591944046405
17700 -11.622497803920698
17800 -8.576878470620324
17900 -10.78301258521473
18000 -11.634392113059691
18100 -9.25906596486642
18200 -8.302730864452379
18300 -10.662395733348493
18400 -10.466170042503503
18500 -10.10773587074262
18600 -11.502968793323287
18700 -10.482207561993373
18800 -9.827007389370355
18900 -11.010155538010693
19000 -11.516491518300722
19100 -10.915024725232968
19200 -12.765194549717453
19300 -9.82993278499907
19400 -10.939243654639863
19500 -12.943920569901318
19600 -9.600622795758813
19700 -11.511344998736531
19800 -12.138253237058768
19900 -10.021226389654487
20000 -8.512707071417204
20100 -10.42082236098186
20200 -9.04636936077524
20300 -11.051552557010574
20400 -9.330404805275059
20500 -8.472185419792503
20600 -9.675448743219485
20700 -11.984875242735445
20800 -11.882447946461516
20900 -10.5338264619587
21000 -9.300634018274296
21100 -8.614790799147817
21200 -11.092636855932405
21300 -12.148749287981815
21400 -12.220667557681827
21500 -12.50597980284521
21600 -9.995978749799534
21700 -11.18689044298052
21800 -11.889064419396465
21900 -11.335158731852164
22000 -9.925316241629366
22100 -10.065217527563837
22200 -9.697019819232457
22300 -11.036669926059814
22400 -9.287758863940729
22500 -10.244151192451412
22600 -12.182449046582729
22700 -8.95022317051273
22800 -9.644739685367576
22900 -9.818152143649922
23000 -10.249805835466615
23100 -10.80617037347586
23200 -10.865505173351846
23300 -10.492201363099815
23400 -10.303501925354725
23500 -8.884924098922292
23600 -9.87707264305737
23700 -9.606310413707924
23800 -9.418090254412911
23900 -11.791218134336667
24000 -12.259375113549108
24100 -9.906243278966178
24200 -10.1974692030077
24300 -11.92866089119099
24400 -12.338320324309194
24500 -10.775455483914076
24600 -11.064390320214502
24700 -11.548914015199324
24800 -11.93100795573237
24900 -11.134861856751197
25000 -10.31591372870871
25100 -11.495386056401559
25200 -11.580263549260776
25300 -8.979760200046663
25400 -8.643773473938161
25500 -8.840693360106123
25600 -8.72390327309944
25700 -10.527744600420927
25800 -13.809138716543824
25900 -12.416070338972743
26000 -11.255768213383085
26100 -10.789120319339547
26200 -10.091466923256752
26300 -9.790591079586822
26400 -9.014966299570133
26500 -9.662099946783261
26600 -10.937147843740542
26700 -9.677693240966086
26800 -11.316049429439476
26900 -11.858536170658772
27000 -11.440728304180942
27100 -10.400469885768503
27200 -12.045186216194775
27300 -13.052810338397531
27400 -10.728250665035091
27500 -12.093377652115175
27600 -9.89473287164452
27700 -9.46369118811896
27800 -9.08900868504713
27900 -10.973004036784317
28000 -10.314692886358214
28100 -11.189106676733
28200 -9.611882986766922
28300 -10.715400886572045
28400 -11.80492144718619
28500 -9.443163781505987
28600 -10.807226246140491
28700 -10.271670760900145
28800 -9.413686030701754
28900 -9.318174963691515
29000 -12.449729198830882
29100 -12.713352595731862
29200 -11.40770481241336
29300 -11.396427564681405
29400 -13.401617839820371
29500 -12.039080582394051
29600 -10.217703501968918
29700 -7.412283376491868
29800 -8.379022490722082
29900 -9.450598896755091
30000 -10.689039908355848
30100 -11.377312925355682
30200 -12.003051498089434
30300 -12.648358368882676
30400 -10.55700079637687
30500 -10.815280856631295
30600 -9.865572313594251
30700 -10.148839739198502
30800 -10.11358864656313
30900 -11.52937319241374
31000 -11.68115648708553
31100 -11.947402897397755
31200 -11.163580838852372
31300 -8.185270566603425
31400 -11.150443635936576
31500 -10.335775084022607
31600 -13.143395487586526
31700 -11.184397549017
31800 -11.597428197836486
31900 -11.556578035790903
32000 -9.60261590030241
32100 -8.129964431133864
32200 -9.6085551234573
32300 -8.600904170439373
32400 -11.740028269146334
32500 -11.091761295574058
32600 -10.797684355088668
32700 -10.040518340363493
32800 -8.660714104093557
32900 -9.632723491114733
33000 -10.300684148851342
33100 -10.811182418025238
33200 -10.686903732540236
33300 -7.844795547451876
33400 -6.246738473302486
33500 -9.114839124453823
33600 -9.461094958767331
33700 -11.05013991992817
33800 -10.25677753642797
33900 -9.065060568217012
34000 -9.497319123784898
34100 -11.35713148565033
34200 -10.610474053446113
34300 -10.623435598133886
34400 -10.68149576745551
34500 -10.709265282294313
34600 -11.290490014178587
34700 -11.823672224080322
34800 -9.938120076673558
34900 -10.563185459511622
35000 -11.775776774656576
35100 -8.560522623511499
35200 -8.362104228163089
35300 -8.580426791893471
35400 -10.217966728311549
35500 -10.429627182863728
35600 -9.816960577560755
35700 -11.982818386933271
35800 -12.478531485584108
35900 -10.35000436568721
36000 -9.096908810719462
36100 -8.617700396103487
36200 -10.224008451304346
36300 -9.160049420929273
36400 -11.050427719720538
36500 -10.76577422317524
36600 -13.017224101993056
36700 -10.713316372199863
36800 -9.419340465267076
36900 -10.460370048741732
37000 -10.338909074786134
37100 -9.55063082764257
37200 -10.858307601896756
37300 -10.942035876227397
37400 -11.546737977294113
37500 -9.323922863940936
37600 -8.730881722033184
37700 -10.838710212695306
37800 -10.9658251549982
37900 -9.378068480536232
38000 -10.027238736782895
38100 -11.361061972699966
38200 -10.913932647881042
38300 -11.278329967685602
38400 -11.62301617609487
38500 -11.458177149710902
38600 -10.782500162116056
38700 -7.9337122571936645
38800 -8.189330805846641
38900 -10.182692703134158
39000 -11.967866154422744
39100 -12.1307489887192
39200 -14.506437825695016
39300 -9.416085971236347
39400 -9.856642773706163
39500 -8.710959314611825
39600 -9.903566187702646
39700 -11.162047895007422
39800 -11.948889854841198
39900 -11.52231992730274
40000 -11.227964930705173
40100 -10.633908967364723
40200 -11.22884201784326
40300 -9.843305741652399
40400 -11.027166113754628
40500 -12.652729589280172
40600 -11.443075802307009
40700 -12.288868107212902
40800 -11.901644714158525
40900 -9.988531290958585
41000 -7.744218639383784
41100 -8.452838891224348
41200 -10.3838048256336
41300 -9.944138911091345
41400 -9.133130036967817
41500 -10.55151485899934
41600 -10.518343633240075
41700 -10.02097293653861
41800 -7.965655071797267
41900 -10.07406896072342
42000 -9.72933675861338
42100 -10.849490040342866
42200 -11.742879984351234
42300 -10.847481117138713
42400 -7.693029190620755
42500 -9.599636371486005
42600 -9.37113997695446
42700 -8.663713225557055
42800 -9.733971216203676
42900 -11.64450951167904
43000 -12.810869775848548
43100 -10.815291175189312
43200 -12.078754361683176
43300 -9.998971193844431
43400 -11.467372925928519
43500 -8.089074376468231
43600 -8.45239128962211
43700 -8.62302375068067
43800 -10.294634994103513
43900 -8.898109543333824
44000 -8.381873667073068
44100 -10.19047927035202
44200 -11.409447164785536
44300 -10.322821034003141
44400 -10.425505611963892
44500 -9.975585930545622
44600 -6.925552186777264
44700 -9.497220087176077
44800 -8.933333492020425
44900 -10.543323327768258
45000 -10.83961210569631
45100 -9.545669488490592
45200 -10.967718290915139
45300 -10.792256248948206
45400 -9.017998558382736
45500 -8.531215976175098
45600 -9.362512848175939
45700 -9.286559786470942
45800 -9.430143889025624
45900 -9.437220808119491
46000 -9.371713184727204
46100 -8.30167393172933
46200 -10.791710706082624
46300 -10.976074151416668
46400 -9.584051465842093
46500 -9.978480484330564
46600 -10.92415082349971
46700 -11.950229166008405
46800 -9.528260374775735
46900 -11.8025120580141
47000 -12.623818998637406
47100 -11.546532374558343
47200 -8.145465582531042
47300 -10.26540352117085
47400 -11.466843922950565
47500 -11.5491213645772
47600 -10.722416876393085
47700 -9.009748201445133
47800 -8.437999360072867
47900 -8.563916898941445
48000 -10.427633276731747
48100 -7.782331727647903
48200 -9.183504693077362
48300 -9.381626965326765
48400 -10.124485378336347
48500 -11.257203124552982
48600 -11.606440534141553
48700 -11.334025489051376
48800 -11.042576133944653
48900 -10.356723940606972
49000 -10.156179722651736
49100 -10.05463603854671
49200 -10.59307034144774
49300 -11.757459237480015
49400 -11.255664124323776
49500 -10.83338324313706
49600 -11.163736672999399
49700 -9.762853246249565
49800 -11.154581204694303
49900 -11.933544620615036
50000 -11.488784979260409
50100 -13.723379654120697
50200 -11.720264839439327
50300 -11.161345044462795
50400 -11.712434219602049
50500 -9.478577764771408
50600 -10.193410401854347
50700 -10.809419961473651
50800 -10.482984222158295
50900 -11.161990063787714
51000 -9.120542797780722
51100 -11.523048629380007
51200 -8.825405309367518
51300 -9.055798800120813
51400 -9.231579795361895
51500 -9.541335996075063
51600 -9.64675564689934
51700 -11.504590439574152
51800 -11.39786822913868
51900 -9.599587521175888
52000 -10.972209379908955
52100 -10.549129059183123
52200 -10.125576516584333
52300 -11.707241174825276
52400 -10.334772896503917
52500 -10.584791045462875
52600 -9.021062046742424
52700 -8.106290907387871
52800 -9.845407315144234
52900 -8.653811427636333
53000 -11.145731083454473
53100 -9.527955062514083
53200 -10.529762829958068
53300 -10.154643213760801
53400 -12.06653551422553
53500 -12.246337400467036
53600 -10.859714454349213
53700 -10.708407788817158
53800 -11.317763922007655
53900 -11.448737321239475
54000 -12.692622430696947
54100 -12.950206533017715
54200 -12.220733775453393
54300 -12.698360849784704
54400 -11.592331669609012
54500 -11.790959301679699
54600 -10.700586630677712
54700 -10.384323930964609
54800 -12.214196002648253
54900 -11.554659901373796
55000 -9.617456645507085
55100 -6.919406223538984
55200 -10.473377275869865
55300 -9.534080966361719
55400 -9.371837583746322
55500 -8.733811361575267
55600 -10.657201920858922
55700 -11.332013865217009
55800 -11.448561256420426
55900 -11.168717249447546
56000 -10.14624877857166
56100 -11.875726110252618
56200 -11.572563665743198
56300 -11.377253130222474
56400 -9.739593129325957
56500 -9.094646323208313
56600 -11.92613497719108
56700 -12.58029789646086
56800 -11.830527432421377
56900 -11.017297141675959
57000 -10.045296646685696
57100 -9.873705910357021
57200 -9.662566379700726
57300 -10.690765631308103
57400 -10.24087132377595
57500 -9.001965212307786
57600 -9.764631675113502
57700 -8.726505886117323
57800 -9.716568343376686
57900 -12.178780796879835
58000 -12.889622863200831
58100 -9.449413701147693
58200 -9.011354891820865
58300 -10.605232335389442
58400 -9.605909599566617
58500 -10.552626851663003
58600 -10.873004395856418
58700 -10.175060159701781
58800 -10.649032622857506
58900 -11.266094704185878
59000 -10.255628538900856
59100 -9.408263128259673
59200 -10.537534819279353
59300 -9.384218733163298
59400 -10.86376193902767
59500 -10.80630529318209
59600 -11.962451289309435
59700 -10.936670263675012
59800 -10.318282661123234
59900 -12.661779855225237
60000 -9.680831326304947
60100 -9.411358806819537
60200 -9.338873699922232
60300 -10.653189078195961
60400 -10.549600055506387
60500 -11.241710009797796
60600 -10.565817293766596
60700 -8.383656527690695
60800 -9.430845138082415
60900 -10.418218638044754
61000 -8.17817118167331
61100 -7.403689954110233
61200 -7.123747467328041
61300 -9.524953720392695
61400 -11.178335676279126
61500 -11.820196045787972
61600 -10.043647917987556
61700 -9.693123853473047
61800 -11.01150360582201
61900 -11.670774539271402
62000 -10.884766621729797
62100 -11.635179386140544
62200 -12.327178335866794
62300 -13.519641274951443
62400 -10.247267773430938
62500 -10.823389230028862
62600 -10.58080370813027
62700 -10.362376697790115
62800 -10.157783221052624
62900 -10.689200874237091
63000 -10.603257473102174
63100 -11.362563170797978
63200 -12.937871835899434
63300 -10.628524228488768
63400 -9.583654261365977
63500 -9.218156879257158
63600 -9.566853163568007
63700 -7.466928839673965
63800 -10.839769109468808
63900 -10.246565345110836
64000 -10.067624881750811
64100 -7.752578691751698
64200 -7.3017352861631935
64300 -8.999773597201207
64400 -9.055964114261505
64500 -8.784331700346653
64600 -9.485260300461656
64700 -10.618600007864467
64800 -11.337772370553308
64900 -10.978831636230217
65000 -10.163651242726893
65100 -8.780358445983772
65200 -10.743537945946766
65300 -7.887431764767098
65400 -10.223468950436637
65500 -8.345761225424294
65600 -10.189775781435056
65700 -9.955817430669159
65800 -8.984972768094703
65900 -9.73241827012284
66000 -9.025508728054756
66100 -11.032724533981124
66200 -11.556235743930172
66300 -11.447642819934865
66400 -12.85746843491185
66500 -13.52851180159118
66600 -14.29396761934577
66700 -12.445864487193864
66800 -10.981391701545311
66900 -9.357795250142209
67000 -10.973205558429852
67100 -11.159012767967965
67200 -9.941908376198233
67300 -10.445810490039396
67400 -8.461389962520501
67500 -9.315437516226647
67600 -8.354966943015235
67700 -8.719639212819391
67800 -7.2784113463362035
67900 -8.01913651036341
68000 -8.64830733786205
68100 -7.850720658292712
68200 -10.862615124665263
68300 -9.149262524537534
68400 -9.15661980163985
68500 -9.434240499103062
68600 -10.303638530154926
68700 -10.256897156221687
68800 -11.469091933542177
68900 -9.931056083858387
69000 -9.379539764074917
69100 -9.693811842055883
69200 -9.367636667595404
69300 -9.935666179224492
69400 -11.145236426886958
69500 -12.261272528368353
69600 -9.587807047177375
69700 -10.954125112744732
69800 -11.262891989984798
69900 -10.826018110581359
70000 -11.557094500276161
70100 -11.90135531142823
70200 -9.57920227330668
70300 -10.6324588545716
70400 -11.471732851375181
70500 -11.395523505243188
70600 -7.836059478532165
70700 -7.584658119419777
70800 -10.012821595346098
70900 -9.384922318614366
71000 -9.490237847568137
71100 -10.278818844196804
71200 -14.883071675428585
71300 -10.746994315071364
71400 -7.930378481273768
71500 -9.722246668189213
71600 -10.615278391962002
71700 -8.406246117515508
71800 -9.812942877915786
71900 -10.89378925629612
72000 -11.777363378189373
72100 -10.686686078632926
72200 -10.164353787258968
72300 -11.378475404168057
72400 -10.51350401253045
72500 -11.352995716385534
72600 -11.628719923622626
72700 -11.56083732580285
72800 -10.402822831661414
72900 -7.283115797148742
73000 -7.505581609265566
73100 -7.589170991528309
73200 -8.840205415531496
73300 -8.772537770455443
73400 -10.450987925740803
73500 -9.613371893411792
73600 -8.822089321582174
73700 -11.379878656459248
73800 -10.402659062071049
73900 -11.940684032021135
74000 -13.075599061371953
74100 -11.395146875096776
74200 -9.92939408926194
74300 -9.556751275765508
74400 -9.719663707097535
74500 -10.148287185064476
74600 -9.21942554767874
74700 -10.787139926497021
74800 -9.455183068464896
74900 -11.345622919004342
75000 -10.732210315426093
75100 -10.930278572774833
75200 -11.335865560450177
75300 -11.392803824997811
75400 -11.254218726741003
75500 -9.189967776752745
75600 -10.763236076034186
75700 -10.501057872241779
75800 -10.846286250134133
75900 -11.347622634808191
76000 -9.538239172269352
76100 -10.005478881637538
76200 -9.822228257149597
76300 -9.195513214202373
76400 -11.3563846580012
76500 -9.556258336740761
76600 -12.13409381758115
76700 -12.746812211613147
76800 -11.769872245907512
76900 -8.673539120737509
77000 -9.070424723315737
77100 -10.467588943688108
77200 -9.007617941883922
77300 -9.086785439806857
77400 -10.13117946696284
77500 -11.997792732332329
77600 -10.942121741868474
77700 -11.127203656748048
77800 -10.534775637408321
77900 -8.153233328336842
78000 -8.970710701660357
78100 -9.245236394893892
78200 -11.51445260787939
78300 -12.04186830578886
78400 -10.029489412640308
78500 -8.68918538839395
78600 -11.99706923899103
78700 -13.402896844771108
78800 -9.663861177485392
78900 -8.767428121372966
79000 -10.708554740406838
79100 -10.790208955140601
79200 -13.464516347986237
79300 -11.943409468743415
79400 -12.118886091011909
79500 -11.61804306615702
79600 -11.2992886466153
79700 -10.771507376397366
79800 -11.061184115567496
79900 -10.048119863225924
80000 -12.28635705019836
80100 -12.930169919509074
80200 -13.427931952522227
80300 -10.82784358193948
80400 -9.522872670777115
80500 -10.293212441457937
80600 -11.003669761741227
80700 -10.63400199028159
80800 -11.33159361916273
80900 -9.038626765510253
81000 -12.171269786987892
81100 -9.037543559244277
81200 -9.272736066438178
81300 -8.190945755630866
81400 -9.712547688284857
81500 -11.051813194591052
81600 -10.483195236897908
81700 -11.258526388725404
81800 -12.038374414678431
81900 -10.830774784481516
82000 -9.029997014860687
82100 -10.325339697606672
82200 -8.804311127194183
82300 -12.195485950723656
82400 -12.239975818383021
82500 -10.530751633591791
82600 -11.538609553282411
82700 -11.813333545930595
82800 -9.399625907505257
82900 -10.760819117533726
83000 -9.049601126951618
83100 -9.491825838361033
83200 -8.44113905663882
83300 -10.67677722454569
83400 -9.536347008703984
83500 -10.603379725444233
83600 -8.67379319558953
83700 -9.738729505080753
83800 -11.714186828053528
83900 -11.479913848082422
84000 -10.283852943110428
84100 -8.003792453141072
84200 -8.780121794266186
84300 -9.925836714113817
84400 -10.975251188965172
84500 -9.73803780561911
84600 -7.292641157849104
84700 -9.878669289108316
84800 -10.993603253026679
84900 -13.120363990442264
85000 -13.478477664063375
85100 -12.436283886149116
85200 -11.961071654879749
85300 -10.992285473450316
85400 -10.31157646616219
85500 -7.180991142027659
85600 -10.164616928032112
85700 -11.053047567485743
85800 -12.762473490322204
85900 -12.08953120211869
86000 -12.554374852993648
86100 -9.384816889451036
86200 -9.723046077585042
86300 -10.729159960438928
86400 -10.849229374064894
86500 -12.13847964566646
86600 -12.122736931388994
86700 -10.1813326692903
86800 -10.22277614439268
86900 -11.036159138278975
87000 -12.23081897537296
87100 -10.123872602327808
87200 -9.446114840780615
87300 -9.707547381872532
87400 -9.976656649328145
87500 -9.7291939877095
87600 -8.748684088816907
87700 -10.545487831519575
87800 -10.882164865076511
87900 -10.878535754054393
88000 -11.014717567356817
88100 -11.838208403769402
88200 -11.261104576297013
88300 -9.64420929601618
88400 -10.967669191426653
88500 -10.076219550296194
88600 -9.744984352021554
88700 -9.174504938894527
88800 -9.920610403687279
88900 -9.811869284995781
89000 -9.163640051751855
89100 -10.331360373644024
89200 -10.849476786951687
89300 -12.76765473419746
89400 -12.112901812636109
89500 -11.61207010534639
89600 -12.109816019011046
89700 -11.607507755887172
89800 -10.956450244456216
89900 -10.342402502454622
90000 -11.667288716451354
90100 -10.08198004616707
90200 -6.080381144788379
90300 -8.133863169393017
90400 -10.606763331367674
90500 -9.655685128879044
90600 -9.930131409029137
90700 -9.085735625624238
90800 -9.780693473871914
90900 -8.149354916533943
91000 -8.849797644654862
91100 -9.229743981535512
91200 -9.47966229701667
91300 -8.396916484217092
91400 -8.916297637287345
91500 -8.574892197722834
91600 -10.74526027252416
91700 -11.720346880140807
91800 -11.697473686521876
91900 -10.773274639054273
92000 -12.485232994318446
92100 -9.260991443182654
92200 -10.99225908435816
92300 -11.31355428740667
92400 -12.039433329583538
92500 -12.153461247268112
92600 -9.680724350435325
92700 -9.920184572092312
92800 -8.903699127965393
92900 -8.925626096388719
93000 -12.348634446940927
93100 -10.034393337599118
93200 -10.422822900356438
93300 -8.627328718357639
93400 -9.746984804298876
93500 -9.493938188509244
93600 -10.60655641387051
93700 -10.168038820406139
93800 -8.922791035894225
93900 -8.9404752901758
94000 -9.533318397303434
94100 -9.582095545749372
94200 -9.737762818399736
94300 -9.290197645807336
94400 -9.40857615876327
94500 -11.955946895630243
94600 -12.678529066202778
94700 -10.80273626601997
94800 -10.35393687310083
94900 -9.97207764524545
95000 -10.134574397865823
95100 -10.642774515804339
95200 -9.44225374851458
95300 -9.882169803013229
95400 -9.608502514279824
95500 -9.853271046308988
95600 -9.48428915838398
95700 -8.690220960934482
95800 -9.24897710265735
95900 -10.246518541921452
96000 -9.5679009749262
96100 -10.922871755922156
96200 -10.380598620105445
96300 -8.249370587704249
96400 -11.16590684414076
96500 -9.995160142297404
96600 -10.191317813689414
96700 -11.968611436937113
96800 -10.321913019861125
96900 -9.15811387157404
97000 -10.358782074323688
97100 -9.262038923608264
97200 -8.616967172260846
97300 -10.917967170486612
97400 -10.04895091385649
97500 -11.620268140167372
97600 -11.038868152339381
97700 -10.099231487900214
97800 -9.290595340941195
97900 -9.3573632180863
98000 -11.497603662175123
98100 -9.485644463867597
98200 -9.337580231705774
98300 -8.413730080522853
98400 -9.809106444144943
98500 -9.802241504701078
98600 -9.167413097195253
98700 -10.156554778868736
98800 -8.909821689786597
98900 -9.37211939992602
99000 -10.98706434738789
99100 -11.270043417264807
99200 -11.12120535013214
99300 -9.371399320199945
99400 -8.896668847392188
99500 -10.598861174238282
99600 -8.499628228404259
99700 -10.801790888371567
99800 -10.86624348430101
99900 -11.426536942463196
100000 -10.868282508885658
100100 -13.174699681453228
100200 -10.115876586510666
100300 -10.86085287416308
100400 -10.06754648397541
100500 -11.329547689329395
100600 -12.115383598556278
100700 -12.666691384639426
100800 -10.164838589337473
100900 -6.771174858534494
101000 -7.971549587840372
101100 -9.793539029996635
101200 -10.438025349736067
101300 -10.158668858279826
101400 -9.604389373054032
101500 -10.80745634940296
101600 -10.004343933017275
101700 -8.85604123327495
101800 -8.19293893669172
101900 -9.098540076325977
102000 -10.117246509767138
102100 -11.345129630251048
102200 -11.236566126764535
102300 -9.78419489825972
102400 -10.003689756706988
102500 -8.322395929190785
102600 -9.607590351103788
102700 -10.104700627186316
102800 -9.157509250317926
102900 -10.672609982064976
103000 -10.101676104727328
103100 -11.021189817761348
103200 -9.034853238642429
103300 -10.122872441343397
103400 -10.074802847624307
103500 -9.85811263064653
103600 -12.033299446694182
103700 -10.893925350315945
103800 -11.863627361733377
103900 -11.971946931436662
104000 -9.408316175898245
104100 -11.9584060804732
104200 -11.193704836710808
104300 -8.848601576758009
104400 -10.27835131352109
104500 -8.511920856323645
104600 -9.576160888953092
104700 -11.407684960192492
104800 -11.212815281578571
104900 -11.174272964975756
105000 -12.765282778790546
105100 -13.445318725713992
105200 -11.345236964216294
105300 -11.61636529283628
105400 -11.681840797182694
105500 -11.474677304040032
105600 -10.340196885566654
105700 -11.339153905594124
105800 -12.98864266728933
105900 -13.122918854901778
106000 -10.262198170775854
106100 -10.637922779598973
106200 -10.076204086236068
106300 -11.899614569108405
106400 -10.982550784381491
106500 -9.16260465724018
106600 -10.398049911163216
106700 -9.335685065594115
106800 -11.331522449753852
106900 -11.538985872913024
107000 -9.597599337005411
107100 -11.04253927663332
107200 -9.877551724134367
107300 -11.092162753653792
107400 -10.866980246499711
107500 -11.358541940674323
107600 -8.99359534597212
107700 -11.508365779684324
107800 -11.05654553362321
107900 -11.188512950528475
108000 -11.70411433395696
108100 -10.659702124563843
108200 -11.065079606549098
108300 -11.218876203743635
108400 -10.974913971332391
108500 -10.171691160279384
108600 -11.101629639646193
108700 -13.076781370361754
108800 -10.729567771807107
108900 -12.087774613795725
109000 -10.641668991304261
109100 -10.856373467065035
109200 -9.025599810622303
109300 -9.637945364109507
109400 -11.934546367089672
109500 -10.598732862752984
109600 -10.768386961564197
109700 -11.045771250103911
109800 -12.147514201568615
109900 -8.565786482141085
110000 -7.938679613795835
110100 -9.430264743335949
110200 -9.824182401586496
110300 -11.99846293628827
110400 -9.855855445876102
110500 -10.571781991920847
110600 -12.332418969530268
110700 -10.423645926638716
110800 -13.248242531722658
110900 -11.639374376604458
111000 -11.047601723329725
111100 -11.403704179342975
111200 -9.962873993409099
111300 -9.772880439591551
111400 -10.877821198141689
111500 -11.989947177151913
111600 -11.712624665252749
111700 -12.433237135536427
111800 -10.796028978603434
111900 -9.469192968970757
112000 -9.730062391720002
112100 -10.508479793137454
112200 -10.842445905193651
112300 -10.898757493467317
112400 -8.76717299885285
112500 -8.770532498590795
112600 -8.6678459359239
112700 -8.278631205619444
112800 -8.371476806596696
112900 -7.231258665669663
113000 -10.61175797693045
113100 -9.13879076595348
113200 -10.362839564849802
113300 -12.69507034685614
113400 -12.155716106313353
113500 -11.802805569868598
113600 -8.661571034600383
113700 -10.241319630464163
113800 -10.280870212465123
113900 -8.494033146952729
114000 -9.60556831667846
114100 -9.875606237652205
114200 -8.932840948024717
114300 -10.565233183065521
114400 -11.612670234963021
114500 -11.431372847999429
114600 -10.640172812105664
114700 -13.33144509853305
114800 -10.418626866840743
114900 -12.82441837889765
115000 -13.693689144629168
115100 -13.28527672443441
115200 -11.377223207850145
115300 -11.81882725013927
115400 -9.740788064355813
115500 -11.773179777654743
115600 -11.716494951689972
115700 -10.648672831311085
115800 -10.144358781935292
115900 -10.405609945137337
116000 -10.083963504183046
116100 -8.620861121142893
116200 -9.853572852986987
116300 -9.759450738654731
116400 -10.158721020552251
116500 -11.101474826098496
116600 -9.517815066898446
116700 -8.939070636740155
116800 -8.703527723255604
116900 -11.519291244182027
117000 -12.45788761474333
117100 -12.551532047741244
117200 -11.806311357671962
117300 -12.391813379946958
117400 -10.846893666493909
117500 -9.256332160332777
117600 -9.161334518977105
117700 -9.843999307010185
117800 -10.251557080006389
117900 -9.638893440464056
118000 -8.011585936990146
118100 -8.863146603881098
118200 -8.47352900492294
118300 -10.89957381766892
118400 -10.427266251603411
118500 -10.845301640634363
118600 -10.430521290038508
118700 -9.256776593832752
118800 -10.09256095337859
118900 -10.138264421615293
119000 -9.802949131886834
119100 -9.622190848034677
119200 -11.412517550991915
119300 -13.106740623001382
119400 -11.084346563606223
119500 -9.243987651993569
119600 -9.669457869460354
119700 -11.824326438014445
119800 -11.939611922341985
119900 -11.449748938602143
120000 -10.097460015790652
120100 -11.475563542631866
120200 -10.300140062667717
120300 -10.756351535402331
120400 -9.771653689910083
120500 -8.54435755547259
120600 -8.89713242531021
120700 -8.913085324190291
120800 -10.421558630794111
120900 -10.614543025240485
121000 -12.464430156230437
121100 -10.622750840586166
121200 -11.911672075969976
121300 -12.135950721504809
121400 -10.243990974467664
121500 -13.227870192741385
121600 -12.996387078289292
121700 -12.307226008553863
121800 -10.253875131783866
121900 -10.62955024845613
122000 -8.934899630760437
122100 -11.810888986925011
122200 -11.349820982990826
122300 -11.455412263501346
122400 -12.165829243939255
122500 -9.26595774393108
122600 -9.974698507122053
122700 -9.779354671904455
122800 -7.987695931308264
122900 -9.085917828416047
123000 -8.399594750416792
123100 -8.571218689365994
123200 -10.387858009986454
123300 -10.095675115268932
123400 -10.039943494170227
123500 -12.122151422596339
123600 -10.875396515055124
123700 -12.390169028287099
123800 -11.69459290917022
123900 -10.499500886114967
124000 -10.725541180596833
124100 -11.49639010608167
124200 -11.473835083181891
124300 -10.885724490120705
124400 -10.89113894817521
124500 -9.902211700544598
124600 -8.116062986878397
124700 -9.203088786980517
124800 -10.133448807745912
124900 -10.952901085157123
125000 -9.325029256078029
125100 -10.447433729420835
125200 -9.232132799832906
125300 -9.192218243252439
125400 -10.5060587407533
125500 -10.653414934492787
125600 -11.583447073856744
125700 -11.145633098488576
125800 -8.625870451934748
125900 -9.138747238748376
126000 -9.315001835168525
126100 -11.512490989691525
126200 -10.206843611635248
126300 -9.853429098672096
126400 -9.646873377642262
126500 -10.293529289182755
126600 -10.88689059297532
126700 -10.35433861807662
126800 -11.950250647487579
126900 -10.50235150631384
127000 -12.311470398944346
127100 -11.823627177443639
127200 -11.399537709055675
127300 -11.559020989539118
127400 -11.162328616229807
127500 -9.666230685156737
127600 -10.236543524974948
127700 -10.48165033523687
127800 -9.837430884371525
127900 -11.274308257862765
128000 -9.453230478521156
128100 -10.753769401295697
128200 -8.398220567302594
128300 -9.686292329997682
128400 -9.425354758346117
128500 -11.728123327978743
128600 -9.819824981298183
128700 -10.9735726056309
128800 -9.149928423675677
128900 -11.674904460686744
129000 -10.39287068720525
129100 -11.728676263831556
129200 -12.042188193440232
129300 -11.013475450050702
129400 -10.580975409984577
129500 -9.908566594609663
129600 -7.795994650370512
129700 -9.392684739239986
129800 -9.25097674526446
129900 -9.646244751903051
130000 -11.838169659004564
130100 -11.927925852849036
130200 -12.066660037483494
130300 -12.299487694153886
130400 -10.143685775271289
130500 -10.864079965214025
130600 -8.243725469577674
130700 -7.64684838114332
130800 -6.541191589034718
130900 -9.275758024219927
131000 -9.852622123859206
131100 -9.41079249463271
131200 -9.474414534920546
131300 -10.5010209744017
131400 -10.778338254798914
131500 -10.092659679017535
131600 -10.246879211380712
131700 -8.733835075995781
131800 -9.277400194177362
131900 -11.145180891931963
132000 -10.5556946768268
132100 -12.310648495334696
132200 -11.253707627640937
132300 -10.592194680197283
132400 -12.827651552263813
132500 -10.631411438055787
132600 -11.346895300874042
132700 -12.00270196370266
132800 -10.698085920775549
132900 -10.50248257621269
133000 -10.052025661382768
133100 -10.135671560181837
133200 -10.6224746206805
133300 -10.000869357011007
133400 -10.703766244334998
133500 -11.537098677279591
133600 -9.72923606189522
133700 -9.618106850743578
133800 -12.283661438304405
133900 -10.92195232798156
134000 -9.492039461618088
134100 -9.39423974279263
134200 -9.377769526791612
134300 -11.18481489375741
134400 -10.033515270852225
134500 -10.85989540344283
134600 -9.610072057659185
134700 -9.37515277124209
134800 -10.31373885596123
134900 -11.762787229215485
135000 -12.222483319574291
135100 -10.570034333686017
135200 -9.857746707615089
135300 -11.46201394925064
135400 -12.084229014406725
135500 -8.65004342229564
135600 -9.990934080821166
135700 -10.234268558277853
135800 -11.079241067682743
135900 -10.70925402828236
136000 -13.297030291709095
136100 -10.9233064749961
136200 -9.469502881802198
136300 -10.346430910292055
136400 -10.704662162675106
136500 -10.93664982102648
136600 -7.808727743389492
136700 -10.320454255280882
136800 -11.107654722124881
136900 -9.910195743288373
137000 -9.422410534067776
137100 -9.525550862165993
137200 -10.334707386057175
137300 -12.108547649139297
137400 -10.427634782153225
137500 -10.927501708798772
137600 -13.817540319304582
137700 -12.977117570499589
137800 -10.669963526867376
137900 -10.152417001989223
138000 -8.690233831189861
138100 -10.405555028703668
138200 -12.715467309748242
138300 -9.54482108998956
138400 -10.454293577370152
138500 -13.746801219656232
138600 -11.097256954609993
138700 -11.79913991936066
138800 -10.56446880422237
138900 -10.247745687699618
139000 -10.643401557224287
139100 -11.518053130975254
139200 -10.173988711947336
139300 -10.69193732133177
139400 -10.733873199779648
139500 -10.999079913390453
139600 -10.662558779867672
139700 -9.405286410204404
139800 -8.410355402917466
139900 -11.135384428081657
140000 -9.322084058514863
140100 -10.934881220756028
140200 -10.22736464654278
140300 -11.322293364271525
140400 -9.623318096258862
140500 -12.179008887290756
140600 -10.79160680954428
140700 -9.753397336339173
140800 -9.895082300305246
140900 -10.005243657188839
141000 -8.549703862536205
141100 -11.6614773573253
141200 -10.49588761372299
141300 -9.57351116329791
141400 -11.399636414199723
141500 -9.96823354971429
141600 -11.179246529358636
141700 -10.29052144087072
141800 -9.488055733058157
141900 -10.231754733396572
142000 -12.045928405365423
142100 -10.314998896003054
142200 -12.565621493465379
142300 -10.537662969545146
142400 -10.128238084768538
142500 -9.038308485690242
142600 -9.356962519653285
142700 -8.765037495125643
142800 -10.147435320720009
142900 -11.630526244196856
143000 -9.461461278901611
143100 -11.967208512852723
143200 -9.975668275361254
143300 -9.196035736071462
143400 -10.336614500993777
143500 -10.545198099110427
143600 -11.23822963773096
143700 -8.770574891837468
143800 -9.554864774177936
143900 -9.081302717742384
144000 -10.190039595157971
144100 -8.32265680073634
144200 -9.968198372160824
144300 -12.541144286108837
144400 -11.697307509073065
144500 -11.007995289870825
144600 -13.147933978570569
144700 -11.820197058312115
144800 -12.326404345437219
144900 -12.334441733992815
145000 -11.551397497710044
145100 -7.883240950980077
145200 -9.673815736966713
145300 -10.482545172872879
145400 -10.224274969892248
145500 -11.541658008723479
145600 -12.807101671025665
145700 -13.179823504059282
145800 -11.50770496548059
145900 -11.18454539559536
146000 -10.986831028939777
146100 -10.136173887811436
146200 -9.372786166623545
146300 -9.004314913022817
146400 -10.348816954681013
146500 -11.254103176033382
146600 -9.241283264652036
146700 -10.486721292698526
146800 -8.9740205625864
146900 -10.212566708985916
147000 -8.772440143497889
147100 -8.795971421198276
147200 -8.585415031349784
147300 -8.91636814803898
147400 -7.3922259069106495
147500 -10.331803877868495
147600 -11.73092388179516
147700 -11.063168916546497
147800 -11.34266204583274
147900 -9.839616454212978
148000 -10.443938868853694
148100 -9.398705342236209
148200 -10.6129829302647
148300 -10.380670309943007
148400 -9.125518137274893
148500 -9.786614227945902
148600 -9.574884613884313
148700 -8.646057058894723
148800 -7.456328651293519
148900 -9.049564028941674
149000 -8.10656282509614
149100 -9.737112065187107
149200 -10.130710846228816
149300 -10.765378780901463
149400 -9.327738650744097
149500 -8.89947756676148
149600 -9.850214445998883
149700 -12.165225517694305
149800 -9.234665644054305
149900 -8.167863003420347
150000 -11.41803543968106
150100 -10.668829231728733
150200 -10.162559623286942
150300 -9.701788677651422
150400 -10.74970025325417
150500 -9.284279128620463
150600 -9.03285791389175
150700 -10.611579705135544
150800 -11.126077224908279
150900 -10.332780107744737
151000 -10.586528210309321
151100 -11.427326326854688
151200 -11.577578712750787
151300 -8.270836678479599
151400 -11.507404509467454
151500 -12.40229795900016
151600 -11.400676566875243
151700 -10.103229473713226
151800 -9.153720988073935
151900 -9.28978014741485
152000 -6.210886323643319
152100 -9.147593735607778
152200 -10.332115995767017
152300 -11.942905648411278
152400 -11.073264165143527
152500 -9.146638123399748
152600 -11.437061466643675
152700 -10.729877800420049
152800 -11.222868680417639
152900 -10.83098817309112
153000 -9.681194191980003
153100 -9.520622000547817
153200 -10.39342803246306
153300 -10.54707219903931
153400 -9.196403442845055
153500 -9.448691072343307
153600 -11.266348415609553
153700 -10.843777130854598
153800 -9.545763058806816
153900 -9.93699026509953
154000 -12.110726259272019
154100 -11.996951637053137
154200 -11.659198181142122
154300 -12.316290408793693
154400 -10.266395308625388
154500 -9.117254251137082
154600 -10.159417284831767
154700 -10.135447832623926
154800 -9.850717713236453
154900 -9.51222181462458
155000 -10.008760308956708
155100 -8.820551847731066
155200 -8.266675799605217
155300 -8.882122323363252
155400 -10.522393419682986
155500 -11.228129732216598
155600 -11.484870314237604
155700 -8.296736174463149
155800 -11.48485136038734
155900 -9.94333777383714
156000 -10.07336067812014
156100 -11.29685466347926
156200 -8.847982988968464
156300 -12.958130178607593
156400 -11.376653792051004
156500 -9.383035983500433
156600 -10.359819397387328
156700 -11.392145268777863
156800 -10.812972361384642
156900 -10.894210963845223
157000 -10.714928022568822
157100 -9.61257186594858
157200 -8.161630284371368
157300 -10.75279472279421
157400 -9.504675029005933
157500 -8.68298958373585
157600 -11.335492275174158
157700 -11.30676292888401
157800 -12.277274819238587
157900 -8.97657776515051
158000 -12.148753904853363
158100 -11.027788045345332
158200 -11.38986589018902
158300 -12.344623599839402
158400 -11.779548378175912
158500 -10.300775865476425
158600 -11.181701488391559
158700 -12.137920920482241
158800 -12.099615972495988
158900 -12.3985519399874
159000 -9.147438497253631
159100 -9.717448875024122
159200 -7.6642392423235215
159300 -8.925898184978395
159400 -10.657610610445287
159500 -8.752615209787301
159600 -10.795200165294453
159700 -10.95363441811709
159800 -10.520850991366148
159900 -12.400416910756434
160000 -9.58648578504768
160100 -9.770484326946514
160200 -11.537618948716274
160300 -8.354235992981122
160400 -7.7006045675674875
160500 -6.410590360938916
160600 -8.644303591799469
160700 -11.338511150698007
160800 -10.15602594258895
160900 -10.308264702235775
161000 -10.610002927647445
161100 -11.15356886227992
161200 -12.198577705463794
161300 -12.964888295223261
161400 -11.65795652071863
161500 -10.237820171091945
161600 -9.866928444176413
161700 -11.119631689795654
161800 -11.43373818383349
161900 -9.924157738331717
162000 -10.68323115579644
162100 -12.765040795361534
162200 -13.272250657933935
162300 -12.303099814373178
162400 -10.711758940208727
162500 -11.789196638337009
162600 -9.434733766583774
162700 -10.125453330687805
162800 -10.204846542125079
162900 -11.711913317984644
163000 -9.59336664179613
163100 -8.626349916172137
163200 -7.9057502472588554
163300 -8.826294661460016
163400 -10.339295756861343
163500 -9.98794205040325
163600 -11.905975083895218
163700 -8.561663889856922
163800 -10.097621439673054
163900 -11.11534689983702
164000 -8.470523475570872
164100 -9.459305020377993
164200 -10.153268733869302
164300 -11.089409527739342
164400 -9.791607832251668
164500 -7.862577509212678
164600 -7.923628962381568
164700 -9.84450276747031
164800 -12.78972209149517
164900 -10.533725563312348
165000 -9.9962568450615
165100 -9.507730081285086
165200 -9.690732023738324
165300 -10.84072985229705
165400 -11.525506028005688
165500 -11.7832999376542
165600 -12.389453134263638
165700 -11.908113594350606
165800 -12.65293297676262
165900 -7.929227459526328
166000 -10.64073397695467
166100 -9.181889355960822
166200 -10.886851491687354
166300 -11.396354246329555
166400 -11.189097554339476
166500 -9.291561071779777
166600 -9.526314650675724
166700 -8.345145028691025
166800 -7.627800310382181
166900 -10.395553453864691
167000 -9.526614668289387
167100 -10.098044394831387
167200 -10.803646553674785
167300 -7.373738256742284
167400 -10.884917557777824
167500 -11.032758006815133
167600 -9.33029251584419
167700 -11.957866496936726
167800 -10.138743085564721
167900 -9.25636254978777
168000 -10.252574664532663
168100 -9.074773549033916
168200 -9.002292967786035
168300 -8.732648834743415
168400 -11.208117723305186
168500 -12.683062730919914
168600 -10.907690512566802
168700 -9.554017700630991
168800 -10.08925904993426
168900 -9.911522841247475
169000 -12.160829535450329
169100 -10.479356482369385
169200 -10.394547655568388
169300 -8.791772085223284
169400 -6.822237121257283
169500 -9.016752997891379
169600 -10.617213377517597
169700 -12.406550112100014
169800 -12.954489716733232
169900 -11.128796913150618
170000 -10.378975145563786
170100 -11.499689583912003
170200 -11.24201341904984
170300 -9.399880069115268
170400 -9.375180071618498
170500 -9.263010733561405
170600 -9.82858378580873
170700 -12.019395199084903
170800 -9.900724010897207
170900 -11.168001751575137
171000 -10.906428588277123
171100 -10.643095470337855
171200 -10.936045403252685
171300 -11.217386553918049
171400 -9.817266946257892
171500 -10.828030140892203
171600 -10.353781576321365
171700 -8.29726771117267
171800 -10.238023999626579
171900 -12.026752350977178
172000 -11.903833712018555
172100 -11.550535970535055
172200 -10.827588098187693
172300 -9.454351431124353
172400 -10.483117837839991
172500 -9.435154926839601
172600 -11.077613835634102
172700 -10.54101293310696
172800 -11.6311883696009
172900 -10.18517035917721
173000 -10.405099976510332
173100 -11.224168843515168
173200 -11.013094406804699
173300 -10.208463773108443
173400 -9.391815768497425
173500 -10.946424788193276
173600 -12.38324468949466
173700 -12.00093701143974
173800 -11.50605303499442
173900 -11.001469597289708
174000 -10.76931924277853
174100 -11.439965132536404
174200 -10.160498944722688
174300 -9.30895748841588
174400 -12.186206235226273
174500 -10.989854523136977
174600 -11.216775266049789
174700 -9.119267043673968
174800 -9.843224200230209
174900 -11.853488646640796
175000 -14.422114319989303
175100 -12.965911632272062
175200 -11.973717073064499
175300 -9.681895918309944
175400 -8.111276063827848
175500 -13.118846500531163
175600 -10.648514368762402
175700 -11.154895725100909
175800 -11.699495630269137
175900 -11.167483025415567
176000 -6.994740405909404
176100 -10.108444492720478
176200 -10.675971542051471
176300 -11.283528799921795
176400 -12.181270966288949
176500 -12.143464838942469
176600 -12.399590678553245
176700 -10.015373308587344
176800 -11.823742848224665
176900 -11.480778466629626
177000 -9.415488201020548
177100 -8.516796222679721
177200 -8.511017465337027
177300 -9.773634280143122
177400 -10.751427617140166
177500 -10.001754105267791
177600 -8.95322301079871
177700 -10.653447526010218
177800 -11.635222516180455
177900 -11.357148607559491
178000 -13.407640830022244
178100 -10.67776761804074
178200 -8.967063418445333
178300 -9.266223065756165
178400 -7.947294851849644
178500 -11.469035152165443
178600 -11.034372392269885
178700 -11.170512166579062
178800 -9.6880997065443
178900 -11.006358752169128
179000 -12.9461483841992
179100 -11.455400980218727
179200 -10.578723267644802
179300 -9.374957891491919
179400 -10.496206170123546
179500 -10.48062369317411
179600 -10.335032769314651
179700 -11.337573914069877
179800 -9.79504956135615
179900 -10.818759483543888
180000 -11.093045919854402
180100 -10.271026327227068
180200 -9.656040095504231
180300 -10.797529522407107
180400 -10.280853381511793
180500 -12.428022533777238
180600 -12.218578114153635
180700 -11.122179019138127
180800 -11.13562885426854
180900 -11.514130499321661
181000 -13.085891288536395
181100 -11.289131514432809
181200 -11.283683065452976
181300 -9.362248006176243
181400 -12.79917841600718
181500 -10.909441320741603
181600 -7.654496241636014
181700 -10.431062462316154
181800 -11.861617922038786
181900 -11.53685341762725
182000 -11.214365394206373
182100 -9.10033479825818
182200 -10.339196197934728
182300 -9.418701600946877
182400 -8.971671693153661
182500 -9.081230494220994
182600 -11.278498498537564
182700 -12.58946048813864
182800 -12.107945817356226
182900 -10.699889036032943
183000 -10.382148289663233
183100 -9.42078159834563
183200 -8.70881027125766
183300 -11.714433084269542
183400 -12.962877592586329
183500 -11.849793062327413
183600 -11.226125129253054
183700 -11.048508498008921
183800 -10.129895847354348
183900 -9.606879561256175
184000 -9.973174678081527
184100 -8.842157627249497
184200 -11.569851632308838
184300 -9.360609680983751
184400 -10.08173074166343
184500 -11.444716600782492
184600 -11.16606567138458
184700 -9.316687710327393
184800 -9.16046419267008
184900 -9.528820977307356
185000 -8.56027344702733
185100 -11.06109658040825
185200 -12.789215885922514
185300 -10.783305341004718
185400 -11.72970593055751
185500 -9.921784168712037
185600 -8.925244155968477
185700 -8.624604169061078
185800 -11.56825025211163
185900 -12.451392639852736
186000 -11.823279904403961
186100 -8.90765033895297
186200 -9.796895257282365
186300 -10.535698174264292
186400 -11.69443035661938
186500 -12.621084227830256
186600 -11.94631767926409
186700 -10.499850598801004
186800 -10.703072155492874
186900 -10.713888010966343
187000 -10.67030764474641
187100 -9.933070144173264
187200 -10.374825283499767
187300 -9.061296994896331
187400 -9.827308028676232
187500 -10.70303933508694
187600 -9.208706526960079
187700 -10.8064767755183
187800 -11.013606828624857
187900 -9.373666637902916
188000 -10.019199526703723
188100 -9.912896621575847
188200 -9.266236740039988
188300 -9.958296430424367
188400 -12.105905806324104
188500 -9.759246979593375
188600 -10.145270017671415
188700 -10.267705614601349
188800 -10.366188254077334
188900 -10.2095025706886
189000 -9.921276268822062
189100 -9.642963952187579
189200 -11.143767297196115
189300 -11.498491832203879
189400 -10.980962341968278
189500 -11.681274736439985
189600 -12.598573378459902
189700 -11.805885418591675
189800 -10.10848872444635
189900 -10.33716972559214
190000 -9.864099127813823
190100 -9.86942345138465
190200 -11.128088199447603
190300 -9.21395317017126
190400 -9.401778005430407
190500 -10.53678318844283
190600 -9.61522953666092
190700 -10.342349459210801
190800 -8.441048200401662
190900 -7.145575460319927
191000 -8.362430629171437
191100 -10.520982992397299
191200 -10.047447738726415
191300 -12.235511041863292
191400 -11.246068702487301
191500 -11.386450441662342
191600 -10.882258173566532
191700 -10.534295754297117
191800 -10.963100522437536
191900 -8.769486112612023
192000 -9.766034937103969
192100 -8.846923380170178
192200 -9.197155985590173
192300 -10.64054202448468
192400 -8.543796759098152
192500 -9.74927816340487
192600 -12.46719705864185
192700 -9.300847239392867
192800 -10.727914763054084
192900 -10.91238234839499
193000 -10.626593934246301
193100 -10.213928496383538
193200 -11.30720535080524
193300 -10.694194562523665
193400 -10.697920588544056
193500 -10.724893058073317
193600 -11.075539165463818
193700 -11.066912805690697
193800 -10.933867516751862
193900 -10.204278045392883
194000 -12.256864541261224
194100 -12.166727371724283
194200 -11.02144479825447
194300 -9.974544617288785
194400 -9.527964272351218
194500 -9.891525323330939
194600 -10.724611983884817
194700 -11.559492648062458
194800 -10.261318902505266
194900 -9.095029598516346
195000 -7.490940798564856
195100 -8.467611450454365
195200 -8.60503408950351
195300 -9.963584765306951
195400 -9.3429671098558
195500 -11.903368515107902
195600 -9.799485736635281
195700 -13.081499631415097
195800 -9.904592159880512
195900 -9.499382398252212
196000 -9.901276685519687
196100 -10.032611741612502
196200 -8.68052111808269
196300 -12.263974070928604
196400 -9.605344242975058
196500 -10.57607280034003
196600 -10.520179394186574
196700 -10.30721073031305
196800 -11.055451755616982
196900 -11.426137051055523
197000 -9.930170337451543
197100 -11.157933944537653
197200 -9.29119967088565
197300 -10.549668568562696
197400 -10.515620013844268
197500 -9.762043165646201
197600 -10.972514609604517
197700 -10.720834319059115
197800 -9.787322596036937
197900 -10.6816566373221
198000 -11.324910165651533
198100 -12.169901253217477
198200 -11.050407997542838
198300 -10.621417065894587
198400 -9.474216375532325
198500 -9.856216754077957
198600 -11.708938852214946
198700 -11.87537120868327
198800 -10.404945337172366
198900 -10.504386350856079
199000 -10.84056782087282
199100 -11.784784848079896
199200 -11.36744981726668
199300 -9.144560969295785
199400 -9.415924099008077
199500 -10.29811119976877
199600 -8.610129629322104
199700 -9.522921761261944
199800 -7.280733003120194
199900 -9.85238187178871
200000 -10.6651388439425
