# Model = DQN.(9)-32-32-32-32-(9)
# Num weights = 3648
# Learning rate = 0.001
# Env random seed = 111
# Start time: 29-11-2023(19:55)
100 -25.000194386130836
200 -25.250871850410288
300 -27.08562240284781
400 -27.418288458829547
500 -25.759538991757115
600 -25.40507045949993
700 -26.831017114011154
800 -24.302434395615762
900 -24.965015093115987
1000 -26.666260018709856
1100 -26.626542475612414
1200 -24.21357708407635
1300 -25.403519725384694
1400 -24.637976837229672
1500 -23.983109733056676
1600 -24.662757811059237
1700 -23.243045135793224
1800 -24.16885283507297
1900 -24.052354442882905
2000 -23.45409208022618
2100 -22.919358516956763
2200 -21.356671088176267
2300 -25.31406912768475
2400 -25.877629261062758
2500 -26.193545620977407
2600 -24.759057548182636
2700 -25.96591187780568
2800 -19.77303320912969
2900 -24.336347935895198
3000 -19.401240071194895
3100 -23.86844781122158
3200 -20.445789609240897
3300 -23.697258166331217
3400 -20.44914201142988
3500 -26.545998091270718
3600 -22.06413451017382
3700 -24.271836360227947
3800 -21.631701377091247
3900 -18.70522431049168
4000 -19.639588100025744
4100 -16.7732988490777
4200 -15.888258061899457
4300 -5.069170993912728
4400 -8.280127044890524
4500 -2.9333224926486827
4600 -14.070777397613742
4700 -11.748144936580163
4800 -8.518930565821378
4900 -9.713117863390966
5000 2.4031828929191734
5100 1.4653139417527798
5200 1.1173708923063854
5300 1.0389934773689151
5400 1.534517142297708
5500 0.8957652965683693
5600 3.4396255336757107
5700 4.419274933715492
5800 4.975556842120216
5900 8.350972036727951
6000 2.8793061765694636
6100 -2.2104637581329687
6200 3.0674068945628616
6300 0.6262044097969728
6400 7.769765275494068
6500 5.144561465282762
6600 4.598241221569959
6700 5.440980462216594
6800 4.235778406077452
6900 7.429400019553394
7000 7.522484736708744
7100 4.500596367940506
7200 8.519036664352384
7300 9.806302190849683
7400 11.739889731123144
7500 5.2682733668998125
7600 6.328367158795585
7700 8.619583784665027
7800 13.263642777162723
7900 8.44633960035129
8000 11.235243422128606
8100 11.20805754047152
8200 14.453041510017359
8300 10.592361155480315
8400 14.396020639834928
8500 14.858828355604878
8600 15.201051208876306
8700 12.615324767083607
8800 13.513902836072162
8900 12.468510125228297
9000 13.985800379553753
9100 17.122877314029303
9200 13.801355757644501
9300 17.899118948890248
9400 14.153155988427594
9500 15.270789775548003
9600 17.71826382550428
9700 16.09210407564702
9800 14.202557959479316
9900 15.112809870077811
10000 15.203414578822855
10100 17.43073357494995
10200 18.84804132433959
10300 16.557840181828844
10400 16.191679773545662
10500 15.71108868496781
10600 17.832385996791654
10700 16.20758092270675
10800 16.608664535903273
10900 15.645887394053462
11000 15.615564643913357
11100 16.111160753164278
11200 13.560055207611827
11300 14.971500177785504
11400 17.181129068479276
11500 15.729530814473547
11600 17.364431978277782
11700 16.794532545765726
11800 17.181472090318202
11900 15.852282129258633
12000 16.734125235495902
12100 16.71065197986755
12200 15.298820226080311
12300 17.68549598011283
12400 18.473711042516197
12500 17.948013097728133
12600 18.200065601955764
12700 18.817275643073213
12800 17.59846690269772
12900 17.898954216970804
13000 16.93220506656905
13100 15.468135762035608
13200 16.7710410279248
13300 15.357101773910639
13400 16.896287709237853
13500 17.176665823938578
13600 17.747274671070155
13700 16.87046569728993
13800 14.2310288726323
13900 17.291784636664644
14000 16.800663957768915
14100 18.06620658161827
14200 18.09512934800682
14300 17.291493516766756
14400 19.362756748972497
14500 18.567007344103
14600 17.829945959663355
14700 18.07813817961382
14800 16.803776470314464
14900 17.495978893595773
15000 17.379080073636043
15100 16.95010059036378
15200 19.105499317955175
15300 18.61659575937053
15400 17.19501222234138
15500 17.068839058670605
15600 16.84302277188997
15700 17.71069604530732
15800 18.433227404036288
15900 18.299263440452197
16000 17.734242930943633
16100 17.740783949932027
16200 18.070489926294705
16300 18.047519386782902
16400 19.431397299327877
16500 17.804856280795693
16600 18.405887872155407
16700 18.400237678415348
16800 19.60401137829641
16900 18.019941095230518
17000 17.616682337728538
17100 17.582494679880746
17200 18.665670528370107
17300 17.58866427794073
17400 19.549852990683082
17500 19.101038740621313
17600 19.538889343612727
17700 17.950878382794926
17800 19.29040828177313
17900 18.11584591246084
18000 18.274173342932183
18100 17.30709747546981
18200 18.955148682018994
18300 16.693615305853022
18400 16.83224309696574
18500 17.012047045580392
18600 18.70305032118519
18700 19.71709955205086
18800 17.70812218185617
18900 18.07644414120587
19000 17.44599767488153
19100 18.239814176774075
19200 17.968698634239704
19300 17.598282919187834
19400 17.3454175358893
19500 18.72838520090074
19600 17.506053279384155
19700 18.480865857045064
19800 18.925458363791503
19900 17.2547759418798
20000 18.568703707599926
20100 19.607789793984416
20200 18.943763183489427
20300 18.27516762638967
20400 19.804622490273285
20500 17.507940231593548
20600 18.312170506981936
20700 18.473712767886028
20800 17.556094480521942
20900 19.23775688539313
21000 19.707728840750157
21100 19.514096365837776
21200 17.743799878978987
21300 18.064377189611506
21400 18.076025215802037
21500 18.695607811516723
21600 19.08555755518776
21700 18.807492405386373
21800 19.720383109885663
21900 18.79443277012238
22000 19.439764539332153
22100 18.702294862992765
22200 18.621781883587513
22300 19.30537146763079
22400 19.336000631533036
22500 19.67689680394142
22600 18.585736047931878
22700 19.498576536596293
22800 19.255332644386783
22900 19.846818436498005
23000 17.83752116206232
23100 19.07209366399194
23200 19.212731847797336
23300 19.319243478705953
23400 19.18287181375563
23500 18.89190444859087
23600 16.885419018180432
23700 19.268526430432885
23800 19.506305864243586
23900 19.64360774674712
24000 17.154627786902203
24100 17.73032636055636
24200 19.43063582486754
24300 18.1121406689701
24400 19.2032814899147
24500 18.23393712324835
24600 19.049569885669513
24700 17.419815360268903
24800 18.947942700602535
24900 18.304054323244834
25000 15.882648170414505
25100 18.691109435047608
25200 18.63615368343685
25300 18.795658287700327
25400 19.13994713565796
25500 18.004531199619635
25600 19.27533271541197
25700 19.51091613744119
25800 18.989668400639687
25900 17.352297942566132
26000 17.348389772798566
26100 19.648315483885753
26200 18.965201183658944
26300 18.071351181353506
26400 16.535128618488454
26500 19.247281202769045
26600 19.294415895416908
26700 19.658938442941114
26800 19.745476840398098
26900 19.54236438707111
27000 18.333451833572404
27100 18.045237872065723
27200 19.129770723179206
27300 18.319885688613702
27400 18.814443245017042
27500 15.880410938465277
27600 19.03109528615348
27700 19.717390486255066
27800 18.24078192507653
27900 18.92930042134689
28000 19.741986115732168
28100 18.08924237430754
28200 19.385172364101532
28300 19.44739915900812
28400 19.40409186550475
28500 19.150145347671742
28600 18.205294551827816
28700 18.95765345758577
28800 18.084621137127346
28900 17.891610708191696
29000 19.262208638851575
29100 19.928241103183026
29200 19.216209535462816
29300 19.81456467180176
29400 18.916017823529007
29500 19.299317203324033
29600 19.587496868423578
29700 19.115757612796127
29800 18.22251950546928
29900 17.431058534240616
30000 18.420983561219117
30100 19.530210994974233
30200 17.403635943051025
30300 18.883300328305396
30400 18.515543638211827
30500 18.038771020044937
30600 19.42007854062548
30700 19.78584678362806
30800 19.556669109784792
30900 19.132604219332926
31000 18.613612255023067
31100 19.079746795628925
31200 19.011365993563388
31300 19.18044376226736
31400 17.80357403179272
31500 18.874238719605227
31600 18.955259789005535
31700 18.317625358668092
31800 18.72417501208279
31900 18.60014933015644
32000 18.945282410238057
32100 19.2478677929891
32200 18.824011156563394
32300 19.38167010030961
32400 16.006088405457284
32500 18.73833629770921
32600 18.667597942766136
32700 18.81573623443484
32800 19.371198545955927
32900 19.81909355179119
33000 18.927331234317723
33100 18.437876320097022
33200 19.656139973672246
33300 18.82239819964618
33400 17.441006986027382
33500 19.83151872373676
33600 18.833034828528344
33700 18.24777780488754
33800 19.268265536527842
33900 18.247080413732462
34000 18.976819049365833
34100 19.477661116471573
34200 18.581201500239864
34300 17.942598404268413
34400 19.75295449558567
34500 19.326134374744793
34600 18.895869584670304
34700 18.592142150599845
34800 19.428340310308474
34900 19.63973703286915
35000 19.48384396759728
35100 18.329224134519013
35200 19.80643176118837
35300 18.514577113337328
35400 18.103312610603716
35500 19.056518486391155
35600 18.766421422464177
35700 18.95525786572943
35800 18.153317875823472
35900 18.294860730313207
36000 17.349116196788856
36100 19.12184784482671
36200 18.702772347092473
36300 19.43967101748297
36400 19.77142284658132
36500 19.05838442438772
36600 19.48294101394023
36700 18.52839487367479
36800 18.981562181155248
36900 18.83609695312614
37000 19.69473025715349
37100 19.664101664354114
37200 19.98402719173209
37300 19.84531433064414
37400 19.625467626951764
37500 19.552168728645636
37600 19.624014876461924
37700 19.554644749099165
37800 18.72044140500718
37900 19.68958694010554
38000 18.03709087444747
38100 18.222727298361356
38200 19.26567577775791
38300 18.96808764355478
38400 19.342369993633177
38500 19.597715396849956
38600 17.182188680196948
38700 19.69413189477517
38800 17.84700504441425
38900 18.914201801888353
39000 18.445430992499983
39100 19.70303853334603
39200 19.752693530186622
39300 19.95674582897576
39400 19.897734857127062
39500 19.637185422298845
39600 18.5088008009215
39700 17.491062179605443
39800 18.672818123772185
39900 19.594254732000437
40000 19.625476877253632
40100 18.617546608388828
40200 18.78302040169064
40300 19.633504725474573
40400 19.570452324144426
40500 17.429431812087714
40600 18.992717064120182
40700 19.721594794023233
40800 19.40201577037154
40900 19.91504774643385
41000 19.177871128456747
41100 18.571382544182157
41200 19.39974138812708
41300 19.53715105230192
41400 18.621267058751364
41500 18.546010872602622
41600 19.393658136903632
41700 19.145770050127602
41800 17.328991376080893
41900 19.55343639821094
42000 19.631715128336
42100 19.03073090999917
42200 19.770826826930712
42300 19.77772193728686
42400 18.659967227157885
42500 19.658439082687554
42600 18.730164269628684
42700 19.486844623941092
42800 19.957942165915103
42900 18.35500307047353
43000 19.49412449243758
43100 19.812002275576475
43200 17.829206261886885
43300 18.33487776766528
43400 18.977188532537184
43500 18.774608562750576
43600 18.65711767296783
43700 19.787501900931687
43800 19.616108558449184
43900 19.829119205315365
44000 19.62773855169545
44100 19.778320842876767
44200 18.041575565906516
44300 19.214669210309868
44400 19.035932712997244
44500 19.644980014799955
44600 19.627913030183898
44700 19.5343429907976
44800 18.653737411620124
44900 19.899154698345477
45000 19.827519581883575
45100 19.87510506660452
45200 18.702696880793646
45300 19.585224426928782
45400 19.69930272541877
45500 19.571239753822656
45600 19.97961137499558
45700 19.8074433171232
45800 19.0534575766543
45900 19.752913685273576
46000 19.49614478119588
46100 18.749491870409123
46200 18.300983018830337
46300 16.63612780380598
46400 19.393060931671116
46500 18.73286625602454
46600 17.618284270534076
46700 18.605884342009887
46800 19.684002076423702
46900 18.56771442909713
47000 19.69572260505757
47100 19.923722304439227
47200 19.055274457138584
47300 19.46089550784301
47400 19.18679495119062
47500 19.908526274397396
47600 18.357924846794923
47700 19.16753481956662
47800 19.839133454784417
47900 19.670914855702723
48000 19.465336831024935
48100 19.445934127478264
48200 19.631912743593
48300 18.816366268535916
48400 19.29812495766938
48500 19.693316029375744
48600 19.896702721836586
48700 19.539347374595668
48800 19.30421786815478
48900 19.365078814395137
49000 19.22331272347922
49100 19.707254133866353
49200 19.72096592478516
49300 19.826148436907282
49400 19.51982980161553
49500 19.485686440586115
49600 19.41430378668465
49700 18.965693478657496
49800 19.859358722472635
49900 19.373055189436695
50000 19.95198513079505
50100 19.03575346303848
50200 19.59395525064134
50300 19.95364647437865
50400 19.78183494763619
50500 19.732201413622946
50600 19.787327128289235
50700 19.8377077428913
50800 18.22785613042183
50900 19.117131625241118
51000 19.958017394612217
51100 18.800609928006956
51200 19.494087516157066
51300 19.59005045566808
51400 18.930150757591107
51500 19.11320546010844
51600 18.86832555458176
51700 18.459577808112016
51800 19.393613896569754
51900 19.929737772536313
52000 19.610766717937263
52100 19.580287737909853
52200 19.714147925045726
52300 19.221126952553497
52400 19.527070539034675
52500 18.2471106592262
52600 18.116306869724134
52700 19.70692571553844
52800 19.455466306108484
52900 19.5258163641641
53000 19.10156332756297
53100 19.957277083013494
53200 19.668813902628216
53300 19.965486248694532
53400 19.8240004680757
53500 19.991630780863325
53600 18.149378488911402
53700 19.058855486961736
53800 18.854593808480594
53900 17.846557410059187
54000 19.897598404174968
54100 19.631111979730836
54200 19.173291291984903
54300 18.268086936796433
54400 19.116067925948727
54500 19.77030018976496
54600 19.237560154587214
54700 19.449254918444602
54800 19.79506287698684
54900 19.82338702343522
55000 19.9916016100322
55100 19.445236639525618
55200 19.045951614266016
55300 19.702708220398588
55400 19.985863030294368
55500 19.702595160712313
55600 18.3614305336747
