100 14.391111507981938
200 16.28365874755179
300 17.251444801445697
400 17.062490441753415
500 19.00697180009079
600 14.589752118294706
700 17.917457675683654
800 17.539420046954504
900 17.43811788327961
1000 17.70103769941196
1100 17.172319551495693
1200 13.978466545030976
1300 14.520649099977618
1400 16.751563935748866
1500 18.042350631701893
1600 14.227166343803495
1700 16.627436295734267
1800 15.675780942781401
1900 14.754607889287364
2000 13.843751130058024
2100 16.9749447798271
2200 16.4390960120862
2300 17.16971629834543
2400 17.646980119300405
2500 18.54138389424345
2600 18.381373564446193
2700 17.868692509668115
2800 13.954470548700698
2900 16.26508079578071
3000 17.090214989801314
3100 15.658363470361751
3200 14.533483584586795
3300 16.45108147749306
3400 16.40141137625307
3500 13.17267617526854
3600 17.33443650017419
3700 18.42362865010492
3800 17.994157020703792
3900 18.50534114587001
4000 15.85693996924216
4100 15.801041636235327
4200 16.672819737953592
4300 16.800957739465165
4400 17.14444763318622
4500 17.106114962957506
4600 17.336875753174066
4700 18.183751067107732
4800 18.49024539082503
4900 18.35020606544781
5000 14.787080651708806
5100 14.923985792260543
5200 15.394043011616727
5300 16.106704030483876
5400 17.22749029689228
5500 16.576858969130907
5600 13.767073573265437
5700 16.88589705286037
5800 18.404915362274885
5900 16.224722140319262
6000 17.47382201435617
6100 16.053144659329185
6200 16.18240984177705
6300 16.377697532305845
6400 19.192072648430557
6500 14.013477474329122
6600 18.908490816811128
6700 18.084031218275403
6800 15.797743976799408
6900 18.936208287662996
7000 16.93291034506322
7100 18.200883436731697
7200 17.496442113542884
7300 17.387291332991584
7400 17.395046481901975
7500 16.916464456281673
7600 17.929196682801184
7700 17.035287523926225
7800 17.894240606844285
7900 17.685224880664112
8000 14.701497348714735
8100 19.04679901821991
8200 17.794842540825165
8300 16.815571986796158
8400 16.21660438937482
8500 18.146783884752278
8600 17.47019523012105
8700 17.7356836735191
8800 16.79529436618698
8900 17.692803536649684
9000 16.299780210238776
9100 16.84765432474216
9200 18.48179323799942
9300 16.727343051601753
9400 17.765573285962844
9500 15.114609814723478
9600 19.240641761229604
9700 14.434248083701538
9800 14.80352570155348
9900 16.484289844917523
10000 18.20523317773034
10100 16.265164525928874
10200 15.826807540732007
10300 17.799217971843905
10400 17.018556805558774
10500 18.64208760425651
10600 16.912746333698628
10700 17.167135043139833
10800 16.773862170923053
10900 16.2229754690268
11000 16.488039165235712
11100 16.64326039929855
11200 17.290271559803312
11300 17.558439656540116
11400 16.760124231258942
11500 19.137228748584743
11600 15.340832153351807
11700 16.25684621280647
11800 16.453433397906096
11900 18.845604253208496
12000 15.431677473926962
12100 15.908876526092385
12200 16.663599566369346
12300 15.034500970473033
12400 16.33711473219245
12500 16.76980511497116
12600 16.686939039313646
12700 16.02240641493371
12800 19.31764497229953
12900 17.795005432531035
13000 16.37773390760231
13100 17.042249050632417
13200 15.528005284944506
13300 17.867646087959244
13400 13.570647362441486
13500 18.737126202758866
13600 16.83771203614634
13700 18.04566041805114
13800 17.040438799705726
13900 15.556838656278869
14000 18.01046477692152
14100 17.256569489551087
14200 18.953136665526312
14300 13.019485494075258
14400 18.621959107519363
14500 17.936464002004506
14600 17.91567180351876
14700 15.48333692075853
14800 15.414643355317606
14900 14.410446568421396
15000 17.80399881102432
15100 15.33345968887055
15200 17.53876165336273
15300 13.137618306529447
15400 17.69360067104702
15500 18.587232552582307
15600 15.702821978062511
15700 15.93924237221964
15800 15.892252028913777
15900 19.27398772234263
16000 18.23546580133334
16100 18.400880634894797
16200 15.996191725197152
16300 14.390351699140172
16400 14.024071930341933
16500 18.428417493376248
16600 16.194589275914293
16700 15.951335782296697
16800 17.727116711463434
16900 17.415457337606483
17000 17.347293042757464
17100 15.44686601339138
17200 16.97410409633676
17300 15.954946333710799
17400 16.236463440397753
17500 16.331592369612025
17600 19.46169425855329
17700 18.544144377020828
17800 16.388107504326875
17900 19.252799863024244
18000 16.86063709285975
18100 17.418174914187436
18200 15.76092369111455
18300 13.239095182514372
18400 16.69770711891161
18500 16.178731705598675
18600 15.494481920501629
18700 17.21418444322999
18800 17.609274922075553
18900 14.007313760378846
19000 18.765419668085325
19100 17.862159197490406
19200 12.90483228872084
19300 17.868386587595094
19400 17.33571842578048
19500 14.174633756747614
19600 17.01197658850622
19700 14.596463311913832
19800 14.312625061809817
19900 17.756542983991704
20000 16.298092398077145
20100 18.67345643191817
20200 16.904372411610947
20300 14.828329211690596
20400 14.751283727183143
20500 15.955589584157611
20600 18.074666484734106
20700 18.50844886684154
20800 17.521435493646113
20900 15.849983541534607
21000 18.332498273009794
21100 16.900508191580926
21200 17.12027513665865
21300 18.48879786659107
21400 17.324875162090095
21500 18.506662407587513
21600 16.90775705412295
21700 18.51296505682049
21800 18.73834324669432
21900 15.664448536154802
22000 17.93558396362942
22100 17.347089373702243
22200 17.078590288989275
22300 17.3209003445614
22400 18.20375998774609
22500 14.145920848614635
22600 16.905495818400592
22700 16.314660576846695
22800 16.370645679735986
22900 17.576678727352338
23000 17.820143149152862
23100 17.616492783373136
23200 17.21969332856755
23300 18.773908304716667
23400 19.056195810157266
23500 16.98984796590032
23600 16.006617183893045
23700 16.74855329379004
23800 15.456546439717817
23900 17.854486735380686
24000 19.179784506929366
24100 19.32177621873526
24200 17.742083340055032
24300 15.85175236772412
24400 13.851516635243918
24500 17.790899739959098
24600 17.806486203584882
24700 17.05635699821213
24800 14.434733088788182
24900 18.081627888085958
25000 17.98075862070526
25100 18.12353394755908
25200 18.015188256328276
25300 18.41320194052262
25400 16.64149252931763
25500 16.30964090599605
25600 17.131104258747055
25700 18.622234573888427
25800 14.843855118953867
25900 18.15761731146145
26000 17.175953770138953
26100 16.685594854028047
26200 15.212654764994326
26300 16.829753540673053
26400 17.6090811527214
26500 17.127509756451563
26600 18.094048454336832
26700 17.653317213657314
26800 16.504058901423754
26900 15.1197544308264
27000 17.082919335578968
27100 18.36018931654603
27200 16.778974349337147
27300 18.803372018579076
27400 16.998866568696382
27500 17.31766456099443
27600 18.844826354912616
27700 17.968473965553272
27800 18.54633154936084
27900 14.479223772488917
28000 16.5292474161
28100 17.444903608131842
28200 16.922733868772063
28300 16.56976072048132
28400 15.235002784691483
28500 14.277592816184256
28600 15.415061874738795
28700 18.027204823729367
28800 16.02067450793917
28900 15.942697295806273
29000 15.860911177600089
29100 16.191044267841377
29200 13.297818368230667
29300 16.256649763710556
29400 17.22774798912098
29500 15.747164286281714
29600 16.057269490098175
29700 17.8741127313577
29800 17.361922013933192
29900 18.815015128623973
30000 17.348687929840775
30100 17.288350974817405
30200 16.013500842595565
30300 17.775296708078205
30400 16.77650823142118
30500 17.57978192485304
30600 18.168259490399013
30700 15.221906133323825
30800 15.21627769286252
30900 16.927672308457783
31000 19.183409719546074
31100 16.34391210732648
31200 17.02074064907134
31300 16.26930663352478
31400 17.656517933436803
31500 15.189932435655063
31600 13.183729058656922
31700 15.75364529697379
31800 15.892851455763822
31900 15.877529936266582
32000 17.94556656523225
32100 17.77353188680839
32200 16.697178398199707
32300 15.162962719842549
32400 16.027554090803076
32500 17.62282227425617
32600 17.88662671886261
32700 17.38588733426464
32800 19.26210871201172
32900 16.68636119624156
33000 16.801507183332724
33100 15.670177110153258
33200 15.662102210154618
33300 18.45210006685978
33400 18.492580092348785
33500 17.984551011686115
33600 15.059266943675985
33700 17.60966633593777
33800 15.55378287068019
33900 18.562907067652386
34000 17.595613413006863
34100 19.380481543196453
34200 17.005028178918447
34300 16.735814569358826
34400 16.944042793989638
34500 19.23301525959243
34600 15.342458611799401
34700 17.181982839784425
34800 18.33338417657102
34900 17.021245970750215
35000 18.170911221856226
35100 14.297826500629625
35200 16.68603558171267
35300 17.552946529530562
35400 16.271661115369294
35500 17.93919524190627
35600 18.555755206157276
35700 18.162834737082207
35800 14.36603588832624
35900 16.403239515013922
36000 15.691171883099495
36100 15.872733595307105
36200 19.053675183582616
36300 16.689395010730472
36400 15.14063799971494
36500 14.295831389343421
36600 17.208137496528515
36700 17.79723828210758
36800 17.27946897586006
36900 17.717438303014973
37000 17.0979858937565
37100 12.72366552661094
37200 18.16189146534345
37300 16.4421258414708
37400 17.039153369201546
37500 17.888792861618334
37600 17.838798468232287
37700 17.863424153744425
37800 15.371640226839217
37900 17.500113289651285
38000 17.91070069148953
38100 13.544812675487817
38200 18.816140256303807
38300 16.686678608171835
38400 15.496100689167903
38500 18.102766657003798
38600 18.493329960628063
38700 18.265367360887836
38800 18.688660113051686
38900 15.045252458094454
39000 14.134593402396437
39100 16.88494972258928
39200 18.31156574218975
39300 17.31549084381087
39400 17.52971611006152
39500 16.55651761429391
39600 15.523155056521423
39700 18.114203728361222
39800 14.665369054568432
39900 16.33528554184411
40000 16.784883264115667
40100 18.53574086612896
40200 17.202486397342405
40300 17.65019657072636
40400 17.920465712452742
40500 17.37579053678233
40600 19.124660699375237
40700 19.087978186405746
40800 18.835223565023426
40900 13.808161213511244
41000 17.958374498696188
41100 18.224742186372417
41200 19.078900989751155
41300 17.371785954327688
41400 17.807649318395907
41500 16.976152905225064
41600 16.60070341233628
41700 17.820108729462174
41800 17.245343056035257
41900 16.04956563443755
42000 17.920323326230946
42100 17.193501302428057
42200 18.998425756240195
42300 16.10204651633351
42400 16.931642791734358
42500 17.19406153070084
42600 18.631425278878893
42700 16.39551519922983
42800 17.304962275901786
42900 17.43592897131964
43000 18.360652094383774
43100 17.62907692690554
43200 17.12516596523126
43300 16.350552149734003
43400 14.77373628979093
43500 17.28094878128643
43600 17.41139695804592
43700 17.99980046828091
43800 18.725815396568308
43900 17.378973546422557
44000 17.886291089906997
44100 16.546441075819878
44200 15.90678020562375
44300 18.28330160027579
44400 18.015475439511615
44500 18.70717430757394
44600 18.776371577971883
44700 15.322534938038865
44800 15.091186638659854
44900 15.237877637041642
45000 16.925195464819033
45100 17.48186839553027
45200 17.399883252851374
45300 16.015840827907716
45400 15.724936370298472
45500 15.34612734903239
45600 15.286053695262643
45700 18.044838331999188
45800 19.2937654462525
45900 16.005185424992384
46000 16.824738915045852
46100 16.596462200456646
46200 18.099501194071934
46300 15.887184055323857
46400 15.937794658698024
46500 17.93429145328014
46600 15.899321732912263
46700 17.835515164199595
46800 15.124596207037563
46900 18.53917807269023
47000 17.69767626129703
47100 17.084940006104713
47200 17.094972110181537
47300 14.747290945857717
47400 19.232902775143256
47500 17.403610385392938
47600 15.540982111997868
47700 16.95394636666692
47800 18.084343389390593
47900 18.356540966801973
48000 16.148868923636567
48100 17.438078686759052
48200 16.810925996733538
48300 16.862313149321597
48400 16.669706918871515
48500 14.292897388594369
48600 16.482559936906203
48700 18.235055173834702
48800 18.322299432795987
48900 18.796993730312384
49000 16.70880021088998
49100 16.77553198517112
49200 16.907353664653918
49300 17.11274784734627
49400 16.97186795914486
49500 15.884126549733322
49600 18.131356626059766
49700 18.41641374288127
49800 18.526786705106908
49900 14.543666739518601
50000 14.813528691973103
50100 18.619789106227834
50200 17.080856630958717
50300 14.894288604855431
50400 17.258719262938552
50500 16.483811418360666
50600 17.723571368360975
50700 16.120924084906278
50800 17.743614614899432
50900 19.27244127071319
51000 17.008548343049394
51100 15.5004177597888
51200 17.929322943057922
51300 18.035536811423228
51400 14.434538393289422
51500 12.652409334219746
51600 15.173746423620514
51700 16.228371250596126
51800 14.7953383639867
51900 16.077837646646007
52000 15.684770100661009
52100 17.1456329199346
52200 16.065114278958163
52300 17.544855387100316
52400 14.095036768213445
52500 17.470900533646507
52600 19.53366339883806
52700 17.76421774632115
52800 19.731121586090897
52900 16.903899804984825
53000 18.055098058377947
53100 16.107844610135402
53200 17.18595784571734
53300 14.767728406011502
53400 16.97300571966389
53500 17.24542012553778
53600 15.290006169359629
53700 14.817354313139171
53800 15.065082710184978
53900 16.764867491330214
54000 15.733703608317336
54100 17.705273311450348
54200 17.186429713411645
54300 17.61569718989299
54400 18.776183228692346
54500 15.952455810715549
54600 16.413307463136476
54700 18.3915462771178
54800 16.397807848746073
54900 16.52314349784198
55000 16.003246744271085
55100 17.58747685772991
55200 17.345043115233786
55300 17.468572410930843
55400 16.641296457043314
55500 17.50319362514704
55600 16.83241847658347
55700 18.052813646156523
55800 16.665944407511553
55900 19.640118000784224
56000 18.59185745391824
56100 12.46704835594985
56200 16.9773327127454
56300 17.568502283137864
56400 19.2650394938291
56500 17.94140671572762
56600 17.609126605018474
56700 14.473929945686782
56800 16.08654917090525
56900 15.737130938021899
57000 16.8307058371536
57100 18.345455167071144
57200 17.612360063057043
57300 17.19782765234449
57400 17.849486239748455
57500 17.153618431308367
57600 18.106468225683614
57700 19.75206394926137
57800 16.51129619303273
57900 16.77763904985073
58000 18.310282831176774
58100 18.16060404153443
58200 17.850893398480704
58300 17.42661145662257
58400 18.68831045577157
58500 16.62356306003578
58600 16.795069189143067
58700 16.316667407360903
58800 15.9085641365428
58900 17.014886578114947
59000 17.202414925675306
59100 16.42443252653837
59200 18.900068660349735
59300 19.291153013596748
59400 14.769592432193578
59500 14.79684419958799
59600 16.68057013280997
59700 17.139993581417933
59800 16.869339933323552
59900 17.726498167398127
60000 18.751547353160316
60100 15.869273708221094
60200 19.317494257632642
60300 16.700696543735916
60400 17.195483524130037
60500 16.134809632383792
60600 16.708819734221372
60700 16.000361953933222
60800 18.208359716880423
60900 16.717532580026532
61000 18.121923638957558
61100 16.566087314557574
61200 18.118536698849542
61300 15.92593517282303
61400 19.178833084483987
61500 17.084908439104808
61600 17.053227646892196
61700 14.697732200348844
61800 17.793104448149283
61900 15.294979234389348
62000 18.6110006246196
62100 15.7667597777842
62200 18.372708676929783
62300 17.307691841230945
62400 16.86073855051174
62500 18.725056959997087
62600 17.932776432637304
62700 17.626247019067875
62800 18.41662568481842
62900 16.91627821687093
63000 14.757051211549767
63100 17.55521179610093
63200 14.437944218550586
63300 18.309383581021482
63400 17.01118828127139
63500 16.614975572907344
63600 17.661364665696574
63700 17.10157085932641
63800 19.412799132323343
63900 19.372080888497162
64000 15.888334880774424
64100 17.999274396831147
64200 18.64991818517052
64300 19.109433971854838
64400 19.28780779748373
64500 19.966133474645453
64600 17.1152727273034
64700 16.581007439073165
64800 18.92812677826668
64900 18.7170330820927
65000 15.909399518260924
65100 14.688680480093115
65200 19.38270980463846
65300 14.796829473077503
65400 16.145648584274607
65500 14.67913843517987
65600 15.909717345016913
65700 17.491886736551045
65800 18.297966311640927
65900 17.844851127355337
66000 17.636363505235437
66100 17.660390164029344
66200 18.000546095975704
66300 18.02836386039824
66400 16.848286119559255
66500 16.233574943298404
66600 17.511437072244917
66700 18.230366212677357
66800 16.56631189349407
66900 18.02270947577085
67000 17.12359291488615
67100 17.875446518391467
67200 15.385985257210699
67300 14.506956881324873
67400 17.865424441254536
67500 17.451381549805514
67600 16.901570219086892
67700 14.254383649570238
67800 19.345874228449055
67900 16.663931680769632
68000 16.522224810620447
68100 14.127801245434659
68200 13.222511588245963
68300 15.849169435976322
68400 17.21662978412457
68500 18.038942799680168
68600 16.00306031447975
68700 16.834504754547577
68800 14.608651851665222
68900 16.385081965066817
69000 16.52829271001842
69100 13.60521072838706
69200 17.666807665302255
69300 16.21337399039847
69400 17.793262262195977
69500 16.1150596101693
69600 17.312875759892123
69700 18.11735285649254
69800 15.823752031964258
69900 17.361209583463516
70000 17.608455001404174
70100 18.27463728049855
70200 19.14125524170347
70300 15.155603776572821
70400 18.319934495614064
70500 17.83382600351423
70600 18.282776817491985
70700 16.647030709263124
70800 18.696497230464324
70900 16.3597095547811
71000 16.25650807290333
71100 17.095861197544302
71200 18.482014503287182
71300 18.100615397142853
71400 18.34169457855338
71500 17.883808052233686
71600 19.25580162190065
71700 16.610273901935347
71800 19.09401562215851
71900 17.984631480262365
72000 16.441811780653385
72100 17.69458355119926
72200 16.030470429205128
72300 14.315711648090689
72400 16.68530892583524
72500 17.71189068201792
72600 16.72818126321075
72700 15.890482546863014
72800 17.247707870463785
72900 13.991675296367848
73000 16.59627841362987
73100 18.88576882771943
73200 17.231426639955707
73300 17.9421176437188
73400 15.786704230046213
73500 14.696721777773254
73600 18.236005765694088
73700 15.248332434811253
73800 13.595395646758385
73900 17.49955029750197
74000 15.96658933479143
74100 18.4077381163873
74200 13.585789397688618
74300 16.58206949155244
74400 15.96807518619759
74500 17.070602922791636
74600 17.28662464064176
74700 17.170531456640404
74800 17.99750009249663
74900 16.879554335747997
75000 15.096686069592225
75100 18.29614081816048
75200 13.763794748753979
75300 18.313879489573154
75400 15.88578066642318
75500 16.982326125722746
75600 18.170774592916
75700 19.73649610215912
75800 17.489069785392736
75900 16.884918116268494
76000 17.254604266288876
76100 16.301190964847365
76200 14.051612262631858
76300 16.390000786791674
76400 16.449578381927612
76500 15.959816515004736
76600 15.839801517600009
76700 15.877317596783126
76800 18.299675863263467
76900 16.664035610981575
77000 16.863393829619742
77100 15.360082021884493
77200 15.851846441766822
77300 16.357775248131176
77400 16.53138325917768
77500 10.232770088988305
77600 13.514180920430388
77700 17.936663561044803
77800 17.690946968835153
77900 17.24216743932996
78000 19.405586709225968
78100 18.301237232690337
78200 18.28301596915622
78300 17.545195337153746
78400 16.19740278504815
78500 17.26574857930913
78600 18.09968689634977
78700 18.70890898653984
78800 17.763502210505482
78900 14.593207053675206
79000 17.569384248206322
79100 15.559876464252332
79200 15.17439200184551
79300 18.364356173084197
79400 18.942262149355468
79500 15.845640512962497
79600 16.98465576944375
79700 18.431460454839087
79800 17.563050529404094
79900 16.005574987671473
80000 19.68663850391645
80100 16.991807045863734
80200 14.861490007111389
80300 16.005878941391323
80400 15.819653106842754
80500 17.329874354485668
80600 15.900193699428344
80700 15.209700320189027
80800 17.434766008774016
80900 16.83718438915485
81000 15.618875427589842
81100 16.906461370522198
81200 17.62641594575568
81300 13.382293073488933
81400 14.627676307924053
81500 17.449219882567416
81600 14.769298850036144
81700 16.04127540818784
81800 14.074187372402191
81900 14.977623659694954
82000 17.800080828152975
82100 16.79677993397933
82200 18.98210745085556
82300 16.908073858334248
82400 18.29746669290871
82500 19.01202497088699
82600 13.568957384346923
82700 16.810034883375234
82800 16.489182268067847
82900 15.809862570401622
83000 16.940298828788514
83100 18.679725770725966
83200 17.516419060980976
83300 15.810338843970655
83400 12.472276469092064
83500 18.08812622771064
83600 15.782590547558703
83700 18.169902662565256
83800 14.545054403336668
83900 15.486197110420214
84000 16.507737020332172
84100 17.021491209245227
84200 15.573952094283051
84300 16.112143453023982
84400 16.18616986632367
84500 17.90327426505428
84600 18.099072173528107
84700 16.533279894153267
84800 17.74521606016799
84900 16.894467905474325
85000 15.513347184644402
85100 15.272019032593187
85200 18.678275915403667
85300 17.775406866976166
85400 15.117745895263871
85500 14.853508445456834
85600 14.631693529331699
85700 13.80042827766288
85800 17.361516310484618
85900 17.657507809227685
86000 15.517015560387229
86100 17.275348035489273
86200 16.08307582851944
86300 15.147779411064091
86400 15.697603538149409
86500 17.934378250340057
86600 17.203991761917877
86700 17.467646843032988
86800 15.474311835501354
86900 17.75188092439355
87000 17.461124589278178
87100 16.490815365390016
87200 17.81821854081882
87300 18.809471262177684
87400 18.24976163318969
87500 17.355374300236225
87600 18.393011928917637
87700 17.63999224078837
87800 17.45582123635845
87900 16.963415331383533
88000 14.866401948409074
88100 15.96352951650545
88200 13.845370581447181
88300 16.82113258807041
88400 17.120168122976036
88500 16.682560621340347
88600 15.205553146203469
88700 17.718968990292158
88800 18.756232773739814
88900 17.636606370533524
89000 17.009079272270043
89100 18.343224418492966
89200 18.36878131742264
89300 15.963208856650073
89400 17.69341398520573
89500 18.73850744936993
89600 14.783152275493205
89700 16.847673206340737
89800 16.810601520060434
89900 16.97742824771734
90000 18.455551027526436
90100 17.47801530819806
90200 18.71891429161849
90300 16.853739644516768
90400 17.60595419514008
90500 18.06537230335148
90600 14.57238753444907
90700 17.963344079481196
90800 17.827846156554685
90900 19.27183635351501
91000 16.99027801751025
91100 14.582290279113705
91200 17.666768322726067
91300 17.190612871587824
91400 17.167728990984333
91500 18.175030186105293
91600 17.482973214937374
91700 17.08117960734093
91800 16.136442647565115
91900 17.826645407600925
92000 19.35467163053935
92100 16.402253368798018
92200 18.137094077908344
92300 15.760013665463811
92400 14.850776913276716
92500 16.189118296722302
92600 17.054702115553116
92700 16.70730425791164
92800 17.12659010723501
92900 17.315296676419432
93000 16.069379075972837
93100 14.152930866104853
93200 17.215247955044973
93300 18.315743281285418
93400 16.439913935544595
93500 15.085428828441868
93600 15.537686122491406
93700 17.268748418104337
93800 16.76558371030022
93900 16.650589875153777
94000 16.767992476499945
94100 16.3648417977499
94200 16.765497981507966
94300 16.85756373469554
94400 17.114458707264347
94500 17.065068681935436
94600 16.17647677166967
94700 17.615317232940725
94800 17.160516332611618
94900 17.656438652889893
95000 16.706595863331714
95100 16.63786942637024
95200 17.916697195745755
95300 11.279969688520508
95400 17.890835610219334
95500 18.53873978498487
95600 19.40931364614855
95700 13.589971970480178
95800 16.848394383977983
95900 15.83959803111638
96000 16.269699386083484
96100 16.942965291325432
96200 16.275271073399235
96300 18.37009640474223
96400 17.636894013435082
96500 17.86120711498194
96600 14.11832783359742
96700 15.210979680183836
96800 15.267597125063826
96900 18.18163673588302
97000 16.925161040646262
97100 18.87340658271445
97200 14.963751453173215
97300 15.298167859395285
97400 17.669943653070423
97500 17.659959531525622
97600 17.68808847334279
97700 16.455796390699703
97800 18.588960188576543
97900 17.206973458908063
98000 16.685394720913223
98100 18.643982921951668
98200 16.59897568968647
98300 15.778226981294216
98400 17.793625803880683
98500 17.60468791577724
98600 19.05455255957018
98700 16.468659908729272
98800 17.168947585874285
98900 19.012505915946754
99000 14.37608659251848
99100 18.25922228206431
99200 16.817749426551327
99300 17.38906736550121
99400 18.586565204241627
99500 15.141596007394567
99600 17.112763695070157
99700 17.382144127343448
99800 14.25343618693353
99900 15.544411500601104
100000 13.629661168291051
100100 18.16761245409389
100200 16.685080463195384
100300 17.226924352891327
100400 15.534329523270843
100500 18.08801140312806
100600 16.06851852758734
100700 16.231325698556734
100800 15.565276932682561
100900 18.001833638490634
101000 18.348740940924785
101100 15.955695588619893
101200 17.564936566567447
101300 17.15393357701732
101400 16.05365763359634
101500 16.155040392353833
101600 16.401649777426112
101700 14.549298589283017
101800 11.670039495455411
101900 17.268404082345153
102000 17.3133919035975
102100 17.923297057971652
102200 18.221825646716344
102300 17.8237679833079
102400 17.391966105675067
102500 18.953776571809108
102600 17.932084029346413
102700 10.911847116443965
102800 15.885612692754679
102900 19.403717695872732
103000 19.376296225850062
103100 19.533409973749656
103200 19.260784152662172
103300 19.258461553775685
103400 15.96341557121373
103500 17.496247558975384
103600 15.089783448837487
103700 17.773062829990224
103800 17.886184535012372
103900 14.315769256814107
104000 17.732974165987493
104100 17.680368596301484
104200 16.26910705501084
104300 16.099341425848472
104400 14.45555844949981
104500 10.447614533140865
104600 16.272457483246416
104700 17.33041533866829
104800 16.537850745953147
104900 17.00621143761528
105000 17.168414045156116
105100 14.636559135332277
105200 14.502170953679743
105300 16.88012027661393
105400 16.91265927650568
105500 18.39257549634137
105600 19.244114737405198
105700 16.76909322137976
105800 15.314314158956636
105900 16.967172959260132
106000 16.847657616302353
106100 15.983584029583911
106200 15.695891014893355
106300 15.892717229639803
106400 15.79732467000577
106500 15.344593475801211
106600 17.45933393655278
106700 16.507215213352012
106800 17.24369611670004
106900 15.850400104118412
107000 17.891271618333565
107100 16.820819909783584
107200 18.033729311953515
107300 17.7016254186061
107400 14.831748341680692
107500 15.969986202037585
107600 15.613779738850505
107700 19.602120721683917
107800 18.202649055032033
107900 16.427521506034527
108000 19.054554655306454
108100 14.044356230353445
108200 16.341582648070883
108300 18.940364563792155
108400 18.52381072945548
108500 15.85147119364735
108600 16.60441858916838
108700 15.439570901053925
108800 16.95695518537946
108900 19.13295436922333
109000 16.25070232393903
109100 15.224031394017809
109200 18.27531019143474
109300 17.08661929047038
109400 19.13368173121004
109500 19.072557514345966
109600 17.841248151505045
109700 15.153512492411032
109800 16.24711546385378
109900 18.43186707576657
110000 17.748608847297213
110100 17.80593824505673
110200 15.716777614702663
110300 15.883319960612166
110400 18.714777611433078
110500 14.139937705631501
110600 16.743156200416937
110700 18.140934602242677
110800 17.46168263557856
110900 17.153388656486587
111000 17.315872854213186
111100 14.03163581452203
111200 16.93056991455097
111300 15.241635960722247
111400 14.48138572403639
111500 15.249397290047362
111600 16.850660402994762
111700 18.51638832923703
111800 17.20887203830909
111900 19.22254556375246
112000 16.643308526105
112100 15.031634991773878
112200 15.614029626199004
112300 16.160588878257595
112400 14.970874607064157
112500 19.4749359457973
112600 17.494696748088494
112700 17.180948397959277
112800 16.544625416209193
112900 18.710375680127736
113000 16.336289519281078
113100 18.03395654695159
113200 14.869875212828768
113300 18.107078726695157
113400 18.939199468696856
113500 17.347851105749694
113600 18.773084243220453
113700 16.478199804179614
113800 16.441018962401753
113900 15.710440700430517
114000 17.878504723811115
114100 17.970615541146024
114200 16.32100699201904
114300 19.52419833912625
114400 16.353799323877336
114500 16.531148831228002
114600 18.66432349721249
114700 16.778830052496122
114800 12.622320655277168
114900 16.885473947309528
115000 15.952158317865976
115100 17.878113528951076
115200 17.910320468354442
115300 16.676969942085712
115400 16.19559996140843
115500 15.03834827981196
115600 17.11252577483842
115700 18.263624253890693
115800 16.67489423213363
115900 14.37982420455823
116000 3.3016061475147978
116100 0.44273390011864305
116200 0.3067873549166158
116300 0.300322755748465
116400 0.300015347845287
116500 0.30000072982853465
116600 0.3000000347051771
116700 0.3000000016503181
116800 0.30000000007847677
116900 0.3000000000037318
117000 0.30000000000017757
117100 0.3000000000000085
117200 0.3000000000000009
117300 0.3000000000000009
117400 0.3000000000000009
117500 0.3000000000000009
117600 0.3000000000000009
117700 0.3000000000000009
117800 0.3000000000000009
117900 0.3000000000000009
118000 0.3000000000000009
118100 0.3000000000000009
118200 0.3000000000000009
118300 0.3000000000000009
118400 0.3000000000000009
118500 0.3000000000000009
118600 0.3000000000000009
118700 0.3000000000000009
118800 0.3000000000000009
118900 0.3000000000000009
119000 0.3000000000000009
119100 0.3000000000000009
119200 0.3000000000000009
119300 0.3000000000000009
119400 0.3000000000000009
119500 0.3000000000000009
119600 0.3000000000000009
119700 0.3000000000000009
119800 0.3000000000000009
119900 0.3000000000000009
120000 0.3000000000000009
120100 0.3000000000000009
120200 0.3000000000000009
120300 0.3000000000000009
120400 0.3000000000000009
120500 0.3000000000000009
120600 0.3000000000000009
120700 0.3000000000000009
120800 0.3000000000000009
120900 0.3000000000000009
121000 0.3000000000000009
121100 0.3000000000000009
121200 0.3000000000000009
121300 0.3000000000000009
121400 0.3000000000000009
121500 0.3000000000000009
121600 0.3000000000000009
121700 0.3000000000000009
121800 0.3000000000000009
121900 0.3000000000000009
122000 0.3000000000000009
122100 0.3000000000000009
122200 0.3000000000000009
122300 0.3000000000000009
122400 0.3000000000000009
122500 0.3000000000000009
122600 0.3000000000000009
122700 0.3000000000000009
122800 0.3000000000000009
122900 0.3000000000000009
123000 0.3000000000000009
123100 0.3000000000000009
123200 0.3000000000000009
123300 0.3000000000000009
123400 0.3000000000000009
123500 0.3000000000000009
123600 0.3000000000000009
123700 0.3000000000000009
123800 0.3000000000000009
123900 0.3000000000000009
124000 0.3000000000000009
124100 0.3000000000000009
124200 0.3000000000000009
124300 0.3000000000000009
124400 0.3000000000000009
124500 0.3000000000000009
124600 0.3000000000000009
124700 0.3000000000000009
124800 0.3000000000000009
124900 0.3000000000000009
125000 0.3000000000000009
125100 0.3000000000000009
125200 0.3000000000000009
125300 0.3000000000000009
125400 0.3000000000000009
125500 0.3000000000000009
125600 0.3000000000000009
125700 0.3000000000000009
125800 0.3000000000000009
125900 0.3000000000000009
126000 0.3000000000000009
126100 0.3000000000000009
126200 0.3000000000000009
126300 0.3000000000000009
126400 0.3000000000000009
126500 0.3000000000000009
126600 0.3000000000000009
126700 0.3000000000000009
126800 0.3000000000000009
126900 0.3000000000000009
127000 0.3000000000000009
127100 0.3000000000000009
127200 0.3000000000000009
127300 0.3000000000000009
127400 0.3000000000000009
127500 0.3000000000000009
127600 0.3000000000000009
127700 0.3000000000000009
127800 0.3000000000000009
127900 0.3000000000000009
128000 0.3000000000000009
128100 0.3000000000000009
128200 0.3000000000000009
128300 0.3000000000000009
128400 0.3000000000000009
128500 0.3000000000000009
128600 0.3000000000000009
128700 0.3000000000000009
128800 0.3000000000000009
128900 0.3000000000000009
129000 0.3000000000000009
129100 0.3000000000000009
129200 0.3000000000000009
129300 0.3000000000000009
129400 0.3000000000000009
129500 0.3000000000000009
129600 0.3000000000000009
129700 0.3000000000000009
129800 0.3000000000000009
129900 0.3000000000000009
130000 0.3000000000000009
130100 0.3000000000000009
130200 0.3000000000000009
130300 0.3000000000000009
130400 0.3000000000000009
130500 0.3000000000000009
130600 0.3000000000000009
130700 0.3000000000000009
130800 0.3000000000000009
130900 0.3000000000000009
131000 0.3000000000000009
131100 0.3000000000000009
131200 0.3000000000000009
131300 0.3000000000000009
131400 0.3000000000000009
131500 0.3000000000000009
131600 0.3000000000000009
131700 0.3000000000000009
131800 0.3000000000000009
131900 0.3000000000000009
132000 0.3000000000000009
132100 0.3000000000000009
132200 0.3000000000000009
132300 0.3000000000000009
132400 0.3000000000000009
132500 0.3000000000000009
132600 0.3000000000000009
132700 0.3000000000000009
132800 0.3000000000000009
132900 0.3000000000000009
133000 0.3000000000000009
133100 0.3000000000000009
133200 0.3000000000000009
133300 0.3000000000000009
133400 0.3000000000000009
133500 0.3000000000000009
133600 0.3000000000000009
133700 0.3000000000000009
133800 0.3000000000000009
133900 0.3000000000000009
134000 0.3000000000000009
134100 0.3000000000000009
134200 0.3000000000000009
134300 0.3000000000000009
134400 0.3000000000000009
134500 0.3000000000000009
134600 0.3000000000000009
134700 0.3000000000000009
134800 0.3000000000000009
134900 0.3000000000000009
135000 0.3000000000000009
135100 0.3000000000000009
135200 0.3000000000000009
135300 0.3000000000000009
135400 0.3000000000000009
135500 0.3000000000000009
