100 15.661379668165697
200 18.783624729235996
300 16.96144096983891
400 18.27600877383595
500 17.182579643824226
600 17.21613126293096
700 17.693752657165568
800 16.86307468069656
900 16.37245774103295
1000 18.43943683753674
1100 16.48800342350214
1200 17.05961717936759
1300 17.04864381673669
1400 19.0366507046971
1500 17.250979624631324
1600 17.020388583042372
1700 16.438953546311286
1800 17.62458382406372
1900 16.083257037067927
2000 18.354927712517533
2100 17.14361934176666
2200 16.00576398892835
2300 16.687006013922577
2400 17.237219065755134
2500 18.238675762666258
2600 15.548002202683465
2700 18.39990878191748
2800 15.503239841556253
2900 18.073948427635106
3000 15.053182343131946
3100 18.156296896336244
3200 17.424377356424852
3300 17.081492915827617
3400 17.070100709401235
3500 16.863073115699468
3600 17.597261358003514
3700 17.661192689003492
3800 19.00285690513572
3900 18.285908489849447
4000 16.338531421131087
4100 17.29458060860045
4200 18.23885778562458
4300 16.1505965859014
4400 18.048203704307568
4500 17.826766474447346
4600 19.191282142044024
4700 18.077879787704337
4800 18.278691182127574
4900 18.45254408539301
5000 18.274614376434265
5100 14.49969062661242
5200 17.792147583716662
5300 16.982758049186458
5400 18.57825594619963
5500 16.922867315030157
5600 18.22678515497859
5700 18.47432124268164
5800 16.614782801609614
5900 17.066563800216038
6000 17.251038903508427
6100 18.41623303272656
6200 17.43501753080791
6300 18.852369244704885
6400 17.07604938285654
6500 17.412613354819833
6600 18.35214797576021
6700 18.026520731154363
6800 18.29961324944882
6900 14.907296762167336
7000 15.53652251318424
7100 19.023352411486005
7200 17.53182941998871
7300 18.091864408477957
7400 17.83990572776431
7500 18.79046651232425
7600 16.8224893743534
7700 18.968787461603004
7800 17.79226467300069
7900 17.346940976023543
8000 18.381502226816814
8100 16.521996941825968
8200 17.489588688489224
8300 16.29550415674296
8400 17.565299624591038
8500 18.99923429157152
8600 18.560106384573853
8700 17.325239248877953
8800 17.98194258984644
8900 16.16097361407165
9000 15.243584384697057
9100 16.012034578796417
9200 17.97257247090123
9300 17.749794275530146
9400 16.766835039392365
9500 18.29714110491914
9600 16.064049995566858
9700 15.582027035863018
9800 15.651081204088493
9900 17.030737991941233
10000 17.64243575474823
10100 18.07932285473668
10200 17.080818799150816
10300 18.743972316731636
10400 17.591166542989377
10500 18.472319433617695
10600 18.45106373403974
10700 16.6324372805075
10800 18.358677166494004
10900 17.03955756348565
11000 19.010471791296236
11100 17.439368167232928
11200 18.056869889197536
11300 16.728963037393065
11400 16.714011337345887
11500 19.04185446018655
11600 19.13218298937632
11700 14.143926458671531
11800 14.79809122514497
11900 18.760642212288335
12000 18.47405184438064
12100 17.670203163673875
12200 18.48941878454028
12300 17.48673311159781
12400 18.05183019706537
12500 16.42803997642739
12600 15.003897012246231
12700 17.707773027747862
12800 17.916876578308326
12900 17.326410531392522
13000 16.57713981911812
13100 14.775889257360596
13200 18.213165594802682
13300 18.019417105321125
13400 16.87913295737566
13500 18.832287782917266
13600 17.193976940816814
13700 17.823433506025935
13800 17.433300595149554
13900 18.29371582216934
14000 18.081064685774567
14100 17.161372024027777
14200 18.16595554451792
14300 12.801901938503295
14400 18.82213588581294
14500 18.57110116309731
14600 18.609329670806556
14700 14.86513675797836
14800 17.880486508316952
14900 18.919480223781136
15000 17.860015226133214
15100 16.819658518157127
15200 17.483723788130078
15300 18.3367822142462
15400 19.107861283669227
15500 16.63145757376386
15600 17.548930551192566
15700 18.39906218187091
15800 19.034240371377976
15900 18.299525258371208
16000 18.093564812493337
16100 17.014548261708587
16200 18.353985186000177
16300 17.916370150553956
16400 16.34704748915813
16500 19.027158508875026
16600 17.021743128873954
16700 15.712338095645647
16800 17.11350094262361
16900 18.958499950772925
17000 18.67163781805487
17100 18.484990361575854
17200 17.84520322917316
17300 18.65446117649622
17400 18.08645302484843
17500 14.119319814859926
17600 15.141563372715462
17700 14.529560022043134
17800 16.999439484007624
17900 16.93903994404277
18000 17.23986401154959
18100 16.786980290838674
18200 18.3948256925533
18300 16.48109387702577
18400 16.37725326371997
18500 17.378758105131872
18600 19.051228380147624
18700 18.099358550427723
18800 18.93961801932731
18900 17.83748925520757
19000 18.05356565278082
19100 17.193258468303885
19200 17.136706038753843
19300 17.282502976137025
19400 16.30929749017483
19500 16.774647385963057
19600 16.514072245708523
19700 16.111141960054475
19800 18.22131021714672
19900 17.67487375488816
20000 19.031705276492588
20100 18.447745231258683
20200 17.902708566592295
20300 15.875960350327427
20400 18.85955227611034
20500 17.111677257476234
20600 16.764054288530335
20700 18.482530814520754
20800 17.574188911922572
20900 18.044604209787156
21000 14.3284226748478
21100 15.815724920415407
21200 18.627150582686568
21300 17.997708194550658
21400 18.634913397481256
21500 17.553131225827705
21600 18.542088941067707
21700 18.658694815420652
21800 16.219918776209486
21900 17.0612621135978
22000 17.76225808820133
22100 16.107171009547915
22200 17.01625573260515
22300 16.28643411173266
22400 17.676709849836733
22500 17.37729166289655
22600 17.55790058892533
22700 17.78274145679125
22800 18.089213435559245
22900 17.45300058053981
23000 15.90425471374154
23100 19.121836449156277
23200 17.0670771158109
23300 17.652778926348407
23400 17.92611227563442
23500 18.60400118957286
23600 17.06967632899579
23700 15.57692878038671
23800 18.53974808089656
23900 18.948409066252943
24000 17.65333908834521
24100 18.872930215482523
24200 17.87618554276945
24300 17.247362264158806
24400 19.02589261955092
24500 14.669848006153767
24600 18.021284301928254
24700 17.661624020207416
24800 17.954711381296878
24900 16.86180333681808
25000 15.0806801420359
25100 16.226513628614857
25200 17.352645324787428
25300 18.55666597028192
25400 18.5198640825409
25500 17.37744127229068
25600 17.11591642044475
25700 19.051428770420976
25800 18.420642669508457
25900 19.30807676704519
26000 18.52860497100443
26100 17.130511427214465
26200 18.315014958277413
26300 17.60906308994671
26400 18.676437455978018
26500 17.23746162691423
26600 18.79737550763179
26700 18.622997218256415
26800 19.030932510158276
26900 17.455393129023435
27000 16.304054840354773
27100 18.022785110656645
27200 17.53932205560647
27300 17.883179167344665
27400 18.954607010070557
27500 17.540345956328036
27600 16.460804092498137
27700 19.134737835778036
27800 17.71561109140432
27900 15.759361260332817
28000 16.524079742142092
28100 16.074117036399187
28200 15.24583032080324
28300 17.081125707487203
28400 18.38232108255107
28500 17.090134360122814
28600 16.314140226953104
28700 15.439559089097738
28800 16.478067531311126
28900 18.922054408231986
29000 17.72376480872922
29100 18.99211816478809
29200 18.811492681575466
29300 18.688668781308817
29400 17.49888928566263
29500 18.719333148389865
29600 17.19291394844878
29700 18.534756310644802
29800 17.062574854780983
29900 18.930541373876427
30000 18.15297628609153
30100 15.8733755923193
30200 17.061081000642538
30300 18.365813031152886
30400 17.36077644315748
30500 18.456066287520677
30600 16.724337655946375
30700 18.597286878320237
30800 17.477872214992
30900 16.228727593252543
31000 17.038296012405524
31100 18.097472112657062
31200 19.298486683704695
31300 18.55266557552382
31400 18.16078877360592
31500 19.115748468401392
31600 16.887944083086072
31700 18.678575845848854
31800 18.355627593206087
31900 17.837673145473197
32000 18.38324345640421
32100 17.471108099865287
32200 17.752068655127136
32300 16.784951788408154
32400 14.916243682316916
32500 17.21047894215742
32600 18.7025437081973
32700 17.126199408441977
32800 15.44802025380396
32900 18.727461087036318
33000 15.393832403373386
33100 18.61714111772019
33200 17.584582645301136
33300 18.339947511858238
33400 15.431871716499897
33500 17.787777380266565
33600 18.667683367410667
33700 17.613673272953196
33800 16.582838656289585
33900 17.177819327526468
34000 16.85945574474249
34100 17.75022057939113
34200 15.697636370121067
34300 19.27488143128732
34400 18.887407155418753
34500 14.469549081441393
34600 17.834560121566586
34700 17.269213011000225
34800 17.20254440755017
34900 15.613325872151506
35000 16.450773239852293
35100 15.711283541836488
35200 15.866098654966388
35300 18.42272921589294
35400 19.46119046113123
35500 14.886558339536961
35600 17.05450456791519
35700 16.65517727025011
35800 17.528984663549128
35900 17.346870417561487
36000 17.171609909722847
36100 17.812319988093392
36200 17.756761473138685
36300 18.34869058058903
36400 16.944934416440532
36500 17.444817522932826
36600 19.113823182882694
36700 16.208089612714595
36800 17.92852201809031
36900 18.873120667000762
37000 17.38865561860278
37100 17.548389107714232
37200 19.28837960558688
37300 17.235443375587227
37400 17.80805615099892
37500 19.177636737893224
37600 16.218152125262428
37700 14.899619162600809
37800 16.8921625017849
37900 17.73080587772471
38000 16.75099297778188
38100 17.614086290016985
38200 18.42930585234783
38300 18.45004573232188
38400 17.882257793654937
38500 17.77048451986873
38600 15.356982055688123
38700 18.377406889525208
38800 16.765250956523936
38900 16.515688743349187
39000 15.788431639252476
39100 18.202225944334685
39200 18.79781813095694
39300 16.287339357770286
39400 17.20313045704196
39500 16.069658767319
39600 16.61581489934195
39700 16.20726569903926
39800 15.127034911785122
39900 15.868826673821307
40000 15.986962038702506
40100 15.959887174490726
40200 17.243150809628567
40300 17.607812213074126
40400 18.235071226710144
40500 17.418515938260114
40600 17.73335300431834
40700 17.821053348396358
40800 18.08749427679337
40900 17.963604098761998
41000 16.637044816557694
41100 17.891721601214776
41200 17.331045075048763
41300 16.172251290363864
41400 18.0556714583039
41500 18.1764914790539
41600 17.33563315441556
41700 16.81090700038999
41800 17.011404471161907
41900 18.63301514099197
42000 17.96010434851855
42100 16.654589274808288
42200 18.750678723557364
42300 16.041188229951445
42400 17.572346971723853
42500 19.057241075501633
42600 18.91129098496018
42700 16.252118111207633
42800 15.999232650002073
42900 16.083360375276452
43000 16.36825708031254
43100 18.540032368721782
43200 17.376064383970412
43300 15.843215650829135
43400 17.503742541180397
43500 18.82852498804685
43600 18.281200133907806
43700 18.315284062497682
43800 17.631806458809507
43900 18.715490749868483
44000 16.214983060183304
44100 16.969026880673166
44200 17.673181968309574
44300 16.626594756160078
44400 16.379833797703427
44500 18.009778804702382
44600 18.12099881499806
44700 17.464130249363176
44800 17.973965326359895
44900 17.99376148552899
45000 19.05485154881744
45100 17.99548531549173
45200 16.449222654843027
45300 14.692960537740682
45400 16.942308503883602
45500 18.503844715007634
45600 19.097226427601665
45700 18.712771638246988
45800 19.113384824055714
45900 18.34682619954503
46000 16.803164728622534
46100 19.149271742039524
46200 18.547598611004897
46300 17.783406683353267
46400 19.18911849423407
46500 17.18166222741381
46600 19.22901810058237
46700 18.3912550235972
46800 16.536734115036058
46900 17.72270536410866
47000 18.036841335211726
47100 18.7269173164399
47200 18.31249533010086
47300 16.376566874087224
47400 17.13041449921491
47500 15.858844786943425
47600 18.412426225221697
47700 15.492311132223008
47800 16.24931177901875
47900 17.071364005585696
48000 16.59047167721294
48100 17.926680516530567
48200 16.671328983696846
48300 16.801826605246145
48400 16.81146638875311
48500 16.952792487411283
48600 17.418060020775272
48700 18.012981254003883
48800 17.480151120049264
48900 18.47232810702078
49000 18.609565314678743
49100 18.548903907358195
49200 17.633641955406837
49300 18.77562812218296
49400 18.859121090669483
49500 19.32710343730917
49600 17.67159660761621
49700 17.935328884353655
49800 17.314400735729063
49900 18.97349990588426
50000 17.80171929868894
50100 17.97099609922804
50200 18.888186301233564
50300 17.792169307163757
50400 17.42918288628189
50500 18.131116414238203
50600 18.24989790969491
50700 17.351618542230025
50800 18.57607573140802
50900 15.95269920733739
51000 15.604203442325538
51100 17.012651008112567
51200 18.980085420539478
51300 18.886362345432165
51400 17.86943337284001
51500 17.70163732856341
51600 18.720525507168663
51700 16.45314515957817
51800 18.991487037952584
51900 18.43877692474317
52000 18.225402853825585
52100 18.408972936940675
52200 18.661966761254522
52300 15.483290200223324
52400 15.578638078964762
52500 15.661542924981513
52600 17.651838038014375
52700 16.464102856250598
52800 17.79655238280032
52900 16.558213669753567
53000 18.197965442261033
53100 18.139918246874622
53200 18.346869425839902
53300 17.62587701255433
53400 16.942330743779863
53500 18.362617584030794
53600 16.92948128599304
53700 17.207009084509515
53800 17.082650220698838
53900 16.413026390668595
54000 18.371009341061935
54100 18.96912403744524
54200 18.505731496831874
54300 19.02817324772445
54400 15.15271861076978
54500 14.981280688105437
54600 18.387019700196763
54700 17.64941575877275
54800 17.89913100165844
54900 18.230543294057078
55000 16.928476725129745
55100 18.56999473749773
55200 16.73441986502095
55300 17.448210684341934
55400 17.22229315032723
55500 16.973514406765684
55600 16.791004336789054
55700 16.076858911964194
55800 17.909478223412147
55900 14.202075992285032
56000 18.57246589438833
56100 16.411773868312196
56200 16.818502945909188
56300 17.96056037161346
56400 17.91150857115999
56500 19.126928062070338
56600 16.60129802791188
56700 17.516118551519753
56800 15.565958472166784
56900 16.780877372807925
57000 17.37592314087995
57100 18.541225640109605
57200 17.835640866792197
57300 16.182466239232646
57400 17.54684506984581
57500 17.88191335065785
57600 18.332507393927617
57700 15.651616247775506
57800 18.061837053055775
57900 18.50703981655776
58000 16.56078531610983
58100 18.897710610117635
58200 16.841422671169646
58300 18.858824816446685
58400 17.663327032940412
58500 17.872852713912753
58600 17.620071289136778
58700 16.256890439871384
58800 18.14929830822903
58900 16.118668547150488
59000 17.47577656706632
59100 18.072061546093384
59200 16.62558672086968
59300 18.03829992705513
59400 18.094271572269438
59500 17.606234775498518
59600 17.77594486876983
59700 18.165710760201453
59800 18.365118034751422
59900 18.210233110049398
60000 15.295375475193984
60100 18.796967942590033
60200 17.58889295052625
60300 16.225938826719172
60400 17.635362196508417
60500 17.56088748349583
60600 17.33520880233534
60700 17.209617272365445
60800 18.148856389185806
60900 17.922809623661337
61000 18.33571532702818
61100 16.593860316627005
61200 17.872047397545206
61300 16.602976649175417
61400 17.61595611607701
61500 18.270757945233413
61600 18.449448229628914
61700 15.738414690095064
61800 18.19406412759786
61900 17.573699833648387
62000 18.13330258720687
62100 17.30673390675394
62200 15.976145722499314
62300 17.780014973032298
62400 18.131543310479955
62500 15.277346510023374
62600 16.59692757095623
62700 16.982542927707343
62800 17.989995539380555
62900 17.54884700144084
63000 14.556712676404597
63100 17.323753090435545
63200 17.0371029955732
63300 18.503034308589584
63400 18.787675984638174
63500 18.79991316602233
63600 18.445825512172117
63700 18.715921108556497
63800 18.70123534587805
63900 18.279848415767376
64000 17.031044310520773
64100 17.785799382795968
64200 18.13765718560297
64300 17.81114130642307
64400 16.562859464918535
64500 18.60999571992694
64600 13.957171910525725
64700 17.431788492080152
64800 17.822966429721884
64900 17.878645649973528
65000 17.666485483057123
65100 17.47232762280872
65200 17.408614425593516
65300 18.332338333378196
65400 18.615862374299322
65500 18.822324415879592
65600 17.667091197767128
65700 18.79106837156762
65800 18.547742312405394
65900 16.369702420597672
66000 17.369835510777953
66100 16.376625339851692
66200 17.377175933026155
66300 18.49494486737258
66400 16.313681283635034
66500 17.41927961110542
66600 16.96944298936797
66700 18.754059384992605
66800 17.928059434712782
66900 17.39240058222117
67000 17.785832928661797
67100 17.24584397738022
67200 16.96583152219382
67300 17.465516527855083
67400 18.59214342287327
67500 18.40224399689424
67600 16.608253382168332
67700 17.402693348983725
67800 18.80405314546222
67900 18.80229835574991
68000 18.310834328777723
68100 18.642514726875653
68200 17.908806569113345
68300 18.286547046840262
68400 15.908335523276499
68500 18.772905205044463
68600 17.791080988716914
68700 17.71450356469506
68800 18.63813067814
68900 16.742374564353735
69000 17.575918583473086
69100 17.332161681351415
69200 18.235756525457223
69300 18.588986563304474
69400 16.320508049641994
69500 18.422292101987647
69600 16.262235533295634
69700 16.900834570675904
69800 18.07186980011677
69900 18.8754870909169
70000 18.47632075071014
70100 18.986046051766312
70200 16.740224962395622
70300 15.448525449034056
70400 15.998266260339102
70500 15.581688515755646
70600 16.272641534247594
70700 17.894737445889458
70800 16.95813612428122
70900 19.119830476273332
71000 18.46927491987336
71100 18.04947559599
71200 16.581844318923906
71300 15.161500421477315
71400 16.980136883476728
71500 19.137729124471395
71600 17.625092575533053
71700 17.660461401370476
71800 16.940261553673416
71900 17.233606970822642
72000 16.020917293614865
72100 18.756749100806424
72200 17.922470170683862
72300 17.408380097213453
72400 17.669122041990626
72500 18.124248489456434
72600 16.74000366499648
72700 19.456899749153408
72800 18.606842407418828
72900 18.61553203017302
73000 17.85129437364451
73100 17.668086375044364
73200 15.730767006564145
73300 15.355786794943972
73400 16.998464900533726
73500 18.53184969648742
73600 18.872056535847356
73700 18.818924124896864
73800 18.06493164177699
73900 18.352647528535876
74000 16.673399089704844
74100 17.88386220560855
74200 18.212594886979176
74300 17.508904145775176
74400 17.36275657667407
74500 19.2595867471282
74600 15.792932542279255
74700 18.253694158252145
74800 16.440334932484628
74900 17.862897932508275
75000 17.186725237509293
75100 17.768767959398623
75200 17.386491768843037
75300 17.942626343267495
75400 17.738664484360932
75500 15.433051183273493
75600 14.777053782267112
75700 17.361961153731965
75800 13.791669839054673
75900 16.916675336343662
76000 17.673270820480713
76100 16.41974109615743
76200 17.874224717835872
76300 16.79286004208524
76400 17.37635256355293
76500 17.82345464145969
76600 17.247615730002078
76700 18.123157766121338
76800 18.622551920496736
76900 19.272512064384742
77000 17.38749502177426
77100 18.208553093595967
77200 18.364144469930327
77300 18.015878130636914
77400 17.74084788396932
77500 18.33290444647177
77600 17.648755161746504
77700 16.76719254342706
77800 17.994661861044335
77900 18.589624630334296
78000 19.59406684496171
78100 17.785191504542528
78200 17.71927981012099
78300 19.177506671431804
78400 17.211030469141868
78500 17.234927860688554
78600 16.538085800905396
78700 15.524857950107673
78800 15.925076847750613
78900 18.726538807443173
79000 16.71122784276207
79100 18.256778520188348
79200 19.176297427991393
79300 17.6720382293846
79400 18.358333563223027
79500 17.299669245136126
79600 17.184894495237646
79700 18.665805469403914
79800 18.468638264592588
79900 17.670223872700667
80000 16.96245172972566
80100 15.620016570846714
80200 17.968626376990255
80300 18.96898894383082
80400 19.206324748036465
80500 17.682213464723112
80600 19.090739613343096
80700 18.718691525917897
80800 17.310102375885208
80900 16.459545633598392
81000 17.258708159665364
81100 16.977201526507802
81200 17.387371008022463
81300 19.30834984962251
81400 18.186769591546472
81500 17.10452249185537
81600 16.699149598947567
81700 18.797834187526153
81800 17.407024160491254
81900 16.159488093919563
82000 18.891490352796907
82100 17.595458209994693
82200 18.411156842207326
82300 18.20403932967579
82400 18.310076338990445
82500 17.659149066542405
82600 18.26952901833674
82700 17.470258682882456
82800 17.411677588183515
82900 17.465793210377054
83000 17.72037241784605
83100 17.176241540929762
83200 15.62066088403979
83300 18.479294436975167
83400 19.22225077779208
83500 17.641122424134558
83600 17.895109912602887
83700 17.8907462198158
83800 17.61201346010505
83900 16.85840462469543
84000 18.777409047217578
84100 15.555886212851178
84200 18.11126068467629
84300 18.049502641060627
84400 17.141810322187705
84500 16.66426509537006
84600 15.778618678318004
84700 17.99786495322512
84800 15.062919003014105
84900 16.46070039726956
85000 17.067655775930337
85100 16.959975191885942
85200 17.004699784112358
85300 17.652728573782696
85400 18.360471951503026
85500 16.923274081750808
85600 16.342991634190106
85700 18.524126197475233
85800 16.504589892066736
85900 17.238080372958375
86000 18.418086171135112
86100 18.661039037901034
86200 19.132170990333755
86300 17.673582211716482
86400 18.509696713524413
86500 18.988694590360556
86600 17.64876490816649
86700 17.317524428979
86800 16.993847484237527
86900 18.326332437534028
87000 18.037931023400144
87100 18.549320183296057
87200 14.420083050904354
87300 17.57685469326977
87400 18.211312713277724
87500 16.89491960938952
87600 18.00515362789169
87700 17.038867244918126
87800 18.121479345542102
87900 17.557921895694292
88000 13.899844989012236
88100 17.635868986432442
88200 18.099974976390786
88300 17.895022466045567
88400 15.827490927331452
88500 16.719260378783634
88600 18.020958296442316
88700 17.64134452821492
88800 17.334548715227797
88900 18.791427079004816
89000 15.371378511632098
89100 17.44876166257898
89200 17.3800168843802
89300 17.931762540736386
89400 16.776470218820073
89500 16.97352614526188
89600 18.686044226627423
89700 17.71867024538054
89800 19.343152508317228
89900 18.39668156567684
90000 17.53404230352978
90100 19.08834614130193
90200 19.14113956112318
90300 18.628983327239514
90400 17.678332769948863
90500 17.085145185320506
90600 17.943402799085632
90700 15.835425787497325
90800 18.550408563432825
90900 17.462284380414566
91000 17.402871144096075
91100 18.02329507458428
91200 16.074036540060938
91300 18.538759287839614
91400 18.939938945780966
91500 17.471488449459876
91600 18.608381747100424
91700 16.73411481497128
91800 16.96956169487565
91900 17.14516182655573
92000 18.379679643229583
92100 19.2220194433579
92200 18.256865393528596
92300 18.128324231630415
92400 18.72484696733689
92500 17.48915657150394
92600 18.2328297551968
92700 18.49136448816312
92800 18.546288639828582
92900 15.725228443946538
93000 18.782568680451554
93100 19.768445320994232
93200 19.000108528730685
93300 18.41765646487248
93400 18.087340497241673
93500 16.487944706354533
93600 17.007544963842427
93700 18.88074175798922
93800 17.684372257990038
93900 18.906732192385423
94000 17.170024503432945
94100 17.984879248934863
94200 17.000883875092846
94300 17.78283989059475
94400 18.285043379641078
94500 17.399358872678086
94600 18.87092818296406
94700 17.891776217895224
94800 17.22860990164212
94900 18.130185434921064
95000 15.669405549667985
95100 18.85709329654768
95200 13.365726197224356
95300 16.625771227255036
95400 15.525010967807226
95500 17.625827471219434
95600 19.051402728912624
95700 18.15155444480792
95800 16.5100141816797
95900 15.547960294982522
96000 17.516739745654935
96100 17.247413967807358
96200 16.379293828442048
96300 16.402477864208286
96400 17.65017263586166
96500 17.36547326600354
96600 18.407353185404517
96700 15.341090155542885
96800 17.26968561617201
96900 18.818984248313075
97000 16.510398911755185
97100 17.15788358007252
97200 17.546039751510534
97300 16.572362337966826
97400 17.676664243346053
97500 19.348611473984587
97600 16.399479293620175
97700 16.775674850366187
97800 17.44530745526192
97900 18.484653216521533
98000 18.383603253824845
98100 19.205253443556344
98200 18.60774597867996
98300 16.499886935749434
98400 17.568431774451195
98500 16.76419907541461
98600 16.149785629673303
98700 17.266977108231348
98800 15.591021848585504
98900 17.038095537057853
99000 16.657630280305337
99100 17.677649059165773
99200 19.44899366791376
99300 16.898549329805057
99400 16.4232181590403
99500 16.907461150929542
99600 18.383514039029652
99700 17.83935037338148
99800 16.472998075449045
99900 17.899838800732486
100000 17.523298988974414
100100 18.335855983164944
100200 17.942987322767912
100300 18.93010160430121
100400 16.626948427466395
100500 17.679561444700223
100600 17.772062277923396
100700 18.55710297459064
100800 18.056798193856157
100900 16.490307374153556
101000 16.859141793663802
101100 15.926916764088551
101200 19.3745499722666
101300 17.557686005507133
101400 16.85032688085563
101500 19.0109513211323
101600 17.121781311858317
101700 18.93826543103705
101800 17.867056249321966
101900 16.12712135291716
102000 14.186393316633167
102100 17.849512845187604
102200 18.057365531866058
102300 17.738049875113987
102400 18.991372784201204
102500 17.157274511789655
102600 17.23924988441078
102700 17.82666681762888
102800 17.18498289513676
102900 17.121893960232207
103000 18.023558872705188
103100 18.876456117258382
103200 17.627929453556828
103300 17.880192539548663
103400 17.862021235027175
103500 15.839654840598627
103600 17.314673129987124
103700 18.37979152742922
103800 18.246833957711825
103900 17.068135966626397
104000 18.847411724914608
104100 18.70374696865506
104200 17.78958303025037
104300 18.68597124125869
104400 18.165844860181902
104500 17.530613512042944
104600 17.66230953676536
104700 18.615774354030727
104800 18.12320967232065
104900 19.066922819636183
105000 18.612457129876713
105100 18.38276994492076
105200 17.45263306086925
105300 18.281109858337977
105400 17.354732551735033
105500 15.686850385224243
105600 18.136654248613535
105700 17.85820265100187
105800 17.801547890751348
105900 18.0704856510569
106000 18.823846752610624
106100 16.55978579679832
106200 16.711530238599835
106300 18.757282560066628
106400 17.261072514228097
106500 17.542033920694944
106600 17.28969460616107
106700 18.604268556352864
106800 18.380683401065685
106900 18.349993676508756
107000 17.410996257619843
107100 18.980522962463272
107200 19.621840206924194
107300 17.30856494096826
107400 16.779226812262493
107500 17.34593130870397
107600 16.655927111749875
107700 18.862511964945178
107800 17.32775582595208
107900 17.893674112358458
108000 18.409316000375796
108100 14.795073499051274
108200 18.529088261172113
108300 18.414266846697387
108400 18.60986311336362
108500 19.445518882817392
108600 17.753994346681058
108700 19.124970418655888
108800 18.438915300502376
108900 17.882458598463707
109000 17.013564150129003
109100 16.9701603003189
109200 18.00771939238973
109300 16.55015157194411
109400 17.99106787582735
109500 17.852187805943817
109600 18.137349454919544
109700 16.754275822875197
109800 16.92746439292413
109900 17.38614587283908
110000 16.18854409311297
110100 17.34689169394001
110200 17.911785087395284
110300 16.46322962929642
110400 16.50667482438321
110500 17.289716792165486
110600 17.566355809452745
110700 17.513566777678772
110800 18.00150938785699
110900 17.84901833052749
111000 16.76285362462929
111100 18.022120655087292
111200 17.58081530045241
111300 17.313253602040373
111400 18.70842341186423
111500 18.9154621694118
111600 19.379505652348502
111700 16.356152231923666
111800 17.467417060463248
111900 19.19069729290156
112000 19.187950814865623
112100 17.31230353652734
112200 17.40588007234483
112300 16.66951886361885
112400 19.196365306594203
112500 15.40907289277728
112600 14.903941908136524
112700 17.393147077854923
112800 18.703474594245243
112900 19.46402109951077
113000 19.28450211369087
113100 16.819479679760015
113200 16.791165341260257
113300 18.19533142289348
113400 19.341446531402188
113500 17.385492350992003
113600 15.834776651962942
113700 16.04242860190857
113800 16.626907775132793
113900 18.70751971732802
114000 17.83160899129054
114100 16.950540630154777
114200 18.836727148266046
114300 18.778549901013463
114400 18.63137966521257
114500 18.082786661568292
114600 19.457355766765502
114700 16.57393975103906
114800 15.792439098776192
114900 17.90433485853455
115000 17.233762615482313
115100 17.564718859497876
115200 18.308346908247042
115300 18.711657279491885
115400 18.282722303868297
115500 19.18615697529887
115600 17.65258648848567
115700 19.07269468378783
115800 15.690137277216348
115900 18.814465843510447
116000 18.03075544464747
116100 16.760416213004504
116200 18.41938865870009
116300 18.352562791525596
116400 18.01864299584043
116500 17.85726234927566
116600 19.000313720331356
116700 18.4702403107385
116800 17.848884230408288
116900 16.245547680574337
117000 19.105294683602065
117100 18.74949802952445
117200 17.38375231835716
117300 16.545553341752615
117400 17.950208504854533
117500 19.048984161554852
117600 17.226597745545575
117700 18.191182690351674
117800 15.83568902452495
117900 17.824203423503853
118000 18.14067199001554
118100 17.07595918993234
118200 17.91196232463833
118300 18.51457535220596
118400 18.817221931691936
118500 17.57660220017289
118600 18.200441956900235
118700 17.303099152463954
118800 16.176108141519602
118900 18.533114292379135
119000 17.77425220149238
119100 18.297868200177557
119200 18.86174111802325
119300 18.290592139470252
119400 18.534682404354736
119500 18.907462591670626
119600 18.182291804651168
119700 17.64114666110266
119800 15.995755116736111
119900 17.29381291032821
120000 17.539674809608243
120100 16.392174107351792
120200 17.83559753131853
120300 19.154588828802485
120400 18.070171813074115
120500 15.702921229040323
120600 18.210415708703206
120700 18.92611517149011
120800 17.54043398456264
120900 17.872571931190066
121000 17.803600135411276
121100 16.919513950548733
121200 17.30611450704645
121300 18.490795506022838
121400 18.24272018619573
121500 17.573969209424085
121600 17.180664878182405
121700 18.624690786203846
121800 17.81036136345328
121900 18.834790857711916
122000 18.96356591336851
122100 15.758959653154061
122200 18.06176505476741
122300 18.637646637046053
122400 16.664219726950755
122500 18.166718166303788
122600 17.009069301114636
122700 18.519341619957856
122800 17.11981346992135
122900 18.956905915742922
123000 19.604432353560977
123100 17.70728962604529
123200 17.43519899268112
123300 19.325994891843706
123400 18.17067276450516
123500 17.802194120238898
123600 18.096618619011927
123700 18.602684859267328
123800 16.95274253260661
123900 17.432411307137464
124000 14.623282988919106
124100 18.240098152832065
124200 18.686875791677792
124300 17.70782606127379
124400 18.377036009729714
124500 19.112417724366885
124600 17.152155677029402
124700 16.628339949912913
124800 18.969267271522394
124900 18.740815731792367
125000 17.933519025723772
125100 16.5441510140914
125200 18.337542706973817
125300 17.271278815957743
125400 18.80763310973352
125500 18.462757632728103
125600 18.28461477987834
125700 19.19198203806103
125800 18.06872508699309
125900 16.5526693745758
126000 18.130962784710125
126100 18.81524793252401
126200 18.222590905297135
126300 18.922033602919253
126400 18.970811065207073
126500 17.69257874232638
126600 17.225903673854532
126700 16.425914644721143
126800 16.29467121050555
126900 18.61092713477329
127000 18.99009346541273
127100 18.459771193810326
127200 18.502563599466104
127300 19.005368147706342
127400 18.28284461264729
127500 17.297364153100293
127600 17.166793373564655
127700 19.03828295432766
127800 17.749987340671293
127900 18.64328169129934
128000 18.748040343729006
128100 17.4239637508358
128200 18.49386894067581
128300 18.68744552651148
128400 17.132949458674723
128500 17.969145394943652
128600 15.519942623659906
128700 18.107640881191276
128800 16.70240397388694
128900 18.739856051195115
129000 18.33383463827796
129100 18.59189627569896
129200 17.3783794831855
129300 17.49103661111925
129400 16.607570571420784
129500 17.857331222541866
129600 19.540574623841415
129700 17.9473811472803
129800 18.087248962054673
129900 18.05189425241489
130000 17.2350415426029
130100 19.108236150276397
130200 18.366093049857263
130300 17.699597758543174
130400 17.180361824458853
130500 17.929565638002078
130600 16.687091713739413
130700 18.423407021789686
130800 18.799470530511428
130900 18.22225270029106
131000 17.086527947997677
131100 18.535398281733837
131200 17.575471106122396
131300 17.00199823074445
131400 18.744503914232748
131500 18.647521117561254
131600 17.58418718813782
131700 17.876159072766242
131800 18.636376024262308
131900 18.89946452900184
132000 18.748726274845477
132100 17.003343132911468
132200 19.388787620914485
132300 19.200293826211823
132400 14.697011598377113
132500 18.05926916599812
132600 16.859205339234666
132700 18.513636223876986
132800 19.041827753763698
132900 18.251855682594567
133000 18.328316829856597
133100 17.438726405761997
133200 18.684971006824206
133300 18.341609050626328
133400 16.21521289346859
133500 18.302796257362324
133600 17.85331223541504
133700 17.534978093105646
133800 14.986971675829658
133900 17.379624870836874
134000 18.099988272873915
134100 17.54673217090943
134200 16.86281894159845
134300 17.938220044755003
134400 18.354674417264448
134500 18.025417350892273
134600 18.519190886642065
134700 19.564539977255585
134800 17.910305492667916
134900 17.4674957511402
135000 18.056157929272697
135100 17.057817156598613
135200 18.66840344041617
135300 16.323856023728272
135400 17.585594542025003
135500 18.767610346324208
135600 16.953264023898967
135700 19.350271778006515
135800 18.534230174708785
135900 18.04620383943768
136000 17.785699383753524
136100 17.81811596713024
136200 19.150920783949584
136300 18.31029635616494
136400 14.84057709139729
136500 16.36190037907922
136600 18.507964124940763
136700 18.608175575251153
136800 16.593523161429594
136900 17.505613205836127
137000 17.08576085865645
137100 18.571105772045627
137200 18.364110480380017
137300 18.355965468706014
137400 17.98946774127002
137500 19.03424110005186
137600 17.636952278335077
137700 17.058005221515653
137800 17.724103785511893
137900 16.458083651621685
138000 19.078216890905775
138100 18.61126648810829
138200 16.847554701019206
138300 18.389188366627707
138400 17.338607599334594
138500 18.524554468725324
138600 18.660972103073714
138700 17.15571817572059
138800 18.781627158573954
138900 18.425312829772448
139000 19.379809077560576
139100 17.67414050754673
139200 17.659511579869875
139300 18.61549033888442
139400 17.84951180440906
139500 16.931745945027167
139600 17.68981795266719
139700 16.235521799838267
139800 17.231876443175143
139900 17.38984572382948
140000 18.66661991746768
140100 17.231324238291972
140200 17.643459206362646
140300 19.30834694163787
140400 18.694545614498605
140500 17.629734157061996
140600 18.873582876142486
140700 17.77084988320477
140800 17.355801852476148
140900 17.78282488135739
141000 18.23594592609628
141100 17.15276268142596
141200 19.13958522168556
141300 17.207931905558947
141400 17.714687079916978
141500 18.504550354978278
141600 18.864743204132527
141700 18.83019220401637
141800 16.890158920105367
141900 18.281396210998565
142000 17.282358495002743
142100 17.333256190711303
142200 18.614898681568345
142300 18.357532658863835
142400 18.71591813582598
142500 17.812802151491155
142600 18.38282393810742
142700 18.816907991664706
142800 17.78041680352398
142900 19.146813264573183
143000 18.448027151244553
143100 16.22240694679238
143200 17.60363133705096
143300 18.10315507515759
143400 19.066744821873495
143500 17.725861872158234
143600 17.59947669502728
143700 17.74775493625539
143800 19.45341530717211
143900 16.646880960384916
144000 17.79540791619372
144100 15.223627354085968
144200 18.56811880817729
144300 18.28439220488338
144400 19.525460371414653
144500 18.573636091261125
144600 17.5815165569546
144700 18.344173458169525
144800 17.95979856721568
144900 18.112162371854385
145000 17.156132959456396
145100 16.0596502866239
145200 16.80956757268659
145300 18.131473507876294
145400 18.002919322805724
145500 18.342260655540333
145600 17.51077754452436
145700 18.853730826131795
145800 18.436320947428676
145900 17.65466287938538
146000 19.332690765314467
146100 18.760360439850704
146200 14.666002068586378
146300 17.124632882846985
146400 17.826796940838282
146500 17.324154062915216
146600 18.706217543443028
146700 17.769568656428014
146800 18.55411671354011
146900 18.724477353533455
147000 16.59672319207637
147100 18.13134892535452
147200 17.645839687993888
147300 18.636004709251658
147400 18.471325053619488
147500 18.721262042876607
147600 18.28437585341998
147700 19.473955181519884
147800 19.124879180905555
147900 18.275714241794056
148000 16.43166670064346
148100 17.365613777877787
148200 17.75060861182123
148300 15.118385233151345
148400 17.166903392528404
148500 19.23005053608515
148600 19.023800763865694
148700 19.112256659528196
148800 18.24443417274328
148900 19.136647514202767
149000 17.54988514801814
149100 18.960651208981563
149200 19.044873767803686
149300 16.40306337544344
149400 16.611520849300323
149500 18.448311690357794
149600 17.256132053366546
149700 18.091419345428125
149800 16.936815215296715
149900 19.45046735121191
150000 16.178218720455423
150100 17.613684706323273
150200 16.384866352863227
150300 17.90033216704827
150400 17.30049153894505
150500 18.035798398774272
150600 16.772463556293452
150700 19.334461269819712
150800 18.366895000346943
150900 18.461328200941082
151000 18.44400074366481
151100 16.347596846826175
151200 17.787204863178022
151300 17.916332252599158
151400 18.305548495139938
151500 17.073001833363183
151600 17.88341912183173
151700 15.39178395959413
151800 18.784978203080193
151900 17.996561720139024
152000 18.950562548924747
152100 18.66141910232832
152200 19.258476492157577
152300 19.178053588636814
152400 18.700121741978748
152500 18.612030227410425
152600 18.074207137270356
152700 18.135862107043575
152800 17.349935609289954
152900 16.715057339839774
153000 18.237073200410588
153100 16.31549607957698
153200 16.02641296304207
153300 18.206229163343753
153400 19.0385140349672
153500 17.88756303554424
153600 18.711447242704452
153700 17.64206469231012
153800 18.549733298752667
153900 17.743258226582277
154000 16.96497953523817
154100 17.66488290733108
154200 16.18283413318247
154300 17.95976489173254
154400 16.42369076301611
154500 18.311395987833748
154600 18.491807312498505
154700 16.525936178835863
154800 17.860860217037118
154900 17.87191569390854
155000 15.166116946263054
155100 18.608040108754256
155200 18.29168688253467
155300 16.07589363780648
155400 17.751874009641867
155500 17.846567990282388
155600 18.258156310586628
155700 18.13587030415542
155800 18.42733196364834
155900 17.58534563844509
156000 18.014890601211114
156100 17.272891023010327
156200 17.01174896875721
156300 16.81772998521636
156400 18.566008157246547
156500 18.670224821224583
156600 16.407925890866178
156700 18.384139534099265
156800 18.814064464650258
156900 17.324840160637738
157000 17.1791815249136
157100 18.595914128111488
157200 18.774274425771445
157300 17.3570519775506
157400 18.613074994004425
157500 15.657405101949537
157600 17.60891764687421
157700 16.871168612386413
157800 17.645185618760603
157900 17.88605309669466
158000 17.560101707617058
158100 16.75855877223043
158200 17.866108225630953
158300 17.508428541278445
158400 17.673844179282828
158500 18.087752445425647
158600 17.883274162521534
158700 17.11708011585488
158800 18.359020359727193
158900 18.17147836393786
159000 19.588820814405942
159100 17.010005008493227
159200 17.360842985742792
159300 14.514236508857076
159400 17.024677116448927
159500 17.680939493975465
159600 17.143087276520482
159700 17.505663407806352
159800 18.874567558804994
159900 19.729413121280075
160000 18.50225689932721
160100 19.587196136804796
160200 17.086326813576413
160300 17.73366433447544
160400 19.108983080287
160500 18.04760067381091
160600 17.77666265943815
160700 17.737190024883756
160800 18.013447518891834
160900 18.8117867298557
161000 18.094597281854174
161100 17.641582739494435
161200 17.209614774309646
161300 17.8408402265414
161400 18.15464949665754
161500 17.382201446223267
161600 17.110769561362392
161700 17.114824791302787
161800 15.120616338471255
161900 14.784588939202116
162000 18.603798552325568
162100 16.685487337839184
162200 16.737455597073815
162300 17.667079909665805
162400 15.833369326683794
162500 18.157261737745603
162600 17.962864348911513
162700 18.24322880605155
162800 17.683501189435795
162900 17.801000357365695
163000 18.13209528216033
163100 18.86735949881313
163200 15.98235941700789
163300 18.462664790252163
163400 16.31930919883059
163500 17.255273685832474
163600 18.682789261056765
163700 18.129556368166913
163800 18.45543788802443
163900 18.755155981073873
164000 18.473006733825216
164100 17.949788713993414
164200 16.636972686165798
164300 18.29299706901689
164400 16.731311475883917
164500 19.021765408952497
164600 18.47269879359476
164700 17.025257702698013
164800 16.553916321015766
164900 19.175697246705585
165000 19.245840094796833
165100 19.057318922529618
165200 18.6689196487778
165300 17.545793892706552
165400 18.37843996231702
165500 16.430982670887904
165600 17.388095430866098
165700 17.497417498413014
165800 16.586657626010282
165900 17.27050491176844
166000 16.830652426186848
166100 18.55581560930761
166200 18.57003771867344
166300 17.866343727668276
166400 18.755927214496964
166500 19.154822022426217
166600 18.886908475915835
166700 16.029431266093688
166800 16.458906876111683
166900 19.40779190607943
167000 17.81105741449714
167100 18.245756201646966
167200 18.57607647047077
167300 18.578585576081256
167400 18.68396533758507
167500 16.410370525200474
167600 18.069571017650006
167700 19.046192790666108
167800 16.78136752022492
167900 18.357110383692923
168000 17.334948667550808
168100 17.747847864281233
168200 18.534210429659833
168300 18.25402292741145
168400 18.022642348353635
168500 15.894084369549821
168600 16.485706326244546
168700 18.581564137355766
168800 17.644910222724164
168900 18.02461683215896
169000 17.553117126563002
169100 15.673365930645469
169200 18.14620705940136
169300 16.61674228282366
169400 17.451106175353665
169500 18.265211021518244
169600 18.592687636163753
169700 18.33992020952353
169800 19.111222900986434
169900 17.622359413340156
170000 18.591603819906165
170100 16.32182433528414
170200 18.11288548923063
170300 17.903895322880313
170400 17.27258051492402
170500 16.10904297485811
170600 18.364081988146474
170700 18.800127307841503
170800 17.479573638291583
170900 17.73792289273429
171000 18.00292492872908
171100 18.625150918950627
171200 16.496892567463867
171300 18.160679243261228
171400 18.63234411882685
171500 18.252942024425362
171600 18.473920203208905
171700 18.183998961163354
171800 16.07384979149655
171900 16.739869827471097
172000 17.487464759553514
172100 18.185982094937195
172200 17.89922816395174
172300 18.771864908664266
172400 18.61435434291544
172500 16.72072484941776
172600 19.177555357640596
172700 17.873902922461212
172800 16.9141780038189
172900 18.166911918572282
173000 17.131634763395404
173100 17.9572022461653
173200 17.10504395736581
173300 17.983279556677655
173400 18.10712580987817
173500 15.047531530087621
173600 18.710346508055004
173700 17.442046965999037
173800 17.730500793425517
173900 17.901217670259772
174000 17.729333743104068
174100 18.150085494929936
174200 17.691590020620744
174300 17.253493062886864
174400 17.46933980558165
174500 18.233361837174883
174600 16.319452192761943
174700 17.89163940514937
174800 17.51879318910187
174900 18.169438212112876
175000 16.741353414790872
175100 17.252316982698023
175200 18.681856145913688
175300 18.784358630519897
175400 16.985041224890164
175500 19.186098121958985
175600 18.993706591862015
175700 18.44085121639573
175800 18.22174277271782
175900 17.231195543468818
176000 17.2525160453226
176100 17.602983609680727
176200 16.0321755359039
176300 16.0246066922122
176400 19.120700805851182
176500 17.304601744614402
176600 15.469898779671274
176700 16.75822312282179
176800 18.839867506030764
176900 18.13515760136917
177000 17.99153550444625
177100 18.00819793552153
177200 17.259655098673484
177300 17.53398020305074
177400 16.706047597382085
177500 18.448397495526454
177600 16.511942834573045
177700 17.188674038677643
177800 19.05130142693075
177900 18.514750149946675
178000 18.10838159226924
178100 16.549120381960424
178200 15.107063806905405
178300 17.46110454266786
178400 18.59080345143268
178500 16.461590835673764
178600 18.75034704393362
178700 18.273802801224154
178800 18.531043062344793
178900 18.834124775784368
179000 17.823212393815194
179100 16.540744416098587
179200 17.168628144487222
179300 17.805011640982077
179400 16.73371394202576
179500 16.661222629957717
179600 16.717279097725022
179700 15.398784340373139
179800 17.59927787346823
179900 18.691649296044343
180000 16.045215434798326
180100 18.05296525220641
180200 17.828246366331804
180300 15.288883734131733
180400 17.80674033751892
180500 17.431582449585605
180600 19.325657365052294
180700 16.99912792883629
180800 17.956927599864947
180900 18.154626584276965
181000 16.745349415797534
181100 16.883341401122628
181200 17.915392005981253
181300 16.19515478796259
181400 17.68376403289525
181500 15.722516209206574
181600 18.305292698991977
181700 18.955582707773186
181800 16.41704260368946
181900 17.903872292265348
182000 15.579275635245777
182100 17.02616652359551
182200 16.432128719725085
182300 17.92340311369879
182400 17.878054697832027
182500 19.164804643159442
182600 18.489677626084866
182700 16.777798348331018
182800 17.67032666815919
182900 17.220906107455914
183000 17.823877066084343
183100 17.571899916695358
183200 17.94909818885869
183300 18.538416144301916
183400 16.037223804895813
183500 19.11075990457624
183600 18.507244473630053
183700 18.73700800127692
183800 15.533529564891607
183900 18.265445984874045
184000 18.24747109616886
184100 18.920872340892256
184200 17.51206942501756
184300 19.456849593671095
184400 18.078037003943116
184500 18.253454968072177
184600 18.13626335874532
184700 17.101519645385984
184800 19.273318542508765
184900 18.517677906987508
185000 19.209656563104016
185100 19.133538142923808
185200 15.885628207758481
185300 17.855901586280062
185400 16.74855546566625
185500 18.2525372358275
185600 16.98056082552371
185700 18.305684529024507
185800 18.790143198249144
185900 18.32762661747382
186000 19.706548440310083
186100 18.555412546795136
186200 15.4934003641534
186300 16.224574005576414
186400 18.443365001819924
186500 18.3716196223515
186600 16.093634238224833
186700 17.962512119535536
186800 18.81055599769026
186900 18.177892756235
187000 18.696240730880504
187100 18.28795259109396
187200 17.04879135354553
187300 18.512926405381002
187400 19.02377975272779
187500 17.17928916788611
187600 17.892436408295396
187700 16.022633338166663
187800 18.49806862170918
187900 15.684142116087656
188000 17.98181665938173
188100 18.069104590318496
188200 17.58469519737532
188300 17.663185495675677
188400 18.267680679155383
188500 17.239397725451038
188600 18.521994364881174
188700 18.597312924772734
188800 18.058848975820357
188900 18.846230841749108
189000 18.08538181588726
189100 18.395433560745833
189200 18.44256986423086
189300 18.460332508467037
189400 18.14462884028986
189500 17.09488689055624
189600 17.264268235262097
189700 17.119432221418148
189800 18.12437613482075
189900 19.09168867919147
190000 18.546662560803192
190100 17.749540052257522
190200 15.348480743596802
190300 18.47150334502199
190400 17.816995228809926
190500 17.81677221693138
190600 18.602898038473693
190700 19.09203482534555
190800 17.76391356860366
190900 18.731270022479123
191000 17.39466673607145
191100 17.503466293923424
191200 16.793169785263668
191300 16.13533890711109
191400 18.577354537929484
191500 17.00346540988979
191600 16.7891339481592
191700 19.074666683183935
191800 18.066866385350327
191900 19.169362030905393
192000 18.275575788671613
192100 17.351045233593343
192200 16.38729998923142
192300 18.54689759617078
192400 18.070991710844204
192500 18.88743003787615
192600 17.339463144023508
192700 17.569446110024526
192800 16.345421925964093
192900 16.653093809564243
193000 16.937330289055744
193100 18.67436195578769
193200 17.632250086526287
193300 18.11157147734343
193400 18.282086631776057
193500 15.355659768756817
193600 17.917437080858612
193700 18.087951193128493
193800 18.54583427275076
193900 16.05773510457505
194000 18.292314779819836
194100 17.15831453894618
194200 16.749414411854566
194300 17.495958012161342
194400 18.988148707719954
194500 19.49131953622894
194600 17.868177560876283
194700 18.912689997440218
194800 18.419429445858285
194900 17.918642038127025
195000 19.355236524668054
195100 14.883302941899196
195200 15.89744773816033
195300 18.49228278532608
195400 17.424239680228293
195500 16.948115165137988
195600 18.68879876028694
195700 16.912007112179044
195800 19.047040906160497
195900 17.338963248822456
196000 17.614485941355248
196100 18.107337333151936
196200 17.498961256480605
196300 17.641677229855638
196400 17.621349695468492
196500 17.402801197316148
196600 18.209113326678047
196700 18.737044532592503
196800 16.17864003620788
196900 18.078045323659175
197000 18.34774224890369
197100 18.56256163580086
197200 17.613372635063488
197300 17.65029035176728
197400 18.300384601101037
197500 17.776793123316168
197600 18.508399869134077
197700 18.28830586663385
197800 19.28471728492833
197900 19.126294756861274
198000 18.44025995741512
198100 18.469219866801527
198200 18.332820146895102
198300 16.584484458819524
198400 17.485345109842676
198500 18.5248928906903
198600 16.164875263041935
198700 15.610516403990903
198800 18.60854425247942
198900 19.01218153571721
199000 17.80612365859606
199100 17.502375330775685
199200 16.82246514322634
199300 16.426363665169816
199400 15.8202925148059
199500 16.0608582970135
199600 15.661999582847416
199700 18.536941657364803
199800 15.232430570415898
199900 17.89482981195822
200000 17.07575470241323
# End time: 22-11-2024(22:22)
