# Super-easy game with pre-moves:
# X|O|
# O|O|X
# X| |
# Model = full.TensorFlow.(9)-16-16-16-16-(9)
# Num weights = 1056
# Learning rate = 0.001
# Env random seed = 113
# Start time: 01-09-2021(18:02)
100 -18.501751568709462
200 -18.215978566318668
300 -16.227930176057438
400 -12.704274965117367
500 -11.737331551655297
600 -9.586531346299575
700 -8.864854042869721
800 -9.189603816442293
900 -8.997752379689812
1000 -6.481388754231733
1100 -3.5769170074158274
1200 -4.981376581786487
1300 -4.9402708216283076
1400 -4.713308932828531
1500 -5.615500059483845
1600 -4.879780389105217
1700 -2.132621871388755
1800 4.0242344197476365
1900 7.821047251030835
2000 10.984890089584669
2100 12.032960691245531
2200 12.605087870388664
2300 13.83487962625756
2400 14.161392089730207
2500 14.091064468490421
2600 13.799015079310221
2700 13.646301618387973
2800 13.539962821967274
2900 13.563877602966034
3000 13.654097827881854
3100 13.439455656746318
3200 13.032626385039135
3300 14.190696400984661
3400 14.979381689985324
3500 15.331781957549945
3600 15.141276864225427
3700 14.985207855437082
3800 15.439160301056605
3900 15.03975922070362
4000 14.84724151223074
4100 15.123340266472315
4200 15.332024334133925
4300 15.550518249758788
4400 15.409938587758305
4500 15.135516831378988
4600 14.906993591252073
4700 14.935872643792688
4800 14.495024492710947
4900 14.825278765252868
5000 14.531559863856168
5100 14.226925361507432
5200 14.714443177868048
5300 15.020554365377363
5400 14.431326473171378
5500 15.125578470335842
5600 15.016201765433422
5700 14.981175255584416
5800 15.037455060689243
5900 14.912510527969614
6000 14.97989906775999
6100 14.68434076854672
6200 15.165524427588752
6300 14.618854642945648
6400 14.711675542213694
6500 15.536897526290064
6600 15.249099173693532
6700 14.946606077430673
6800 14.774465924464181
6900 14.57565303922824
7000 14.451550961717125
7100 14.449801141378087
7200 14.571302469884372
7300 14.674608633610337
7400 14.201353887791313
7500 14.975964481657467
7600 14.666677387447933
7700 14.706699780746531
7800 14.93742588676164
7900 15.421296750262934
8000 15.386194194172111
8100 14.991721219334078
8200 15.391409319436615
8300 15.036003268319467
8400 15.078450980499824
8500 14.700188375288318
8600 14.717506120325334
8700 14.439101608879469
8800 14.841048166248417
8900 14.577049652638587
9000 14.82678118060189
9100 15.066994180811479
9200 14.118846427965792
9300 14.37549869754763
9400 14.557531308365418
9500 14.620397101802858
9600 15.279728918263464
9700 15.042654131332327
9800 14.688267116600255
9900 14.733489816616363
10000 15.077228925151031
10100 14.911081564681469
10200 15.251443978442284
10300 15.201177186130753
10400 14.888400024209005
10500 14.384437247166415
10600 15.274716871583077
10700 15.072842774460408
10800 15.30737819846853
10900 14.62327432993672
11000 14.5923506485513
11100 14.892229522362873
11200 15.107538338036521
11300 14.604367215092338
11400 14.39458227160305
11500 14.430014763835775
11600 14.936747742714562
11700 15.300659279944568
11800 14.211943626980826
11900 14.574181320922015
12000 13.922394311910697
12100 14.827259229967758
12200 14.716578641166972
12300 15.064922089948238
12400 15.237052293165878
12500 15.100836257662424
12600 15.529408866689032
12700 15.30018937427542
12800 15.437963795049056
12900 15.069827155148765
13000 14.66856924055831
13100 14.860901694053757
13200 14.712678880193742
13300 15.106717792933791
13400 15.207838001549131
13500 14.831505703218198
13600 15.316811103652928
13700 14.892326216887241
13800 15.02597107782113
13900 15.313869849498568
14000 15.619394169555163
14100 15.67123747540222
14200 15.179415137024225
14300 15.146300227414203
14400 14.845299081613897
14500 14.804149596894929
14600 15.061960913804267
14700 14.92483159780909
14800 15.164352357670584
14900 15.472094727907871
15000 15.069758217666502
15100 14.633601114410178
15200 14.83941506099975
15300 15.010982314200355
15400 15.032362861752599
15500 15.265788340228704
15600 14.878316118734231
15700 14.7579084075954
15800 14.987688957083563
15900 14.97438326467006
16000 15.070964746753411
16100 15.503544611933078
16200 15.126349056165916
16300 14.824634580785007
16400 15.287407578334372
16500 15.449974152668819
16600 15.364578595089558
16700 15.430825799459038
16800 15.264621326398817
16900 15.52550838567765
17000 15.603038994857071
17100 15.769217149141706
17200 14.592021640515993
17300 14.33570136129013
17400 14.580917093912296
17500 14.987894108098748
17600 14.699520751049615
17700 14.385306471890592
17800 14.864010564380829
17900 14.643302416739653
18000 14.420158792500882
18100 15.087883200131841
18200 15.09220609903394
18300 15.67057582337977
18400 15.397212708929663
18500 15.62486920152018
18600 15.101400604451142
18700 14.619208374552398
18800 14.79735658420606
18900 15.107184233379533
19000 15.17270166833961
19100 15.374874012084303
19200 15.598861184975767
19300 15.703640493576144
19400 15.628920132394795
19500 15.458333948869061
19600 15.03883512552246
19700 14.902628335559722
19800 14.658136130850563
19900 14.479944512507315
20000 14.759797090807218
20100 14.20654244262971
20200 14.5619700786394
20300 14.903939554427703
20400 14.066614561374145
20500 14.602153722292764
20600 14.779185854869311
20700 15.053093096088995
20800 15.431817170673291
20900 15.130105485099577
21000 14.671744432402477
21100 14.514650301286439
21200 15.11250554266009
21300 15.169722091321601
21400 15.462353036040422
21500 14.487827873451575
21600 15.21474735139418
21700 15.421159919992613
21800 15.62077355885669
21900 15.552089004760095
22000 15.535738968930463
22100 15.505027006964006
22200 15.148555073743283
22300 14.416673304727224
22400 14.854409551594372
22500 14.795013609950782
22600 14.586784806948279
22700 15.072394072335745
22800 14.509029168671244
22900 15.248382476701593
23000 15.07919836593656
23100 15.011796259479011
23200 14.927301235020645
23300 15.010339634859251
23400 15.43295376083676
23500 14.906092880370077
23600 15.518945420512251
23700 15.172124953201754
23800 15.867999684641743
23900 15.295131476774879
24000 15.248197586859249
24100 14.389428881791327
24200 15.33798634763552
24300 14.822770962396996
24400 14.876159299169924
24500 14.93864081883259
24600 14.88677004477441
24700 14.976065637086627
24800 14.966485378943133
24900 15.412481476761226
25000 14.79065986736833
25100 14.647695025824154
25200 14.699692224109922
25300 14.763050964214738
25400 14.99134527072021
25500 15.175151703734702
25600 15.132163434411558
25700 14.624602492951446
25800 14.457211292536256
25900 14.604612131829692
26000 14.813882011270204
26100 15.240272932594038
26200 15.56050237399895
26300 15.127206847522718
26400 14.919613340455665
26500 14.661665220844691
26600 14.46390026740319
26700 15.138262038164278
26800 14.446935659840214
26900 15.238288164824453
27000 15.150865267126989
27100 15.131233644677737
27200 15.451056705312288
27300 15.283563089565623
27400 15.129742028112718
27500 14.927304352139982
27600 15.422493923292006
27700 14.575399117042458
27800 14.738636071943626
27900 14.555458386262098
28000 14.366254532179397
28100 14.405321610294145
28200 14.734855059059033
28300 14.466100820131864
28400 14.65715735133787
28500 15.079491925867723
28600 15.003594359739388
28700 15.582687909184317
28800 15.787417046215012
28900 15.037651703223567
29000 14.877808957460445
29100 14.887224247022727
29200 14.921933787758796
29300 15.245032417467506
29400 15.228523784219398
29500 15.107388503511954
29600 14.961769049925797
29700 14.892558273003784
29800 14.673013920265035
29900 15.23362698101757
30000 15.024783463739482
30100 14.960704641471875
30200 14.987804024164415
30300 14.752928331300398
30400 14.480206490535446
30500 14.662954855549762
30600 14.90762159081805
30700 15.57408316322851
30800 15.083972837287668
30900 14.862830073673033
31000 15.284864597273897
31100 14.666717341693422
31200 14.79042702390875
31300 15.058605846622301
31400 15.164902367468175
31500 15.68774353172369
31600 14.961303571816739
31700 15.5214993141999
31800 15.057972367383453
31900 14.919371607965399
32000 15.177293568302861
32100 15.318367198276931
32200 15.417039669472054
32300 15.714536876569904
32400 15.52386806167467
32500 15.283628850028988
32600 15.463210828065332
32700 14.68676222486594
32800 15.227242715432194
32900 14.92005320486985
33000 14.836132912389438
33100 14.98414248406138
33200 15.106117221192838
33300 15.107206423128956
33400 15.371359320708393
33500 15.217266098139135
33600 15.16795731235451
33700 14.933762154451577
33800 14.884922372736721
33900 14.886697665758144
34000 14.544481646082781
34100 14.468573957564393
34200 14.749787889918773
34300 14.198465625710083
34400 14.936771977904884
34500 14.769276683416752
34600 14.822691099674355
34700 14.6349390754903
34800 14.915148035472354
34900 14.888919872045264
35000 14.46556722697175
35100 14.99347253645911
35200 14.511962721002982
35300 14.839935823606547
35400 15.29184417231128
35500 15.0582309494412
35600 15.224445494362488
35700 14.735899869404259
35800 14.844113003497606
35900 14.548999260905287
36000 14.22327952676885
36100 14.808080207542835
36200 14.842821181226448
36300 14.731280708577836
36400 14.593173184824055
36500 15.167502982055925
36600 15.512072341870901
36700 14.892691876035984
36800 14.97546926946686
36900 14.828944266786735
37000 15.10444660362123
37100 14.713056395430375
37200 14.988713879469381
37300 14.48069464917265
37400 14.402574794773704
37500 14.981257383146696
37600 15.158713934026744
37700 15.388747144108255
37800 15.126439122054975
37900 15.362778258128513
38000 15.76602218378787
38100 15.499208847117972
38200 15.410034297829112
38300 15.2445816695166
38400 15.676706720736538
38500 15.782888019589802
38600 15.93931177611891
38700 15.707020467094074
38800 15.412592870890405
38900 15.179047125027399
39000 14.963448416136057
39100 15.211061947835452
39200 15.698885626276427
39300 14.89898352121889
39400 14.434100350123236
39500 15.601205831211354
39600 15.245539593788873
39700 14.94337193660327
39800 15.356821134148628
39900 15.619956683451313
40000 14.9003177665537
40100 14.648857808011105
40200 15.243077085602126
40300 14.970091203368526
40400 14.858284112973877
40500 15.083456178117824
40600 14.792821996522337
40700 14.762310114725087
40800 15.223130951835415
40900 15.254163880762688
41000 15.935888718886625
41100 15.406284967884252
41200 15.076374909210262
41300 15.307903557317593
41400 15.223077088237508
41500 14.744964945832686
41600 14.680108114839145
41700 14.483927495155758
41800 14.547840094206622
41900 14.642516827353598
42000 14.542780449731247
42100 14.758320017861282
42200 14.854759173888116
42300 15.052289901980215
42400 14.721210687175478
42500 14.815589784420325
42600 14.557115222960809
42700 14.719728830608632
42800 14.942763368236013
42900 15.177452892139982
43000 15.07124395518625
43100 15.27155010149073
43200 14.846229349141256
43300 14.650877396105862
43400 14.826025862762958
43500 15.041036484439598
43600 15.429827195686595
43700 15.065495045645077
43800 14.998053554782777
43900 15.155702989262672
44000 15.395137781202628
44100 15.142548702093526
44200 15.185489415831155
44300 15.2056129208703
44400 15.03711029267823
44500 14.853960978144546
44600 14.728320534121364
44700 14.84188019518559
44800 15.256168786189052
44900 14.686012079203797
45000 14.925763811002907
45100 14.470062395501365
45200 14.354142199237563
45300 14.799518299351071
45400 15.631308499533876
45500 14.679025034143834
45600 14.978589820854546
45700 15.230092185370195
45800 15.812055849861784
45900 15.232827839976348
46000 15.08633100434169
46100 14.997950689264908
46200 14.460002724983848
46300 15.335612465041764
46400 15.72920027097301
46500 15.284037748925272
46600 15.17482471833455
46700 14.7984519663494
46800 14.484908091899435
46900 14.964490921640847
47000 14.838328993881648
47100 15.390092961992623
47200 15.22829553052901
47300 14.764846871623226
47400 14.115467561976864
47500 15.014342675269454
47600 15.10134772106047
47700 14.55022446572431
47800 14.814206073630354
47900 14.68667037985375
48000 14.42595178751822
48100 14.324052752911067
48200 14.356166259456158
48300 15.2647900208951
48400 15.107556389124628
48500 14.804910502475536
48600 14.923564999169258
48700 14.785110789323877
48800 14.963712011804414
48900 14.96976416660401
49000 14.916982704886271
49100 15.115028626070893
49200 15.265717121135793
49300 15.300919381985038
49400 14.62006751438084
49500 14.39005521005725
49600 14.306592768434967
49700 15.039936603956596
49800 15.262188550691224
49900 15.372214277044264
50000 14.716862868747736
50100 15.414723995496677
50200 15.250856640621363
50300 14.678032593873954
50400 14.859359895498363
50500 14.835891925115762
50600 14.352289658711014
50700 14.924419825718228
50800 15.038428775630132
50900 15.696761997119303
51000 15.146747024637568
51100 15.17931633391194
51200 15.75997321307166
51300 15.244617507921513
51400 15.166087423504559
51500 14.824570339321937
51600 14.879883681185177
51700 15.196952887013415
51800 15.17324498346988
51900 14.829245555550779
52000 15.577099375550457
52100 15.166844727728282
52200 15.13095834383974
52300 15.013651997645812
52400 15.311795079777971
52500 15.291432863380681
52600 15.68452945024325
52700 14.569776079735274
52800 14.86419387525441
52900 14.85087622302461
53000 14.922834752138305
53100 15.028543978397545
53200 15.500471900635501
53300 14.217708758863814
53400 15.014237736564603
53500 15.033629065156397
53600 15.237420375254363
53700 15.080282196792608
53800 14.77551463520923
53900 15.78976288246764
54000 15.300532392395324
54100 15.202755027976387
54200 14.921876022377704
54300 15.074783090216052
54400 14.648725125321214
54500 15.074315572652635
54600 15.054428886744022
54700 15.426688120035035
54800 14.370614680719376
54900 14.315255523394061
55000 14.980614382245903
55100 14.957031903644813
55200 14.845481699333854
55300 15.416830954603062
55400 15.185443332847388
55500 15.118018106742928
55600 14.816587497017501
55700 15.23419314603382
55800 15.326480610889577
55900 14.768730831355839
56000 14.696559612225045
56100 15.008620096888276
56200 14.38849660403501
56300 14.478784577369831
56400 15.56294562981996
56500 15.106512919248333
56600 15.659022894453607
56700 14.819575752012089
56800 14.971785872842862
56900 15.282142096603856
57000 15.760009782949881
57100 15.753493245389878
57200 15.032884921936203
57300 14.689829409735571
57400 14.813337500116484
57500 14.350723751734915
57600 15.055003663856503
57700 14.793073827637695
57800 14.664151362812285
57900 14.783089755697711
58000 14.890203472857737
58100 15.007910595248473
58200 14.58767094526105
58300 14.109974287761686
58400 14.541102300718881
58500 14.284416252782828
58600 14.474387566969968
58700 15.122183399042095
58800 15.532045598958643
58900 15.236885200304181
59000 14.989398833963014
59100 15.02433191152988
59200 15.458363916350828
59300 15.631402176735152
59400 15.276886548096366
59500 14.899954788871291
59600 14.895696283641051
59700 15.343436500552514
59800 15.892599284973171
59900 15.199585625039193
60000 15.268009008551475
60100 14.898384019769447
60200 14.542363374482639
60300 15.57328840783126
60400 15.096289591023274
60500 14.839585730523725
60600 14.648907569874911
60700 15.19523062482959
60800 15.215624952304161
60900 14.861991062866263
61000 15.048930994064968
61100 14.596779298802472
61200 15.550960841494788
61300 14.923614630709137
61400 14.411188430969718
61500 14.649343121786293
61600 15.403929090999167
61700 14.895884420720495
61800 15.062640396353038
61900 15.14769160382508
62000 14.881011394388931
62100 14.548150235379943
62200 14.523621667356347
62300 14.363986297089909
62400 14.640193654823054
62500 14.822308239103984
62600 15.188622951568405
62700 15.021057510428236
62800 15.26182523128012
62900 15.428104484896032
63000 15.295184430052048
63100 14.942698320039531
63200 15.503625058209236
63300 14.879858665940645
63400 14.738876765530483
63500 14.963762287476893
63600 15.504146420962078
63700 15.056336488096564
63800 15.151994216881368
63900 15.227637588810166
64000 15.32907946687737
64100 15.18007891761285
64200 14.885419012376877
64300 15.378044001129155
64400 14.958778951568341
64500 14.796785639156626
64600 14.90504331222815
64700 14.766306725427484
64800 14.714363950643678
64900 14.432550727728547
65000 14.95470686698094
65100 15.476310511013411
65200 14.60567233690706
65300 14.722543685596532
65400 14.430264337307014
65500 14.71114040501472
65600 15.522183378279378
65700 15.411639791325136
65800 15.554461300694056
65900 15.12697216916451
66000 15.349411318995697
66100 14.993757513124388
66200 15.615134457680185
66300 15.119092399857022
66400 14.542679223830138
66500 14.871198609013195
66600 15.46904308662714
66700 15.325173976910177
66800 15.006980153021253
66900 15.230536175371203
67000 14.76085749933764
67100 15.33870099171914
67200 15.260487305274072
67300 15.445913146794629
67400 15.065094776663246
67500 15.087621853378868
67600 15.313089572418878
67700 15.319525155461484
67800 15.017012506157329
67900 14.428752533282204
68000 14.477347075074501
68100 14.940148369445053
68200 14.793664647292108
68300 15.012677302382667
68400 14.887620909059496
68500 14.874306621842361
68600 15.426114510768588
68700 14.470156375365107
68800 14.69328623496386
68900 15.01306204562595
69000 14.928874894271196
69100 14.793017956762267
69200 14.615498071737095
69300 14.18926098652657
69400 14.50176721149814
69500 14.73076589322432
69600 15.478526948707021
69700 15.404447894505632
69800 15.43698930755251
69900 15.496586184718204
70000 15.103703896982571
70100 15.097467716713911
70200 15.39874984658964
70300 14.958517057939572
70400 15.391206964938831
70500 15.418258442195627
70600 14.23857362872675
70700 15.864171672728089
70800 15.196535757425437
70900 15.153338539596549
71000 14.714609290231847
71100 14.530717967958463
71200 14.767960231183295
71300 14.692963379294811
71400 15.118324137360085
71500 14.963116129329068
71600 14.846915805822313
71700 15.345205900134745
71800 15.231033100057429
71900 15.246646887692503
72000 15.452416518754681
72100 15.085584680230099
72200 14.887634505320648
72300 15.4078538894295
72400 14.613318771851754
72500 14.850844196297333
72600 14.789623160779115
72700 15.06875382474411
72800 14.917121296638218
72900 14.997042056103206
73000 14.891415021852907
73100 14.277957911136202
73200 15.144887551555536
73300 15.121133401291697
73400 14.819804914869081
73500 14.547334363580969
73600 15.122775576118753
73700 15.318006254234957
73800 15.044828014660638
73900 14.93013193356652
74000 14.685934364384874
74100 14.023357980072658
74200 14.061663198654202
74300 14.479277984481763
74400 14.93054877128317
74500 15.408796127066092
74600 14.975149611150002
74700 14.53433099375196
74800 14.871633572570664
74900 14.888192619245096
75000 14.818069314849383
75100 14.921320082777763
75200 14.879431510862307
75300 14.215681274261623
75400 14.515724846662176
75500 14.745719997509791
75600 14.382901231619604
75700 14.306490716676908
75800 14.261044490966361
75900 14.817668957053302
76000 15.005355754447296
76100 15.518117183776576
76200 15.426341656312063
76300 14.968422621859382
76400 15.439528111119877
76500 15.778540814569935
76600 15.061931953430781
76700 14.617555548205624
76800 15.119657536438922
76900 15.548694762331476
77000 15.365252401777513
77100 16.03456748872984
77200 15.457002998954788
77300 15.106314162786425
77400 14.755153199058496
77500 15.149860912823591
77600 15.01267089850721
77700 14.856680640768898
77800 15.312838391379524
77900 14.525239452338694
78000 14.474824613344811
78100 15.050841460920266
78200 14.13153047409473
78300 14.720750986299509
78400 14.894841476973811
78500 15.1677747317825
78600 14.59490121779997
78700 14.819254825140332
78800 15.010786810580967
78900 14.942788518331076
79000 14.902970293633228
79100 15.19321771244145
79200 14.953892598827448
79300 15.013992708468475
79400 15.646690440380446
79500 15.555545581568781
79600 15.670827245266295
79700 15.248004184876333
79800 14.195588224488583
79900 14.73949764158424
80000 14.587697077303698
80100 15.169730488342843
80200 14.99214221330835
80300 15.108015243854817
80400 15.028514814920673
80500 14.887971704591214
80600 14.936016633472043
80700 14.422231601616874
80800 14.285616572873572
80900 14.943742991826364
81000 15.201896145973251
81100 15.11121144262681
81200 15.008926029891205
81300 14.4990919568958
81400 14.815425984888451
81500 15.106043499304066
81600 15.154586919189793
81700 14.98946754520368
81800 15.436067859926025
81900 14.990993755121746
82000 14.988711117870055
82100 14.974272582865312
82200 15.367996441897562
82300 15.447919811060746
82400 15.254002823142702
82500 15.242110258273218
82600 15.739362893607693
82700 15.094681142092185
82800 14.88205287415855
82900 15.251971450450789
83000 14.70519769764622
83100 14.321857386732283
83200 14.420726821328355
83300 14.2455761855847
83400 15.285666234021894
83500 14.598815810419003
83600 14.282652302871359
83700 14.79045266965002
83800 14.679293779952763
83900 15.005373425749255
84000 14.979254872322809
84100 14.725616932960545
84200 15.215928860775717
84300 14.815175094661374
84400 14.968260058643216
84500 15.039541488622277
84600 15.138822730764595
84700 14.83293786839393
84800 14.818500211922746
84900 14.703104781249516
85000 14.477327639426855
85100 14.817760890704763
85200 14.753015130674644
85300 14.737095832971258
85400 15.25909017916912
85500 14.924203781699179
85600 15.06325262491318
85700 15.433861904057519
85800 15.776402455542389
85900 15.083399531981899
86000 15.221207754985333
86100 15.202062985573033
86200 15.372372392553753
86300 15.004296565688367
86400 14.531962695672654
86500 15.221190534429224
86600 14.875889576412982
86700 14.61022950795859
86800 15.439213827998953
86900 14.846829147208295
87000 15.029377537275801
87100 15.223037531698305
87200 15.371958909820577
87300 14.488912423792042
87400 13.784308160609624
87500 14.211230541464095
87600 14.491987127874928
87700 14.750397027113028
87800 14.753333277744364
87900 15.119678352729574
88000 15.00229793868886
88100 15.101303099896269
88200 15.083272479654926
88300 15.268795524844126
88400 15.253705993745246
88500 15.772998328903796
88600 14.565411814177107
88700 15.117207674959909
88800 15.32480736139208
88900 14.936494201839018
89000 15.158276588414976
89100 14.769419060697068
89200 15.385440414900618
89300 14.781071179602296
89400 14.88131763283687
89500 14.795499927083165
89600 14.907733188456362
89700 14.781879898934335
89800 15.1960173239913
89900 15.184713533086658
90000 14.685699117183663
90100 14.500138783950073
90200 14.918856825328948
90300 15.279066619592214
90400 15.739039594625503
90500 15.363079114127714
90600 15.153394812128173
90700 14.609269241464418
90800 14.528846210843916
90900 14.501286028640022
91000 14.87282341342806
91100 14.763744294605035
91200 15.432874815742158
91300 15.467249108434428
91400 14.60438053421438
91500 14.655674445665856
91600 14.968855052258219
91700 15.088990057923175
91800 14.59933863946385
91900 15.177063623541459
92000 14.789680747613456
92100 14.556911751563845
92200 14.58542633646121
92300 15.208288802899082
92400 15.65571510488228
92500 15.068860364804518
92600 14.889920001512362
92700 15.3199709731986
92800 15.074845564620379
92900 15.443470593168788
93000 15.380883009010645
93100 15.069063986283382
93200 14.897928698079884
93300 14.982775412170342
93400 15.228543350038933
93500 15.205228026485452
93600 14.852456272003698
93700 14.71488648157463
93800 14.81354454029069
93900 15.04426559330465
94000 15.620997979673486
94100 15.263370953949492
94200 15.211528659159873
94300 15.069090124652426
94400 15.002055842250202
94500 15.466619060972475
94600 15.525861969144925
94700 15.11697602294171
94800 15.145196798131558
94900 15.357407216028367
95000 15.265343449911189
95100 15.340170193194222
95200 15.559745919648483
95300 15.26661042836272
95400 14.75415255044823
95500 14.716296143971592
95600 14.735516625127032
95700 14.972386365583946
95800 15.699740163765055
95900 15.33810249229751
96000 15.105504349820418
96100 14.683398266324748
96200 15.616676406714998
96300 15.464075204622006
96400 15.423958987749161
96500 14.892942551083648
96600 15.406515894299114
96700 15.434456025193793
96800 14.877974097853327
96900 14.776323993206406
97000 15.243750898687555
97100 15.42251666900822
97200 15.104205657080161
97300 15.272494146148889
97400 15.014916157884295
97500 14.712813368771885
97600 14.925983952354335
97700 15.277025190844798
97800 16.42445216050956
97900 15.646289003598866
98000 15.307546640405816
98100 15.3423896033348
98200 15.128347684587899
98300 14.959404891981608
98400 14.915633306438345
98500 14.84020537123112
98600 15.1688351420553
98700 15.358933840419581
98800 14.595520540807634
98900 14.357511531521679
99000 15.09687862325288
99100 15.030045324710054
99200 15.016243558343273
99300 15.368129241527708
99400 15.147786069327204
99500 15.269835574338426
99600 15.211476570840661
99700 15.289416116937346
99800 15.086568264069168
99900 15.159255121829155
100000 14.784878763117627
100100 14.929928136744836
100200 14.453474343184876
100300 13.982365618983593
100400 14.843632287126399
100500 15.077767429939355
100600 14.916259457204987
100700 15.151905306372429
100800 15.105989913595709
100900 14.515261488289504
101000 14.551168587141985
101100 14.427357564139902
101200 14.791693663676186
101300 14.43437246640091
101400 15.380057943508966
101500 15.611979996114002
101600 15.061043698786538
101700 15.146800997792
101800 14.612406528096107
101900 14.913331682120015
102000 14.601856853643143
102100 15.211236639124294
102200 15.093253203339458
102300 15.048818875074621
102400 14.873277572133606
102500 14.809610230634803
102600 14.10864101544324
102700 14.297268602793132
102800 14.223544217823667
102900 14.463919239243358
103000 14.620673721614986
103100 14.712701100942672
103200 14.640683099721949
103300 15.006999850250624
103400 14.824852879925599
103500 14.583040264854544
103600 14.583082361682287
103700 14.960744343007915
103800 15.094653003315882
103900 14.78806276630591
104000 15.037209555371088
104100 15.254555177523988
104200 15.151030633780934
104300 15.108097495852224
104400 15.761098515916457
104500 14.455928986634788
104600 14.751400795098778
104700 14.885744432893452
104800 14.669083512122537
104900 15.036340954194655
105000 14.862600265767373
105100 14.931617779604254
105200 14.683616760789084
105300 15.556669325266842
105400 15.2933454117249
105500 15.336174920385183
105600 14.839939249424958
105700 14.847814570895828
105800 14.690465192845775
105900 15.091636690959266
106000 14.386657262806066
106100 14.421560063542259
106200 14.577564123971763
106300 14.471382837530742
106400 14.229083531061347
106500 14.722702522299674
106600 15.216633208532889
106700 14.666005160008625
106800 14.823618266624917
106900 15.132632364944726
107000 15.427950119491232
107100 15.181377655486923
107200 14.890430694997102
107300 14.861905686592598
107400 14.917517923783583
107500 15.00399956370865
107600 14.852382695918978
107700 14.792971003115907
107800 14.542529966615476
107900 14.962388789259302
108000 14.861073806291236
108100 15.54305029795861
108200 15.03316093428768
108300 15.701480063310317
108400 15.775526445296
108500 15.650103283165738
108600 15.030255393451466
108700 15.318634213690395
108800 15.818043679644523
108900 16.108946017327963
109000 15.15590031419824
109100 15.145782568904492
109200 15.003616230373575
109300 14.963619234725522
109400 15.264482548621586
109500 15.218205012922976
109600 15.108437076665837
109700 14.840525536792523
109800 15.219805001475434
109900 15.060914625112483
110000 15.066069939261775
110100 15.286550705742131
110200 14.717828168727777
110300 14.849393818705513
110400 14.617802553895318
110500 14.816451974042566
110600 14.628861285927675
110700 14.98320803763618
110800 14.898732042662754
110900 15.282258506211635
111000 14.689325372091457
111100 14.646527831697254
111200 14.771401365973581
111300 14.485032943318524
111400 14.909217214957085
111500 14.718392165154025
111600 15.016404606752513
111700 14.973609660862813
111800 15.498445413275132
111900 14.910567888347108
112000 14.89353160931015
112100 14.510697238233833
112200 15.162866946571421
112300 15.37385548372071
112400 15.411998223549212
112500 15.07585465852923
112600 14.659342895654602
112700 14.511770229961957
112800 14.431073249112838
112900 15.387843178127868
113000 15.21364204412871
113100 14.71273697798583
113200 15.071688899774006
113300 15.065983213600507
113400 15.087380533270496
113500 15.219279816979652
113600 15.004245461041139
113700 14.856022047908853
113800 14.942404835190265
113900 15.35850301918784
114000 14.400464813823548
114100 14.709055393820613
114200 14.8589347550053
114300 14.832073892505052
114400 14.031707471064808
114500 14.523844525022795
114600 14.872501675263367
114700 14.748245615288852
114800 15.191890629433713
114900 15.154175913013715
115000 14.872890345808933
115100 14.913569778692521
115200 15.39838385652355
115300 15.51314381723785
115400 14.784597586717368
115500 15.241509027543822
115600 15.026789575969858
115700 15.121012467551575
115800 15.082572123745093
115900 15.15031790958264
116000 14.754456788355471
116100 15.29349791048531
116200 15.695732650141995
116300 15.114728809558203
116400 15.629912732563426
116500 15.60059632676266
116600 15.065679032133005
116700 14.672024663951653
116800 15.04869852616074
116900 14.585642056156173
117000 14.894801285521261
117100 14.737488233549964
117200 14.926472434457644
117300 15.030012393319026
117400 14.778940050028
117500 14.381639315294967
117600 15.384988616830839
117700 14.789090525458159
117800 15.443022764609397
117900 14.844332139677691
118000 15.139230922122662
118100 15.53784414977041
118200 15.427103644785724
118300 14.597938505126352
118400 14.986254884679175
118500 15.243463221862278
118600 15.233640529585262
118700 14.896740440903043
118800 15.049814525435613
118900 15.14468787498296
119000 15.14885459437606
119100 15.700683993888312
119200 15.401432029245546
119300 15.52395588727668
119400 15.644574206050407
119500 15.15736595766181
119600 15.060943907356181
119700 14.94489575498271
119800 14.934305990206195
119900 14.867200593688512
120000 14.726722799384513
120100 15.360096095506009
120200 14.50618045092277
120300 14.998370088394248
120400 15.762644384887423
120500 15.212824081371833
120600 15.32736949731083
120700 15.048626836543681
120800 15.33253865744434
120900 15.18538123812811
121000 15.450792599834159
121100 15.165558693520941
121200 15.367273513213163
121300 15.361476463155391
121400 15.404948750817205
121500 14.567405693846192
121600 15.181853249271967
121700 15.353359086142465
121800 14.802717070195465
121900 14.19111932476372
122000 14.54208171640623
122100 14.723429673057826
122200 15.47732581786108
122300 15.394760065448343
122400 14.914019408212873
122500 14.606436265533285
122600 14.704800073830738
122700 14.970203636815123
122800 14.812741103916702
122900 14.969195424198771
123000 15.54582794973454
123100 15.039221106045483
123200 14.626542896390982
123300 14.374089987299106
123400 14.586402384099856
123500 14.459716214041528
123600 14.975517946670088
123700 15.217464447370267
123800 15.119227751518947
123900 15.134688747332076
124000 15.208632803543289
124100 14.833340420090844
124200 15.149900489055208
124300 15.153445126616678
124400 15.469851981021138
124500 15.265256686029156
124600 15.52727894789024
124700 14.458056331379142
124800 14.751127202216132
124900 14.594687129156206
125000 14.960704062824812
125100 14.946001456866544
125200 14.642228621681022
125300 14.438968282069956
125400 14.787268322927076
125500 14.522040967270542
125600 14.60837963254363
125700 14.807974724504476
125800 14.543645672158908
125900 15.071635018435893
126000 15.528611922170601
126100 15.528216164179966
126200 15.215428073812923
126300 15.559854559516276
126400 14.455583107039386
126500 14.464938804103603
126600 15.400854839353407
126700 15.054984721065978
126800 14.810379418385752
126900 14.697103551609056
127000 14.23394919634977
127100 14.685089850978606
127200 14.788042801536067
127300 14.681332372875998
127400 15.386021676044162
127500 15.412729864963119
127600 14.906894425960068
127700 15.293920362051981
127800 14.619291824990881
127900 14.577177620017057
128000 15.007940401333558
128100 14.781681741258474
128200 14.88281433785731
128300 15.205134357459203
128400 15.191316090406383
128500 15.065037695331503
128600 15.651704313604874
128700 15.130056010685122
128800 15.050021558753755
128900 14.626450146867178
129000 14.54871267633768
129100 15.347377927628697
129200 14.826751320366977
129300 14.477979592052453
129400 14.79189508796796
129500 14.636121981203408
129600 15.01304330015797
129700 14.822458231896567
129800 14.5636146009689
129900 15.032189337206095
130000 14.886204478062561
130100 15.087350010430036
130200 15.268716612078565
130300 15.006623728255725
130400 15.237283347485766
130500 15.034463316414639
130600 15.633378496239219
130700 15.292919939644333
130800 15.312384741613933
130900 15.40143550204912
131000 15.769049257585454
131100 15.271604386319144
131200 15.238692912571263
131300 15.015242013602585
131400 14.713106405937564
131500 15.287862718892471
131600 15.098347447773959
131700 14.645529233756612
131800 14.179720079382061
131900 14.867878505087912
132000 14.939753486228797
132100 14.877376044939677
132200 14.64080696851633
132300 15.396068501220935
132400 15.123281696075763
132500 15.245519027017442
132600 15.037015808781355
132700 15.186188439482143
132800 15.091687827783504
132900 15.14355494082835
133000 15.29785329106301
133100 14.70896825765654
133200 15.462137689590492
133300 14.477452742133599
133400 14.982379949167377
133500 15.383686354826324
133600 15.184004249257463
133700 15.17197690874382
133800 15.408758879844898
133900 14.638627239625471
134000 15.309105785354815
134100 15.2095360478269
134200 14.813181472391044
134300 15.601859173045996
134400 14.94500243178111
134500 14.616401955828579
134600 15.20332357682444
134700 15.688238717955747
134800 15.135197119858253
134900 15.122297314390352
135000 14.840943552878192
135100 14.915736748821264
135200 15.053743653983881
135300 15.334569148191655
135400 14.759432602937423
135500 14.582886019309475
135600 15.106281581009272
135700 15.15802009495562
135800 15.151531160897575
135900 14.407309917629632
136000 14.921672161582213
136100 15.236267294821872
136200 15.301301683597572
136300 15.445461811414424
136400 14.504648643213473
136500 14.42251425917857
136600 14.734028964453936
136700 15.414260523298717
136800 15.443011298267898
136900 14.83911613960378
137000 15.038505256672261
137100 15.415848496715013
137200 15.496692774202895
137300 15.359430121608543
137400 15.362432841938798
137500 14.27861979367412
137600 15.107365923998028
137700 14.504885204031302
137800 14.304096723189122
137900 14.755186605213868
138000 14.570523203361082
138100 15.31757097430983
138200 14.81834734977768
138300 15.321997477223471
138400 14.946645335127421
138500 14.770054702812857
138600 14.95354377394213
138700 14.607482536759862
138800 15.163524806877254
138900 15.105969964907622
139000 15.491141021412538
139100 15.118737476368903
139200 15.308741602559017
139300 14.844978652306978
139400 14.92676027877342
139500 14.787887507264056
139600 14.59540503578281
139700 14.698076354544824
139800 14.843322538735146
139900 14.072747938782786
140000 15.08291579399275
140100 15.015933336003615
140200 15.081087304131618
140300 15.06762880802103
140400 15.139849020576293
140500 14.909340612884767
140600 14.815434846056316
140700 15.141614066925237
140800 14.972788615508819
140900 15.231192068081713
141000 14.564572122315575
141100 14.836136698653872
141200 15.137950195106502
141300 14.893189068811425
141400 14.363047609371357
141500 15.039708925298646
141600 15.190640785119347
141700 14.485440870262332
141800 14.158398590591162
141900 14.98665567787233
142000 15.273216256220278
142100 15.081638662670883
142200 15.23326000138421
142300 15.053059298766701
142400 14.753641552026366
142500 15.074647801128641
142600 15.600008103510806
142700 14.577337444420923
142800 15.209851894322062
142900 14.703696302931787
143000 14.516235793331271
143100 14.552631963569373
143200 14.522159552915989
143300 14.840972434128513
143400 15.032127721273877
143500 15.190218072983274
143600 14.571640230028924
143700 15.124659803820801
143800 15.449996510301048
143900 14.933023408702418
144000 14.757829694861679
144100 15.423728454664824
144200 15.345124487278957
144300 15.492543631690364
144400 15.25298374668225
144500 14.634755088288134
144600 15.12343392231658
144700 14.854255473588175
144800 14.898116077073935
144900 14.956294170667933
145000 15.129690604258874
145100 14.841179486638254
145200 14.403719241354056
145300 14.827685904219305
145400 14.987345095288234
145500 15.102904468983493
145600 14.707693268878817
145700 14.794058041342579
145800 14.353809397240605
145900 14.72199740524474
146000 14.769161517130215
146100 14.523250026044119
146200 14.769622205776672
146300 14.580197504469952
146400 14.977372707237656
146500 15.476859070538213
146600 14.842650736713491
146700 14.745158324959334
146800 15.339094808127784
146900 15.522494657257065
147000 15.186885211591514
147100 15.247368003572488
147200 14.316800206843467
147300 14.29030917134524
147400 14.42361353616987
147500 15.366019126354983
147600 15.037267756520068
147700 15.154894737461774
147800 15.205727832790966
147900 14.850791816052602
148000 14.475462565195523
148100 14.760865585131603
148200 14.783563840066538
148300 14.808933941206499
148400 14.610663980194072
148500 15.070137555996464
148600 15.460439068374061
148700 15.449759629552155
148800 15.335389419616357
148900 14.737627164915104
149000 15.444618931688778
149100 14.667708805732733
149200 14.951103472972518
149300 15.184575685555295
149400 15.72732820788429
149500 15.274864259801939
149600 14.57513338255497
149700 14.512774881659155
149800 15.3332751678683
149900 14.865324948522101
150000 15.096787545301785
150100 15.086118271625935
150200 15.067301060165526
150300 14.857466791967358
150400 14.87131485669746
150500 15.299433347260283
150600 15.770930232391864
150700 15.946396702238234
150800 14.984443368301722
150900 14.928899673798647
151000 14.38053286431511
151100 14.505730070499522
151200 15.496914068226179
151300 15.351171461802506
151400 15.323976947721992
151500 15.178967461325605
151600 15.047850373676898
151700 14.735299820845526
151800 14.765873498705332
151900 15.265947457210306
152000 14.812295220818818
152100 14.382903157737115
152200 15.531978687907017
152300 15.560292395347135
152400 14.724372419080268
152500 15.39267083282535
152600 15.50031226823639
152700 15.048127528233126
152800 14.855620615759815
152900 15.145137521033847
153000 14.814270422653067
153100 15.08853948338664
153200 15.536792722574747
153300 15.422006456054813
153400 14.882991582353673
153500 14.642572804692447
153600 14.6242557353681
153700 15.070749062055256
153800 14.945861658744919
153900 15.097053818076624
154000 15.665004608078286
154100 15.428212474951124
154200 15.319672562831459
154300 14.64209898561866
154400 15.022443493434837
154500 14.822079181865822
154600 14.841435982564988
154700 14.983929585356258
154800 14.711794797128913
154900 15.249837469748295
155000 15.030433060929745
155100 14.752487549048922
155200 14.701036218035705
155300 14.601377864300614
155400 14.789803030645363
155500 14.958352533751066
155600 14.641025715925263
155700 15.135544760513902
155800 15.25488867808738
155900 15.152959406375919
156000 14.867423533084636
156100 14.726062145018442
156200 14.014511337864198
156300 14.381193319014244
156400 14.340623462570699
156500 14.677201327103804
156600 15.036168047712252
156700 15.04998048869546
156800 15.030738420123617
156900 15.099081906227067
157000 14.572145669754045
157100 14.961810587218475
157200 14.79182578455471
157300 15.375612024028039
157400 14.785592462307953
157500 14.702859181747112
157600 15.413841425374299
157700 15.089521380196654
157800 15.3874863941413
157900 15.380976020631454
158000 15.302477497069063
158100 14.916716695502284
158200 14.450442861315093
158300 14.686526134476182
158400 14.527436206133613
158500 14.89121933348393
158600 15.176321246417181
158700 14.93657509541447
158800 14.749840061646536
158900 14.972456933334946
159000 14.987987228197493
159100 14.872746316954357
159200 14.987263698540204
159300 14.783929804151525
159400 15.094737240074688
159500 15.392026897063815
159600 15.575323629895932
159700 15.427751982291682
159800 15.736545231315851
159900 15.374458648463184
160000 14.931488854953056
160100 14.737258433866437
160200 15.035289102901622
160300 14.884877730803899
160400 15.100969611799426
160500 15.077363565731615
160600 15.001197389740412
160700 14.484436716969869
160800 14.994381186067857
160900 14.830748787662278
161000 14.966106110025814
161100 14.579341087112285
161200 14.755981364713511
161300 15.127260014681681
161400 14.846819181231819
161500 15.82363971420409
161600 14.969072997706437
161700 15.09792933979316
161800 15.188010129738718
161900 14.545360354669285
162000 15.096239876595536
162100 15.497876589265335
162200 14.945041724315773
162300 15.143436971301133
162400 15.077002592571242
162500 15.344619511278449
162600 14.972481541797611
162700 15.31037867668809
162800 15.465022795995878
162900 15.462574370228376
163000 15.073973730986976
163100 15.177309352707473
163200 15.695277795328067
163300 15.864250146373935
163400 15.658107473197852
163500 15.120228767046765
163600 14.982916926053004
163700 14.675500922947721
163800 14.436675183271719
163900 14.69226766010843
164000 15.342054257635484
164100 15.554050572918788
164200 15.54339627909701
164300 14.381454421233906
164400 14.487594581240163
164500 14.852460853573824
164600 15.045594732761774
164700 15.639858270349533
164800 15.112090727012555
164900 14.946541387220952
165000 14.389086753411256
165100 14.962890029731037
165200 15.192974515312965
165300 14.796549237145191
165400 14.596585772850196
165500 15.267512606394675
165600 15.002164275056684
165700 15.711394504477678
165800 15.221334188152744
165900 15.309174146162317
166000 15.525301513041525
166100 15.364980001693901
166200 14.942698544727433
166300 15.426058978660793
166400 15.313253157787452
166500 15.413100465502895
166600 15.105682858282883
166700 15.472508012783862
166800 15.182915457608512
166900 15.014225120967307
167000 15.298734622231342
167100 15.014105327839378
167200 14.976566969301878
167300 15.210154255894007
167400 14.343828561024907
167500 14.148626117202571
167600 15.380274233657492
167700 15.420951572638344
167800 15.541846695676755
167900 15.183601933715822
168000 15.309203574434544
168100 15.498313453798225
168200 15.007009185357838
168300 14.988959464453059
168400 15.103076848560084
168500 14.887885376819481
168600 14.359974124481425
168700 14.776196273228734
168800 14.729313812218743
168900 14.58428842936015
169000 15.391002176372531
169100 14.622651232169426
169200 14.094979147467694
169300 14.483914137213231
169400 14.794480350468191
169500 14.857507083762691
169600 14.365630799929738
169700 14.455559186568665
169800 14.534318176335791
169900 14.395327983541673
170000 14.911260038842656
170100 15.486692402309401
170200 15.48521117230622
170300 15.32544051824835
170400 15.256375514141013
170500 14.759832417647583
170600 14.970582025721793
170700 14.963667967364627
170800 15.010812400246254
170900 15.183713395640046
171000 15.325490866456125
171100 15.311831420532345
171200 15.17698315547813
171300 14.721680937975892
171400 14.994018975030102
171500 15.03259818641875
171600 14.86154829440833
171700 15.295840415190506
171800 15.651715130843966
171900 16.13760818988543
172000 14.996938195133467
172100 14.549937249879063
172200 14.796408807030316
172300 14.76393687816955
172400 15.131594062597847
172500 15.530379167352448
172600 15.210204260789876
172700 15.003194388760404
172800 14.991193662239354
172900 14.53742607540584
173000 15.32290388414335
173100 15.125912293479358
173200 14.76688967722203
173300 14.420548376132244
173400 14.65197577868946
173500 14.754695273636537
173600 15.090329761805183
173700 15.258114773269059
173800 14.778766290835682
173900 15.112593467514358
174000 14.952670196816221
174100 15.220421155495622
174200 15.944274493741585
174300 14.712477605573111
174400 15.329077368642844
174500 15.239813502415911
174600 15.050763970154165
174700 14.556048077351262
174800 14.63449120246715
174900 15.23001171214412
175000 14.813435266837558
175100 15.473611672867328
175200 14.88905215517001
175300 15.016700459370824
175400 14.792872055701817
175500 14.693296679453605
175600 14.865410635632053
175700 14.08511837792686
175800 14.786397818028062
175900 15.195285136022886
176000 15.66522862782769
176100 15.777850466592609
176200 15.385110765721834
176300 15.325919706977373
176400 15.32775981803604
176500 14.989451690189949
176600 14.951516830476738
176700 15.096837618816892
176800 14.739928879892599
176900 15.021483688063434
177000 15.113288419709708
177100 15.163641788985442
177200 14.560086998907568
177300 15.284369344328239
177400 15.371130391689805
177500 14.99118361831194
177600 14.893746292135742
177700 14.789473729507655
177800 14.76782358674343
177900 15.219050405978289
178000 14.447067823131867
178100 14.844812907744164
178200 14.812968832724382
178300 14.802181829808777
178400 15.144219884299284
178500 14.862910504158753
178600 15.04992024714281
178700 15.330428274497935
178800 14.883858322352355
178900 14.713413569877376
179000 14.821605275825464
179100 14.065491186258459
179200 14.711316589604424
179300 14.874018975156739
179400 15.27486424802389
179500 14.921454732878683
179600 14.82790927471225
179700 15.044863908094456
179800 15.228571128401788
179900 14.990837356708347
180000 14.724511930490964
180100 14.982757617999319
180200 14.944511572118824
180300 15.689220375959218
180400 15.627110669289808
180500 15.255912418304359
180600 15.235211094930241
180700 15.178890098759657
180800 14.71002930643767
180900 14.990370406797725
181000 14.7441882029785
181100 14.921073960866147
181200 15.23519859133154
181300 14.939340846417785
181400 15.058613529093211
181500 15.396028177415737
181600 15.123617887184247
181700 14.662494473657976
181800 15.197422643136061
181900 14.966444601934844
182000 15.015618443190757
182100 15.165528004458098
182200 14.867374631845523
182300 15.15660281096653
182400 15.187635344118448
182500 15.39328412825279
182600 15.817286920090075
182700 15.531749188388172
182800 15.214497570356674
182900 15.82698874656199
183000 15.255981773252444
183100 15.633972069241587
183200 15.380838507657659
183300 14.687101198788582
183400 14.866557168013616
183500 14.316611853616815
183600 14.765251523382144
183700 14.969658650109869
183800 15.053883941731202
183900 14.749955792114413
184000 14.987082708481703
184100 15.248318967246352
184200 15.42715671586022
184300 15.377395427896955
184400 14.931482075681192
184500 14.864539701817005
184600 15.216818933995553
184700 14.882930647654149
184800 14.984518105956665
184900 14.781498885163105
185000 15.26154127498055
185100 14.665987918570798
185200 14.861614929427006
185300 14.601522995133632
185400 14.97756878478851
185500 14.576829084355605
185600 14.952218789929928
185700 15.072275251448923
185800 15.570005210157767
185900 15.314136350637003
186000 15.188004684400106
186100 15.272948682776518
186200 15.290967440793967
186300 14.974349558598753
186400 14.415743045103094
186500 14.213130323827814
186600 14.316430119249448
186700 15.12553606968846
186800 15.254065944110321
186900 14.987274869168251
187000 15.013827103106928
187100 15.132062237737632
187200 14.480381350214461
187300 14.832453637544015
187400 15.11478009928382
187500 14.672915066522098
187600 14.627153122413315
187700 14.66441752301427
187800 14.783455432285926
187900 14.708105051432529
188000 15.005617990801644
188100 14.916216067090684
188200 14.592679645134117
188300 14.899872241832076
188400 14.443245318440619
188500 14.219941435596645
188600 13.957667273850902
188700 15.021870567067651
188800 15.314341975753813
188900 15.068761328155864
189000 15.247808054407727
189100 14.283886553926859
189200 14.954712945930062
189300 15.354343741757763
189400 15.40546494537049
189500 14.945480683645197
189600 14.925002287717547
189700 14.804161936788148
189800 14.825635214948047
189900 14.683653647314696
190000 15.184339014003884
190100 15.555564789343032
190200 15.05329380878305
190300 14.819904140734671
190400 15.329503282388696
190500 15.022948072439032
190600 15.090187162731892
190700 15.26650744231881
190800 14.975236238869533
190900 15.10258108622626
191000 14.712256083284686
191100 14.713789233603672
191200 14.594054555120843
191300 14.902527557783994
191400 14.902568877435142
191500 14.53183172570702
191600 14.943406718327031
191700 15.003397100792402
191800 15.091508185726019
191900 15.077019881521926
192000 14.874963779101076
192100 14.834844027539901
192200 14.879400034880558
192300 14.68313040748402
192400 14.851151129308063
192500 14.738508030752108
192600 14.2781914360654
192700 14.703060107875022
192800 14.603475429696514
192900 15.191985969238933
193000 14.935184308672927
193100 14.51328839168165
193200 14.760621104352266
193300 14.97663146197329
193400 14.692888829111727
193500 14.972739714530949
193600 14.994656567929479
193700 14.966725240398551
193800 15.253981149884272
193900 15.224140430106559
194000 14.973348951799101
194100 15.209877534579169
194200 14.829746950474508
194300 14.991391536393635
194400 15.260705668512449
194500 14.78127174217539
194600 15.101815913539841
194700 15.03122057273672
194800 14.70104945978029
194900 14.40236900167063
195000 14.223850289047268
195100 14.749421938682293
195200 14.767332787274816
195300 15.3632561090136
195400 15.057015107644848
195500 15.799889149412223
195600 15.141527118475683
195700 15.268806535433981
195800 14.862307607612614
195900 15.099516325230862
196000 15.504793144909913
196100 14.920216867033421
196200 14.34291535521824
196300 14.844424143957552
196400 14.88943180547634
196500 14.57008813241732
196600 15.099902290005277
196700 14.766648184115367
196800 14.560137775895361
196900 14.998157613523599
197000 14.888442668447027
197100 14.963744061289058
197200 15.093376848187763
197300 15.044764475988
197400 14.76145864249365
197500 15.394116711052604
197600 14.67628006958493
197700 14.303942471419889
197800 14.875476321500349
197900 14.569721828969445
198000 14.951755782961335
198100 14.612416166839353
198200 15.067963813566394
198300 14.592124206397694
198400 13.936144165222311
198500 14.807384256292515
198600 14.647518006928891
198700 14.486262173606416
198800 14.715218752681247
198900 15.131187177864586
199000 15.12258314271018
199100 15.04729225878811
199200 15.271818106842847
199300 14.885990231624294
199400 15.048563693354051
199500 15.452802049600473
199600 15.061353776259251
199700 15.43768633442594
199800 15.449850350111195
199900 15.510345201400268
200000 14.945129103572528
