100 3.2729164512892415
200 5.1812155413221515
300 1.8693384179638517
400 3.666960848496318
500 4.041784112658934
600 2.9191780448241906
700 2.450974085768446
800 4.8764172741115015
900 3.80890133396428
1000 2.314035187967839
1100 3.7704831248070345
1200 0.7324668841812894
1300 2.728838711434495
1400 3.2455865343640404
1500 5.296943563190824
1600 4.781373951006509
1700 3.4793790583251045
1800 3.659765820887789
1900 2.787655355787854
2000 2.662157668939287
2100 3.890778645660028
2200 3.9136101843359947
2300 5.228871267456097
2400 4.989214087380877
2500 4.582422384482653
2600 1.821063190349263
2700 4.513131980761021
2800 2.9388271991023287
2900 4.364520461484952
3000 5.687744308724269
3100 2.402196688167508
3200 3.260879980931662
3300 5.46204540226293
3400 3.695972009451866
3500 4.300778909231854
3600 4.6261892597314
3700 4.051586659241629
3800 5.816836971002747
3900 6.7280381635284545
4000 3.8835264131609306
4100 7.602070065941838
4200 4.269185467664052
4300 4.6225967311239
4400 2.829236081072798
4500 5.456852002103856
4600 5.025988117950422
4700 2.47172200501444
4800 2.300896919358347
4900 3.0228365878429013
5000 2.1248609699595407
5100 3.331624931377591
5200 1.0890625888498837
5300 4.697223292690941
5400 4.863104694222618
5500 6.667318592807351
5600 6.2791306438852885
5700 6.557447837434117
5800 3.576561250394129
5900 3.811124002710531
6000 5.155754321443309
6100 5.348622734644516
6200 4.8266837105926665
6300 4.124280660645523
6400 4.632871015296953
6500 4.907747054329365
6600 3.1145279099249947
6700 6.518044502593705
6800 7.204223480161135
6900 5.073585848771889
7000 3.0226458743595517
7100 4.3908877903097645
7200 4.956809406295015
7300 4.068960304663015
7400 5.294878587414473
7500 4.156868266193941
7600 4.596698265445126
7700 3.300913492578441
7800 3.511609648958652
7900 0.9060191295393987
8000 4.5517445903043114
8100 2.2905731855663554
8200 3.9377984142591034
8300 0.8606581114897587
8400 0.9207885389598023
8500 1.7243585145563871
8600 3.5338156441749247
8700 4.721398656415729
8800 5.977146081354478
8900 4.737605802551383
9000 5.691523552075806
9100 3.9438562612326473
9200 2.805475984813496
9300 4.888941245518498
9400 3.0985944217240156
9500 4.137409247614652
9600 1.4929018641160203
9700 1.9851735171298974
9800 4.586904884715985
9900 4.516826117942424
10000 4.011328795859136
10100 4.560683024196696
10200 5.5152191318435095
10300 3.694944029773547
10400 4.264541065034701
10500 1.689980776583886
10600 2.3772352051084553
10700 4.678735790737259
10800 3.1291609595530496
10900 3.8660351012742646
11000 3.171732973616279
11100 2.915979471947161
11200 2.8161017265770663
11300 2.716288022672506
11400 3.415369975486617
11500 3.152428949936304
11600 3.4421993265947237
11700 1.7659582061678425
11800 0.874689965182871
11900 3.4794470996978597
12000 1.5546846870734539
12100 2.652446436024659
12200 1.831001329814504
12300 2.054449921242795
12400 2.1924366610661252
12500 3.006897925418108
12600 6.0529632239930375
12700 4.654155445713183
12800 3.7842117459167666
12900 5.911409119208122
13000 5.5471595402999405
13100 2.209772656993055
13200 5.697932623632228
13300 5.174881400983194
13400 2.816448390688356
13500 1.2804073384541543
13600 0.2777971715410331
13700 2.486733286202411
13800 2.7056641452146266
13900 3.627302967058742
14000 4.159044456483939
14100 3.251084260396736
14200 3.469734672684053
14300 5.815563793816481
14400 3.711999135267529
14500 -0.22957275294464452
14600 2.07531472618527
14700 1.8052378278213013
14800 3.187447955628789
14900 3.69027110160049
15000 3.950263057613064
15100 3.733944705453223
15200 2.9697989776364575
15300 1.8008344919154673
15400 4.023298436591643
15500 3.725882390966553
15600 3.1972822149320628
15700 4.973947319930051
15800 5.295246009371528
15900 5.994731024685244
16000 3.4147519996825966
16100 0.8105947938863556
16200 1.9509160128626761
16300 2.8573535550971103
16400 5.121172367742854
16500 6.181199092167379
16600 4.977088346826792
16700 2.731903602586656
16800 2.7228883123971253
16900 2.887027423050598
17000 2.7596394625456564
17100 4.0391405149157995
17200 2.670215068152903
17300 4.970151138398625
17400 3.234065625758623
17500 4.557126117915933
17600 3.5155411892028128
17700 4.245305911361654
17800 4.722154693843711
17900 2.9699276529361875
18000 3.2666427585698354
18100 2.0447342580999797
18200 3.3824882948294848
18300 5.804002248349171
18400 3.3437164658463945
18500 4.566739787054626
18600 4.713859528319096
18700 3.6583710740282247
18800 4.824962532211323
18900 4.339519656327958
19000 2.834987944431039
19100 0.8767874883709526
19200 4.661607139146188
19300 3.151620610511511
19400 3.381883263252184
19500 3.4841077637876356
19600 3.722492874666291
19700 6.161908947381156
19800 4.56015374196017
19900 2.358619122564444
20000 1.9700244392948707
20100 1.0401972823062848
20200 1.868149905302323
20300 2.4653349582978663
20400 4.2071484793840686
20500 3.4349682482891004
20600 3.0974314822667943
20700 3.8723109882771016
20800 4.827501617831588
20900 1.088031737276231
21000 1.4258359369981557
21100 3.7353964388106955
21200 3.2923165715104314
21300 3.4892101421061934
21400 5.083244029569578
21500 6.4811629872535255
21600 3.044207693786095
21700 3.472206197018884
21800 4.709603505368064
21900 1.727237014979893
22000 3.5712777709252372
22100 3.4224770751037474
22200 2.6121837134344004
22300 3.595290097487507
22400 3.1558233135047473
22500 3.868163731985756
22600 3.221733930472226
22700 4.470789956740435
22800 5.033421515800937
22900 3.918685438666702
23000 5.236600414331441
23100 2.666422865270612
23200 4.116740966435283
23300 4.779909769944894
23400 2.739703174669775
23500 3.2314427129657965
23600 4.480686147906849
23700 3.6877301173952395
23800 3.310192080175458
23900 2.7314298373904515
24000 3.7484784219689606
24100 4.202945372196736
24200 3.5668739405636996
24300 6.0158282818935644
24400 3.015391199805733
24500 3.944584185990561
24600 3.758887376976173
24700 4.700167421491816
24800 4.139245735413556
24900 3.5579759204093486
25000 4.830989818448634
25100 1.682837999286356
25200 0.9314934484162207
25300 0.3832207176464526
25400 -0.057609458515947565
25500 3.118653274273728
25600 0.13170768471673805
25700 4.552703440203016
25800 3.611084168821051
25900 3.252764859989253
26000 2.034196557765766
26100 3.602826782028615
26200 5.4549127596702105
26300 1.736463828028004
26400 3.44726588531372
26500 5.4971185988189575
26600 4.967265992174082
26700 3.1171047392597693
26800 3.82491444796112
26900 3.8006972760034206
27000 2.107107676859291
27100 0.2824770175267453
27200 2.063983378249505
27300 3.0585677701775813
27400 4.0190956721727815
27500 3.899759226795931
27600 4.91072779940209
27700 4.802037380983928
27800 4.043336130810818
27900 6.030086989163955
28000 4.907021724881658
28100 4.584857296094361
28200 4.658618377959752
28300 4.822383188771807
28400 4.230771485222295
28500 4.924649454091831
28600 3.3102540846651913
28700 2.7030448825829887
28800 2.4854003158416953
28900 4.675700842724969
29000 4.497686019062639
29100 3.206732511604026
29200 2.141945227654469
29300 3.891567653677361
29400 3.155968697303992
29500 2.610941463095827
29600 4.098453513249269
29700 1.6992766402114952
29800 4.896836738641213
29900 5.120588278935751
30000 3.591826913852754
30100 1.7984082975531333
30200 2.5740950076975686
30300 3.91714262550241
30400 4.445598979732415
30500 4.124251004658161
30600 5.253542559051807
30700 4.218430589991911
30800 3.6025663139935893
30900 3.9471717034862777
31000 3.3545959588405334
31100 4.273886214431135
31200 3.337351556410341
31300 3.4702716600735997
31400 3.5766229232988134
31500 3.3945033256258634
31600 5.19902031498012
31700 4.1093836153780705
31800 3.826810921597321
31900 4.3192410405903425
32000 3.414149093593594
32100 3.252610196534104
32200 4.426851596635123
32300 2.9374199703016535
32400 3.6699600023315684
32500 2.6556329806654837
32600 2.0281685398448723
32700 2.5284758890262666
32800 4.308330585196732
32900 3.983166984951586
33000 4.837315550425058
33100 2.8895275481771128
33200 2.948001066114519
33300 0.7900695538436067
33400 3.402556448914042
33500 3.7449928296176167
33600 3.625600972317839
33700 2.840208122944593
33800 2.128267915496474
33900 5.914571387861026
34000 5.320547717183253
34100 4.605681660282007
34200 6.322302186064645
34300 4.198005073618799
34400 3.244001201901755
34500 2.9146995120632226
34600 3.046253838494514
34700 2.144661997553895
34800 2.954012318964232
34900 1.2937908709619201
35000 2.5647801007835263
35100 2.5413859342615455
35200 3.2440737714154193
35300 4.040156802969525
35400 3.956871204987285
35500 7.227819213854531
35600 3.8693785595549794
35700 6.456970212806988
35800 4.864576163137587
35900 4.527639988713028
36000 5.665358599885825
36100 6.225716088822977
36200 2.6684110451862337
36300 2.623384440045904
36400 3.4905204128041047
36500 4.034962988706119
36600 5.2108734705886235
36700 2.638649924338117
36800 3.591669669275255
36900 4.878376940830566
37000 4.0975796220066565
37100 6.318325793130328
37200 5.124851763780651
37300 4.3515610912408595
37400 2.7672490914212706
37500 2.5878299707580585
37600 0.43807955276973026
37700 3.417396940728809
37800 3.558163366756596
37900 4.061129597152261
38000 7.166730008951472
38100 3.5011694955620043
38200 1.1403226556088468
38300 3.7907042362163073
38400 5.473661846058745
38500 4.208651784277395
38600 3.7568792289672515
38700 3.5407142097408277
38800 5.087778994186902
38900 3.732273651825673
39000 4.4830717650109175
39100 4.046175239746174
39200 3.5351139574499375
39300 1.67720702295377
39400 2.534480273068474
39500 4.894081909627204
39600 2.9991459297033214
39700 3.9432265925282497
39800 1.3317069144127798
39900 2.486794125665617
40000 5.692942272847865
40100 5.6157253502501865
40200 5.560369474517214
40300 5.2741509018053865
40400 3.671481184888811
40500 4.427206703671119
40600 3.293649350798667
40700 2.3462276031906675
40800 4.502510450029747
40900 3.45391935129776
41000 2.424115505135777
41100 4.3500666172836695
41200 5.674941862579065
41300 5.862587784153473
41400 4.726601920462748
41500 4.356949912795673
41600 4.074264349115272
41700 3.5704626713053167
41800 2.4997789336896696
41900 2.8625019721048304
42000 4.0516294923122524
42100 2.8300851255481825
42200 1.265425243719648
42300 5.246193321527243
42400 4.9262435375519065
42500 5.879976520835617
42600 4.276544002485881
42700 4.472953134328594
42800 4.997885745008762
42900 3.021864053131443
43000 2.2939141687970146
43100 3.664083932203439
43200 2.1290303402927946
43300 3.6915184395341343
43400 3.0767231199613643
43500 3.4413804534043924
43600 5.536753186431066
43700 4.910731826500398
43800 3.604889772647899
43900 6.984240910788877
44000 6.293441176323284
44100 4.896524873037358
44200 2.125632240505286
44300 2.9531223229089667
44400 3.5806490901323658
44500 2.8794388914449516
44600 6.920007282915927
44700 4.705399134438286
44800 4.342947849062957
44900 3.657988643127079
45000 5.072823059245986
45100 2.7022643119144454
45200 3.15767121083354
45300 4.790458473589035
45400 4.361338857797421
45500 4.236082437531402
45600 4.9280257665933425
45700 4.609427493480222
45800 4.800174862432758
45900 3.2496247175961392
46000 2.429837105186861
46100 2.4718683932598973
46200 4.9168833935750325
46300 3.429997748068722
46400 4.065622335849928
46500 4.558419373865984
46600 3.336199444098745
46700 2.341022690392728
46800 2.645429994065787
46900 4.1517597884028765
47000 4.731450179434261
47100 2.8385279833866965
47200 2.4757967461945416
47300 3.388741975760005
47400 4.649161883975151
47500 2.81868002162393
47600 2.099544414613741
47700 2.4225998622580907
47800 2.6388086801607633
47900 1.9787988294584533
48000 4.516776594050246
48100 4.3058298618377835
48200 5.37055261866419
48300 3.442934302781569
48400 2.43544222035029
48500 2.047068647928759
48600 4.242721448068148
48700 4.24193760718991
48800 2.736946075905729
48900 4.858738676597662
49000 4.818435051173798
49100 5.518661690321711
49200 5.168596999763007
49300 1.9856156542907135
49400 2.325355980896978
49500 0.9914582435634989
49600 3.3266819346533474
49700 3.7509241302768563
49800 7.066358260957193
49900 7.341675155149376
50000 4.558929078517405
50100 3.6208580657258884
50200 3.258667201065052
50300 3.7886891370986606
50400 2.9377401093632978
50500 1.1240604224664197
50600 1.9748370931499961
50700 4.6770615251933245
50800 4.100491376859641
50900 2.0520231260458766
51000 5.037732197007673
51100 5.041220370400259
51200 3.555208550422582
51300 4.135187205649531
51400 4.365954367729539
51500 2.9954337619950744
51600 4.351463079443293
51700 4.313170044757217
51800 5.059521607865136
51900 4.571814971800313
52000 2.4469390866174883
52100 2.2803801111874553
52200 3.6039282642696886
52300 2.9735893714081096
52400 3.719201538843103
52500 3.4878710527896
52600 3.529210980312802
52700 1.2981922880937522
52800 3.0606860078839127
52900 1.6192106322479412
53000 2.2534619970346563
53100 4.491615154219054
53200 1.782855810213326
53300 2.688400314446269
53400 3.966983886858347
53500 4.170383948841991
53600 2.4191545279964086
53700 2.1374180343483435
53800 3.5698341713088793
53900 4.847148609604884
54000 5.3308776331749455
54100 5.279631305205512
54200 6.490935354101566
54300 1.6538577346398244
54400 1.134469240362375
54500 2.57303360478375
54600 3.378078648595717
54700 4.102173539385085
54800 5.37173986311685
54900 2.426923570846326
55000 5.364518441873441
55100 2.714297468456138
55200 2.496725882967737
55300 4.473834303704202
55400 3.01000049261944
55500 1.5229537401629423
55600 1.8600313830470918
55700 4.864220995544424
55800 3.2452064076768132
55900 1.932672197890192
56000 3.6352222260870732
56100 3.732150207514777
56200 5.9045076578486775
56300 3.7488360776983622
56400 3.908726097932374
56500 4.715743589682621
56600 5.682058928975233
56700 5.46562458006287
56800 2.6421769059358144
56900 4.396814814857636
57000 5.2693118651793585
57100 4.277037436201036
57200 3.1389352707770675
57300 2.223649207114243
57400 3.2554739140272524
57500 4.219593752343019
57600 2.677898475563703
57700 1.5380334591477063
57800 0.7528472028633093
57900 0.9407494187178307
58000 1.9008594063645854
58100 2.916889628901803
58200 4.766219189835397
58300 3.066611030490709
58400 3.3973844611306343
58500 5.42537285631233
58600 0.9881464336898751
58700 1.869442813255666
58800 3.1644498051917944
58900 4.499257601179079
59000 4.6834331811746095
59100 6.500235428353473
59200 5.35156868706867
59300 3.570457977389842
59400 5.887227929739369
59500 4.084740379756901
59600 4.304206779211708
59700 5.118561065988469
59800 5.7975936565757005
59900 2.5597518326219824
60000 2.9925617875552746
60100 2.2084425389148388
60200 4.471264637897886
60300 3.7902530365406983
60400 4.068572993343733
60500 5.768846233812924
60600 5.842327049626319
60700 5.411589369187969
60800 5.065491908261151
60900 4.470454940400007
61000 3.803208518697673
61100 2.7501569435131605
61200 3.916526587715147
61300 3.0580110857227156
61400 2.069986217136499
61500 2.368577373069011
61600 2.569364984030548
61700 3.146464615018849
61800 3.3358726498328806
61900 4.811943052921892
62000 4.881200600880817
62100 4.457302686404869
62200 4.114754572439824
62300 2.7923859077602384
62400 3.6414973865996703
62500 2.1628051280652643
62600 1.6714844770163775
62700 2.8510538005465427
62800 3.6654171795946797
62900 3.402996918951245
63000 3.1625386343932442
63100 4.922936133900835
63200 4.996943959881217
63300 4.5126677211524004
63400 4.90218390442274
63500 5.1928047543990274
63600 2.947062304115668
63700 2.3349053609882233
63800 3.172888922084614
63900 6.018032799811354
64000 4.354148448966362
64100 4.37132339097909
64200 4.568729182930799
64300 3.1550357397813333
64400 3.180117130203373
64500 2.0734792370880215
64600 2.1637562245320052
64700 3.5516528538564893
64800 3.18939482661089
64900 4.442833480822379
65000 5.50303246216862
65100 1.8529062011445638
65200 1.5460218331689977
65300 3.5710857569272663
65400 3.130675204054164
65500 3.5683523604239
65600 1.3546621221455293
65700 3.726381157487631
65800 3.7208111853951387
65900 1.7775167194715984
66000 2.2488731983734787
66100 3.125289171501713
66200 1.8910860210185547
66300 1.565545784729436
66400 2.772626444155429
66500 0.8686056023925421
66600 3.0453841473182464
66700 3.1294215725991226
66800 3.8274657645489727
66900 5.780098253848247
67000 6.478912547564287
67100 4.7747571509648274
67200 3.7889411462107065
67300 4.245045778812442
67400 3.812440971276686
67500 2.219043463636189
67600 2.343168529955623
67700 1.8785425505272413
67800 3.4240763151584908
67900 2.889856273526678
68000 3.4742918659321536
68100 4.337564466460187
68200 6.597490478374019
68300 3.618537030345473
68400 2.84938707569579
68500 4.8841583877449075
68600 3.4302796738702535
68700 1.9143293095327583
68800 2.3603867027042926
68900 3.3425555297796277
69000 1.8749008799222904
69100 2.939908402147201
69200 1.7332040210683806
69300 2.7301486558333017
69400 4.111063496408036
69500 3.5289773012003995
69600 4.553351605387243
69700 2.7192224440410637
69800 1.7444924072085148
69900 3.0989378252607387
70000 4.557731266609337
70100 1.3013109008764807
70200 1.56610229004595
70300 4.036663658132692
70400 3.5547422966331754
70500 3.0652709689972455
70600 1.9769089046524047
70700 4.231829814896532
70800 4.6186654713141335
70900 5.492726184821347
71000 3.6637661552480036
71100 3.7534496557943595
71200 4.06209709449995
71300 3.186713905684748
71400 2.567652715739601
71500 2.703049486338578
71600 4.023823430213476
71700 4.122065728906482
71800 5.059030864790456
71900 3.1232097718553
72000 3.772887524461274
72100 5.070305753570909
72200 4.9076393083405865
72300 4.457155411542365
72400 4.486502967762758
72500 2.2407554436624033
72600 1.6088597242389948
72700 1.7841783428213256
72800 5.5972502048383594
72900 4.535286837585051
73000 4.441278023978557
73100 2.501822651835428
73200 4.152178114009155
73300 4.328807816009278
73400 3.363884859669913
73500 3.6598414232110303
73600 4.498582123603952
73700 6.089138845254604
73800 4.062885160431342
73900 5.487205261562388
74000 5.014371037548653
74100 4.393546320188231
74200 2.7992924485376705
74300 4.6098574500977
74400 5.450802739761237
74500 2.921767436536638
74600 4.136081829150075
74700 2.348516062482002
74800 4.68500990898554
74900 6.72654429756622
75000 5.814806595903152
75100 4.797108658366521
75200 4.114597389366615
75300 2.9103016908526382
75400 3.0109919031491432
75500 4.719166136842634
75600 5.1700194059742115
75700 1.4895537424536311
75800 4.522042324923929
75900 5.466484374748592
76000 3.7326362532367696
76100 4.638329378590103
76200 3.829157569310724
76300 4.646695611102047
76400 3.3845813149639405
76500 5.931633198268033
76600 4.471994754534344
76700 3.852548289575155
76800 3.8707140913564246
76900 4.783916274811867
77000 2.8323036980836553
77100 3.246334277048495
77200 4.187237090515396
77300 3.14006373681335
77400 3.2333782305171823
77500 4.447104159256191
77600 4.719290573525984
77700 4.477461259720951
77800 5.641509211228344
77900 5.206161135609251
78000 3.603409949631409
78100 4.047621410635691
78200 1.7058944660899176
78300 1.2869987577937947
78400 3.269339075221844
78500 3.073755918532422
78600 3.082438137362221
78700 5.663292748421106
78800 4.342160014308228
78900 4.380155050727032
79000 2.1324957835964478
79100 2.418060947543203
79200 3.3147868976934425
79300 3.449379120539912
79400 4.818825268889041
79500 3.1266961139994915
79600 4.92165441938724
79700 4.747995043931511
79800 1.4413083400415367
79900 3.6274519292304856
80000 3.7965957631488334
80100 2.3628965235042463
80200 1.8993293500678317
80300 2.8426054143871156
80400 2.9909421163019965
80500 3.6021712631705567
80600 2.9043530840312286
80700 3.0745771973518385
80800 6.133318345026842
80900 5.980784373718347
81000 2.9472870392116186
81100 2.411757736718893
81200 2.2377023403041685
81300 4.213784929394048
81400 6.195632553091864
81500 4.078089589474661
81600 4.925577284325208
81700 2.6016234096411734
81800 3.8270054232635475
81900 3.4535295132331867
82000 3.230825689065449
82100 3.5581131983360677
82200 2.5579638494490213
82300 3.4870446588656767
82400 5.220440619551455
82500 2.7905688533360036
82600 1.846921323127781
82700 1.4691280574729761
82800 6.1985371114495535
82900 3.8388241341264333
83000 4.488529456842461
83100 3.755089396540382
83200 4.146447880620296
83300 3.4564908471691234
83400 4.5733310004070935
83500 5.256863575490369
83600 6.564331372286524
83700 2.802171516082293
83800 4.576914004252216
83900 6.158535429000003
84000 8.287376226957923
84100 4.468467291536868
84200 3.306675363942892
84300 3.058425280298137
84400 1.3473349676354456
84500 1.8062700614621763
84600 2.7848933204193096
84700 3.400819581378152
84800 4.630095707753459
84900 3.3284365809619563
85000 4.160219501342006
85100 4.20797086460401
85200 2.4294675003623105
85300 3.900467012366791
85400 1.7562111448848508
85500 2.719322468519608
85600 4.057127204088023
85700 3.0220254181357613
85800 2.253567483358847
85900 2.5047050525540575
86000 3.9824471670831687
86100 6.320860348626586
86200 5.7477327937187965
86300 4.112787780791347
86400 5.725332741972251
86500 3.4324768475618215
86600 3.0269403307099365
86700 3.896470499325373
86800 2.6279580368286815
86900 3.1054840905821552
87000 4.9836384787172765
87100 3.5673144514951014
87200 4.24314791228314
87300 2.8406436043052317
87400 4.269679229020536
87500 2.956292177330499
87600 4.07658392063312
87700 3.20281303061309
87800 3.5341009491015942
87900 2.2871285180227963
88000 2.6619283441852883
88100 4.526402868004681
88200 3.6628779832531633
88300 2.3704120065123857
88400 0.07581248501117288
88500 4.4240564328363625
88600 5.173206767823996
88700 2.2464449036646594
88800 4.570431263127857
88900 5.405393258241841
89000 4.913504155713454
89100 2.0158964496631273
89200 3.326801709318488
89300 2.2121012479515123
89400 0.5372669258835339
89500 0.6364005777732165
89600 3.209838428858238
89700 2.6261705849203465
89800 5.7948021182934735
89900 3.672424407852332
90000 2.7541883607056428
90100 4.087556635721718
90200 3.570086950132063
90300 2.2999428605481738
90400 2.1024198295490857
90500 1.794748679644251
90600 2.7993565784675036
90700 0.647444934548576
90800 2.380753591677931
90900 3.3376722306159508
91000 4.729877923459959
91100 4.5024000974092955
91200 3.2947071537266726
91300 5.957683914654665
91400 3.619645331884943
91500 4.438938935675189
91600 2.263281491864289
91700 3.0264535163438313
91800 1.618006542186405
91900 2.850588644076429
92000 2.9315121891915155
92100 2.3794939027994126
92200 3.7569664176224618
92300 3.783549389692167
92400 5.064723226737966
92500 3.1932982198960103
92600 5.211653553325804
92700 6.559670400232106
92800 2.633445880269395
92900 4.81930249454474
93000 4.6636273647276845
93100 4.389323861031843
93200 5.543439233769788
93300 2.2683137507797975
93400 2.5024016311717054
93500 4.785216845022228
93600 5.565847825238958
93700 5.293151826432832
93800 4.357170392412384
93900 4.984724918521713
94000 4.727383357586507
94100 2.7896985502662184
94200 4.39712100673982
94300 2.1793056473658226
94400 4.025330477423679
94500 5.352044481859073
94600 6.587924479325005
94700 5.540654960321759
94800 3.733279639470618
94900 2.919762551172164
95000 2.953135275359085
95100 2.9341392486758906
95200 1.327688347987537
95300 2.748339142989166
95400 4.388966902177918
95500 3.356482886482522
95600 3.0653117626092814
95700 2.8499007320147625
95800 3.1679628583344224
95900 3.8614779954893317
96000 1.769040587436448
96100 2.9037572756291765
96200 6.904298477669859
96300 5.288494711330944
96400 5.842199142973506
96500 4.956322642906543
96600 5.007654444749914
96700 5.500999747307202
96800 4.422750320206496
96900 3.547914954638796
97000 4.699050790592127
97100 4.0691156137809195
97200 3.2381653029422752
97300 3.6603157305553933
97400 2.4246676064238377
97500 2.051947845220237
97600 4.517940104843347
97700 4.237030206959101
97800 3.2002988083071
97900 3.982007705404595
98000 3.4040189336360975
98100 3.629954640080706
98200 2.3511213543574185
98300 2.2297134261494036
98400 4.922808785187132
98500 2.0715631307119162
98600 3.601306808843687
98700 5.276488839127601
98800 4.4919982673393895
98900 2.9620718963532786
99000 2.78336790296891
99100 5.1780662852085975
99200 3.6991982193825548
99300 3.6136330079015524
99400 2.9485792578427463
99500 2.6608677191114007
99600 2.7820755936654935
99700 1.757613503842989
99800 4.175656469570265
99900 4.014775842294508
100000 4.330002581816603
100100 5.744095531165512
100200 2.3579738381119064
100300 2.3008929978018897
100400 2.8224651878296316
100500 1.7848072382011608
100600 -0.5448942427852213
100700 -0.10152821006306156
100800 1.6649804484292339
100900 3.4440150656590154
101000 4.059243337771163
101100 5.825045990282273
101200 4.924810300951636
101300 5.830448595940145
101400 3.0805033200886185
101500 3.933735900578017
101600 3.5537523023548108
101700 4.710242906057798
101800 4.606905626761091
101900 5.27846949027837
102000 1.244049286687571
102100 5.323877488740421
102200 4.604491122025951
102300 3.8571571581744433
102400 3.3903631906861658
102500 6.997874458491988
102600 5.48543412297327
102700 5.827736816733754
102800 4.2331000964695376
102900 2.9585110377266854
103000 2.513283209410387
103100 2.4785372457412156
103200 4.054724810062705
103300 3.981837676176074
103400 5.327082424919401
103500 3.9570769678611573
103600 2.032085648189832
103700 3.2877612556580673
103800 4.308624366563794
103900 3.4528045759316806
104000 2.712385415379524
104100 3.2916764874004882
104200 3.9870497153055404
104300 6.68987875147524
104400 6.14179233507351
104500 6.048297617933746
104600 2.522004544754848
104700 3.4529401695743265
104800 2.3490927048929984
104900 0.5122120090108544
105000 3.815030368557133
105100 4.446805047127108
105200 2.630524381359903
105300 4.161891534193909
105400 3.064784467579475
105500 2.614724726886391
105600 1.4696341999601776
105700 2.696917157353881
105800 1.3351388263958472
105900 1.485066873492273
106000 3.7472201524197195
106100 5.583074991797365
106200 3.621567252029275
106300 2.860492657951416
106400 2.6728856748657295
106500 2.6298046559466313
106600 0.254487980839301
106700 3.976072808234698
106800 4.801815649708214
106900 5.122386262538657
107000 3.393090667501486
107100 3.127000736064807
107200 3.943233678738828
107300 3.2399636917972194
107400 2.853261827586928
107500 2.6777257152136538
107600 0.8472991764944537
107700 4.130366276186529
107800 3.7202277436773
107900 3.9714526484076114
108000 5.144287143734848
108100 1.0667499462507304
108200 3.4827855441974913
108300 2.2164138797589845
108400 3.599499736278808
108500 2.940464746305519
108600 3.755108262379885
108700 3.679735614756316
108800 2.7134867948622103
108900 3.715667934814549
109000 6.21584175619618
109100 5.635685843430639
109200 2.1329747611910865
109300 3.4309148924704376
109400 3.654200346818674
109500 2.5971564798140414
109600 3.597315852072095
109700 4.3092480175853805
109800 5.0282300452185
109900 4.6864833216215045
110000 1.8382587979387288
110100 3.366714244307344
110200 4.727321222468407
110300 5.431699917668014
110400 4.409374727800511
110500 3.8340499717857406
110600 3.6962071314072826
110700 4.319737013986701
110800 4.037034742726198
110900 4.915630272841562
111000 5.582274340901177
111100 5.27057112383004
111200 6.599068618581443
111300 4.519598816545991
111400 3.847711936709143
111500 3.229276209296492
111600 3.1086076956734954
111700 3.4827589270878923
111800 2.850332801331154
111900 2.489589338252762
112000 4.225401082295188
112100 4.841761730249869
112200 4.762823821185873
112300 4.3399926975165535
112400 3.2445654419833216
112500 2.8851798685140215
112600 4.580509013683662
112700 3.741387625469054
112800 3.8302549223436433
112900 5.509660268014521
113000 3.97048652492334
113100 3.567336817423013
113200 4.142675034249851
113300 4.866339884681659
113400 4.487748658370347
113500 2.8657440222529784
113600 1.6588225122660158
113700 1.7222829153667403
113800 3.9661035563680835
113900 4.5947715297162395
114000 4.697082051845329
114100 2.4701888984100426
114200 4.571264786857783
114300 5.7054213232244875
114400 4.550478264249085
114500 2.1608618242854876
114600 4.781012908381463
114700 2.2759227310585035
114800 4.051842343072486
114900 0.7621337719756234
115000 2.9809187131899697
115100 4.703427278921804
115200 2.197331621081012
115300 1.3216271169238496
115400 2.211993192897547
115500 3.82143061988062
115600 3.9682471247361457
115700 3.3863385632139935
115800 5.866904839681673
115900 3.9459009487466234
116000 4.29411217015554
116100 2.941982733741977
116200 2.8926799645470958
116300 3.926937600927099
116400 5.131792851016985
116500 3.172405679835977
116600 4.547101546718907
116700 1.2074962727089973
116800 3.1170914062444686
116900 2.386414674464753
117000 3.341897453978108
117100 2.7040526650692014
117200 3.258948084207975
117300 2.8962176215940882
117400 3.329601420236579
117500 5.3789229642522285
117600 3.192875163074878
117700 1.9741128115606001
117800 1.8892490528001842
117900 3.3724807734436335
118000 4.724184267096245
118100 3.069333084730579
118200 4.384969014363872
118300 2.470107041944341
118400 4.902207053738673
118500 4.445000383142893
118600 3.308740416945424
118700 5.964501255127572
118800 4.2701035846807915
118900 3.685926532826265
119000 2.692026441884212
119100 3.068213629050897
119200 5.656519488604641
119300 4.512098512361494
119400 4.020433339874921
119500 5.3150765862994
119600 4.4074525365918085
119700 4.2208795560462296
119800 4.67250889369066
119900 2.0964163830290814
120000 3.151540349761327
120100 4.124743603420746
120200 4.151891735144229
120300 4.551685327338981
120400 3.943382649823624
120500 4.95805260071067
120600 4.587404630955741
120700 4.432137916318127
120800 4.076482172886362
120900 4.800885717473827
121000 3.8773873811460415
121100 4.732384062083284
121200 5.395738656335885
121300 4.90428504082328
121400 2.5588603047912573
121500 3.3022159746954927
121600 4.770751636267981
121700 4.636389429919644
121800 3.719520889451365
121900 3.3379106604567776
122000 2.626414578836384
122100 3.2758237272417197
122200 2.4459385543951653
122300 3.7962322747773207
122400 3.291816567532571
122500 2.906796610944565
122600 3.153168625532659
122700 4.872324666083756
122800 4.455621927507778
122900 4.126477581617158
123000 4.0208954651657445
123100 7.401330444689655
123200 6.120729836832741
123300 5.844508188097273
123400 4.342343989673603
123500 4.7787367772556895
123600 4.717613251285021
123700 3.8195409074720166
123800 3.127311398083859
123900 2.64775951369443
124000 1.40871643942265
124100 3.9501760025916215
124200 3.943898315192354
124300 2.654416511632945
124400 4.355413582131719
124500 2.6694102805629374
124600 3.691976655659338
124700 3.8778264620378966
124800 1.934191711253536
124900 4.438365110738519
125000 4.248297786511011
125100 2.7169759847676187
125200 3.8040552310621223
125300 2.0051420881340305
125400 4.877777271481746
125500 2.2031692936335596
125600 5.256406598951283
125700 4.179355543298626
125800 5.021408461601172
125900 4.012939716576712
126000 3.939919590780999
126100 5.621821297873891
126200 2.9518001168613233
126300 2.6249661818205934
126400 3.4746317719537227
126500 3.93507429232677
126600 4.3163853396107195
126700 2.6629662737697477
126800 2.89226088529171
126900 2.2372339413903437
127000 2.6265289908168827
127100 0.799181949145467
127200 4.453969160711541
127300 3.259836659317539
127400 4.7967220233657555
127500 4.890260366679803
127600 3.0698754999207023
127700 1.8256418334480513
127800 2.892907925510851
127900 2.6226311773643234
128000 4.027236625410014
128100 4.842173908202202
128200 6.347017610677988
128300 4.981923583617548
128400 6.4107860387541695
128500 3.318673463557901
128600 2.971933987053704
128700 3.3784173113203573
128800 3.682324140776764
128900 4.924717952756128
129000 5.246338428743437
129100 4.623342623437191
129200 4.781191865416994
129300 5.311263832751118
129400 6.63495338514911
129500 5.969546752192109
129600 5.773478878443684
129700 4.698861484057876
129800 5.340077752836201
129900 3.0027608248083313
130000 2.184813606422222
130100 4.451138607691324
130200 3.9429855850212014
130300 2.9247349494342822
130400 2.7858688570056747
130500 3.9091504184599004
130600 4.792167200629021
130700 2.9093992466856813
130800 3.501945728532682
130900 0.9400789805334442
131000 4.646819732588205
131100 2.1583303155381426
131200 3.9156401967284227
131300 3.208330745191918
131400 3.1684389031026763
131500 2.2387064222982898
131600 1.910857699839193
131700 3.8482500000305406
131800 5.667926786429182
131900 2.9753162203576484
132000 1.7757294467531852
132100 4.831651418301826
132200 3.7422177640504732
132300 5.233423660714318
132400 3.078119481599906
132500 3.4469118830071936
132600 4.694523629774438
132700 1.0171088586774766
132800 4.02412130630698
132900 3.377646684647289
133000 2.153494474084844
133100 3.669656204455437
133200 2.8362183312486655
133300 3.7109977226827744
133400 2.501680073627758
133500 4.442848308500073
133600 2.3497411508992703
133700 2.694987862836793
133800 5.5221190979781705
133900 2.702202621108871
134000 4.505068094102712
134100 2.7834000863469015
134200 3.219610231346652
134300 3.182868030868939
134400 4.085501945958356
134500 2.573214331390615
134600 2.6128610707631363
134700 1.6952165485764936
134800 1.747541825331145
134900 -0.423201538331582
135000 4.259985945185843
135100 5.521423838753041
135200 3.739108065986756
135300 5.737780543494891
135400 4.370453272650171
135500 4.013300835778405
135600 2.971520718337037
135700 5.291259535991466
135800 3.274742307321725
135900 1.1831708126054337
136000 3.5868568452219236
136100 1.1484568595932934
136200 1.4211651253004065
136300 3.474874569229509
136400 5.004831705594206
136500 4.927562861430132
136600 2.545043333020527
136700 3.139872462257712
136800 2.8176102959786267
136900 1.0760270833988028
137000 2.5421563643168454
137100 4.309155470057545
137200 4.515750908877054
137300 2.2431348474680446
137400 4.7903682653897395
137500 5.78887831080296
137600 5.53182989967632
137700 3.1217677704983706
137800 3.971309948172687
137900 4.329954780865523
138000 5.083444263660357
138100 3.6074261621707064
138200 2.2781542436450715
138300 2.1314909476630017
138400 3.359476892212456
138500 4.004988708900971
138600 6.0917651414510425
138700 3.398257631701633
138800 3.4703391205065643
138900 5.711612604083295
139000 3.6683862254955373
139100 3.0353561231615567
139200 3.2068450470791063
139300 2.5852605393236976
139400 3.6775433276310636
139500 3.4046384002586616
139600 4.452459157635676
139700 5.047953089721157
139800 3.9333955077814924
139900 1.4072851191275006
140000 1.9170339038650923
140100 3.471299609283149
140200 5.817622128852745
140300 4.888558123212007
140400 2.017931014377686
140500 4.069373415406541
140600 3.877455310531696
140700 4.192239568978192
140800 3.3893085262307316
140900 2.6787978377108135
141000 5.390916641939529
141100 5.606223034141523
141200 5.6313097568423185
141300 3.6806063505180187
141400 4.359449794459888
141500 5.758041753251248
141600 2.386694661150841
141700 4.2998937937199155
141800 5.323145563341032
141900 4.432286036688064
142000 2.0652285547026534
142100 3.654829653923688
142200 2.9327051043298304
142300 6.2851050525904055
142400 3.744846150764278
142500 1.4158340944330703
142600 1.8201230984185692
142700 2.966109091396564
142800 3.775339607184127
142900 3.108785926537904
143000 3.821419454049717
143100 4.7275691568269425
143200 4.523799917126861
143300 2.6373618659224864
143400 5.961192140869426
143500 2.901095225872909
143600 3.349286299752683
143700 3.5197141765236157
143800 2.1987234827852986
143900 3.1544363378699996
144000 4.411077162150203
144100 3.730385749177947
144200 2.4407763841531076
144300 2.690150956766749
144400 2.4165733714842403
144500 4.330461999990161
144600 2.3988892909173254
144700 4.161285326985611
144800 3.4139417219361032
144900 3.964266188354062
145000 3.6752857414139184
145100 4.039928423122953
145200 3.591943510147305
145300 2.72475099564969
145400 1.6867968878182922
145500 1.6911994900313885
145600 1.6291533831147915
145700 1.6861180864881506
145800 1.6478039581719306
145900 4.928938229356864
146000 4.683332489426049
146100 5.010510921495222
146200 3.081726520823162
146300 3.202117016445842
146400 4.470373360702061
146500 6.085948003675897
146600 7.2893438706181195
146700 6.098136192548908
146800 4.64728180578151
146900 4.018437383468501
147000 3.3128927569618587
147100 3.0345847261560674
147200 4.294078088173118
147300 3.258715471977937
147400 2.192933655019833
147500 5.878349590284175
147600 5.781608961264821
147700 5.929871367544112
147800 4.997972846196427
147900 3.098943570599992
148000 3.6442669583321083
148100 5.091037967105844
148200 4.111291777979089
148300 4.17894942566404
148400 3.19367825181279
148500 3.0143017635166958
148600 1.7405681823895356
148700 3.5202216508086273
148800 3.9239208036483095
148900 2.1668817728884147
149000 3.271867123355533
149100 1.9818953901580632
149200 4.632139559563835
149300 3.3542784301062922
149400 2.5071312560839454
149500 3.363612337714162
149600 4.287520171270925
149700 3.0531412234168913
149800 5.257905796304393
149900 5.14960551354554
150000 3.7085169883165303
150100 2.7851411532408523
150200 3.8679081057988425
150300 3.7825314893645463
150400 1.958311240267259
150500 2.895070718087135
150600 2.359295796038315
150700 3.8974129525164534
150800 2.422866879026845
150900 0.9460994030368279
151000 2.4582632481184046
151100 2.7217518376115426
151200 1.8214946890317674
151300 4.102762147813583
151400 3.7623692035654206
151500 4.6616046938587665
151600 5.006460036052826
151700 4.259628935923851
151800 3.917120799728204
151900 2.495986543699583
152000 4.278365180179385
152100 4.03602548083726
152200 4.157182110230432
152300 2.386130414638231
152400 3.4188393941910094
152500 4.330969251106829
152600 3.498868065797718
152700 3.3929587178361795
152800 3.6688704644563175
152900 3.9659047938475345
153000 5.360585132478587
153100 2.011091035244562
153200 2.7893565549746877
153300 2.9146904505817273
153400 3.9658590627659684
153500 3.376573794732925
153600 3.7718334278848653
153700 4.208522155161732
153800 5.72370784855361
153900 4.718375624764552
154000 4.63743817687964
154100 5.994815263358114
154200 4.345464137970529
154300 3.875600035713541
154400 4.043054837020417
154500 4.403340274801514
154600 1.783977407433974
154700 2.9213325637474474
154800 3.7049383136361675
154900 5.2980119016312415
155000 5.520864818483009
155100 4.093284593292613
155200 4.741081588195069
155300 3.0279898227094444
155400 1.9596344513952977
155500 3.7292701008036344
155600 1.3348164470576338
155700 1.8219968668885589
155800 3.773835163471481
155900 3.585489719111115
156000 3.937911507721721
156100 2.118917440378397
156200 4.415341946851376
156300 5.400312410459604
156400 3.5041969411926397
156500 2.8809475980200303
156600 3.29677978718356
156700 2.228036609335882
156800 4.762726945572604
156900 2.6845595166010674
157000 4.317473743873777
157100 2.5099845054477425
157200 2.894795346486202
157300 3.089642788023944
157400 4.872314292474597
157500 6.118275679558274
157600 3.90599605810223
157700 3.983997190085746
157800 4.3488949365484375
157900 4.047384245723409
158000 4.980897004596419
158100 5.3716918885271765
158200 5.001217827788872
158300 6.234713735017846
158400 3.252043768093247
158500 4.651181259240369
158600 2.429738424678627
158700 0.2905680073520841
158800 4.728099804255572
158900 2.5406349999769784
159000 2.986278556700192
159100 3.4823040037743342
159200 1.4269693487595667
159300 4.854916041893176
159400 3.5663935663642885
159500 2.2218622766967178
159600 3.0237800596323496
159700 4.010173052862693
159800 2.5904405845099556
159900 3.2803997931305693
160000 4.414597179741657
160100 3.8576918371708926
160200 3.1552329084846553
160300 4.088897391119377
160400 3.518195803173225
160500 4.545551897465656
160600 2.8537038396941385
160700 3.7389467809177623
160800 4.6552009334945685
160900 3.2025740767058672
161000 3.768272474692186
161100 4.016152841464354
161200 3.3868687815414606
161300 4.2536093684332
161400 3.991469892333215
161500 5.339408908166478
161600 5.619009832080558
161700 2.73440548496754
161800 5.001534848216701
161900 4.674747795079377
162000 3.148502566250232
162100 4.380283431959288
162200 2.6085868628918107
162300 1.8263785132217152
162400 0.7809848716045571
162500 2.174433298800749
162600 3.4897853826692837
162700 4.979269843278357
162800 4.284966188778352
162900 4.6026072582026725
163000 4.827045466867149
163100 2.555002413045751
163200 1.33773964891187
163300 3.998272890166735
163400 2.9805023486666005
163500 3.4309186488729013
163600 3.063761538297832
163700 2.8425738068909716
163800 2.010242319972999
163900 1.981433588760745
164000 3.7011162895090304
164100 4.238801678870763
164200 2.5069739330515963
164300 3.681457226679137
164400 2.0182845167963777
164500 3.1537805198967566
164600 2.2630493220590644
164700 3.4980950480599726
164800 3.1865838253429533
164900 5.457247395369299
165000 5.442450990811673
165100 4.93511251609881
165200 5.719017458180632
165300 3.0778017220718223
165400 3.5926196879193304
165500 2.2795281962897422
165600 3.3546481243681536
165700 5.69738673921275
165800 5.989958577099231
165900 2.169395960370139
166000 3.6563308305435176
166100 0.8417251723288453
166200 3.8892427706685604
166300 4.003532845707623
166400 0.9032184660550326
166500 2.793097383316771
166600 5.144083748421484
166700 3.3717549282301427
166800 2.111849258226755
166900 2.296759036071992
167000 4.126316752263291
167100 4.045077266982894
167200 6.414903450778842
167300 2.640319216356778
167400 2.8910100782887964
167500 4.08889221797425
167600 6.2632098664798015
167700 5.664542584937183
167800 5.858955406604769
167900 5.349791951445774
168000 5.436909666506261
168100 3.2562304328991036
168200 4.758669672586437
168300 7.782860110348549
168400 5.189268560754978
168500 5.737526221061421
168600 5.1429550934363
168700 3.5799737397582967
168800 3.8913525411955114
168900 3.4488761513534216
169000 1.7589861930407515
169100 3.189621371194693
169200 3.801334369236857
169300 5.157780234090245
169400 5.0720594757421855
169500 2.3505843375486086
169600 2.39309279431045
169700 3.3791047419870046
169800 1.719934240350872
169900 1.375014945987765
170000 1.2789062312159385
170100 1.6527832778716258
170200 5.943060719786424
170300 3.6425129057463796
170400 4.6504284229398
170500 4.545196983632387
170600 4.455186618016828
170700 5.020437149495461
170800 5.304337829341793
170900 7.9288278923513085
171000 2.8913901995587827
171100 3.7998654232630744
171200 3.6637943995395186
171300 5.7473729675194845
171400 5.485326787909561
171500 4.612069067910214
171600 3.5469977934674892
171700 4.5946941403265935
171800 2.7355192165233464
171900 4.025384012295527
172000 6.441674758547181
172100 3.247584931445426
172200 1.8615745785815958
172300 2.209566326408245
172400 3.3975042204568044
172500 4.429803898115158
172600 3.8607945353827917
172700 2.894279016826245
172800 1.9141196423136932
172900 2.830826049574441
173000 4.565287426507781
173100 3.4289294527631053
173200 4.635569307459268
173300 4.913429052802633
173400 4.629172553668411
173500 3.1645307241103264
173600 3.843278063042313
173700 4.1332869828435586
173800 3.5526272589886294
173900 3.928423674708826
174000 4.7452260551490655
174100 5.53868471486271
174200 2.8028463544308826
174300 2.7603272393848752
174400 3.4573527728615425
174500 3.5509310254000463
174600 2.190952846823077
174700 3.400447577908513
174800 1.055797243519314
174900 2.98651611914737
175000 2.220953073418991
175100 5.038614370536617
175200 4.003905581794274
175300 2.5202299489865996
175400 4.717867965680852
175500 3.145762209666549
175600 3.1271539721005976
175700 4.856089185266652
175800 3.923129889833736
175900 2.3186846262561893
176000 1.5741864543056148
176100 3.0758839717358044
176200 2.191811785008266
176300 3.809795020610018
176400 3.7094254294781375
176500 4.771834811697466
176600 4.143638475545856
176700 3.141281376490959
176800 3.470116332538764
176900 4.753060947447456
177000 3.500418069442597
177100 4.446127128435782
177200 5.302968488665255
177300 3.4242560360619967
177400 3.4546425414160042
177500 5.3207543176708345
177600 5.434405664638701
177700 5.143882267362768
177800 4.123532220755951
177900 4.126172284915226
178000 2.956928822523184
178100 4.091106237249818
178200 3.3164046840298713
178300 4.415278655788849
178400 3.7896112590844977
178500 2.6413827358645543
178600 3.7776644284489116
178700 2.97082799676296
178800 1.5327833264523454
178900 5.662761296489782
179000 3.7722381063016672
179100 5.492226836079458
179200 3.589334947199541
179300 4.76205556516879
179400 5.486583443920792
179500 3.826077007621378
179600 3.782511060099057
179700 2.08496355403966
179800 1.6315771885561086
179900 3.200773695174412
180000 3.93418042367398
180100 4.111674336259246
180200 5.896066786023128
180300 5.467396050374913
180400 5.311837305400554
180500 4.810285166827246
180600 3.6955024380115677
180700 2.29464806527098
180800 0.9145454578946501
180900 2.164174334252923
181000 5.56950489051022
181100 5.141543195966812
181200 4.3282055092825695
181300 3.2766197306438585
181400 5.357870601869659
181500 4.105275075065919
181600 4.133162057176561
181700 4.547697957300861
181800 3.166107625486889
181900 5.228070852091789
182000 5.797764735660381
182100 6.417390756976095
182200 5.735465277217178
182300 4.7806812086885815
182400 4.256044136148307
182500 3.544589825530884
182600 3.033415931440968
182700 1.379289393002457
182800 3.9028876463474673
182900 4.6562112163044445
183000 5.6907318329377174
183100 4.6388774209220305
183200 5.8341891537275865
183300 7.038913394704125
183400 5.792596920986175
183500 4.534379334165006
183600 3.7810156543020397
183700 4.446128160735727
183800 4.167584595314112
183900 4.580341352603613
184000 6.2103121535680765
184100 3.7660248569196244
184200 4.398154058509758
184300 2.884511418911728
184400 4.500761905433691
184500 4.123716951215509
184600 6.780783035554729
184700 5.211908167101434
184800 2.910429037992294
184900 2.400482231929588
185000 3.4764152594819473
185100 6.130913907201321
185200 6.030835441523705
185300 6.036958635089562
185400 5.023162371053439
185500 0.21565669577788374
185600 2.4895022362318175
185700 1.4322407920948559
185800 2.8033443862701204
185900 3.517064458547941
186000 1.9011166759490619
186100 1.7898850426723962
186200 6.12707902475082
186300 5.924639686465015
186400 4.67247882901687
186500 4.750698491311343
186600 4.147263631571814
186700 4.77392269891026
186800 4.858162728713055
186900 4.0907135405670765
187000 1.4873368275321186
187100 2.8115300983071077
187200 2.381307227046568
187300 4.677078701601113
187400 3.768525698514553
187500 3.9638767153727454
187600 2.983971340682922
187700 1.9404308023164198
187800 2.067765187032183
187900 2.1131559775598068
188000 5.3858111131514965
188100 2.9922981995145257
188200 4.7890630236688665
188300 4.098192046892333
188400 3.629867264973127
188500 1.7421258802481627
188600 2.682402756876505
188700 4.203797393318221
188800 5.51008195646553
188900 4.288042333609458
189000 4.342998158875284
189100 5.419834930670403
189200 2.5487244335280264
189300 5.052875620576451
189400 2.159422058256611
189500 4.112538296167618
189600 2.913390029852407
189700 2.4017607877318854
189800 2.169393005549243
189900 4.622683843854853
190000 2.643701992295923
190100 3.360709140580389
190200 4.125912647788343
190300 5.3750589540560245
190400 2.4084783309540057
190500 3.777615250255931
190600 3.2119072185973363
190700 3.448985338584848
190800 4.594734576759364
190900 4.404788880665487
191000 1.8354791600840323
191100 4.670886016509318
191200 3.3575050950419674
191300 5.599783551835689
191400 4.578129659795732
191500 3.8819367032127854
191600 4.708270188636372
191700 5.407554749293912
191800 5.627695748205784
191900 4.1478532811028686
192000 4.989711316493967
192100 4.165170875973322
192200 4.895660671863582
192300 3.0721776613223297
192400 0.8357916428788406
192500 4.002620661617197
192600 5.239095544262284
192700 2.315605179080523
192800 2.697739202791854
192900 0.9912079780663516
193000 4.363596642973018
193100 2.0369119570151177
193200 5.946904806680639
193300 4.824679328527694
193400 5.688123117679783
193500 1.5344130540416376
193600 0.7073159149353947
193700 2.9299764495916962
193800 3.0615144620076173
193900 3.2943539405585347
194000 4.966500504131746
194100 6.909862600419323
194200 3.05563513520771
194300 1.8114207358624534
194400 5.130521856005774
194500 7.538490866859345
194600 5.411017930135202
194700 4.948786650236245
194800 4.758803362389876
194900 4.975042653439757
195000 4.0674202814293725
195100 2.137393233320932
195200 2.2343974883561506
195300 2.85988107905172
195400 3.5513777176343084
195500 2.772988290967957
195600 4.561797192816277
195700 3.435029123636082
195800 2.8008757709873255
195900 3.0490571586227806
196000 3.8690389532886242
196100 1.7332611836046559
196200 4.545333428143135
196300 5.3473262250284925
196400 4.387468774895623
196500 3.1507113318699886
196600 4.3578805973431205
196700 3.344056018461194
196800 3.968136200107132
196900 4.68039848947076
197000 5.475649644345229
197100 5.317295757638867
197200 4.967486569769911
197300 3.1301664976866643
197400 3.9747662160795167
197500 4.336920828899327
197600 4.6714775300558715
197700 2.379627242742894
197800 4.1154900325819535
197900 4.826956199085111
198000 2.986410619941321
198100 2.83136634406859
198200 4.723320874446532
198300 4.809360167743958
198400 4.363556544608614
198500 3.4952133236040606
198600 5.489488103951708
198700 4.832488649945463
198800 3.3514153021234265
198900 2.469049613770705
199000 1.994576340815075
199100 4.097183231884143
199200 4.734829265161159
199300 4.6393027246397125
199400 4.531758654133909
199500 3.4497827687327782
199600 4.66646326591149
199700 3.135565502739745
199800 1.5457103117328068
199900 0.9437680419966383
200000 2.3164856794600603
