# Model = DQN.shrink.(9)-16-16-16-(9)
# Num weights = 800
# Learning rate = 0.001
# Env random seed = 111
# Start time: 25-12-2023(04:24)
100 -25.206367879136256
200 -28.680208750705795
300 -25.803344729896185
400 -24.007671120473695
500 -27.910598872847395
600 -28.94088933392584
700 -25.809745290505955
800 -26.408588716608868
900 -26.791230885534546
1000 -25.775631054774315
1100 -25.95748648585637
1200 -24.64858187710586
1300 -24.571657267800063
1400 -26.796123052256743
1500 -22.428340442223767
1600 -24.885165641428433
1700 -24.603969106187275
1800 -26.877617922667064
1900 -22.853465562837947
2000 -26.62216569643921
2100 -24.380314854122474
2200 -24.307780331075108
2300 -26.17844465132869
2400 -25.506944517072867
2500 -22.390263774275816
2600 -24.98095207837066
2700 -28.276619458252004
2800 -22.993329639102605
2900 -25.089744413798435
3000 -26.2314591960153
3100 -23.43679540698041
3200 -24.531439082235345
3300 -19.342963185258743
3400 -22.641648850206526
3500 -26.437723952081345
3600 -24.79742398750448
3700 -23.959927400641966
3800 -23.981876115103614
3900 -25.253799521007515
4000 -23.09215988854212
4100 -25.78323132724583
4200 -24.735653763395966
4300 -28.753351975330585
4400 -26.65181139233603
4500 -25.486826882198034
4600 -25.568709258052824
4700 -26.052293042339237
4800 -25.401416922938026
4900 -22.5345466269166
5000 -25.53543339088137
5100 -22.4716847115353
5200 -22.86704418308368
5300 -22.58856894856939
5400 -25.145994092528472
5500 -24.14588486626598
5600 -22.36579170325183
5700 -24.49879175170285
5800 -22.847321618354
5900 -24.246661501843768
6000 -25.379849378139777
6100 -21.09599454378876
6200 -22.839606345912937
6300 -18.56359323853378
6400 -25.342269037518587
6500 -22.892517386355745
6600 -21.43408924251815
6700 -18.02625815688777
6800 -22.65196592465537
6900 -24.511012961538267
7000 -20.92578857025028
7100 -26.407119303834996
7200 -21.57535267565266
7300 -21.891913774317953
7400 -22.334132575331573
7500 -21.908311608289466
7600 -23.645503163706216
7700 -23.74696123557061
7800 -23.71259104181095
7900 -25.461085603701363
8000 -21.97489862830254
8100 -26.33991665542931
8200 -22.67047704611948
8300 -18.42389243352822
8400 -21.986314249179067
8500 -19.030929756997175
8600 -23.357839540815892
8700 -22.93144881441867
8800 -22.383561389641596
8900 -23.908746339735988
9000 -21.06442550727564
9100 -20.546656969683923
9200 -19.603214534901042
9300 -22.887821539905502
9400 -21.429987659986132
9500 -22.06869122409828
9600 -19.95765222743589
9700 -25.3603234690713
9800 -23.603189564072967
9900 -21.35006375774136
10000 -19.63450176018797
10100 -22.22799216520418
10200 -25.111832556117914
10300 -20.55366853415617
10400 -21.71731739049297
10500 -24.42826265810187
10600 -19.29655216759799
10700 -21.205986433176374
10800 -21.997646011739306
10900 -20.350926781738124
11000 -19.92236186212786
11100 -22.315175044539085
11200 -22.73657808379358
11300 -21.039373214982422
11400 -25.764836689562664
11500 -22.605434143831722
11600 -14.71581069224517
11700 -20.092395830689302
11800 -16.414139313811006
11900 -18.89876806332977
12000 -24.057994841444987
12100 -21.267382681383733
12200 -18.514533211363347
12300 -16.761937022979446
12400 -19.93903621116303
12500 -16.987718489388378
12600 -16.510336818703184
12700 -18.16055055645475
12800 -9.243112781561996
12900 -5.243391871016529
13000 -11.043122057675642
13100 -4.7886023019902515
13200 -5.257412840624416
13300 -1.4296584661144953
13400 -2.6189283995610113
13500 -7.963914218051565
13600 -4.466971816347763
13700 -2.0681145321680225
13800 -3.9746788762588454
13900 -2.609293383174271
14000 -8.977929778480283
14100 -3.400948077655204
14200 0.2205384343145227
14300 0.8275753666937868
14400 0.8311946054990483
14500 -0.9597766438164326
14600 -2.71310350941969
14700 5.880759402838574
14800 2.518470625329183
14900 -1.4525055947850078
15000 5.501336999826648
15100 -0.04616346535993676
15200 1.6253121487765378
15300 1.5932233024845752
15400 3.450655309472453
15500 2.7855692654444613
15600 0.7008586273716333
15700 -0.6998886941661587
15800 6.882885690415985
15900 -2.682844611172933
16000 1.1785775913581493
16100 -1.3246119821506182
16200 -0.767772239956439
16300 -0.24555642830971924
16400 -0.08769898684600552
16500 2.7557885458776745
16600 -0.7965165443804023
16700 5.928657858930603
16800 0.7203465642508248
16900 3.6216275404409797
17000 -2.1569275554182026
17100 -1.6778836596070095
17200 3.7960465688981286
17300 1.1908466217977167
17400 3.7044983888318797
17500 4.383720614494627
17600 1.5071902097462995
17700 -1.6881361724876829
17800 -2.6848427257880862
17900 0.3849777966336907
18000 4.553575379377415
18100 1.665569147725034
18200 3.002835692370577
18300 -2.844060768558188
18400 2.2433952583825505
18500 2.701228138055469
18600 -1.273861418437383
18700 2.1342865293597413
18800 4.7119290687720135
18900 -0.5118622889190573
19000 -1.4496971517889992
19100 0.44796632922439755
19200 1.8429694577776634
19300 3.0171747195314818
19400 -0.5063438530580328
19500 2.307272319736016
19600 4.768718871115637
19700 -0.3222914444575036
19800 0.5544206367314499
19900 -3.4578931572418283
20000 6.785638013413215
20100 3.5325165319557517
20200 0.5122493218127994
20300 3.1486353490035985
20400 1.0268134153763722
20500 -1.6253444605246443
20600 2.530744925750278
20700 -2.500635500954815
20800 -1.7119665479226716
20900 -2.3597710768597926
21000 7.589434784971584
21100 0.9237546750314816
21200 -0.31440266683491636
21300 -4.330469707064928
21400 4.490886476456458
21500 1.1783892152893565
21600 0.5976127460915004
21700 -5.520047285292172
21800 0.6619248661147585
21900 3.3466650222215972
22000 5.152178693554671
22100 7.214370574433672
22200 0.7857026796506708
22300 2.912309103502845
22400 1.7867952431146898
22500 2.248167525178251
22600 2.758894208336377
22700 3.4784061280064758
22800 2.761431428056646
22900 0.8952153483005021
23000 2.488761213289395
23100 2.934733127462544
23200 0.4890753841197598
23300 2.051426922121905
23400 5.840041182426445
23500 4.613909835612835
23600 -1.3921481495513728
23700 6.036969768235681
23800 -2.3073190569265316
23900 0.27833337126418733
24000 -0.4649889257375258
24100 5.427991458052701
24200 3.840111199656191
24300 1.230489349625532
24400 -3.9149325361109057
24500 2.095453723804097
24600 1.119664641640718
24700 -0.9230645404195482
24800 4.119564742148204
24900 6.72793370072575
25000 3.8837764170773235
25100 4.301271572708897
25200 3.76252660894947
25300 -0.04392105762145171
25400 7.191352435746428
25500 1.2384352839015702
25600 6.0333541939943425
25700 7.493437797480929
25800 4.281274374280258
25900 4.554703364204207
26000 1.4268482026441953
26100 -2.9672900409853527
26200 8.173588811207104
26300 6.456508792048762
26400 1.8275499249829865
26500 3.5419240528213876
26600 4.136968683299615
26700 1.3588793914616577
26800 3.634425161951936
26900 3.3452868526686435
27000 2.7699334610522333
27100 3.908705389309652
27200 4.254975608196079
27300 3.805082114390577
27400 7.428545052727478
27500 3.5708377569498544
27600 1.2643032652492696
27700 0.37453107093836524
27800 3.5993937256860917
27900 -1.1888327777712344
28000 2.8041860192956776
28100 -1.1397783775670733
28200 1.2325405978500914
28300 1.0650017804641965
28400 3.236241164216469
28500 -0.6804152573480079
28600 1.6335986955856963
28700 3.3678597501426224
28800 5.3210467926866025
28900 6.36389322421237
29000 3.245827329201857
29100 4.605458616578907
29200 5.7798945139610804
29300 6.604773220762977
29400 3.212893794644609
29500 1.796031207096362
29600 6.945358594005841
29700 5.609423257194701
29800 5.2946885889472926
29900 3.3173671107968885
30000 5.397443928771334
30100 8.745498751247156
30200 3.684910702681542
30300 2.108646188855556
30400 5.578019431000786
30500 3.4319361665655834
30600 4.472709658854728
30700 4.852436538398202
30800 9.910226538616087
30900 5.295686118954572
31000 2.484210148510807
31100 5.203361224043107
31200 5.131246095113331
31300 3.8483867849214204
31400 6.716053094086588
31500 -2.6783207487441234
31600 4.825458807071394
31700 3.230262243378721
31800 5.237841063556967
31900 5.102477778083872
32000 4.846948406138104
32100 4.103052585756919
32200 3.2728714655098714
32300 0.2798049874372861
32400 3.0366147300892243
32500 8.928298194923679
32600 6.849764185715589
32700 5.210648682260249
32800 1.8085371971028956
32900 0.0657643218955446
33000 6.507761673869539
33100 3.3176847081441663
33200 6.509766448983728
33300 8.468208793804443
33400 4.636589148584099
33500 6.469195992038077
33600 -0.999461887048986
33700 1.9798288713469514
33800 -4.864819824451784
33900 3.3704977868458443
34000 3.4418224458264226
34100 1.4483498745370187
34200 8.118282680333959
34300 1.0269657044229783
34400 2.558698893395309
34500 -0.4996685981957466
34600 6.785024536354238
34700 -3.546915519743379
34800 4.310927251655114
34900 1.805819001156948
35000 0.2740615498057597
35100 5.440020211263209
35200 2.707143213432389
35300 7.442065083265276
35400 2.627826794041188
35500 2.206991731663685
35600 2.6211830498205377
35700 -1.3068317023887692
35800 4.2904732301762
35900 2.6275923389171796
36000 -0.8913468825627869
36100 7.18693292575491
36200 4.61408200474863
36300 1.162626114336089
36400 4.037548829422064
36500 11.039535670711777
36600 4.258251598009174
36700 6.70266650100696
36800 2.7327186664754444
36900 5.474668608749802
37000 10.941042265787953
37100 11.222136176291627
37200 2.6649845521081863
37300 8.741653174856786
37400 6.3762441466925885
37500 3.2397472722741
37600 7.695599496896161
37700 9.246795111936432
37800 9.076608822892567
37900 7.400929299196255
38000 5.250308040475709
38100 5.620522656678062
38200 10.448713174135358
38300 11.415828587264112
38400 7.436137099935479
38500 12.2338601865858
38600 7.549323683337077
38700 9.487897818861802
38800 7.756424853380419
38900 12.303993390693105
39000 11.684273500608938
39100 12.246667128311502
39200 6.959237980526415
39300 5.162362475259831
39400 11.493705843832469
39500 10.274695956823019
39600 9.176411031034553
39700 9.375801894828328
39800 8.293971205219856
39900 6.037955794153341
40000 6.392713676639143
40100 10.10562785835486
40200 10.587572890598782
40300 11.306364771578451
40400 9.65681874193482
40500 12.6481095364419
40600 5.614695819190522
40700 10.54162732726679
40800 9.762420451307229
40900 8.202934785221917
41000 8.060561607330069
41100 5.284551510245745
41200 10.341719808359985
41300 12.950866600442533
41400 11.082812265801879
41500 11.781215184585667
41600 7.711695022411468
41700 8.154364627525446
41800 6.936027397976706
41900 8.714408484247745
42000 7.688586862179255
42100 12.595390792390717
42200 10.242921965294261
42300 11.455163295333357
42400 11.437153415433615
42500 10.517124633672204
42600 12.869403705265903
42700 8.074098881619488
42800 10.421199087336959
42900 11.656185093136122
43000 6.833122182852254
43100 9.231534290566046
43200 11.756959664054897
43300 11.988756987609001
43400 9.576752432706213
43500 10.914230309932734
43600 7.168568732861894
43700 7.645305681836996
43800 10.432233553237287
43900 9.387676561525751
44000 7.441427380294605
44100 6.434173068919341
44200 11.616809274481538
44300 14.115507612375788
44400 10.16485557524526
44500 5.746198407336278
44600 9.702852524246882
44700 7.1086572993562225
44800 6.563551111568769
44900 6.525328034265641
45000 8.59797826220444
45100 7.246007496584466
45200 8.997791177075472
45300 11.576525894463042
45400 6.76522607178843
45500 7.565158261339318
45600 11.62748588845719
45700 8.758093188839743
45800 11.183691376008174
45900 12.433787168394522
46000 11.433088720091826
46100 5.960055358216076
46200 4.198564561111604
46300 7.149881252528221
46400 9.563973229849786
46500 7.573771171713898
46600 5.825260184527123
46700 8.732081492429769
46800 9.236169461239198
46900 12.992317468868059
47000 9.38956476222805
47100 6.404985159336322
47200 7.547610155946868
47300 9.704318144865052
47400 5.836578120633821
47500 8.619599842780865
47600 12.196394389377014
47700 9.811232596275913
47800 11.857904342809341
47900 9.063497168138914
48000 13.47917532629298
48100 9.580246054693962
48200 11.358571723343783
48300 5.971845136151064
48400 7.787555663158873
48500 8.19731053264561
48600 11.542515913845277
48700 5.722168804718994
48800 12.321439764682388
48900 11.159282656507328
49000 10.920239402613339
49100 11.57921394834106
49200 5.7015997682809605
49300 8.40713806393639
49400 9.795965592123935
49500 8.362078471371222
49600 9.971691880145185
49700 11.365086162275611
49800 7.525874930757221
49900 14.116999596688812
50000 11.468263864121443
50100 4.1951196331781375
50200 10.105834226274425
50300 11.345223492452345
50400 10.150772165209883
50500 4.382561079254107
50600 10.169344479950318
50700 11.134523500566145
50800 10.377508802292118
50900 6.686743808626366
51000 13.59177239165392
51100 12.292575250674624
51200 9.040011838319645
51300 7.933127277841293
51400 13.17077965315104
51500 14.472937812024346
51600 11.543177362127302
51700 6.610169020652779
51800 11.204248506150371
51900 13.326712993114768
52000 8.410644032451572
52100 8.235397794825529
52200 11.299133366083161
52300 10.903188166353116
52400 13.836279788133133
52500 8.51612690778117
52600 10.07210997474028
52700 12.21933316886325
52800 8.119959330364722
52900 12.071657904172202
53000 13.343285599789057
53100 10.88101150712624
53200 8.79691988750531
53300 13.988784266567505
53400 9.619724424013224
53500 13.953776659892453
53600 10.99696803816202
53700 10.411531982053294
53800 8.7844304659948
53900 8.390753272309624
54000 8.008492210074875
54100 7.524384306940491
54200 12.05574624026357
54300 11.316571753353191
54400 11.175486548957641
54500 11.787438877978381
54600 8.325254678765296
54700 11.176094281721706
54800 9.30280125991625
54900 11.225284826099312
55000 7.691866063978343
55100 3.798902880297247
55200 10.189433557108416
55300 9.73478240448524
55400 7.26582020373113
55500 8.406087403136539
55600 11.205034564686457
55700 9.799048284478635
55800 13.789692143753948
55900 11.37480081864546
56000 13.260677412281556
56100 10.130358358641232
56200 11.056367380949258
56300 12.973875021665206
56400 10.81064842465733
56500 10.321981479442853
56600 9.536255721634376
56700 13.165450612006431
56800 10.86598295367615
56900 13.843178850868895
57000 13.50177653032809
57100 10.827394231360914
57200 11.803792986827284
57300 7.284067497801654
57400 13.44694923626247
57500 13.327044231366328
57600 11.951141431592944
57700 13.385742117352464
57800 13.926132942268062
57900 13.425546258848447
58000 13.61931284792114
58100 11.617708303531401
58200 13.196907356295405
58300 10.609143939441683
58400 12.90890680533423
58500 11.756098915367055
58600 9.336451117449702
58700 9.678145713616132
58800 8.906364963389617
58900 11.25193375682366
59000 11.153871186655415
59100 13.441510163628347
59200 15.080390007369989
59300 11.433525752435948
59400 14.407949160337512
59500 13.465946762748938
59600 12.756977222479824
59700 13.31740028613365
59800 16.18112516200234
59900 12.490897914278188
60000 10.666353732617846
60100 10.259362081925813
60200 9.397498771708957
60300 11.252860714122473
60400 14.181503120147118
60500 8.90160882262841
60600 11.782057895177951
60700 12.445011159241803
60800 15.335287175025128
60900 12.066042924164286
61000 12.186281033416822
61100 7.537926621852346
61200 13.016200154222112
61300 10.71903273138831
61400 11.69906584559021
61500 11.220359184274164
61600 11.284066666285161
61700 13.00094080237222
61800 12.485992082379843
61900 14.134200606614089
62000 10.321987572050897
62100 9.147292218825612
62200 11.804424320539313
62300 13.010444466580227
62400 7.809664885263301
62500 11.299957853483683
62600 12.168107672324757
62700 12.34110031668507
62800 13.919244178190402
62900 12.6206634981094
63000 10.907447841132788
63100 12.98265411791438
63200 13.328849174446972
63300 14.572478625066719
63400 13.183610584292053
63500 13.949987460490197
63600 11.673898978807015
63700 12.498867732883788
63800 15.716210659506292
63900 12.312775664150756
64000 13.578450203483563
64100 10.276647583093196
64200 11.36806732823015
64300 13.567730875892181
64400 11.844066465445065
64500 15.156048739027128
64600 11.34357943432844
64700 12.538296820599543
64800 9.200189928790962
64900 12.370633256147052
65000 11.957717150655446
65100 11.944942054334938
65200 12.119590445329017
65300 11.29322747964657
65400 7.739179878690179
65500 10.192403573276964
65600 11.122545086307209
65700 16.671977350792318
65800 11.330138390474037
65900 12.312710174326241
66000 11.205687550532522
66100 11.691386721922266
66200 10.613942964533171
66300 12.518353982199368
66400 12.339756997237766
66500 14.309960019331074
66600 11.721014557208369
66700 15.231949127879654
66800 9.536949189799326
66900 14.152672018346532
67000 10.74582745236662
67100 11.660567108305026
67200 14.346214185065692
67300 9.614582867812764
67400 15.185955168825844
67500 13.334342539161371
67600 12.098521381124472
67700 6.1073873233946125
67800 11.141290131198978
67900 10.434661513203206
68000 9.751847953277522
68100 16.523525608136513
68200 11.441815811279023
68300 12.560638340890161
68400 8.909103816813985
68500 9.817025235488789
68600 7.878361976871115
68700 12.570730154677564
68800 11.756472801357042
68900 11.935021284874411
69000 16.24624282481208
69100 12.206167325682525
69200 11.426051146326877
69300 13.099983276675495
69400 9.054932513417674
69500 14.335821181484873
69600 11.119428063535967
69700 9.24217360217336
69800 12.291967438657995
69900 12.056252630273669
70000 14.28343495108611
70100 16.11029850966809
70200 12.589700786852339
70300 13.68478610727632
70400 11.799357599601374
70500 7.305357356063207
70600 12.037227095631351
70700 15.563886000518881
70800 12.191874126490557
70900 6.284001525737547
71000 11.48875243429432
71100 12.38982969280373
71200 8.143090946351826
71300 11.988854933889833
71400 10.203631055310682
71500 9.349850256263823
71600 15.618985556701016
71700 15.170002828112452
71800 12.6448429313249
71900 5.595128080064793
72000 10.083081754376735
72100 9.246557577574233
72200 8.85915565203816
72300 13.916681659412783
72400 11.724643395402955
72500 11.569859187415025
72600 13.958302452982515
72700 11.697244824619709
72800 14.184299715778826
72900 13.735408050055218
73000 13.310337441904258
73100 9.329548333422458
73200 15.390869758764062
73300 10.559495483262515
73400 11.923796540600295
73500 12.08950453584938
73600 10.781166516824227
73700 14.619086122852146
73800 12.787959080481954
73900 10.14626293963511
74000 15.976439768305946
74100 14.473994925786602
74200 13.825067421250303
74300 12.476190608099381
74400 13.800043018021546
74500 14.156681547333184
74600 11.974651915604365
74700 16.091689947814274
74800 13.224834225245662
74900 11.08552512546303
75000 8.89563550694216
75100 13.710680959165407
75200 13.215998111278836
75300 11.743756744491353
75400 9.868489199367927
75500 11.068765528772383
75600 7.694544013422695
75700 9.91399188852649
75800 14.27943183473794
75900 11.138895508519129
76000 12.119906937601863
76100 10.805465807500239
76200 10.178693238242163
76300 14.00142242502497
76400 15.460153919680353
76500 11.497219711462124
76600 9.910187798990757
76700 13.572410847440986
76800 11.076114284935286
76900 14.922831741836942
77000 12.805460111550794
77100 16.631204469954678
77200 12.328138683953302
77300 11.722507784476239
77400 11.106188322073193
77500 13.322757094943249
77600 13.179215671278476
77700 15.962879428977715
77800 12.50224432207804
77900 10.234089331982323
78000 12.716176070414189
78100 8.99598006355839
78200 9.617732642827193
78300 13.264456846621421
78400 14.45470274219658
78500 16.86439172303392
78600 12.138270834744873
78700 9.171837526165799
78800 13.869684346208617
78900 15.858687884593648
79000 11.069150360454229
79100 14.497531604720336
79200 16.88442207564405
79300 11.769262738619128
79400 12.6174342331953
79500 14.451491092811114
79600 16.445575193536953
79700 12.12513588777399
79800 15.095191908950452
79900 9.326745033611807
80000 10.10496133182872
80100 12.430894369530419
80200 15.389182358898664
80300 13.171596243505833
80400 13.652246904821629
80500 10.778499484515757
80600 11.0941838408034
80700 9.006290125526991
80800 12.276647176818766
80900 10.404968401611605
81000 12.975482064762591
81100 8.184742467173747
81200 8.105067916931805
81300 13.623854757939611
81400 16.599969679937804
81500 12.473356976072491
81600 10.195328927205907
81700 12.91976576320378
81800 14.051102028043257
81900 10.649433821705571
82000 12.791556936628458
82100 10.248755329916442
82200 11.560650403501006
82300 10.855678399317085
82400 8.620575095109022
82500 14.339299586091332
82600 14.366313664192534
82700 11.539397666437013
82800 16.64087382268424
82900 14.503717190604005
83000 12.459818125674003
83100 11.820836809482655
83200 16.666647673141302
83300 13.043465624309508
83400 13.574144646835267
83500 15.775827053373463
83600 13.390077029452312
83700 15.16614170814044
83800 13.201958152391613
83900 11.071583299388365
84000 12.381768309541195
84100 11.302483822903982
84200 8.862653906891287
84300 15.092689704711363
84400 14.223121789568753
84500 17.45444636737935
84600 13.745629308099959
84700 11.332011632582212
84800 10.333678559367819
84900 15.603989835194914
85000 12.935826019147626
85100 16.151833023198083
85200 17.804692444685195
85300 9.634865058889527
85400 15.26370795939161
85500 15.007294732292669
85600 12.77158528501307
85700 13.761658330709318
85800 13.611732004785644
85900 14.017320862620316
86000 15.427323201820911
86100 14.249008341963565
86200 16.246370337269973
86300 13.001263708138456
86400 16.202160902461912
86500 14.922400158295074
86600 13.091838159361847
86700 18.263077288700767
86800 16.05153133816535
86900 12.473390496220055
87000 15.284762943478865
87100 11.281900704394163
87200 12.97085121856565
87300 14.4270799050391
87400 14.940176427392476
87500 13.045131899806858
87600 15.053509630859562
87700 15.370279251535829
87800 14.854567930466194
87900 14.658998885823141
88000 14.805281831026358
88100 12.330082191849119
88200 13.987964947774367
88300 15.999734519073915
88400 15.211473170794974
88500 14.438934998123093
88600 15.655598307626077
88700 15.324452317618782
88800 14.327762202088023
88900 11.427507402403247
89000 11.634483409161753
89100 14.908300497428705
89200 11.684752180075053
89300 13.191013784541637
89400 14.108068526069546
89500 12.325372398435816
89600 13.440277640409422
89700 16.906613698287106
89800 16.037268099216206
89900 15.923275407840825
90000 14.165552003543395
90100 14.592834120774011
90200 12.679498577102628
90300 15.360856420754674
90400 16.86151566133727
90500 15.065812371100277
90600 15.923846808733476
90700 15.160681665462057
90800 12.215613678515862
90900 14.90592398581686
91000 13.976414183970984
91100 14.429075184127004
91200 14.240773578950865
91300 16.525025877658063
91400 14.551220252576906
91500 9.360378552335101
91600 15.563344192921027
91700 16.263508940029695
91800 11.950339710320094
91900 14.261603627696529
92000 14.382986210017858
92100 14.152750400601056
92200 14.712535452739331
92300 16.892331649864925
92400 12.46186966584652
92500 14.412719357301414
92600 14.853058382987964
92700 13.616016851456154
92800 15.652486149686688
92900 11.95263526819746
93000 12.24419375989806
93100 14.219725839874819
93200 14.61532262837037
93300 10.233218803018854
93400 13.350943119802578
93500 14.729648080166529
93600 16.285649067763053
93700 13.614964674046794
93800 13.876519751984869
93900 14.565286539204262
94000 13.784837521360723
94100 16.108893467935655
94200 15.399197379730575
94300 16.967290204723575
94400 18.594508867578636
94500 10.71504075652968
94600 15.595175553252924
94700 12.210832487624526
94800 15.144232889809922
94900 17.40187678727399
95000 13.798289546763137
95100 13.812778931369813
95200 15.570540325905215
95300 13.473334172838944
95400 13.460538492483924
95500 16.119067820501044
95600 14.464873926107906
95700 15.172266113596663
95800 15.651209388938383
95900 14.492004924191745
96000 13.10980927666543
96100 14.938928120479906
96200 16.979956422535125
96300 15.061117620329535
96400 16.515669239640008
96500 12.418232899357038
96600 16.404022185850163
96700 12.057549035204117
96800 15.31267719816081
96900 15.387760241153435
97000 15.248152227973371
97100 16.51990798238735
97200 15.325529189528575
97300 12.738688974944687
97400 16.198989433238886
97500 12.749646107385695
97600 13.700831639861518
97700 14.82683597485899
97800 14.112402531436128
97900 14.356498714929131
98000 16.045542012881334
98100 13.376749249639404
98200 14.022064721966284
98300 14.376106997573723
98400 13.610767065669426
98500 16.905489964734702
98600 18.451812095998935
98700 15.434967653981019
98800 12.970612974956875
98900 15.95352459441021
99000 16.678296421771986
99100 14.347871209151787
99200 16.014655314670033
99300 14.437119943464943
99400 14.359022618086973
99500 16.956159946550596
99600 16.534409648952543
99700 16.811522826665588
99800 15.1989814344702
99900 16.90547565806035
100000 16.457197051573996
100100 11.38131300454948
100200 15.184423388568183
100300 15.61973704369834
100400 12.509576738567755
100500 16.21865345530304
100600 12.7824923897679
100700 15.996884184004413
100800 15.522951009948391
100900 14.668722996360536
101000 13.946297442389772
101100 16.281986313359187
101200 15.094936010493612
101300 14.98338370457316
101400 16.230441460709436
101500 15.997126042681106
101600 14.975414324081353
101700 13.202917136457211
101800 16.00931596974616
101900 17.012379462467294
102000 14.831481180867325
102100 14.447683853398958
102200 14.463240683596444
102300 14.078636205528072
102400 15.700387308579431
102500 16.075945776223453
102600 17.82971690472275
102700 18.302587470686177
102800 15.814749216308815
102900 14.874680084774484
103000 14.649079489117225
103100 16.84325636133696
103200 16.192721346743376
103300 15.771344419391188
103400 15.760346964908715
103500 14.637958479667477
103600 15.004843226745272
103700 15.024599206958172
103800 14.522282103939466
103900 14.88451697325221
104000 15.015043970167174
104100 15.473651280408463
104200 16.931506951192265
104300 16.928268668579303
104400 14.737696824598551
104500 13.669104224032816
104600 18.188252949579
104700 13.37299271617379
104800 15.900035243276381
104900 15.618479764155268
105000 17.7249152749844
105100 15.33071652534436
105200 15.678389174028604
105300 15.657068748109475
105400 14.899031961294948
105500 14.18290984790122
105600 15.96033527723325
105700 18.321885648186207
105800 17.656954800420966
105900 18.01214539868865
106000 16.713834775438183
106100 15.204303040061896
106200 13.757824163945982
106300 16.964190713782017
106400 15.254880124203648
106500 18.06182972527051
106600 16.374968153730478
106700 16.158617315612055
106800 15.760320287603683
106900 16.433901405547108
107000 14.134048792009304
107100 15.20593498329159
107200 16.19614563248168
107300 13.428276036831667
107400 14.307109119339595
107500 16.32836626964471
107600 16.318654343250035
107700 17.222996700153708
107800 13.900043983230168
107900 15.534751143274303
108000 15.371008332876137
108100 15.825187552258095
108200 16.79031211462832
108300 10.063098933560838
108400 15.31960179694643
108500 17.60425423476737
108600 16.425472046362284
108700 14.735731413158796
108800 12.93749906379636
108900 13.465136466305463
109000 11.14983009113056
109100 15.786322929647902
109200 17.739063696023738
109300 19.26358622710661
109400 17.069490673607294
109500 16.021509291527835
109600 10.755422969898278
109700 14.452935778443692
109800 14.613831607641105
109900 16.380753923230824
110000 13.136574683358981
110100 16.156771719781975
110200 15.993299067809831
110300 15.36635715674472
110400 16.02644942160489
110500 14.980702505442874
110600 13.175384203327432
110700 16.132491109782503
110800 12.702439496767196
110900 15.100644811312602
111000 15.529856458533533
111100 14.387086388351563
111200 15.306275874487952
111300 12.365887053060545
111400 14.1198827999778
111500 15.03801099148942
111600 16.95598260567208
111700 10.552443035089352
111800 16.21022660043911
111900 19.027469071855823
112000 16.938804624754365
112100 15.820478922036562
112200 11.253517818782445
112300 15.969746373077601
112400 12.610243763768846
112500 16.705016379602913
112600 11.913409869944438
112700 17.485997890939263
112800 17.830956993557134
112900 14.731301108110532
113000 18.371636633675017
113100 14.12237239626858
113200 15.808160778739072
113300 15.670134793407254
113400 13.127288618288453
113500 14.622619805576761
113600 16.151421699939846
113700 15.632727820430269
113800 15.344173389946258
113900 16.189148588169402
114000 12.65229960822474
114100 18.944653686839853
114200 12.891896409830558
114300 16.336596123200895
114400 11.999644331954173
114500 15.991699202683165
114600 13.330433209111838
114700 16.462486906872186
114800 18.251584771286023
114900 15.505521191395552
115000 14.814762824958553
115100 14.195858281804806
115200 13.15411277743105
115300 14.811066487710573
115400 14.167367429966934
115500 13.720954513261361
115600 15.260602379062343
115700 18.03382924275924
115800 15.805328134182453
115900 13.830143867406646
116000 12.957932149146798
116100 15.113647642116732
116200 17.26079381582179
116300 16.32287630013968
116400 17.40243918167532
116500 13.111214527968327
116600 16.235296046099833
116700 18.170836846965162
116800 13.655079773045008
116900 16.957349835663152
117000 17.540136668388755
117100 15.403654192377978
117200 16.16286188926474
117300 15.410373740598418
117400 17.52339805558357
117500 17.504266540207343
117600 15.36644196734838
117700 14.352044247072904
117800 16.717286206406875
117900 13.977676771801745
118000 15.288414175695108
118100 16.542241410125214
118200 13.242772290183261
118300 11.928381614729545
118400 15.725501637267202
118500 18.728459144869696
118600 15.662131398864183
118700 16.456885027231
118800 16.170671471791913
118900 15.49991106148902
119000 16.60826032295273
119100 16.360275902465176
119200 15.817519173880337
119300 13.460674054013687
119400 16.0553362215852
119500 13.559664431489303
119600 16.692099119888155
119700 14.316367588477805
119800 16.697803764442835
119900 13.667775372615527
120000 10.941169574698021
120100 16.291690202903595
120200 17.35677264287043
120300 15.503879222600283
120400 15.290358448648933
120500 15.445741690908086
120600 15.391052128396026
120700 13.413184285707061
120800 11.491397395253511
120900 18.045043558452186
121000 15.843982096073914
121100 13.20586191126424
121200 14.166368439247684
121300 15.23556172123957
121400 15.433573707113352
121500 14.432822006838698
121600 15.692022394868294
121700 17.629697983036515
121800 14.1807513893683
121900 15.205175286274999
122000 12.83621974044547
122100 17.38849084409344
122200 12.530749629491256
122300 15.206010094171209
122400 13.531338790999067
122500 13.385906131086657
122600 17.46189254250543
122700 16.60163760038041
122800 16.464244170102088
122900 15.970230253375638
123000 15.741413421320726
123100 13.72691445863134
123200 13.689863693787483
123300 17.028673897257345
123400 16.435604504271115
123500 12.081674494158273
123600 16.828443560328513
123700 14.66458647600681
123800 17.46674438245955
123900 17.275810550458054
124000 14.514306803716591
124100 16.075083390172423
124200 15.171089311396486
124300 15.173969570764811
124400 14.245655355272431
124500 16.102891291185024
124600 16.22574482322645
124700 14.438349853247397
124800 13.59309778523013
124900 15.139011057586519
125000 14.374946230669432
125100 15.846917274998791
125200 15.995297271444807
125300 16.549708472946183
125400 19.521837111139163
125500 17.373246880554976
125600 15.772504853969622
125700 14.367080534774157
125800 15.736174359038044
125900 13.280773485742644
126000 14.861893905296412
126100 17.356134593698535
126200 15.97156265652009
126300 16.031293654493762
126400 13.865120966896583
126500 17.302974961049326
126600 16.868630523014136
126700 14.46747897931957
126800 18.117598598148593
126900 16.484082872863947
127000 16.930600762424195
127100 16.504610829142724
127200 17.416453195146328
127300 17.58613435471268
127400 15.227431484145832
127500 13.524861235464419
127600 13.49446085421884
127700 16.82662623555959
127800 16.235129593736467
127900 16.886381561592177
128000 14.670830106824132
128100 14.559907463537304
128200 17.892693290291696
128300 17.52203686366098
128400 17.48588483648221
128500 14.803702819627034
128600 17.005946035201124
128700 18.186643923537385
128800 13.97721038116399
128900 17.8204761264066
129000 12.821093981306374
129100 14.959397089033676
129200 15.439667645622317
129300 16.787061738161867
129400 16.69156524954896
129500 17.25232112897364
129600 16.625714837499416
129700 13.804480831978918
129800 14.87064751194262
129900 17.61031714910261
130000 16.893629623746776
130100 12.645324403192872
130200 14.310900845716118
130300 13.853849928944564
130400 16.149857449483452
130500 15.480801025835776
130600 15.033428593402503
130700 17.38956818363791
130800 17.635766264266046
130900 16.161803454912864
131000 19.72075721195071
131100 16.021835241366084
131200 14.11799774881294
131300 16.30143449551782
131400 17.183500052441538
131500 13.903035125499855
131600 19.368731360604095
131700 16.505773764374666
131800 16.85927909395859
131900 13.956069961752592
132000 16.960257523713416
132100 16.673929124504955
132200 17.52409420612809
132300 16.726948838110825
132400 16.412350204790837
132500 14.903351510065646
132600 15.354408691524037
132700 15.898866715111344
132800 17.481752026388087
132900 16.541570963506242
133000 14.687771382295775
133100 14.688738648049837
133200 18.259142014936376
133300 17.60010240288434
133400 13.232329090346402
133500 14.832189086999465
133600 17.2054365279092
133700 17.31868482421768
133800 15.188927009942471
133900 15.96197214741739
134000 14.999187427327495
134100 15.277827438894832
134200 14.816320755873345
134300 13.123806449715826
134400 15.995790485702484
134500 16.326819337034422
134600 17.601823882573782
134700 16.79334156520287
134800 17.339412604089507
134900 13.94554062301161
135000 16.26488303634182
135100 18.063584525930995
135200 16.44250532039737
135300 18.170251755822594
135400 16.230085531946386
135500 15.796115660898119
135600 14.280521668771081
135700 14.180511161054527
135800 16.65169961794898
135900 15.691687399131883
136000 16.523556035325576
136100 17.726725264474503
136200 17.835113815429803
136300 16.101366102420965
136400 14.936338821201378
136500 18.18872897822561
136600 17.379880734956192
136700 16.811554444094106
136800 14.657549863114511
136900 15.385687775491867
137000 15.864194232565414
137100 17.629778926721475
137200 16.34009190869378
137300 16.103142818228207
137400 18.91804473554887
137500 17.790945143806834
137600 18.569536108455893
137700 14.681545662338436
137800 16.041478652817542
137900 17.871104248221812
138000 13.937400209368928
138100 16.904751668110045
138200 18.731656741634005
138300 18.378976263817016
138400 14.916682321427336
138500 15.572194342096672
138600 17.16172076963313
138700 13.654600386650234
138800 18.645234068094844
138900 17.300321103766727
139000 15.885563236853121
139100 18.228408162066255
139200 15.158421501571445
139300 16.763474595830917
139400 15.065879970966318
139500 15.363128867276323
139600 16.924740062276584
139700 18.744893215478292
139800 13.666110642565345
139900 14.508230115862988
140000 15.286509411894714
140100 16.318275316754153
140200 14.857730380078616
140300 17.834631102304662
140400 16.08815368141026
140500 16.219996120897115
140600 18.382057952437645
140700 17.45494981938647
140800 11.617945872481965
140900 16.652256878524767
141000 17.220670288613682
141100 17.825197020166403
141200 17.40295023974881
141300 15.94082376491835
141400 19.122117679620978
141500 16.509914095116127
141600 15.514664885923043
141700 16.816701345159945
141800 17.33508393587702
141900 18.473719075439853
142000 16.90398758313628
142100 14.716245903010936
142200 17.062708455232745
142300 15.740304594100246
142400 14.834753113238868
142500 16.958885481753825
142600 16.042652013083288
142700 16.705032326131914
142800 14.96001306422214
142900 17.50949721041884
143000 17.11698149891519
143100 16.84500450371837
143200 16.668306813226888
143300 18.593389520310872
143400 15.527241622092975
143500 15.283672397384407
143600 16.757935243265106
143700 18.50523940269843
143800 15.517315833418909
143900 19.23659838445361
144000 15.048698756598274
144100 13.40722698166454
144200 16.59755820911708
144300 14.86057757699179
144400 16.34331861372457
144500 18.392891371898166
144600 14.037923837161268
144700 16.24117731209481
144800 17.49648025165429
144900 18.697420977660773
145000 15.943697655563719
145100 14.771646288059491
145200 16.740406210107032
145300 15.560023911127162
145400 15.808262885908166
145500 15.397587422850371
145600 15.68142074337858
145700 15.625512424630704
145800 12.726784311735601
145900 16.06089208522881
146000 16.49954216668167
146100 16.978369209098553
146200 16.368501633881188
146300 17.238557972583923
146400 15.959149322307603
146500 18.08348183424114
146600 15.375780770287617
146700 15.560717204323515
146800 17.478672338024676
146900 16.36960820407942
147000 17.324488162751372
147100 18.9503836326054
147200 14.874555460249626
147300 15.334388474966012
147400 14.501688410263434
147500 17.028076305000116
147600 19.50859943606444
147700 17.073890781543007
147800 17.36164361619208
147900 15.142119987552674
148000 18.514007143822596
148100 14.099544295642659
148200 14.505591986236148
148300 15.132436062116497
148400 15.82010583332047
148500 16.626331812991136
148600 15.776391203496944
148700 17.6208730272095
148800 17.043624168496788
148900 15.340777895171682
149000 16.800971586063937
149100 13.830883044132895
149200 16.96674116429594
149300 16.70492268178594
149400 16.703003624711425
149500 18.540175847765358
149600 18.10063307297756
149700 14.882068546553018
149800 14.902184830142515
149900 18.72416329507463
150000 17.91116049684628
150100 16.12662318726715
150200 14.696052796075078
150300 15.150413150929943
150400 14.924699948051432
150500 16.71270941796341
150600 16.79926289434574
150700 17.622778235740757
150800 15.557586366315599
150900 16.995085495650727
151000 16.007468362985872
151100 14.178954199866103
151200 18.23703268422814
151300 17.95751342525833
151400 15.064064284852334
151500 17.178602756183
151600 18.34537338980243
151700 16.595680694416725
151800 18.219606558864054
151900 15.16216131066936
152000 17.154497824676298
152100 17.32402123367503
152200 17.366026553654844
152300 16.03459380400491
152400 17.795074661107677
152500 15.194699311360415
152600 16.812846075752244
152700 13.78555522637596
152800 15.067761277901878
152900 16.226291201558098
153000 14.101097918325099
153100 14.639803650626563
153200 16.472256917829583
153300 14.158489437864027
153400 14.206164198952614
153500 13.777403494658465
153600 16.76942072144145
153700 13.674076657950758
153800 16.37257297860631
153900 16.33268400355711
154000 17.460446123673396
154100 17.187488236728605
154200 18.648105326780097
154300 17.786445251596046
154400 14.462421839647414
154500 16.447720539574668
154600 15.171012987183712
154700 15.63710723023017
154800 18.361839186487796
154900 15.014399697568292
155000 18.887430885552295
155100 18.004635748820522
155200 17.344715151941973
155300 18.074190229671537
155400 14.318772101112506
155500 15.717335749526487
155600 16.50359605407945
155700 10.920000111193769
155800 14.445682939434187
155900 12.919628222145532
156000 18.87620239142973
156100 16.990257426114198
156200 16.59160650704704
156300 15.924286241889057
156400 13.90074040329242
156500 13.111222776355975
156600 17.056787580858302
156700 12.983172247229781
156800 15.577855870775894
156900 17.73220883093084
157000 17.83671885043198
157100 17.698985275275373
157200 19.264232793357834
157300 16.629423541757518
157400 14.102937546538461
157500 15.479081242731024
157600 16.954208835129226
157700 17.31760594554988
157800 18.534219491467553
157900 17.25511949660349
158000 18.507410707714197
158100 15.769927159876609
158200 16.89363764246246
158300 13.841329700924398
158400 17.950049422180495
158500 14.621818685358376
158600 16.50807455713748
158700 16.440617377920564
158800 17.265357335904625
158900 16.090330436768948
159000 16.107322777461704
159100 17.237460573280128
159200 18.189102347692014
159300 18.08073653545973
159400 17.149679236417622
159500 17.150134119820187
159600 15.292500837668838
159700 15.644355309367592
159800 19.053968581310663
159900 17.944402427127947
160000 14.239443137724207
160100 16.60864952598412
160200 13.751308555427622
160300 15.861778915589241
160400 17.01512956655212
160500 17.06019360282224
160600 15.757948915259684
160700 15.387038472446475
160800 17.212075956987643
160900 19.216602310385184
161000 17.8234066243707
161100 18.488914726856716
161200 17.929924486141086
161300 16.86529090994079
161400 18.03008876033476
161500 17.429548190249292
161600 18.206860229426937
161700 17.49968325660076
161800 18.179987825495378
161900 17.860993013055257
162000 18.019439874580826
162100 18.57808562672893
162200 17.68212816759224
162300 16.947894190935774
162400 17.670098112053456
162500 14.526220634342353
162600 15.46365986922096
162700 16.695739021685984
162800 16.82521038862077
162900 16.17457430714081
163000 15.956897318118214
163100 17.44152163453669
163200 16.683821210306746
163300 12.999854454693196
163400 16.806117231575723
163500 15.432540377767468
163600 18.03611397208573
163700 18.123537190438185
163800 17.807995448319694
163900 17.254629281343494
164000 14.59416268948226
164100 12.609819269691927
164200 17.372848734138657
164300 15.354047134533234
164400 18.21998127012502
164500 16.021058684574385
164600 16.136573791275048
164700 18.88136597572576
164800 19.344693789539757
164900 18.58834731294345
165000 17.988765509463676
165100 17.349759127977112
165200 17.98901367594553
165300 16.96522803867184
165400 16.229769723589865
165500 17.55161737210362
165600 14.371834672340182
165700 19.35253412883396
165800 14.897338160799066
165900 14.760743341293447
166000 12.739024178938854
166100 16.681701646729977
166200 13.867810870792963
166300 17.113866149525183
166400 17.83824875510366
166500 17.47234831858678
166600 17.874879592768735
166700 18.38896748191532
166800 18.027294642773935
166900 19.134923957517966
167000 17.43540683917877
167100 15.294644070730968
167200 14.434739742400348
167300 14.971358446079435
167400 15.064249073587032
167500 15.175090598454078
167600 16.82075943224685
167700 15.673483127987552
167800 14.573200706619524
167900 18.606763953586864
168000 15.837211820235716
168100 17.338782879765386
168200 15.324719902394683
168300 14.419492997395077
168400 15.703634839651782
168500 18.18927710065203
168600 17.262672035735445
168700 18.901576357634056
168800 15.877754454091308
168900 16.91770055339156
169000 17.56159857292086
169100 17.973517290569998
169200 17.134472902103017
169300 13.661235828706484
169400 18.72054348532098
169500 16.990335624770488
169600 17.789651510188317
169700 19.08247094852655
169800 16.10617225646637
169900 17.38560364606477
170000 17.86167824974822
170100 17.7642423385244
170200 12.865914448973127
170300 17.38494674859502
170400 17.519702856483466
170500 16.813453577655736
170600 16.201483161719715
170700 16.524320395985377
170800 16.275449212475884
170900 16.982791570600263
171000 15.618003296135651
171100 17.787231139572174
171200 16.72059781648694
171300 16.35461437445208
171400 17.701501440138582
171500 17.31892147993856
171600 16.81752247689249
171700 17.702272941104912
171800 17.88745104008454
171900 17.84755320356704
172000 17.65237620300691
172100 18.35635868050331
172200 17.908785697406213
172300 13.433957277503072
172400 15.117753407213563
172500 18.093884394674127
172600 11.311551348991863
172700 15.512701183868232
172800 15.690255654529285
172900 17.970938094826078
173000 14.222909950191294
173100 16.535933447545908
173200 18.059150659047255
173300 14.94528245692035
173400 12.866423909418423
173500 15.278786783106806
173600 16.097715853299025
173700 16.2309241106979
173800 15.68996435237636
173900 17.865370773969914
174000 17.877450699939814
174100 17.860767895026626
174200 14.064586426135895
174300 15.194316516958686
174400 14.97134959510396
174500 16.616175566527918
174600 18.40794750446954
174700 18.962287181647387
174800 15.985906737984495
174900 14.854415902486622
175000 16.7629577311721
175100 16.47978019394597
175200 18.82021388392005
175300 16.13279794287299
175400 16.78684714660559
175500 17.763867180057602
175600 18.511637317381346
175700 17.991835604010767
175800 16.028542036531118
175900 17.17202190809417
176000 16.809655967983797
176100 17.339944263431125
176200 15.966394521977984
176300 17.557956958305915
176400 17.31826369538527
176500 15.28972490505589
176600 15.448731607724747
176700 17.717043833169555
176800 15.205713487658267
176900 17.058056051517994
177000 15.431566110865601
177100 18.228114705369013
177200 15.234894554725152
177300 16.44024388474181
177400 17.542011024627467
177500 18.655036196197994
177600 17.899477763736705
177700 16.292500241622545
177800 15.657965273544704
177900 16.322152470347984
178000 17.060455858847384
178100 16.86310220028377
178200 18.54758716394986
178300 14.851969578265837
178400 17.99625130330071
178500 16.84795577259106
178600 18.02056259142745
178700 18.450872786941037
178800 16.60357352032946
178900 18.118859854072884
179000 16.773480389930967
179100 15.885670096087441
179200 16.93070547739263
179300 17.788540116836867
179400 16.568937547954228
179500 17.040833069973058
179600 17.345582391275723
179700 15.605507171847457
179800 14.10823313683376
179900 16.06210390107691
180000 16.45737057303352
180100 16.98958894517154
180200 17.42126132269647
180300 16.977775407913022
180400 17.008684249151063
180500 16.90384803170216
180600 15.29921079801105
180700 16.510144068776746
180800 16.89701618806992
180900 17.342020264844102
181000 17.97417653327462
181100 17.838501098246276
181200 19.816644492842837
181300 18.538135399866515
181400 18.136872663873767
181500 16.601531837724803
181600 14.310318264862813
181700 17.45221663905448
181800 16.562303282312012
181900 17.23572406974473
182000 15.886638749125142
182100 17.42137551584234
182200 18.37394743915701
182300 16.938745954261986
182400 15.394923828268613
182500 18.605654535164874
182600 15.293660920505934
182700 15.58286151856901
182800 17.767548069625168
182900 16.54219000656688
183000 13.754847894956278
183100 16.98545649865967
183200 17.45377458954779
183300 14.355984086489753
183400 16.929985387842745
183500 17.335491244196255
183600 14.28273230150867
183700 12.069637503446947
183800 15.825081093630256
183900 17.57680036066789
184000 16.736580803493503
184100 15.646793238788993
184200 17.936346083529877
184300 17.373480714774153
184400 16.2675993649319
184500 18.546044505499136
184600 17.130230692246958
184700 18.66831737538489
184800 18.272637630681253
184900 18.362299027199356
185000 16.09168129877645
185100 19.150980195627575
185200 17.306267738246977
185300 17.737641284935364
185400 18.984817345618445
185500 14.721937538194489
185600 16.541164599199956
185700 15.114918777743938
185800 17.47138038608717
185900 17.086018324428316
186000 16.839254794108548
186100 17.110309437131864
186200 17.509191239416676
186300 16.92970894624767
186400 16.289263330626955
186500 17.174932710975565
186600 15.55969714765013
186700 16.947014859322824
186800 18.87695216270085
186900 17.91070534922038
187000 18.935726279530193
187100 15.738500131928413
187200 15.876793773387924
187300 15.519041387408745
187400 14.402991435268083
187500 15.382558216581216
187600 15.386390647776343
187700 18.332177882249784
187800 18.770359515739298
187900 14.58058481227226
188000 16.12729800724228
188100 18.53768400684789
188200 15.748343800759251
188300 17.96928215675736
188400 16.38425378969886
188500 16.55615556444308
188600 18.88363060403894
188700 15.91887994852798
188800 14.971906392756726
188900 16.472453731776294
189000 13.127793387905925
189100 12.286079222199941
189200 17.751584277115697
189300 14.56162967330084
189400 16.82827967005239
189500 16.920605824672744
189600 18.837248773260804
189700 17.8831777620251
189800 16.45127845889404
189900 16.69366959703118
190000 17.11088991029124
190100 18.01847523235123
190200 19.410257052867227
190300 18.231720973825855
190400 14.708347230872626
190500 16.876988064709327
190600 17.80284409701408
190700 15.965445153392883
190800 16.41211958317576
190900 17.475414132785378
191000 17.98431491499448
191100 16.39894882217486
191200 14.268446468587463
191300 15.162769320478084
191400 17.727325592734736
191500 16.75736083844246
191600 14.254027782236365
191700 17.771239022896463
191800 15.92098229485309
191900 14.439306111901393
192000 17.468212918818242
192100 17.175355230547417
192200 18.526636415544434
192300 17.17984237445258
192400 18.778604828280237
192500 15.899192635943564
192600 16.861095791038984
192700 16.58570698139684
192800 18.24752144863292
192900 15.997168948320372
193000 17.70197553953942
193100 17.47322756458448
193200 18.140434853738274
193300 14.591292093553102
193400 16.154504698371827
193500 17.726149200315277
193600 18.462005166720186
193700 17.184880916829783
193800 18.18298143836461
193900 15.616314100938526
194000 16.554363865708254
194100 17.34956065369194
194200 17.420853804932264
194300 16.99204791863808
194400 16.336106556725465
194500 14.50871194165825
194600 14.4037868925142
194700 15.811770482033689
194800 17.4357866121246
194900 13.997202691842348
195000 16.848474697676043
195100 17.959948639261743
195200 17.789602219602596
195300 18.45103234528166
195400 15.854082494229976
195500 16.175127976032194
195600 14.96642582206011
195700 19.148454454795726
195800 17.463838643590666
195900 18.434010053454674
196000 18.623987279900273
196100 15.385988752546593
196200 16.989616521113483
196300 18.277745444918985
196400 16.701902659992218
196500 18.652093584038546
196600 16.605987379205533
196700 13.733284605012011
196800 14.659014502832852
196900 17.680100815178292
197000 18.04559357116092
197100 17.058698736508454
197200 16.630926407872977
197300 17.74383125890303
197400 16.006299448141945
197500 16.41062279679853
197600 16.122683880110838
197700 14.653018903468753
197800 16.27812457132257
197900 16.37150830016589
198000 16.76866365840246
198100 19.10820278231564
198200 17.526359221445443
198300 14.744776396738304
198400 15.856655400929233
198500 17.742972773268214
198600 14.113864618003168
198700 17.11315934554885
198800 14.702106633912743
198900 18.72693880090433
199000 17.797661572195516
199100 16.938265361898345
199200 18.45129539444777
199300 16.857481439634764
199400 16.197789023560244
199500 15.000379707058622
199600 15.22827269375359
199700 14.795260794432693
199800 18.610875560233143
199900 15.467167340283455
200000 16.617068204947948
