# Model = DQN.logic.(27)-4L-(27)
# Num weights = None
# Learning rate = 0.001
# Env random seed = 111
# Start time: 01-12-2023(15:25)
100 -24.034113190293137
200 -28.961895368878988
300 -26.329018567199988
400 -23.829362757531985
500 -25.115748148285622
600 -26.472319552841498
700 -22.55760357046862
800 -27.216004029859327
900 -23.52403105098722
1000 -23.40764321605161
1100 -24.894961805370194
1200 -21.842813648790187
1300 -25.921431100337596
1400 -25.45495280421832
1500 -27.91118767198582
1600 -26.76757241770032
1700 -25.38980445632912
1800 -26.454040879023758
1900 -25.966658724295414
2000 -23.679329803382547
2100 -23.125541401219078
2200 -24.51117556974451
2300 -23.652587810452594
2400 -22.468793679084474
2500 -26.309313611585377
2600 -22.666743084716682
2700 -23.692494673619347
2800 -25.84407870002686
2900 -25.89696081360251
3000 -25.68878740168634
3100 -25.0478848287447
3200 -28.019563356020207
3300 -24.17244312856617
3400 -26.41034230602795
3500 -25.98768005470017
3600 -25.898323962982555
3700 -19.634867205148073
3800 -20.287739965167276
3900 -22.45519520062555
4000 -23.930393047492284
4100 -26.631518750196232
4200 -25.754471524520085
4300 -26.66055874006022
4400 -24.725821332201146
4500 -26.848249458696905
4600 -22.951829311454688
4700 -26.26526781634081
4800 -23.92855919297231
4900 -23.825762400495897
5000 -21.38055012947699
5100 -20.358949444287344
5200 -26.304221284733657
5300 -25.190650545398782
5400 -24.579043499579623
5500 -24.368282049992484
5600 -21.134410224820996
5700 -25.097831516607553
5800 -23.79867489338851
5900 -24.535461586197822
6000 -21.929200723534095
6100 -24.225739668748577
6200 -22.914515701608465
6300 -22.521301263050557
6400 -21.96016849695026
6500 -20.28069914688657
6600 -23.70014151501861
6700 -23.3627683527071
6800 -22.6345206585689
6900 -21.1361012374284
7000 -23.136243566008595
7100 -25.244603130732337
7200 -20.748140555174665
7300 -22.84572533269752
7400 -22.980835616918487
7500 -17.138862515300975
7600 -19.541030823016975
7700 -22.345565400122847
7800 -22.464595645999196
7900 -21.12597982945453
8000 -21.64065180215617
8100 -22.27737661632886
8200 -23.136472862219268
8300 -23.499379088664014
8400 -22.802504975135694
8500 -20.16193100603712
8600 -20.777894281954957
8700 -22.310922907499588
8800 -20.715324560705547
8900 -23.3529656701792
9000 -20.981039568486256
9100 -24.061015437168933
9200 -20.53751884739186
9300 -22.605511596405915
9400 -21.70710063862631
9500 -26.211424173931256
9600 -22.52733353064625
9700 -23.923457367118225
9800 -18.606064447750814
9900 -21.886243163726427
10000 -19.166978557087678
10100 -20.252768063557898
10200 -20.803943808182495
10300 -20.049890355007097
10400 -20.257825496463088
10500 -22.868225311095333
10600 -18.044482893137083
10700 -16.189669878066155
10800 -15.402865709738691
10900 -19.668127217369822
11000 -19.747895646329727
11100 -16.617865211813847
11200 -20.128354758227637
11300 -18.487905796912518
11400 -19.79349519035823
11500 -22.748909794517196
11600 -19.77015028955136
11700 -18.586321079238143
11800 -21.23503188104057
11900 -20.95070074865962
12000 -23.85543208377062
12100 -20.59485155560239
12200 -18.890089595251784
12300 -21.848245573492232
12400 -16.918242523348926
12500 -21.45236415274549
12600 -15.823428693238462
12700 -18.989377056456725
12800 -17.23214347559469
12900 -16.805028786111297
13000 -20.517051288203454
13100 -18.42710640900535
13200 -16.72082560335275
13300 -18.253067395002613
13400 -22.395319673983376
13500 -22.79332661809534
13600 -13.552845385235528
13700 -15.315058498050641
13800 -13.015617454275063
13900 -16.929504480064608
14000 -15.324049544125417
14100 -16.41868323998118
14200 -9.222225432119096
14300 -8.474168087751671
14400 -16.60804208055754
14500 -10.319730936404923
14600 -11.31879814416276
14700 -7.982200523421055
14800 -14.86414685775975
14900 -8.788582815191525
15000 -11.846003324564496
15100 -11.689055445649869
15200 -3.1979885557797405
15300 -6.5225023212459465
15400 -5.841570383878365
15500 -3.537400021884579
15600 -3.5976295180431883
15700 5.091991708522938
15800 -0.41479102676372276
15900 -4.862717519679031
16000 2.2582312167566516
16100 -0.5613687420806113
16200 1.0545459433733506
16300 0.9202657391768513
16400 1.6940815011341654
16500 1.6620214088905785
16600 1.689807443322331
16700 0.24365107581284762
16800 -1.6693403208283688
16900 4.1571732843075075
17000 3.820100078573037
17100 4.069979637110405
17200 2.5662386394467838
17300 4.8787954875697945
17400 7.308701530544375
17500 5.515345239484423
17600 4.988878628164444
17700 3.9726300128095002
17800 12.46313769569536
17900 11.695293841092454
18000 11.229701306990387
18100 11.684236323425191
18200 10.677230710074012
18300 6.6115638415898665
18400 15.609038582014048
18500 14.017376476856011
18600 11.403534743848898
18700 13.586280849828215
18800 10.230966067720484
18900 14.891769851845012
19000 15.870495615126774
19100 13.99724594681242
19200 11.621762434855935
19300 15.56042762216308
19400 16.94985299583899
19500 14.757117150842678
19600 11.597504242835416
19700 12.362915444794114
19800 12.950552533766855
19900 13.728911491698966
20000 11.383193395178045
20100 15.256286328885839
20200 16.069343344948912
20300 16.460442765248526
20400 13.980988339888254
20500 14.090838583230617
20600 15.854596249830829
20700 16.69233937911237
20800 11.818077344067277
20900 15.38225440040668
21000 13.856243367537177
21100 15.669491650908952
21200 17.047709228081825
21300 16.8358491559688
21400 16.050720660595967
21500 13.971683657426361
21600 12.661988977637806
21700 17.930635599270772
21800 12.16883916159551
21900 15.440346906196922
22000 15.024385107624449
22100 13.017728092164136
22200 15.675717520217672
22300 18.380435770610042
22400 15.60044432978087
22500 16.45054561843599
22600 16.550333594258937
22700 17.096554721805013
22800 17.762141916009043
22900 14.416877543537531
23000 15.811961449774177
23100 16.25327814513858
23200 16.353600227536376
23300 15.582719091036095
23400 14.37879257378943
23500 14.67392330568196
23600 13.119850902823618
23700 14.932305099923655
23800 14.660672719015798
23900 14.940089100293196
24000 17.798411826407403
24100 16.759411370408948
24200 15.595713748949215
24300 15.451760383407136
24400 16.645798866224474
24500 15.371599209115827
24600 15.942509406703522
24700 12.873648990194198
24800 16.16119338082397
24900 14.616989449860107
25000 18.152189603869417
25100 13.778790455810324
25200 13.624096826507099
25300 13.908274837149666
25400 15.194240109298029
25500 15.609957917963976
25600 12.15025609733031
25700 15.962817950873896
25800 11.605611539922462
25900 17.208553030531704
26000 13.412900697997921
26100 14.112003958988604
26200 12.7795803416903
26300 16.105599071578556
26400 13.958519525372719
26500 15.701371530493244
26600 13.674964162027745
26700 16.194587000875433
26800 14.323126128608074
26900 14.246419041864067
27000 17.132744960106507
27100 17.191461274636065
27200 16.664872268598227
27300 17.049256244310463
27400 16.23319927486488
27500 16.79883532623067
27600 15.5336888282482
27700 12.520377942951729
27800 17.392795831612048
27900 16.537603179174354
28000 14.498570576616405
28100 14.765233584252275
28200 13.512689008763212
28300 14.981341334970892
28400 18.55956365442971
28500 16.539819578076536
28600 16.16091050462987
28700 17.059473716950464
28800 14.562779747734444
28900 16.884082840534877
29000 15.812806468074443
29100 17.323331223138503
29200 11.019242621874415
29300 15.502675502792263
29400 17.43468668766338
29500 11.522106701978844
29600 14.664903289579517
29700 15.671224892055246
29800 10.399829343038107
29900 12.97653930953891
30000 12.960370684127136
30100 12.319765034698342
30200 14.173810291046097
30300 15.636865106481988
30400 15.66324350956817
30500 17.58606280181576
30600 16.327802140110702
30700 14.314103769471204
30800 15.354301240992996
30900 16.211971254799266
31000 14.410257487418503
31100 16.342749819545023
31200 15.249694730574335
31300 13.60462934819807
31400 17.28900126299764
31500 13.626066294311146
31600 14.709127317214586
31700 16.301096910364585
31800 14.440828829418313
31900 15.712569103540371
32000 16.852277154739195
32100 17.130343612959436
32200 17.49856919446829
32300 15.044046831864012
32400 17.494224028000165
32500 15.346881687529528
32600 16.130492987732378
32700 12.548640905990439
32800 16.154187848002554
32900 17.40039231719408
33000 16.67109114585648
33100 14.747053480157726
33200 14.9634609606653
33300 12.848039456039873
33400 16.814075164784622
33500 17.341433236613998
33600 15.72419690057681
33700 17.45431319510768
33800 15.014080515870447
33900 12.310531388930093
34000 18.513012127936012
34100 17.35250152461979
34200 13.910172414012477
34300 17.088549758980886
34400 16.786870049430608
34500 16.971583244735477
34600 15.604805193488598
34700 16.85260575539396
34800 15.674291852679035
34900 18.314207964583566
35000 17.24063062421046
35100 17.0704612779957
35200 14.777574573542912
35300 16.045147347431293
35400 17.7976318993401
35500 18.859169789521715
35600 15.024088985557013
35700 13.1037249761246
35800 18.689162542135744
35900 16.717343092688616
36000 15.468715206346157
36100 16.648716608162157
36200 16.68556415561418
36300 17.37268299901387
36400 14.677526754322269
36500 16.01145145802229
36600 16.960516722471382
36700 15.655640871392281
36800 14.37769884326118
36900 16.17547956438207
37000 16.643380698638975
37100 15.195586141855069
37200 16.28962063541899
37300 17.48065089385712
37400 16.61974876762601
37500 14.521049952978014
37600 15.376740189429839
37700 14.25464825213538
37800 15.91374758596943
37900 15.745346895459257
38000 17.995987867737778
38100 17.619922963929028
38200 15.110731303950168
38300 17.687567056691158
38400 15.91184943518118
38500 14.987333761827207
38600 16.778226461316255
38700 16.374815629025928
38800 15.58317396763077
38900 14.919162051969014
39000 15.652683187161246
39100 16.45765288977215
39200 16.46161171983386
39300 15.425339112003206
39400 17.33843730574975
39500 15.478184988386998
39600 15.675216043402662
39700 14.714781700759131
39800 17.532254464317862
39900 13.968698538730147
40000 16.145467587882948
40100 17.41636907680558
40200 16.57906631233875
40300 17.539231657140565
40400 17.64272176059874
40500 17.980812240912773
40600 15.02992478427565
40700 16.43594051734989
40800 17.93357504427935
40900 13.698160230019141
41000 16.825842038938767
41100 17.07547516953969
41200 16.053309179627107
41300 14.624823268932108
41400 17.903065647024437
41500 18.180905497873557
41600 18.049708484267715
41700 15.043922634753098
41800 16.840780246017523
41900 15.639150518179077
42000 15.705673738910926
42100 15.218749971139182
42200 16.57125215478887
42300 17.896300248294487
42400 15.07368046891096
42500 15.92063069802023
42600 16.227850407575573
42700 16.579968124703644
42800 16.5692725313146
42900 17.404757562372758
43000 15.021377459195637
43100 14.732078200791639
43200 16.821950797997822
43300 17.893432924493236
43400 13.57195732956012
43500 13.20144310670072
43600 17.332262932080603
43700 18.117084253961625
43800 18.958083148679357
43900 16.557160271328957
44000 14.908063394626089
44100 16.928006402019484
44200 17.29064978504078
44300 16.7513878769186
44400 16.55427900229828
44500 18.336187762297673
44600 11.195271331003756
44700 17.75456500175495
44800 15.556777172808982
44900 17.69762329562707
45000 19.31500586359908
45100 16.54117549663383
45200 17.19182355012522
45300 15.237689528930709
45400 18.12204373309588
45500 18.696907027315405
45600 18.00438727730008
45700 16.90991899229548
45800 13.280930023144634
45900 17.513265554530843
46000 16.313045722150108
46100 16.854818584660514
46200 17.536729868376188
46300 13.499565906681404
46400 15.476071400718054
46500 17.488354466256215
46600 17.98957318590438
46700 16.783732326978832
46800 19.26267966214077
46900 18.58480876559951
47000 17.26561198517183
47100 15.962016298963972
47200 17.18511969320993
47300 18.054573318216047
47400 19.441588201620696
47500 18.472013599140976
47600 16.05086035501625
47700 17.26154635152295
47800 14.806451097534108
47900 14.69524282382875
48000 15.485391843787472
48100 17.89836137995309
48200 17.98220636804375
48300 17.128142501135947
48400 17.86894655722669
48500 17.245787094651245
48600 17.975402495646215
48700 15.679937274008212
48800 19.31338793064308
48900 17.840188456518355
49000 16.188162508395465
49100 13.674601814085115
49200 15.639093885634665
49300 16.158783483950852
49400 13.283295280804863
49500 16.30785115202488
49600 14.491927656343748
49700 14.376265150782787
49800 16.238270683670898
49900 16.740739718938503
50000 15.173784829064543
50100 18.028979393635215
50200 13.11879348606046
50300 16.732466916487184
50400 16.820263177945602
50500 19.012628572340777
50600 18.687367859047388
50700 16.046875943958767
50800 17.68990216403711
50900 17.295758624040293
51000 15.86655765595164
51100 16.490415625174474
51200 15.587465562856394
51300 17.477329167146394
51400 18.012257913680926
51500 16.128453822181367
51600 15.244655879948082
51700 19.122991676620245
51800 19.209438928827097
51900 18.268170847953396
52000 16.407994280439162
52100 18.05904234302123
52200 17.848059529791556
52300 17.32317668819555
52400 15.362675208148318
52500 17.293759939798843
52600 17.623558675465908
52700 17.351526152074843
52800 13.115903535288165
52900 14.210368642279894
53000 16.899113517754508
53100 16.38412179328122
53200 14.484672203383942
53300 14.940453294761006
53400 14.51418462745628
53500 16.974429601103612
53600 18.019336369231482
53700 16.826731026962065
53800 14.088475534843637
53900 16.808961936645037
54000 14.515017749245692
54100 17.204483794482492
54200 14.274005385526243
54300 17.78608495204138
54400 15.762460031497048
54500 17.15961387366387
54600 15.635332296672157
54700 14.2642979243746
54800 17.101290244963327
54900 17.00562960405845
55000 15.940735564932742
55100 17.229219771237478
55200 15.523229232819128
55300 13.476785385587313
55400 13.517235456632386
55500 17.611813177238876
55600 15.251100175144146
55700 17.693293186160243
55800 18.91558693262249
55900 13.474025539423716
56000 18.018384681939455
56100 18.056792249550483
56200 13.613760057960414
56300 15.868241593103622
56400 16.338454868793093
56500 16.610462491666667
56600 17.05833415976879
56700 16.81375864935488
56800 12.942116727322885
56900 17.826971382228322
57000 18.01703993475892
57100 18.418840885574696
57200 17.70979036532908
57300 15.579558208044393
57400 18.83210668063604
57500 14.92867846155978
57600 16.379225498146614
57700 16.964623958758843
57800 18.676481423177172
57900 17.02317380251356
58000 17.166671924273246
58100 18.79231603959164
58200 19.016879491699466
58300 17.50639654844016
58400 17.179887211290737
58500 18.34052502051529
58600 17.43866768706014
58700 16.50769040413754
58800 15.998819587742464
58900 14.34524779006683
59000 16.765379844791838
59100 18.53878998077516
59200 16.88320434135952
59300 17.836186125084872
59400 18.34465384494711
59500 16.54855571301694
59600 16.372602458934967
59700 18.269576125233154
59800 18.139618673602712
59900 17.368080994853866
60000 14.326083970219313
60100 19.31374060269376
60200 16.93088461256352
60300 18.099611801546587
60400 14.360572803767244
60500 15.734437958063683
60600 17.340272745139192
60700 16.782029322339927
60800 17.459002122445575
60900 16.974633508850154
61000 18.493606567962733
61100 17.91774157779307
61200 15.202129874002624
61300 17.26150130839905
61400 18.52458253918934
61500 17.414554609328547
61600 19.569289020072855
61700 18.010288802978508
61800 18.062156002717874
61900 16.146467377142535
62000 17.705974873860907
62100 17.995264368112625
62200 16.71865737743875
62300 18.255471098586636
62400 18.493487613609474
62500 18.430055812134565
62600 17.302457170383057
62700 17.11676356204701
62800 17.112932523773058
62900 17.076997323363745
63000 17.38684056720305
63100 16.805338034211584
63200 16.49985041571224
63300 17.72414191073573
63400 18.669305045423926
63500 16.473950588528336
63600 18.765128250118998
63700 18.21575327590477
63800 14.1371589587277
63900 17.60997550310972
64000 16.87943660710256
64100 18.622639494779857
64200 17.152988584366554
64300 16.472044636977625
64400 16.294384220239486
64500 18.367176384469715
64600 19.44832129871945
64700 16.236423063066844
64800 18.348555522069503
64900 18.211580897256102
65000 19.548918753763026
65100 18.620148500014945
65200 16.910710058399914
65300 17.965845400990776
65400 17.476475617496817
65500 18.415806984855557
65600 17.519229453003938
65700 16.676180925445784
65800 17.159818997992225
65900 13.290228058247799
66000 18.409162505583964
66100 16.055189535598466
66200 18.096584438899804
66300 18.716455351179707
66400 18.634824402192358
66500 16.067254087786907
66600 17.477812879895428
66700 16.243067593017017
66800 15.99490536190161
66900 17.864981809667913
67000 14.630061942794809
67100 17.09191876579578
67200 17.972392945890743
67300 18.916950572229858
67400 18.695731416822696
67500 17.82357291365458
67600 16.900742996976767
67700 17.041296015806907
67800 18.792051000639553
67900 18.99304162281153
68000 17.487866735337786
68100 18.933787933937097
68200 16.779700840205177
68300 18.331472071757315
68400 17.633606712066086
68500 17.74051832229245
68600 18.187415246964118
68700 15.621418076928785
68800 19.21298870517263
68900 17.62756775123616
69000 18.77187369887903
69100 18.366608601932644
69200 18.7353535772233
69300 18.466117790509646
69400 17.623258042612044
69500 16.27043463148604
69600 16.551477546627694
69700 18.785732151247682
69800 17.361123382160073
69900 16.815441541684518
70000 18.043922993433966
70100 15.547362522093694
70200 17.58125288968356
70300 13.988046926411437
70400 18.600343823200372
70500 13.159279780616213
70600 14.603146946592657
70700 16.743418534282185
70800 15.739412213988537
70900 14.739622740292353
71000 18.011706043831342
71100 17.486841602257282
71200 15.61092375842277
71300 15.735330272051064
71400 17.87924409605186
71500 16.227565668761585
71600 16.59839769925831
71700 16.26681598718664
71800 17.19086144473341
71900 12.91950448380769
72000 16.93879981128934
72100 16.704194605368066
72200 13.885779021048359
72300 14.743022942345817
72400 18.61484950275878
72500 15.954029463974289
72600 16.782863765331882
72700 13.361058540061066
72800 17.94914735006035
72900 14.29142281065214
73000 18.443766679387775
73100 19.12125599686852
73200 15.192975089611341
73300 16.821977895699312
73400 19.243637160107006
73500 18.26610840710063
73600 13.03382546508894
73700 17.36464949801607
73800 18.408088797438904
73900 17.35366275468302
74000 15.613985394149555
74100 16.53191588511658
74200 17.590549299370377
74300 18.263615628311726
74400 14.932231665406798
74500 17.055728551451796
74600 14.811368760346296
74700 14.584865705910138
74800 16.36350477925264
74900 16.456395595124974
75000 18.92992135733578
75100 15.147676154601308
75200 16.706678592289983
75300 16.27997989248382
75400 17.13721767187505
75500 16.878745645652508
75600 16.796840070830562
75700 17.157428559654086
75800 18.000448638701965
75900 16.306057328788548
76000 17.755447154399633
76100 16.64085681924901
76200 18.729856943311088
76300 18.356898143874623
76400 17.871207065333266
76500 14.901993699850946
76600 17.752497725934294
76700 17.163277879005086
76800 18.663255995990927
76900 18.89636392250705
77000 15.900209493475392
77100 18.422541182661355
77200 14.839030145508904
77300 16.052423020442582
77400 18.478544095158654
77500 18.81352930081432
77600 15.22961366720319
77700 17.48456245109166
77800 16.257401700376644
77900 16.088270987277674
78000 18.178279299689525
78100 12.664676739472334
78200 17.30593561082631
78300 18.912091154929314
78400 15.601575149863871
78500 15.00625874085857
78600 19.29875635460545
78700 17.263168645449763
78800 18.744504739004345
78900 17.46395889631743
79000 16.275973455234947
79100 17.81341593772604
79200 16.53919482118013
79300 15.262687893389375
79400 17.72412202997721
79500 15.440668997519298
79600 18.720667865508148
79700 18.661673033628713
79800 17.89062215067266
79900 17.212625404452886
80000 17.97192135237308
80100 17.043806408989276
80200 16.56164113630737
80300 13.378035763580561
80400 17.101061111908468
80500 17.66216590975092
80600 17.605130758248674
80700 16.88915696976544
80800 18.876943232143226
80900 17.528687437064786
81000 18.04508465597273
81100 16.780111830543557
81200 16.453500099512627
81300 16.435543260911615
81400 13.813246114780279
81500 17.70545351880527
81600 17.314691817533088
81700 18.463263724514956
81800 13.861781190273932
81900 16.11726853934359
82000 18.40249995514732
82100 19.775142942153746
82200 18.38448034451899
82300 17.641771433148588
82400 17.824979730432375
82500 17.86941344232704
82600 18.2706428602495
82700 15.785411108325535
82800 19.10460825113318
82900 15.772366917362525
83000 17.05572040308264
83100 17.402020029450902
83200 17.736122890241017
83300 16.788488771204833
83400 16.79938417646736
83500 16.274918974054938
83600 16.88031906753599
83700 18.005989812626392
83800 16.81379744548945
83900 17.403575137723458
84000 18.48988573169609
84100 17.3777212725312
84200 17.12823229497109
84300 16.806312074915198
84400 15.263597225919058
84500 18.536337253317733
84600 16.833792254676325
84700 16.97466885858487
84800 17.813932983036054
84900 16.718909744956825
85000 18.14483371744509
85100 18.438878590724993
85200 19.200078646662273
85300 17.96765648059478
85400 18.179934510499436
85500 18.239715433327465
85600 15.301482419304582
85700 18.185303133777627
85800 17.03315661842941
85900 16.96338675326769
86000 16.6212489747333
86100 18.99120513550157
86200 18.041486008447784
86300 18.372908629452198
86400 17.906260948528395
86500 17.1650692228658
86600 18.56523803434348
86700 19.234597783163192
86800 17.878898034652934
86900 18.960300139447455
87000 15.680099576500853
87100 17.637835041088813
87200 16.788811583417065
87300 19.676560964872067
87400 17.683156537126074
87500 16.85482547498044
87600 19.62569773208705
87700 17.27947947010564
87800 18.72627042176552
87900 18.88238238432908
88000 15.447082053731792
88100 17.99894464365544
88200 19.23484762139963
88300 16.10869475743316
88400 18.9033826782675
88500 17.13021134864406
88600 18.189639308519762
88700 18.845146969169527
88800 17.269968048343404
88900 18.129949401496127
89000 18.442415764105725
89100 17.425672503755507
89200 17.173028237775974
89300 18.43709909952565
89400 18.655908000217963
89500 16.245313142629044
89600 18.557889390497294
89700 16.77024476441441
89800 18.16588999774717
89900 17.96880512999026
90000 16.51168944715884
90100 18.140886147505444
90200 16.615102635795974
90300 19.255939898635866
90400 17.025990129102336
90500 14.802992960127881
90600 15.332730293282834
90700 15.49172241919592
90800 18.600220038506965
90900 15.915830689004105
91000 17.79494151912806
91100 16.88368856784719
91200 19.515014902609067
91300 17.951651574384616
91400 18.49675107833413
91500 17.137442088172442
91600 17.952371998929518
91700 15.88895142943256
91800 18.16407175234636
91900 18.507596988957296
92000 18.370609010402106
92100 16.850950158816442
92200 18.276632740971312
92300 18.838153377655374
92400 18.13081172111573
92500 16.465493954693375
92600 18.08832986638531
92700 17.58511309185942
92800 15.226989359253595
92900 19.544738727583077
93000 16.07894235542222
93100 17.336424607530606
93200 18.910991680046234
93300 16.769544711428903
93400 17.49960170118626
93500 18.02741019278932
93600 19.365888451772218
93700 19.65202151309773
93800 19.376564732071834
93900 17.64085280005091
94000 14.429644936874949
94100 16.985729774226193
94200 18.302168112994462
94300 18.757723962183046
94400 14.777723271305101
94500 18.062914174723623
94600 18.945579142807052
94700 18.338738028284194
94800 16.130460508420963
94900 19.346312512501793
95000 17.89769202486199
95100 18.116576791559808
95200 18.116873154355204
95300 19.209392090654553
95400 18.624388295774512
95500 16.117124707087335
95600 17.666886629841446
95700 18.15391154504825
95800 19.59077651712632
95900 16.395465826678222
96000 12.174001669092048
96100 18.332729486205327
96200 16.569874246347386
96300 17.03908952274543
96400 17.04425398478601
96500 16.9270773651008
96600 17.780084076462042
96700 15.543873977993139
96800 18.05483272203045
96900 18.002354837604095
97000 17.357882626283978
97100 16.8459214822822
97200 17.025441066432
97300 18.188543358376748
97400 19.322759754211408
97500 18.185195975395555
97600 18.161175965997536
97700 17.394785307231928
97800 18.963900719479465
97900 18.479567094587935
98000 19.533950571708807
98100 18.7267411615264
98200 17.93807861841926
98300 16.81257761712493
98400 17.678048623822736
98500 18.288783175078322
98600 17.600478245113887
98700 18.376969176011805
98800 18.68318116578349
98900 18.977504227072064
99000 16.46824213907106
99100 18.505924455270225
99200 17.64469520005837
99300 18.495657973721727
99400 15.372010806765573
99500 17.974374421308237
99600 18.825331455548273
99700 17.22229697373706
99800 19.145877778219614
99900 17.88586496165038
100000 18.967621378886374
100100 19.700161037034285
100200 18.20178022573118
100300 18.603028938495047
100400 18.24028854550824
100500 17.372822983158787
100600 19.371857123022636
100700 18.52990435999232
100800 18.795526752857175
100900 19.533636455790507
101000 19.423164636288572
101100 18.916008465139587
101200 19.144845753675
101300 19.006070146732753
101400 19.001398056859795
101500 16.521892854325966
101600 19.458548480392167
101700 18.49379043702172
101800 18.22119636558245
101900 18.222610108754562
102000 18.758000735501668
102100 18.815554264795242
102200 18.385956303512522
102300 17.407477542390268
102400 18.22652610429475
102500 19.259649489992434
102600 18.23281921136908
102700 13.916001991400684
102800 16.749922983695228
102900 17.232816817954262
103000 18.603791072084586
103100 15.29162301527007
103200 14.07165431216813
103300 18.35040925720496
103400 16.60125783917834
103500 17.516263746855497
103600 16.897514056446262
103700 17.841596242560563
103800 19.321126152416053
103900 15.576855480439582
104000 16.30203011621374
104100 18.65077233924497
104200 17.057562558611053
104300 18.502795152709062
104400 18.826692772739616
104500 14.384810554706926
104600 19.432202169945985
104700 18.8937951378218
104800 19.77784524795332
104900 17.77178245639777
105000 18.55232316369671
105100 19.63065261353129
105200 19.077574131142722
105300 19.150156141479652
105400 17.83563564916269
105500 15.886800129469911
105600 17.46449586422821
105700 17.449108671846936
105800 16.44053024684866
105900 17.56382769193123
106000 18.019632347557355
106100 18.49955720656188
106200 18.78162754552608
106300 18.76489459147564
106400 17.183889486742196
106500 19.361055840987394
106600 17.689746884186373
106700 18.92028857375381
106800 19.264545899334323
106900 18.875978320177563
107000 18.923797725553243
107100 15.874327498408329
107200 17.860700857658635
107300 19.06036363858243
107400 17.5463228524346
107500 19.054528185902182
107600 14.047000633133724
107700 17.60856503653718
107800 17.85698374674037
107900 18.437467953061148
108000 19.266025540944383
108100 18.73297453589292
108200 19.005250581720418
108300 19.343381537212004
108400 18.595701535648214
108500 18.063002663547568
108600 18.94845300915233
108700 18.586676846313186
108800 16.660566682819546
108900 19.20279377082836
109000 18.13380099979181
109100 17.741880591190654
109200 19.41877450914718
109300 18.385908808808846
109400 18.86886217912859
109500 19.353527096772567
109600 18.692164565563328
109700 18.251349590598817
109800 17.50420933746383
109900 19.672643978602615
110000 17.139667420748726
110100 18.716200098958073
110200 19.715925247284407
110300 17.98019223671026
110400 19.24536959935748
110500 14.764211219830097
110600 18.75996129692315
110700 19.175690719963505
110800 18.7600079802869
110900 18.444976793922258
111000 19.194908944042645
111100 19.292204878516223
111200 18.859914719070883
111300 16.033706913692264
111400 16.204285711568673
111500 17.83796074531154
111600 18.649233859540573
111700 15.208244923482361
111800 18.379896413044346
111900 17.325896173747367
112000 15.39672020172812
112100 17.808175270855465
112200 18.397311342864153
112300 19.21443258803916
112400 19.474641941778827
112500 18.51894480471728
112600 18.499507512687458
112700 17.61699654832657
112800 18.156721256506543
112900 19.37680590816501
113000 17.989317859044597
113100 17.765949266840337
113200 18.520885094373035
113300 17.98284737395319
113400 18.347950242122565
113500 17.609619380288965
113600 16.46127206157213
113700 16.92850973122538
113800 18.938220810525774
113900 18.96974773551156
114000 18.39057037435381
114100 16.89156919947104
114200 19.454359374429064
114300 17.948929889691346
114400 19.414246608358372
114500 17.923714109872712
114600 18.074028988478755
114700 15.231179821035065
114800 19.119887225164593
114900 18.62857881459226
115000 17.020909703384415
115100 19.452320688521212
115200 15.095023182018167
115300 16.696372904938045
115400 19.691817084047337
115500 18.22820235285632
115600 18.103861923980215
115700 17.800820473257396
115800 18.620261024589873
115900 19.68571984470245
116000 16.095746126696525
116100 18.34990763225397
116200 19.011542828064808
116300 18.477521651904997
116400 16.114957638308386
116500 15.86116799358455
116600 17.239899878681502
116700 17.812558914716146
116800 18.19041196294899
116900 17.647115096554824
117000 18.11912765894744
117100 18.085822560083397
117200 16.26941021895485
117300 17.232287032938324
117400 17.963375175769936
117500 18.00171272700521
117600 18.750696017824623
117700 16.983986658099138
117800 19.25415339340407
117900 17.250468138565754
118000 16.64992155498502
118100 18.01210825398791
118200 18.570858259952487
118300 16.711208648730985
118400 17.584089563650835
118500 18.290604949256824
118600 19.853294365697685
118700 18.26176819372506
118800 18.395103237835922
118900 18.50501688804663
119000 18.328716973201164
119100 19.558747559234394
119200 18.535117802636073
119300 18.911718686194483
119400 17.082893718303207
119500 16.718869672045848
119600 19.68364808029402
119700 19.55169987328612
119800 19.40135122207393
119900 19.611869109171018
120000 16.345582530036722
120100 19.543953284296855
120200 18.525220052456653
120300 18.99612892879866
120400 19.38801981284801
120500 19.21146696840461
120600 17.63522915782536
120700 19.714163837022838
120800 17.8516376907532
120900 18.106503495376906
121000 19.21423460475503
121100 18.966799925927212
121200 17.144539683381502
121300 17.495414436965547
121400 19.659673437095506
121500 18.31124192178883
121600 17.976373952734978
121700 18.945368223203673
121800 18.359721917052916
121900 18.784052202519295
122000 18.600013237255666
122100 16.503868797492412
122200 17.934616399512073
122300 17.06554496214721
122400 19.29558853642832
122500 18.142104938440944
122600 16.984614529161163
122700 17.357705804324723
122800 17.15566985343581
122900 18.378093760359636
123000 19.24367381932731
123100 18.31255644022497
123200 18.4236270184504
123300 17.820616685477948
123400 17.65374937420733
123500 18.060891422288055
123600 18.86102605014234
123700 19.803328117744023
123800 19.018945693855766
123900 19.203688077023727
124000 18.714661987032095
124100 18.661995804474945
124200 17.086016765531973
124300 15.510038106445048
124400 18.239545856578296
124500 18.684290735794267
124600 17.573513423481412
124700 17.470315798199575
124800 18.469126577102607
124900 16.652169062302825
125000 18.75453511777279
125100 17.32535691195401
125200 17.419513769016806
125300 19.096569114033738
125400 19.374372880548727
125500 17.532016176366557
125600 16.652947833380605
125700 15.965632780768628
125800 18.334870948082916
125900 19.44893886733388
126000 17.48540069563336
126100 19.58018106124465
126200 19.036050175705814
126300 19.249131306150286
126400 18.837571386499025
126500 19.054435584984404
126600 18.302799006806037
126700 15.576213605162552
126800 19.371162627270916
126900 19.511601969764193
127000 18.585318575444873
127100 17.833511715767948
127200 18.658947425316995
127300 18.88438087602933
127400 18.35135752684946
127500 19.332096191347556
127600 17.43935683336683
127700 17.388841390755996
127800 18.975644044439814
127900 19.482602681863547
128000 18.48427087652312
128100 18.677115522502955
128200 17.76891119065989
128300 17.49269424520156
128400 17.611048764582222
128500 17.992603476272954
128600 19.749797786290124
128700 18.15266894703283
128800 18.299079887282552
128900 17.322249178186294
129000 17.634620878566082
129100 19.78780182004558
129200 16.89682736102013
129300 17.173355425868092
129400 19.635661376180444
129500 16.97662908469821
129600 17.51891801992009
129700 19.672172368433845
129800 18.355179956833744
129900 17.516890808553853
130000 18.089852928010476
130100 19.816966332281044
130200 19.23247645190568
130300 18.135209975406216
130400 16.82746070413777
130500 17.067453275965914
130600 18.979854465718596
130700 16.638853077914792
130800 17.535289551439917
130900 16.860339303893213
131000 17.784863316457578
131100 15.861809018200804
131200 19.27984656888387
131300 16.09928754187415
131400 16.005569570999278
131500 16.548353367495938
131600 18.088458106618297
131700 18.873511595424553
131800 17.74052234270592
131900 19.63284030875551
132000 17.18080209333399
132100 17.488966997991696
132200 17.66941347439085
132300 18.915514373432448
132400 17.968544870543756
132500 17.212377406278268
132600 18.73151868789558
132700 19.171006588035187
132800 19.1729479526588
132900 19.796206222490383
133000 18.152660070574495
133100 18.362591501220418
133200 19.109975072595095
133300 19.088731221734108
133400 19.172486544243988
133500 17.35680867317933
133600 18.016354048869367
133700 17.430693636693828
133800 16.489703368952366
133900 18.145684537256706
134000 15.688354762823638
134100 17.6862499394738
134200 18.73734925403853
134300 18.72455308793732
134400 18.137174977974933
134500 16.975201379361046
134600 19.52152196314247
134700 18.020940363743946
134800 19.905890750962104
134900 19.37720016707012
135000 19.473405278745883
135100 18.204295846865527
135200 18.2148647616021
135300 17.17518436759985
135400 16.014981940562112
135500 16.367651981988466
135600 17.351644665877384
135700 18.444241503630675
135800 17.87953989544447
135900 19.252701113789946
136000 17.545296459226435
136100 17.218401583695414
136200 18.132520316877233
136300 17.507710542666622
136400 16.762036594117053
136500 14.985457109844974
136600 18.41218980772446
136700 17.152092178955993
136800 18.598663143805712
136900 18.729805475736686
137000 18.321123127228578
137100 17.319531503402533
137200 19.67161582032049
137300 17.324769507570768
137400 18.94722163542477
137500 18.741790993625045
137600 17.290945889474177
137700 18.101499994006282
137800 19.239217153574778
137900 18.40618770856694
138000 17.191774129839665
138100 17.754002292242962
138200 17.681134665758638
138300 19.105088280252332
138400 19.579240295641654
138500 18.686219337241173
138600 18.372144949630083
138700 17.948699486263834
138800 18.489801691387107
138900 18.34024585668514
139000 16.391579273865744
139100 16.6226487134331
139200 17.345418877005557
139300 19.123696367216233
139400 16.599971219405973
139500 18.506957888169072
139600 19.36126361185582
139700 16.447678177600327
139800 18.752353799028366
139900 19.22250824624375
140000 16.66570676837221
140100 16.78995596472164
140200 18.27923947155361
140300 18.176045913608686
140400 18.919107090799653
140500 18.28756240262974
140600 17.078938184377243
140700 17.506428821532488
140800 16.958116937350244
140900 17.453401549326507
141000 16.571887576709205
141100 18.45381655597484
141200 16.844410082576218
141300 18.998514503800408
141400 16.863079388518255
141500 17.345314100588446
141600 18.58337393802028
141700 18.74251647224277
141800 15.94154443281888
141900 18.561101444671696
142000 13.778301201539044
142100 17.406757732939855
142200 19.6303943332921
142300 18.20010661852274
142400 16.996012501108154
142500 17.346182299972934
142600 17.09295805323934
142700 16.57987999781551
142800 18.735816556077598
142900 17.56264658472398
143000 18.088716532458687
143100 18.41971275094189
143200 17.412609609922942
143300 18.665859614059986
143400 18.675325876259034
143500 18.595163064965423
143600 18.820760184668348
143700 18.512967572662205
143800 18.152836025815358
143900 17.490076865960813
144000 18.00451250928767
144100 19.545790598196156
144200 13.238062810998912
144300 18.90250048976887
144400 17.579034458731197
144500 19.229169913294477
144600 16.311821418795788
144700 19.474598282774203
144800 19.692745830677627
144900 18.397749796795093
145000 17.7138210267923
145100 19.160400315930847
145200 17.98237884878991
145300 19.348921341351602
145400 18.820171754921734
145500 18.25212414421136
145600 18.326183312703773
145700 19.776686616567844
145800 17.40199208828854
145900 17.753887066445216
146000 17.507266168240605
146100 17.637832987560376
146200 16.783785435997427
146300 17.90576796268209
146400 18.361033617508102
146500 17.90865705518907
146600 19.305066461316077
146700 16.952852380228496
146800 17.88121660553404
146900 16.96560246507684
147000 17.567167266751973
147100 18.89193772981933
147200 18.457444116475227
147300 15.6675731388647
147400 18.807805175759018
147500 18.38888852068028
147600 17.839910497014593
147700 17.82923700345039
147800 17.297465839137026
147900 19.35557784255702
148000 18.501044664057336
148100 17.77069331705363
148200 17.300499775376494
148300 18.390655562332107
148400 17.176798519989134
148500 19.032918248641124
148600 19.00718685794799
148700 18.858228668567204
148800 16.69835420571175
148900 18.549439721278635
149000 18.45459980581113
149100 16.915773593252283
149200 17.78391092446225
149300 19.293543541899165
149400 19.65216598635656
149500 16.01716607196826
149600 18.32748006575838
149700 19.422235650282545
149800 18.21211268407526
149900 18.55350511703633
150000 18.580552343468007
150100 16.17498790816542
150200 15.569714014640795
150300 18.074626098957207
150400 19.029668526715472
150500 18.020558075358952
150600 18.78080823611386
150700 17.12270462505437
150800 18.884757352329018
150900 18.36670378724068
151000 18.036269454206106
151100 18.444312258228322
151200 18.740727915646115
151300 18.474885345681997
151400 19.831351818304086
151500 16.104468462696975
151600 18.788031208264965
151700 17.607347654866434
151800 19.33922837421498
151900 19.436020830515897
152000 19.022623375459606
152100 17.738960517171414
152200 19.35017069409455
152300 19.572833478072003
152400 16.945774634418477
152500 17.40371393892282
152600 17.78888406256387
152700 18.411941756058198
152800 17.64883521951617
152900 18.249575520192966
153000 19.916762926051184
153100 17.21344112482706
153200 17.355935384161494
153300 16.502946836761208
153400 18.415692875544575
153500 18.30616953120787
153600 19.566364964701716
153700 17.142764770618886
153800 17.943589136694055
153900 18.10155604664901
154000 18.765740821347034
154100 17.721949518218654
154200 18.1684626613564
154300 17.762456098401454
154400 16.580396195528696
154500 16.664665984329506
154600 16.628707919513783
154700 17.239452925269156
154800 18.52332994752325
154900 15.76471405403809
155000 17.019472629527463
155100 16.816905274386144
155200 17.055191137482538
155300 18.58498288126979
155400 13.781925072231283
155500 19.32230374856771
155600 18.16758843902943
155700 18.9609612257453
155800 18.66693324429188
155900 17.08657739105144
156000 17.426465340346578
156100 15.598599654891144
156200 18.280375081443726
156300 16.2362523754245
156400 17.029484975107543
156500 15.12438106425159
156600 18.22617197211251
156700 18.262406884292666
156800 17.452324551800825
156900 19.549076354948227
157000 17.698224629059766
157100 15.836807453385322
157200 18.364098924939327
157300 19.38196936215586
157400 18.470999258446014
157500 19.01516947860142
157600 18.87198220609308
157700 18.160725649493287
157800 19.32374193112852
157900 16.721789652314396
158000 18.687327811149974
158100 19.127384991157065
158200 18.02900805273512
158300 18.418063191370077
158400 17.3262385125405
158500 19.08346001755628
158600 18.087512015120804
158700 15.970111869038389
158800 19.08164612908032
158900 17.753471503978947
159000 19.620708406525246
159100 18.421742468415992
159200 16.917950435280126
159300 18.637400617872665
159400 15.746973242746014
159500 18.345214846787858
159600 19.28635303444974
159700 16.977012855691576
159800 17.951966708105353
159900 18.60210131801409
160000 16.56461286118675
160100 15.616806456266094
160200 18.342546099774783
160300 16.791947826859364
160400 16.940628486567775
160500 18.58267043259545
160600 18.046418400152714
160700 18.098501050227004
160800 18.46653209460743
160900 18.40395369543222
161000 18.794785783767406
161100 19.264523476286836
161200 18.641642702505216
161300 17.774149679600757
161400 18.798344519069698
161500 17.86877997014692
161600 19.89865514263966
161700 18.861333219089193
161800 17.496583407945153
161900 18.013727555690497
162000 17.244905789225427
162100 18.783739519086023
162200 15.458494394519432
162300 16.334786451679527
162400 18.528037339849163
162500 14.795958111725234
162600 16.122140162159848
162700 18.399112047442536
162800 17.296475732852926
162900 16.9527426527522
163000 16.45957440748558
163100 17.011745768539722
163200 17.462610654453755
163300 17.009926473920434
163400 17.86059291320844
163500 17.25390594271919
163600 19.670518652310456
163700 16.279795893145916
163800 16.00621623918645
163900 18.751178887106057
164000 17.599237683294916
164100 18.328379578835268
164200 17.61074639741071
164300 17.904507894508267
164400 17.272096845119254
164500 17.482116041135672
164600 17.108459792085387
164700 19.1506284635063
164800 18.580189855714615
164900 18.323826683817675
165000 15.328865512693774
165100 19.056478534477407
165200 17.636124123105258
165300 19.270333956009726
165400 16.939974269378627
165500 18.29184985756175
165600 19.048968001615943
165700 18.6312852777683
165800 16.844850301480175
165900 19.103570870853115
166000 18.951835662157272
166100 18.576584825875194
166200 17.592455670958117
166300 18.26174405319716
166400 15.742053282280292
166500 18.337917925576754
166600 18.91004215011937
166700 18.716197859143254
166800 18.05754822727594
166900 19.523182431082816
167000 19.384640222754008
167100 19.156993546170924
167200 18.587346687143395
167300 19.31389159717337
167400 18.36297757967387
167500 17.285109703114056
167600 17.68416583229171
167700 16.4559008074856
167800 18.096986685414752
167900 18.524217524240843
168000 18.263270492954337
168100 18.665302880598922
168200 17.422685163155403
168300 19.31869229610239
168400 17.82485795200014
168500 16.758580315480266
168600 15.527033145831428
168700 16.10624835920925
168800 19.107313171008954
168900 18.8103979267109
169000 17.63577179318072
169100 19.06623474325853
169200 18.500934405982637
169300 19.293101608876775
169400 18.428413534056588
169500 18.429228592715415
169600 19.415653702314142
169700 18.320636754749813
169800 16.26445429315734
169900 17.550057090440514
170000 19.24056401850414
170100 17.944042421066438
170200 16.608826393105886
170300 19.160749699667907
170400 17.976757635143073
170500 18.503369627512786
170600 17.813944729999037
170700 19.033143630064846
170800 18.837614530219344
170900 19.230717004014508
171000 18.515035428123053
171100 18.04439279524064
171200 18.394357086135578
171300 16.98674130413728
171400 19.614786447667704
171500 19.27380457652074
171600 19.702938278795397
171700 17.739915732786017
171800 17.029053888358135
171900 19.100944876200245
172000 16.084683535555705
172100 17.839640871324562
172200 18.93530244627839
172300 19.045238463441525
172400 17.360705041919022
172500 18.61573912442064
172600 16.62765721174471
172700 17.846283135476266
172800 17.56642708957057
172900 18.04264260560887
173000 17.37054143735939
173100 17.46303540450881
173200 18.956907636315552
173300 18.5645277176213
173400 17.493179666073008
173500 17.716047990946446
173600 17.788815302307306
173700 17.133703027141344
173800 18.16367493085647
173900 19.213663503099927
174000 18.397169544673538
174100 18.334064707761215
174200 19.470580513704256
174300 19.565386364196623
174400 18.302408995622702
174500 19.346729840770774
174600 18.74335726485405
174700 17.222699683383823
174800 17.52114837057517
174900 18.6205499864311
175000 17.668794570677377
175100 18.080908026225785
175200 18.355545880988164
175300 17.74503336399864
175400 18.98902227277002
175500 17.83332631810854
175600 16.647461193647516
175700 19.435745441124578
175800 17.35823897236652
175900 17.20024544659174
176000 17.46585513245657
176100 17.98401652411871
176200 18.649197891855128
176300 17.13093803838868
176400 18.96473653549177
176500 16.377806529633126
176600 18.306832640014303
176700 17.78300600458081
176800 17.476209399787784
176900 18.826995023685562
177000 19.816305273081582
177100 18.53355445526079
177200 19.239971641400228
177300 18.657972526994847
177400 17.554171642290754
177500 16.8617753364728
177600 18.81088458606512
177700 18.496278316355156
177800 18.02311372268163
177900 18.245164975908047
178000 15.917036730146052
178100 17.152168893424026
178200 19.6513231047836
178300 19.0618173452221
178400 17.12446940045981
178500 18.71530320692482
178600 18.841868098311032
178700 19.131464695900096
178800 17.976061401849453
178900 17.59081177246867
179000 17.631864950507023
179100 17.52845177490398
179200 19.88247168343813
179300 17.601792024073916
179400 17.60540640365726
179500 19.024067194209124
179600 16.22520118868743
179700 18.895209523591557
179800 19.56982526796845
179900 15.146311275656474
180000 18.699433160959234
180100 18.096031982816687
180200 17.798099998027727
180300 18.110076929347734
180400 17.367760197237725
180500 18.877731981150944
180600 15.967016218224275
180700 16.891779987981835
180800 18.610602899089663
180900 17.474937127049067
181000 19.042439547935455
181100 19.791969726288677
181200 19.249121949015038
181300 15.546542884433327
181400 18.339347090974027
181500 16.855884121099713
181600 18.49668225272216
181700 18.952432027998842
181800 15.783453858368105
181900 17.84228829441812
182000 18.457276794314946
182100 18.561171568075867
182200 18.80939721234646
182300 18.522981052944303
182400 17.57703584190752
182500 16.655541051907335
182600 17.43415463183329
182700 19.53564408690225
182800 18.38518776013085
182900 18.632485743630053
183000 17.97479242029761
183100 18.7320885975515
183200 18.78791249060799
183300 16.367093499211464
183400 17.788282413262927
183500 18.663589533505423
183600 17.71488961093227
183700 19.28792084323197
183800 19.00086256293323
183900 18.922926977190272
184000 17.220149448397347
184100 18.65128308572949
184200 17.664141389526897
184300 19.469937268791217
184400 18.950474734953502
184500 18.380163453964315
184600 19.107507939438584
184700 19.203324812057378
184800 17.676949780954136
184900 19.326838807293864
185000 17.16727728306239
185100 18.34207288417106
185200 14.87007129422254
185300 17.658926653149496
185400 18.867253046305166
185500 15.934868059650274
185600 17.3550705843477
185700 19.633573982809843
185800 18.815552589383874
185900 18.089190546033937
186000 17.360598271005422
186100 19.184885987983627
186200 17.383389640375775
186300 18.448495254351673
186400 18.06471136370473
186500 19.26227423126071
186600 19.472548754860128
186700 17.274496721375133
186800 16.963407855188372
186900 16.955499516449898
187000 17.549559538537768
187100 17.716448568440878
187200 19.6750647251966
187300 16.91212310217497
187400 18.924099885024297
187500 19.60722906276108
187600 17.81519555285374
187700 17.263488843733164
187800 16.845988418227748
187900 18.5230702593022
188000 19.67293036229621
188100 18.594390618114616
188200 18.478163624222802
188300 19.422313172051773
188400 18.216503846322755
188500 17.004998499940573
188600 19.12760500502741
188700 15.95018541760274
188800 19.390528893691336
188900 19.03735156984532
189000 17.954431429891926
189100 17.13334810564524
189200 18.19711118503285
189300 18.37644526234097
189400 18.17484344674594
189500 19.02909059610823
189600 15.935549800251044
189700 17.702425645874694
189800 16.26979801278985
189900 18.680807737114392
190000 19.073589305911764
190100 16.66033729104072
190200 16.80550973127684
190300 19.189181683342788
190400 18.91141957635575
190500 19.12245509096731
190600 18.817861710583458
190700 15.66652422130373
190800 17.88157632151585
190900 17.078285592650857
191000 17.442732340006316
191100 19.16204286347556
191200 18.704485650632062
191300 18.95517697307916
191400 18.71484417392129
191500 19.59118018317793
191600 17.822680491522494
191700 17.241269920516327
191800 18.432289344660745
191900 18.6440672829392
192000 17.37920516842602
192100 18.075881628633958
192200 17.863029564422273
192300 19.137435833547094
192400 19.293140441533524
192500 17.904630339436064
192600 17.947532808808816
192700 16.150141568632332
192800 18.656371581873298
192900 18.81503796310853
193000 17.85173925025582
193100 17.083441197380537
193200 19.525951842377946
193300 14.907510494139853
193400 17.447200492339718
193500 18.714697951257875
193600 18.052597803786178
193700 19.45073764983146
193800 18.162014261195157
193900 19.735831689743716
194000 16.81586023001848
194100 17.53021435286477
194200 18.985559234738513
194300 17.9463495176501
194400 18.25347675739347
194500 18.65009754248059
194600 19.164307617086603
194700 16.290685023299062
194800 18.75038009056537
194900 17.59233117166066
195000 18.084112020092483
195100 19.390096385710923
195200 18.480251950247897
195300 18.978550424985155
195400 18.517456608677612
195500 17.72173691974279
195600 16.512084354314617
195700 17.964475039094566
195800 17.999785344577308
195900 19.07857921348864
196000 18.823893974856812
196100 18.5741015415457
196200 16.553287783958098
196300 18.452665743497203
196400 16.813993853638745
196500 17.93786577097535
196600 19.51527542962093
196700 18.054788203460866
196800 18.972604710384516
196900 17.974587778800625
197000 18.43354912541459
197100 15.828065900660603
197200 17.53021862920641
197300 19.77329590059653
197400 18.05511356791549
197500 18.283516439940893
197600 18.1594567006264
197700 17.207660497443396
197800 16.19735488983628
197900 18.650873389963152
198000 16.10622132985729
198100 15.8003946342767
198200 17.50588068796274
198300 17.194126080567486
198400 19.2077726800378
198500 17.91980609059032
198600 16.861276260051792
198700 17.89404493092098
198800 16.8579223155792
198900 18.3987861434511
199000 16.708649569090817
199100 18.23054983102275
199200 16.951648646514226
199300 19.51783442069278
199400 19.383680050039867
199500 18.532726215394465
199600 18.76343004547812
199700 18.22179415951925
199800 19.485056588441946
199900 18.54178995274047
200000 17.639028288216494
