# Config # = 28
# Model = DQN.logic_with_vars.AlgebraicLogic: M=4 rules × [J=2 premises, I=3 vars, L=2 features]
# Gym = TicTacToe-logic-dim2-v2
# algorithm = DQN_logic_with_vars
# Num weights = 136
# Learning rate = 0.001
# Env random seed = 222
# Start time: 26-08-2025(23:27)
100 -22.397043976964337
200 -23.606263115029687
300 -27.348977890973966
400 -27.932299270018326
500 -29.295951263501095
600 -21.141366325727663
700 -15.468268777026902
800 -12.839806474120461
900 -14.587663302268501
1000 -15.187729566269791
1100 -13.185185760524153
1200 -11.897840050194878
1300 -11.003961850678479
1400 -11.16981651166118
1500 -12.2032026246721
1600 -13.136095268805835
1700 -10.652363828130865
1800 -11.048677169097514
1900 -13.60427242330067
2000 -12.959316383570764
2100 -12.167689205270108
2200 -14.125296264813205
2300 -15.088557187247364
2400 -13.537958237935525
2500 -12.28840160813635
2600 -14.959182756569666
2700 -14.985840016609018
2800 -11.944272704008712
2900 -15.83968874582845
3000 -13.340791742141533
3100 -10.856408690319787
3200 -11.29209786977886
3300 -8.809227386234111
3400 -13.496595552701367
3500 -13.035426653234351
3600 -11.909415618476661
3700 -11.826094608580771
3800 -13.41448248996739
3900 -10.451839566319089
4000 -11.498067690407153
4100 -16.557982336277274
4200 -10.914294439445198
4300 -11.711021342665472
4400 -12.29259435857132
4500 -8.362985021763642
4600 -12.402364121828636
4700 -14.67807663050967
4800 -12.522434101760062
4900 -14.329056426033539
5000 -14.01882191121527
5100 -14.293901354049172
5200 -14.67408775380221
5300 -10.835801910367277
5400 -10.400617650648982
5500 -15.736705659563032
5600 -14.468624138700823
5700 -12.117276791324073
5800 -14.778109678619828
5900 -12.56166121349027
6000 -13.797027811899046
6100 -12.682181372087365
6200 -13.829614571967312
6300 -14.018672337689456
6400 -11.594272857025759
6500 -12.830675365968117
6600 -12.635010652672602
6700 -14.563679092390014
6800 -12.691942333365656
6900 -14.898697930863674
7000 -13.828800675425686
7100 -12.448611729258284
7200 -11.591961187040239
7300 -14.926995845884768
7400 -11.026696881004687
7500 -15.127924491153998
7600 -12.993739004417742
7700 -12.260336601843301
7800 -11.767163787487565
7900 -11.221311840750074
8000 -14.06499236803419
8100 -14.112229347494765
8200 -12.556633613955013
8300 -10.982307888925122
8400 -12.91518785838722
8500 -10.806776347995491
8600 -14.831851588251274
8700 -16.782900874095628
8800 -10.68270220356887
8900 -13.58409205857009
9000 -12.87133988994725
9100 -13.353242702704296
9200 -14.384060650544654
9300 -12.941720202155514
9400 -11.087121887934403
9500 -12.208713649846354
9600 -12.037521621550173
9700 -11.662051169883707
9800 -15.949361751399946
9900 -14.252471651779896
10000 -13.962293803576236
10100 -12.583191706276551
10200 -10.47065249101564
10300 -12.300672670100434
10400 -10.577364046727297
10500 -13.317453208111482
10600 -13.944021216289629
10700 -14.371264710604073
10800 -11.042983525615295
10900 -13.082292570232458
11000 -16.117412921373674
11100 -11.661376017492636
11200 -9.410541042069985
11300 -14.56749283442612
11400 -17.143174263350918
11500 -12.934220416819644
11600 -10.3334393188281
11700 -14.153655297630888
11800 -12.607855407547076
11900 -9.957088495390366
12000 -12.661677411258836
12100 -14.032273064248479
12200 -11.81938508636269
12300 -14.09625989886623
12400 -12.307566215724021
12500 -13.739535415473501
12600 -10.649751972674098
12700 -13.53556423748255
12800 -13.125222891463798
12900 -9.655454067940557
13000 -11.153053789258903
13100 -14.34897831756778
13200 -10.227129171358378
13300 -13.56208924962349
13400 -13.750717112070118
13500 -10.11212651901874
13600 -10.109073157568798
13700 -14.442638068278173
13800 -13.748274218734055
13900 -12.085370461085926
14000 -12.453015759331386
14100 -17.2379338853739
14200 -15.207683756487215
14300 -13.002035737636911
14400 -12.931071705386312
14500 -13.925287672403908
14600 -13.572083578870615
14700 -13.192521271753968
14800 -12.781526061443756
14900 -9.445427967271815
15000 -12.776191688140406
15100 -11.83111368527741
15200 -13.487065385266288
15300 -10.348885675188825
15400 -11.702741542989001
15500 -10.21566948381688
15600 -12.765048288337702
15700 -14.429838071058636
15800 -12.282131487571123
15900 -13.896975076001526
16000 -14.68622063675404
16100 -13.636706733645836
16200 -11.284570803243808
16300 -14.176847132173096
16400 -13.692221613849929
16500 -11.729891944337856
16600 -10.66705916523759
16700 -12.733484846736038
16800 -10.708002742101757
16900 -10.546421877322587
17000 -11.27878796861618
17100 -11.331745408484101
17200 -10.831626648435396
17300 -12.976301029961316
17400 -14.009646227505131
17500 -16.31388441474263
17600 -11.818038845089145
17700 -12.825470033160142
17800 -15.157819401042548
17900 -10.90445216096283
18000 -12.257237091039556
18100 -11.657355937968129
18200 -14.584966689399952
18300 -12.766355215482413
18400 -13.843921217832124
18500 -14.566649114589241
18600 -12.455896226289997
18700 -12.411351922252054
18800 -11.217662949523532
18900 -14.179214905062652
19000 -14.177893559775962
19100 -11.543675297159085
19200 -11.80267758276503
19300 -11.400163368659376
19400 -13.226763524497851
19500 -11.99424904236617
19600 -12.163484720864059
19700 -12.140847661472307
19800 -11.180534244462274
19900 -13.017291003975496
20000 -13.006042551517199
20100 -11.07587826175979
20200 -10.823119079554626
20300 -14.976139968389408
20400 -12.871033555614154
20500 -15.413854586452517
20600 -12.655226381610996
20700 -16.671720735779235
20800 -14.39473236530324
20900 -11.666096885528285
21000 -11.820921710450257
21100 -11.059236934846476
21200 -12.594581864972856
21300 -10.930054097655944
21400 -13.046146823082015
21500 -16.845474135253085
21600 -13.732068088199778
21700 -13.032150958346197
21800 -14.097549016592183
21900 -8.574443859124367
22000 -11.675841322063887
22100 -9.076129253157449
22200 -11.327790348752897
22300 -11.416332573635106
22400 -13.27534878455968
22500 -10.28123418368093
22600 -10.531557288388743
22700 -13.1157285482181
22800 -10.722490970731108
22900 -12.287303871062468
23000 -13.196549956999995
23100 -9.813886216371412
23200 -15.309990796253583
23300 -15.869076890072982
23400 -14.566089270181113
23500 -12.871383263503887
23600 -12.352030455573074
23700 -11.766670465804127
23800 -13.767824774662124
23900 -8.70810550760372
24000 -14.468913466467399
24100 -14.448714364619335
24200 -11.814995951928488
24300 -13.647689384368563
24400 -13.714290161413537
24500 -14.789121018752942
24600 -11.908504844254452
24700 -11.24981708777433
24800 -13.57756079143766
24900 -13.59987519027533
25000 -10.587623944695647
25100 -13.379207264666398
25200 -11.028834886618345
25300 -13.028241003258115
25400 -12.325710838574139
25500 -13.080288007907077
25600 -14.46611842700759
25700 -9.078596620293531
25800 -14.397812346684768
25900 -10.861749251692988
26000 -14.62533963896706
26100 -13.140764497398406
26200 -11.161940402013766
26300 -12.236507585346901
26400 -10.511880222976552
26500 -9.883427224347809
26600 -14.397100187017474
26700 -10.369303180825183
26800 -12.258756363672145
26900 -10.755621164281907
27000 -13.588246799855941
27100 -12.557151217322101
27200 -11.972091494336281
27300 -14.12367773585523
27400 -14.796752318400939
27500 -13.114408129242467
27600 -12.087899518819025
27700 -13.516053438262006
27800 -12.030535041742308
27900 -12.728871365422124
28000 -11.969106448082645
28100 -11.22337787409856
28200 -9.862290453961318
28300 -14.150197510982553
28400 -11.798368137083164
28500 -14.703474921339497
28600 -11.858530642714914
28700 -14.14867475281899
28800 -12.92815133262051
28900 -7.929532422807403
29000 -9.135951244843412
29100 -15.593426825332632
29200 -16.044260954187756
29300 -14.09961589638525
29400 -10.826281453283832
29500 -13.109348272134778
29600 -12.76443079182107
29700 -12.377925548270564
29800 -11.14365966598749
29900 -13.433806173457267
30000 -10.500713558986753
30100 -12.524291513103657
30200 -11.184792266420082
30300 -15.148255646605792
30400 -13.879566061581604
30500 -14.958301912597381
30600 -15.548996636518787
30700 -12.861475352904055
30800 -9.397557409954075
30900 -12.42628205785161
31000 -10.970392173468989
31100 -13.028961581039185
31200 -15.364591051031967
31300 -12.504047011472332
31400 -11.448096793200547
31500 -12.434101526229231
31600 -13.773094402953847
31700 -9.801090398700957
31800 -13.191101483458876
31900 -13.559930020388945
32000 -10.399945857703706
32100 -10.732732153645605
32200 -14.466985559818506
32300 -12.459795489025986
32400 -14.650269573288064
32500 -12.932783065561358
32600 -13.275762589195962
32700 -12.254302990604357
32800 -11.671619335092936
32900 -14.240780911815646
33000 -12.259996884602876
33100 -11.998093167046079
33200 -10.133176924158864
33300 -14.423940132821404
33400 -13.804514322414423
33500 -10.667043773834461
33600 -13.282961701010544
33700 -11.661188421780356
33800 -12.42232633800191
