100 -17.060324347906477
200 -16.643665336263954
300 -16.979269071811295
400 -16.25371550270571
500 -15.31713144463056
600 -15.96270011017426
700 -15.66751448602449
800 -16.674007513386076
900 -15.62924438321785
1000 -15.773881116715208
1100 -15.763218737684914
1200 -16.503293157179435
1300 -14.987295130374193
1400 -14.826949463395799
1500 -15.515467019894498
1600 -15.883825862271248
1700 -15.023887425770052
1800 -15.592844922840264
1900 -14.848731146934858
2000 -15.464182222716621
2100 -16.14215188290378
2200 -13.678370264612706
2300 -14.298460204141158
2400 -15.047354035191455
2500 -14.571134737667379
2600 -15.310516457529783
2700 -16.910446257057252
2800 -15.593156310009164
2900 -13.885530256683504
3000 -15.491228673067948
3100 -15.224483505353641
3200 -14.895122391543858
3300 -13.276927580278757
3400 -15.006422402708338
3500 -15.940399381958304
3600 -16.257867316924433
3700 -16.906094272484427
3800 -16.527371053441232
3900 -16.101200230669782
4000 -15.165715008347792
4100 -16.438624922944225
4200 -14.399201066156762
4300 -13.855886499036654
4400 -16.06113859966415
4500 -15.815122498344584
4600 -16.690186979472784
4700 -14.784796801108206
4800 -13.302064824485985
4900 -15.918310111814904
5000 -15.602277138272086
5100 -13.72400866786421
5200 -16.13417038385704
5300 -17.82322850463623
5400 -14.891176214159808
5500 -13.448471932658258
5600 -15.212576978938136
5700 -13.185733491534336
5800 -13.456070104813536
5900 -14.6410789012866
6000 -14.930103518471643
6100 -17.054042971015097
6200 -16.470214750472937
6300 -17.48666285862308
6400 -15.931887951887935
6500 -16.464632483647037
6600 -15.565153507499758
6700 -15.44306006846716
6800 -14.506273153071069
6900 -15.374910064183705
7000 -16.08346111095582
7100 -16.20586116032877
7200 -16.99778035511771
7300 -16.23993465606063
7400 -15.970631240916155
7500 -16.219633538397492
7600 -14.69743576719581
7700 -15.283046757507266
7800 -15.416731664362
7900 -15.20215406123109
8000 -17.57799670527769
8100 -16.63917496463204
8200 -15.538147697879225
8300 -16.41040282911306
8400 -17.638975306058118
8500 -16.750107329689534
8600 -15.779987012968078
8700 -17.18065736305618
8800 -16.061066412249566
8900 -15.467760871474985
9000 -15.567538884102483
9100 -13.057732186903038
9200 -12.672525835786727
9300 -11.958790312811361
9400 -10.618579932286613
9500 -10.049198078557215
9600 -9.175026580368302
9700 -9.814348269733115
9800 -10.34470565059601
9900 -10.658899987872278
10000 -9.452943622015143
10100 -12.203231211580547
10200 -11.488601953396675
10300 -10.260359555985547
10400 -10.607448840403547
10500 -10.302991906149147
10600 -8.698188333610968
10700 -9.090922271575508
10800 -8.348580114511472
10900 -9.95251812074504
11000 -10.47047706358517
11100 -11.633610442316064
11200 -11.185070612059388
11300 -10.45352350432013
11400 -9.780583040827795
11500 -10.345937764833455
11600 -8.790339458307086
11700 -11.157053280029537
11800 -10.700071501804937
11900 -6.944191032849426
12000 -4.575557593233034
12100 -5.598303159655206
12200 -5.249890796699174
12300 -6.947305080084559
12400 -5.372491301703183
12500 -5.463498489347534
12600 -6.162902797041413
12700 -5.100838764573944
12800 -1.3282899216032613
12900 -1.4145391570800223
13000 1.3108403054627575
13100 0.7297872134114147
13200 0.17031122452106476
13300 -0.46627725863744324
13400 -3.4595944473156464
13500 -2.655913044349964
13600 -0.7137957821338312
13700 0.6486967032234368
13800 0.6489181308896992
13900 -1.1906834932821388
14000 -1.571164437482661
14100 0.06863598860003736
14200 -1.3934745745009545
14300 1.5088679136673457
14400 2.0553126773457113
14500 3.166498151460109
14600 -0.050541625941743384
14700 1.7395108462371152
14800 -1.5331352824391706
14900 -0.662371848733963
15000 -0.765082162696795
15100 -0.37486341269549756
15200 2.2997012890498207
15300 -0.11692907041391887
15400 1.2725217135983904
15500 -0.956862724390438
15600 0.6550701043994718
15700 -0.874806025619449
15800 0.41532891001987055
15900 -1.2239003555928758
16000 0.7079908578659491
16100 -0.5714635282618832
16200 -0.35303107406865936
16300 2.5527518709214903
16400 1.3576602727118556
16500 -0.020521238437273853
16600 1.0688394580236118
16700 0.06656103658833229
16800 0.3786466940379262
16900 -0.2520326387627901
17000 -1.3382971798666805
17100 1.387795260341199
17200 1.6969207236316606
17300 -1.0171357996843764
17400 -4.208860195156822
17500 -0.12627970966830204
17600 0.45358401523977104
17700 -1.8817988221317685
17800 -2.900342214390893
17900 -1.1182960456780966
18000 0.459033536987919
18100 -1.1533702317705445
18200 -0.8355780859313389
18300 -0.3574951300352955
18400 -0.9971955243325934
18500 -0.03727238032589966
18600 0.69067328541626
18700 1.538699724868931
18800 0.28887615797608257
18900 0.4497753393567169
19000 1.038421642510472
19100 -0.3298819919962788
19200 0.35605081341696043
19300 2.524653219209832
19400 0.3403945059344734
19500 -0.8604717318562864
19600 0.8168651700659684
19700 0.3501888422211168
19800 0.6742298237703952
19900 1.1523592731253307
20000 2.649352422758503
20100 1.216389082196922
20200 -1.4257367664385394
20300 -0.244860975004151
20400 1.4725273702753847
20500 3.5106336765606785
20600 -0.4984017241536522
20700 2.299750692932365
20800 -0.1497722224319159
20900 2.1660384322939614
21000 0.18681567044005026
21100 -0.7644771439038494
21200 2.664968949204964
21300 -0.11280953833639365
21400 -1.806070820991402
21500 -0.09995078619545172
21600 -1.3714969237184382
21700 1.1949005066091931
21800 0.8412023736476246
21900 1.5108212238286827
22000 0.7047439628223733
22100 1.3972266633842692
22200 0.815550659256729
22300 0.5447054066217766
22400 -1.9776381982860347
22500 0.538652277486655
22600 0.9828464320328893
22700 0.028559761087843555
22800 1.6988992330436197
22900 0.6517817220388602
23000 -1.0373094148542694
23100 2.544789351977971
23200 1.051595731372298
23300 0.2773934189506877
23400 0.7151791949150552
23500 1.275194003301061
23600 -1.0025391589676174
23700 0.6293529058707107
23800 -0.2058595167513823
23900 1.2820198255887714
24000 0.9390638472644282
24100 2.4838103024794576
24200 -2.5989703676223255
24300 -1.0303193677306608
24400 0.0856273851057476
24500 -0.537774393370035
24600 -0.07315549980289837
24700 -0.8220009317551249
24800 -0.7607456303311229
24900 0.31298874273002
25000 -0.029325331357077433
25100 1.189024703018504
25200 -0.4405627753753748
25300 0.11921786910769017
25400 1.2349558670726968
25500 -1.616698730821985
25600 -1.585585541283708
25700 -1.3134794757003698
25800 0.2928601169175632
25900 1.6478875564028026
26000 0.21192339218278541
26100 -0.7231510931111937
26200 -0.8495469352210281
26300 -0.611239099044997
26400 -0.409227551212125
26500 -2.057970395377223
26600 0.27252342438689925
26700 1.9650864672844393
26800 0.3360736735729834
26900 -0.7536979168810016
27000 0.2469677702905646
27100 0.2632651593433236
27200 -0.05095165245785202
27300 -1.0358118210234888
27400 -1.831234839899489
27500 -2.0680423356726796
27600 -2.0189016269906817
27700 -1.3108321807607302
27800 -1.9298052159454848
27900 -1.903835856634406
28000 0.33218096440136835
28100 -0.2960231242841052
28200 -0.14520313700530108
28300 -0.22631164442889234
28400 0.36268169487321855
28500 -1.266800777397131
28600 -1.0188721272471546
28700 0.35441512663218777
28800 1.3280793061938223
28900 1.4223908345035077
29000 -0.5994036460184243
29100 0.41282600373888195
29200 0.6884799260377132
29300 0.8799306577182848
29400 0.10223827582594863
29500 0.4762126910843566
29600 -0.4915405213804842
29700 1.402247594401357
29800 1.9799794838194351
29900 -0.5991448117652065
30000 0.8704968555969539
30100 -0.28330531442441936
30200 -2.309360559400873
30300 -2.7351939601905997
30400 0.9901548264670208
30500 1.1811525612197602
30600 1.0940476578590366
30700 0.5917011874326985
30800 -0.9037673918894458
30900 -2.2388106856100563
31000 -0.9134769560247431
31100 -2.125980576214071
31200 1.392067767802272
31300 -0.5268929308694137
31400 1.2044096821099126
31500 -0.14258992957895172
31600 0.6344123404176971
31700 3.09828494144131
31800 1.0868516215298192
31900 1.7719613195428912
32000 1.3828768138940326
32100 -0.29315784480471857
32200 0.1314553396366167
32300 -1.8640639360989748
32400 0.10198306269676317
32500 -0.024076484192700948
32600 0.2817949816080237
32700 -1.38392941243417
32800 -0.11342557156222641
32900 0.2786459289577631
33000 -0.8939799930578949
33100 -0.9094989277005818
33200 -0.7527543512385038
33300 -0.0693188404235058
33400 2.4985309457468294
33500 1.2789653026962131
33600 -1.4884206152355706
33700 -0.7065070008616758
33800 -3.545752845786928
33900 -2.2105326847690696
34000 -2.9459209395454966
34100 0.7123027496208787
34200 0.9953482125724571
34300 0.7768024605376298
34400 0.8214205905306156
34500 0.36488112074080564
34600 1.0579610133058395
34700 0.6710488028983952
34800 -0.8507898120959774
34900 2.3172350396758516
35000 1.7877674506890144
35100 -0.5699582646312957
35200 -0.35858489223112305
35300 0.1923534127844237
35400 0.9391624870919153
35500 -0.07618932192958677
35600 2.245208689380157
35700 -2.4147148598731873
35800 -2.472206735439008
35900 -1.1333112926509699
36000 0.4684814252764508
36100 2.8498479268789807
36200 -0.4698234071159913
36300 -0.9779677748952191
36400 -0.8687268322919852
36500 -0.08768443461078362
36600 -1.2246703891133075
36700 -0.30870720060452633
36800 1.026301721722233
36900 -1.9039610659818473
37000 -2.794828836404439
37100 1.3601602778668063
37200 0.4766053926253228
37300 0.5737989535462911
37400 1.329034055678908
37500 -0.22943637611181172
37600 0.17579787245684358
37700 -1.0712412036801537
37800 1.8829899494892193
37900 -1.057255121872284
38000 0.08905907384268896
38100 3.086195684791513
38200 0.15051956073267475
38300 -1.482813025483569
38400 -0.1742065077595829
38500 -1.0338843441602121
38600 -0.03212806223219877
38700 0.5198616575883442
38800 0.8785399499522459
38900 0.600029138644117
39000 2.708279420435661
39100 1.2465160634493941
39200 -0.5813566154899017
39300 -0.10424547150185846
39400 -3.0528833951684327
39500 -1.4172331866174432
39600 1.4217693830930558
39700 0.3765781293752373
39800 1.6484552243079882
39900 1.3085343839386592
40000 -3.622108170336627
40100 -0.33488293805953323
40200 1.6621875142135096
40300 0.7421975928283564
40400 -0.9592730934065665
40500 1.4809446793074936
40600 -0.4175359610572928
40700 -1.1269471833228664
40800 -3.0146019648844806
40900 -3.5985087365337414
41000 0.13414102608343154
41100 2.2963268688907306
41200 1.031187105998029
41300 0.6628836746199258
41400 -0.862141995605413
41500 -0.9572229468880751
41600 -0.8254046448264478
41700 0.6514186817323396
41800 0.35540110058768737
41900 0.5690503975514718
42000 -1.900451559134172
42100 -3.5370806862947046
42200 0.16051292852520077
42300 -2.4565774927288158
42400 -0.12733090172557782
42500 0.1645027727989224
42600 0.3986483611153285
42700 0.22104880861349563
42800 -1.3677740835618935
42900 0.6993726608030311
43000 -1.2611751835306548
43100 -0.1026268213955695
43200 -0.6466186813783632
43300 0.7954325552741108
43400 0.5127253429021377
43500 1.0535301859681931
43600 1.3863944323436164
43700 -1.2156961652100498
43800 0.36454748235146855
43900 -0.9867869813982011
44000 0.26847421977581376
44100 1.8720961962009246
44200 0.4223073609382228
44300 -0.5130817859636614
44400 1.6432514266733529
44500 -0.21412403787394213
44600 1.0778643349888233
44700 -0.3728308566131528
44800 1.597074379648273
44900 1.8041094685831625
45000 0.6601737920711056
45100 -2.9864800127211213
45200 -0.7654206685956428
45300 -1.274689467289325
45400 -2.1790766775083377
45500 -0.011128275214647376
45600 1.6399156244127877
45700 1.0776755246704124
45800 2.0990333311731315
45900 -0.5007123448797601
46000 0.19922121630833578
46100 0.14144012376383086
46200 -0.7181294395539144
46300 0.7174022230559152
46400 -0.4630218121379447
46500 -1.5455650905923128
46600 -3.4509062271268576
46700 -0.6717184909236944
46800 -1.1993406321430142
46900 -2.140399848359165
47000 -2.677281687118936
47100 -0.351413708839409
47200 -1.8965676807797538
47300 -2.7796573033584413
47400 -0.6152271958902307
47500 0.0021837710384943754
47600 -0.03772502792708471
47700 1.2449354914878457
47800 1.714578895037852
47900 0.6470479411631318
48000 1.6643176839900247
48100 -0.9364418743966356
48200 1.6126117463953344
48300 0.3309755863736851
48400 0.1949080127250272
48500 0.10087566468184467
48600 -0.5774095730184376
48700 -1.8164369020161584
48800 -1.9214114591778382
48900 -0.37783163840010414
49000 -0.4463081027414204
49100 -0.6613777818309898
49200 0.4470646003655654
49300 3.318810116502641
49400 3.9032716951946584
49500 2.245768596197671
49600 0.810573606607355
49700 -0.2046080067477103
49800 -3.0773300101636023
49900 -3.6414245284733604
50000 -3.166897957136601
50100 -1.0815842656305572
50200 -1.7748163699848216
50300 -0.9492415965709322
50400 0.48491921991819315
50500 -2.840300196318271
50600 -0.22900345376186082
50700 -0.20662041153563634
50800 0.337225822099858
50900 0.23695531434040745
51000 0.846240623505037
51100 0.5547033361034652
51200 -1.8813908874869245
51300 0.17788628441629245
51400 -1.7673418421480447
51500 -2.0381766051016497
51600 -0.47907083595378747
51700 2.9249087221250862
51800 0.5733588428196161
51900 2.1782918520521886
52000 2.0327717424926846
52100 2.7629010016551647
52200 -0.35839779213416384
52300 -0.46756718217083215
52400 0.5204953124747929
52500 -1.0577077534002612
52600 -1.5866127166340924
52700 -0.12473288170456248
52800 -2.437816983181527
52900 -0.2561504654210633
53000 0.6722723692799142
53100 0.4486018424115889
53200 -0.3752807585485609
53300 0.8215973121578442
53400 0.31583625168476254
53500 0.042855716295042784
53600 -0.3575712118222391
53700 -0.7577882089923687
53800 1.647913555222394
53900 -0.02301068650230509
54000 -1.116896465831126
54100 -1.9069196568648268
54200 -0.6537925146751635
54300 0.756440131506255
54400 -0.006823436838495539
54500 0.20480893885660584
54600 -2.4554973342938045
54700 -2.0326255815514056
54800 -1.8711422687454846
54900 -1.2438007640383066
55000 3.2084552870648912
55100 2.426829337900321
55200 0.2469927953705376
55300 1.4923032021768365
55400 -1.686646188440111
55500 -1.1528759283524272
55600 -1.6458462047968196
55700 0.42382996287861535
55800 1.441357880881966
55900 2.282829385416723
56000 1.5484396558372677
56100 -2.143768705991352
56200 -1.958456868041422
56300 -1.6646213490261275
56400 -1.8145796819682554
56500 -0.5643718285444819
56600 3.8909601780055016
56700 -1.004536547339239
56800 -0.426828695461196
56900 -1.2605497539977275
57000 2.102267410693862
57100 1.3006952417212427
57200 1.9876319883255322
57300 3.25040012518197
57400 -0.34498385540161725
57500 -2.0027640088916496
57600 -0.8050561719031137
57700 -0.5488791682483867
57800 -1.6435252857230778
57900 -0.32967134901725287
58000 1.5614465225233713
58100 1.011533018742303
58200 -0.9950660928904449
58300 -1.2628044833173122
58400 -0.7229475909563947
58500 -0.20547855198255702
58600 1.0303056667318942
58700 2.492831453948358
58800 0.9789459726748109
58900 2.5689861714325093
59000 0.6944290499223233
59100 -0.4578972505140175
59200 -2.173761501925462
59300 -0.2648581786359206
59400 2.0102491657720916
59500 2.630117682830486
59600 0.28247439722708495
59700 -2.13720566294281
59800 -1.9451833937758929
59900 -2.092190709165868
60000 0.5876946182063276
60100 -1.1076824354732362
60200 -2.5321780017398665
60300 -1.0957701603071628
60400 0.9162143613181091
60500 2.1960471920789204
60600 0.017450213003152748
60700 -0.10280495164197223
60800 -0.7123755071727218
60900 -1.3346406096327545
61000 -2.5127538565932706
61100 -0.8856294972275294
61200 -0.6005499932459988
61300 -0.20765559443065376
61400 0.9543003886650796
61500 0.6108776136946013
61600 -0.5035828267771081
61700 -1.0140136642936226
61800 -0.3685936736531297
61900 -0.6754410341464212
62000 1.2578938109662072
62100 2.0532456824837615
62200 1.2739504552934109
62300 3.4870865463285745
62400 1.0821704242355306
62500 1.7077070070257943
62600 1.1985970573036215
62700 -2.6036485688920594
62800 0.5440691477948973
62900 -1.0049286276001788
63000 -0.6497210991893656
63100 -1.5015961513390599
63200 -2.104472275157582
63300 -3.2080192856227074
63400 -1.5767102440099758
63500 -0.9774540632544793
63600 -1.4534252510513466
63700 0.8164236684292716
63800 0.44458054099555516
63900 1.8448617782358399
64000 -0.08473625805288658
64100 0.2152160130401228
64200 1.5999354537546944
64300 3.1086163955240895
64400 3.7819451143072156
64500 0.396269176763184
64600 -0.6124834983820631
64700 -1.8982184541633882
64800 -0.540112792491372
64900 1.26629937081121
65000 2.474848740918892
65100 -0.4378529416487467
65200 0.25638053791584203
65300 -0.5299648748370358
65400 -2.280698266986842
65500 0.10517069113144711
65600 -2.681390944082014
65700 -2.514066665929094
65800 0.057752653432693146
65900 2.6686267061459352
66000 0.7233090876128108
66100 -2.283768921420878
66200 -1.3358784338963188
66300 1.4021112784096652
66400 1.1238086383643053
66500 0.8723000909399461
66600 0.673267279078285
66700 0.7263031657192536
66800 -0.12134910860903031
66900 -0.5410662410177518
67000 -1.8166367803265422
67100 -0.6048502880850248
67200 -0.4074416527712841
67300 0.7077724826851668
67400 0.02198809387094125
67500 -1.2938399343599059
67600 1.5156668634514119
67700 2.037089862557903
67800 2.6776028727713714
67900 -1.235038601440119
68000 -1.2674297783753634
68100 -1.1381222749154667
68200 -3.415181482879623
68300 1.1154085763825043
68400 -0.09869259838943945
68500 1.0171351142758684
68600 -1.1004381802587495
68700 -2.24121753574837
68800 -3.407695322503825
68900 0.14646426695056358
69000 1.3764457283469687
69100 -1.527875251122567
69200 -2.113894394177904
69300 0.8148220488720692
69400 0.12064885789148383
69500 -0.481367966162133
69600 1.0008108605619765
69700 2.3453024175293753
69800 0.029898247151017687
69900 2.762668705287391
70000 -0.47118475159042056
70100 -0.6076178142472186
70200 -0.537890951146133
70300 -0.1835747245423076
70400 -0.003849232798515123
70500 -1.0977657574468471
70600 2.164891199661163
70700 0.06151667979766509
70800 -0.03477539063198906
70900 1.837967058253055
71000 -3.2017174507433706
71100 0.6938397361419768
71200 -0.2939156931019514
71300 1.266130837153026
71400 -0.20545773498698258
71500 1.6009533074513433
71600 1.8837761368263881
71700 0.7310005840159228
71800 0.9413059078716677
71900 -0.5851189660870302
72000 -0.0419222764446002
72100 0.9268221428636547
72200 -2.0692443395608087
72300 -0.05924130769649433
72400 0.6055700301701841
72500 1.2948593783920028
72600 -1.0187543344032866
72700 -0.8270253588756331
72800 0.13511463862116513
72900 -0.41641001550530976
73000 -1.5644805613235353
73100 -0.7336377115543227
73200 -0.33764257097868766
73300 -0.7158619193877598
73400 -1.1425625957784245
73500 0.15641551351909244
73600 1.481219279339599
73700 0.8618687152483551
73800 1.8520413879380673
73900 1.3180062395574372
74000 0.42649954559054093
74100 -1.886986126084232
74200 -0.30145074309138103
74300 -0.6212254511882369
74400 0.8039914187228108
74500 -1.0996866900387492
74600 0.07725907502443807
74700 0.9316130665622735
74800 1.3375203168750929
74900 1.9151707954069885
75000 2.5100033518209086
75100 0.5899476137079758
75200 -0.48980290582156466
75300 0.018365343775763654
75400 0.9529301913739345
75500 4.135025809691505
75600 1.2027486866838575
75700 1.442194657533287
75800 0.20501513276662503
75900 -0.20135879702145665
76000 0.008464152783962925
76100 0.3642289581465597
76200 1.2666624048918038
76300 1.2658968627008156
76400 0.773668217768398
76500 -3.211973306101986
76600 -1.0803073228491673
76700 -1.5738713898948615
76800 0.5725216435076497
76900 -0.49558157118395557
77000 -1.1526675396902257
77100 -0.816029857978996
77200 1.9980207202299682
77300 0.8555386459847569
77400 1.1407419118425788
77500 2.4224394423120663
77600 2.440696882314294
77700 -0.1773457981381938
77800 -0.01631567469052994
77900 -0.32165747633285496
78000 0.08309644325718134
78100 -1.497270604408838
78200 1.570670576225014
78300 0.24627717750764402
78400 0.050355026761841615
78500 0.8226734830966571
78600 -0.12600914350667716
78700 3.3550851311183996
78800 2.312944504482644
78900 1.1606090057945804
79000 3.1716464547948875
79100 -0.007879911329369466
79200 -2.548374596136406
79300 -0.4994121443604635
79400 -1.648258949195755
79500 -1.0656743901010353
79600 -0.20141375886901391
79700 -1.2109320667584267
79800 -0.13361655250318902
79900 3.367270465999837
80000 0.9052638977893464
80100 2.1239924127132936
80200 -0.7272572250757823
80300 0.2310446469305872
80400 1.3426250236873474
80500 -0.284008065306327
80600 -1.5329060361721525
80700 -1.5403176637386067
80800 1.3619093081844962
80900 -0.4623502904288075
81000 1.4024659152542385
81100 0.3642764204742418
81200 -0.19952607214368262
81300 -2.016001437404759
81400 -1.1925178995939185
81500 -0.3260077706596047
81600 -1.9971362170551672
81700 0.7376081591233545
81800 -0.10214705348013667
81900 0.09968996610478409
82000 4.020288703834186
82100 1.7293805647613962
82200 -0.6807288011074442
82300 -0.7448168401236508
82400 -0.25173352415651806
82500 -0.78384167667751
82600 0.5487533277542123
82700 0.7568721068852367
82800 -0.07682528496288987
82900 1.7801707754257996
83000 -2.1216409885376892
83100 -0.16087953772145083
83200 0.9063232862552066
83300 0.2112501119459113
83400 0.646604853496529
83500 -0.5498541989349046
83600 -1.6310821022006865
83700 -13.276381975212756
83800 -17.53893835256018
83900 -19.099171843169803
84000 -19.670267760670534
84100 -19.879307336444914
84200 -19.955822581784382
84300 -19.983829636179085
84400 -15.539915349278523
84500 -12.454296780850312
84600 -12.026066349167012
84700 -12.117515474823664
84800 -15.16001109150856
84900 -13.472151211667143
85000 -13.469915825655825
85100 -12.808296060558382
85200 -8.005454214243557
85300 -1.6737721570775792
85400 -1.0808310853474656
85500 -0.9479167350722266
85600 -1.1609122000564662
85700 -0.2819286379747252
85800 0.22773363656553947
85900 1.6942259255806396
86000 1.7585092728254432
86100 0.4554494531882339
86200 0.7505562436513524
86300 -1.23993043670149
86400 -0.3744770654282112
86500 0.6016516971664148
86600 2.017883839601803
86700 0.8415913853801662
86800 -1.5935424835874938
86900 -2.732441036354506
87000 -1.205457764497562
87100 -2.3408029986111822
87200 -1.5523825768245239
87300 -1.510269232295845
87400 -0.6183766259777739
87500 -1.9842744273252961
87600 1.1300250116801096
87700 3.09058126014573
87800 0.18302826918749932
87900 -0.8181530160485047
88000 0.18517534611451758
88100 1.0731592962790844
88200 -0.845463071860278
88300 -0.5664241122414081
88400 1.8110970354927345
88500 -0.9275080919051726
88600 1.88959158432818
88700 1.1746884057497744
88800 -0.19678452354199794
88900 -1.0061320666578308
89000 -0.4073211525370815
89100 -1.4278721384401216
89200 -0.8977095247528701
89300 0.055034654465703936
89400 -1.9972756847270032
89500 -2.510038119621795
89600 1.067959184503555
89700 -0.07911004271637373
89800 0.4230396462420464
89900 -2.9025633371122344
90000 1.0375537643208914
90100 -1.7751028683550176
90200 -1.9468821535749907
90300 -0.030685473147583353
90400 1.1487761692299
90500 1.4752746183152414
90600 -1.0303454515948032
90700 0.046052176978266496
90800 -1.4877564399785321
90900 -0.8207075521214351
91000 2.344606525278366
91100 -0.32631798999791795
91200 1.077792831101228
91300 -0.008756030766454842
91400 0.6738705753135068
91500 -1.4082646351205066
91600 -1.754772054839048
91700 -1.4516982116226151
91800 -0.17167542524137178
91900 1.7928652844031268
92000 2.616968117067337
92100 0.5171211695006901
92200 1.7862872767719609
92300 1.1798686000913934
92400 0.6006097523558912
92500 -1.606012205142869
92600 0.44505833892048113
92700 -0.1121051677438376
92800 -0.05116618212240681
92900 -0.6320125738736471
93000 1.8985457184137975
93100 0.1304152656454743
93200 -0.8973413702955602
93300 -2.027829281594148
93400 -1.5639918448105081
93500 -2.125263371124974
93600 -0.052904114818150244
93700 -1.1908396918241932
93800 1.5132656351759077
93900 -0.9745643548057019
94000 -0.9350642237646645
94100 1.8767216520261585
94200 -1.4074503824774043
94300 1.2169558576565944
94400 3.236242005450961
94500 0.3179533787387922
94600 -0.2560353128922
94700 -1.0543337597059916
94800 -1.6231176639008817
94900 -3.442644236116652
95000 -2.0476002439515613
95100 -0.4859880892721236
95200 -1.3887772504242983
95300 -3.4821051378855965
95400 0.6466377531968686
95500 1.765832639852407
95600 1.7901550819259613
95700 2.0195535628182633
95800 0.655978100608712
95900 -0.5902545023046153
96000 1.5599797789414158
96100 0.1436818789239787
96200 0.5170363512237437
96300 -2.6369343669383376
96400 -1.7266064432182688
96500 1.6156624833205773
96600 -0.026982614109931552
96700 0.7981868405597796
96800 0.5098167305241783
96900 1.4969417100340738
97000 -0.8374450694841997
97100 0.27314950965829254
97200 -0.010903865396702461
97300 0.4116038209212149
97400 -0.7358010278348119
97500 -0.824947267560393
97600 2.358556160102166
97700 2.054205331474785
97800 -0.690757220564646
97900 -1.407459839198003
98000 -0.0790691934306832
98100 -0.6210117910032644
98200 0.19518986368085217
98300 -0.9245740753517009
98400 -2.076762345665441
98500 -1.249012489936813
98600 -1.853166995028875
98700 -1.3273887394850055
98800 -0.2028407539442337
98900 1.3338700217011887
99000 2.813753517748594
99100 -0.7866225985553299
99200 -1.065236701410789
99300 0.9191459750461495
99400 -0.5181102744991873
99500 -0.2970154476857906
99600 -1.6927079839762482
99700 0.9996665036988528
99800 0.7155051528102718
99900 0.10049758221062843
100000 -0.9605871033172648
100100 0.7385566327670536
100200 -0.8791341090202696
100300 -0.6764796518419685
100400 -0.4666400816285579
100500 2.296844136238771
100600 -0.37720370520062885
100700 0.36937609250520714
100800 -0.02259246713280813
100900 -0.20627223144668783
101000 -0.37635528223736914
101100 1.383560806459818
101200 -3.4412255013106505
101300 1.2954252721078154
101400 0.9072079679593636
101500 2.391557582683387
101600 0.009908218416010445
101700 1.1634702492055957
101800 1.103250584049028
101900 -1.9099858182354208
102000 -0.0939595936255247
102100 -0.9399818123256727
102200 -1.1084581904022495
102300 -0.4931906918196301
102400 1.0205710095669538
102500 -1.9124914861586781
102600 0.047319950112644005
102700 0.10862082350083187
102800 -0.48927384116132416
102900 2.630676770897475
103000 1.8677283009921057
103100 -0.5705044058826145
103200 0.10441408871136523
103300 0.594146245883
103400 -0.274021680839044
103500 -1.1804842078307871
103600 1.1832785767043925
103700 -0.05055887548091978
103800 0.7193313488759003
103900 -1.688675113153032
104000 -0.3666038854061677
104100 0.9499516652380133
104200 0.10534377573349245
104300 1.117059294836161
104400 1.1790187945655972
104500 1.0142588704657096
104600 1.2266816068744992
104700 -1.5818016190866733
104800 -0.5184922482985574
104900 -0.5381237837027995
105000 -0.4998494798519487
105100 1.5063972523547708
105200 -0.3044525252267487
105300 2.2047866782406347
105400 2.1591514249399304
105500 3.6558553111008916
105600 2.601066562029246
105700 0.9957059233298666
105800 -0.361233546223443
105900 -0.4034321159766479
106000 -1.3908179425534235
106100 -0.107994478749531
106200 -0.5684106677120868
106300 -0.5957660788322607
106400 -0.787868485312099
106500 -0.8630036700279331
106600 -1.5534270656117515
106700 0.8176410100604121
106800 -1.7750960292247693
106900 0.650893353530414
107000 -1.193611057315982
107100 1.5429169204418738
107200 -0.01639885485124204
107300 -1.1475650411790315
107400 -1.0888168696015563
107500 1.581770533717026
107600 1.2139314408669715
107700 1.3090576841305628
107800 -1.9139692473059942
107900 0.1879110517691277
108000 0.8894967785229424
108100 2.086666544818275
108200 2.875029181220293
108300 3.2770270907483994
108400 0.8969047621135995
108500 1.851346818337306
108600 1.3870413054359214
108700 -1.3653372939146522
108800 -1.2122324027975615
108900 -1.2510330761062607
109000 -0.8685827527914578
109100 -1.9301563620022824
109200 0.3331254095270065
109300 -1.706590213020604
109400 1.1540953481623952
109500 0.6401426359253559
109600 -1.3923612270482248
109700 -0.5496003227251449
109800 1.592935017183541
109900 -0.7649924419163527
110000 -1.8503265153369868
110100 1.3334208093132756
110200 0.691084650998912
110300 0.5155132899375905
110400 0.7573714115083721
110500 1.0412604937720957
110600 -1.1323462657830214
110700 1.6559097239048353
110800 0.8585381000916215
110900 1.501428671317213
111000 -1.0603924175166841
111100 -0.33567972980043587
111200 0.8646621828766861
111300 1.5285724690650928
111400 -0.31893371261991316
111500 1.629181838572792
111600 1.996527684853625
111700 0.0035684052727639193
111800 -0.27766229877744597
111900 1.1467679012975969
112000 0.751274545213285
112100 0.14839579457806862
112200 -2.3464390560466537
112300 -1.3532379704673352
112400 -0.391849991985503
112500 -0.2548451828449417
112600 0.26059835918584534
112700 0.14471918113493526
112800 -0.3681784598292884
112900 -1.480804575163895
113000 -1.014022167868491
113100 -1.0983953475848114
113200 0.9711393466288814
113300 -0.3654936194302437
113400 0.586451635331634
113500 1.1246571601193525
113600 1.488264806168279
113700 0.09517146853944379
113800 -1.7776467047676008
113900 2.654339833580823
114000 1.8902106978977216
114100 0.08689355297399504
114200 1.4843148494217215
114300 0.5018955465260606
114400 3.222417084637725
114500 -0.06295528225687658
114600 -1.0907764030080136
114700 -0.424602263706008
114800 -1.1334771507207
114900 -1.1333806482976307
115000 -1.1821390731678592
115100 0.5897616406346855
115200 0.5287994395419391
115300 -0.5429591098278019
115400 -0.47816397857871157
115500 -0.5497982609453358
115600 -1.1752823993191495
115700 -2.0155016672860233
115800 0.2523891366862099
115900 -2.1484148735478477
116000 1.430763519838927
116100 -0.2575883716046885
116200 1.1466490403882634
116300 -0.04784711010359852
116400 0.8431301609622381
116500 0.3421940298957719
116600 2.1268799893476755
116700 -1.0749400568119964
116800 -1.0324204637287815
116900 -2.4311011630091586
117000 -0.5565287029112438
117100 1.3297035434714326
117200 0.056261385050158264
117300 -1.3176940580260832
117400 -0.6526158811930998
117500 -0.20666344012914445
117600 0.9624346907736436
117700 -1.1864070381747642
117800 -1.6128682358561803
117900 -0.615745792845535
118000 0.3208528854450889
118100 0.31531177718347725
118200 1.0705083713568846
118300 -0.134662033318507
118400 -0.7963711198804551
118500 -0.18444912086985585
118600 -0.6465539737019781
118700 -0.057504961242245134
118800 0.27422749883482683
118900 -0.4067295623463493
119000 -2.8070956273006304
119100 0.718488278095206
119200 3.532865165990348
119300 2.7455750898404645
119400 3.6319890732171425
119500 -0.5372922378584206
119600 0.782554375341906
119700 2.454949939464575
119800 0.4618549609059247
119900 -1.3256610091818948
120000 -0.9617484642955023
120100 0.09512468368330035
120200 1.589736737610835
120300 1.0536042071320433
120400 -0.49610741786286155
120500 -0.6844652109137055
120600 -0.3765540851725114
120700 -1.314990217380687
120800 -1.1765659232763408
120900 0.43664070159260604
121000 -0.4700058998267677
121100 0.18131015441795176
121200 0.4310702425337931
121300 1.076779387905121
121400 0.7500925347885794
121500 -0.2733226659505119
121600 -1.1850329283294998
121700 -0.04969171334151404
121800 -0.2775439992660044
121900 1.351708723914988
122000 -0.1067971070467713
122100 0.9533757891961527
122200 0.7483018900003082
122300 -1.9149812367895296
122400 -1.146601973913855
122500 0.28882052464055813
122600 -0.5914570365731855
122700 -0.644357292860471
122800 0.38675521314768024
122900 1.8651251324870777
123000 0.6835861258543408
123100 1.083900177639384
123200 -0.44592728526481934
123300 -1.1615101558441978
123400 1.4030375978987326
123500 0.2836180677971217
123600 2.380268626037264
123700 -0.3871386213102017
123800 -0.5372080338414775
123900 -2.8821257013210895
124000 -1.8939966671100483
124100 -0.5646713458034873
124200 -3.389999097833417
124300 0.004227325518975311
124400 0.6551404770250815
124500 1.6052696847775108
124600 3.0998988731941273
124700 0.33337926887514174
124800 0.7535753718961673
124900 0.35114246995768494
125000 -0.9251767639865625
125100 0.17505387151483967
125200 -0.5827387604209149
125300 -2.3892139788716107
125400 -1.3574069291510402
125500 0.2666856588448413
125600 0.41684730231875083
125700 -1.5621193029829743
125800 -1.5179619828091653
125900 -2.2169016927104477
126000 0.24196193897154494
126100 -1.456087523121307
126200 -0.6555921422908277
126300 -0.4886003998954104
126400 -1.033746799728691
126500 0.41111689020904746
126600 1.2160319800375925
126700 1.3745273940867808
126800 1.013142596633652
126900 -0.5782859384009502
127000 -0.7205501741016977
127100 -1.2188589039960123
127200 -1.2088145813077202
127300 -1.5324979316281262
127400 0.3279076189899167
127500 -2.4637528593480207
127600 1.4471762474033036
127700 -1.131540213907212
127800 -3.628153403542586
127900 -3.40513141631387
128000 -2.109248705484146
128100 1.0411951665825825
128200 1.0161608389687253
128300 0.40057636420052434
128400 -0.3604273120644229
128500 -2.3655460800718644
128600 -1.5143272737427524
128700 1.2598194174963278
128800 -0.10761436288557717
128900 0.279223362355229
129000 -0.6322949754634555
129100 -0.36938713986146204
129200 -1.5406692036826084
129300 0.23108454710232756
129400 -0.498243701432366
129500 -0.5468549492775197
129600 0.4390266373229193
129700 -1.101751426446397
129800 0.7613876194967777
129900 0.24652917457300555
130000 0.6549981362320987
130100 -0.4729384985619361
130200 -1.504989151198774
130300 -1.8641968741866244
130400 1.2427479531950871
130500 0.6745192922231358
130600 -1.324879825646077
130700 -0.6466653773439304
130800 -0.8202056601582739
130900 -0.3036819191542303
131000 -2.7551529804907298
131100 -0.4524773215954127
131200 0.4806305784956691
131300 2.0302808779982184
131400 -1.2872442682142928
131500 0.33728062479460585
131600 0.60421503962259
131700 0.6152656762100137
131800 1.5306237514936523
131900 0.2688601049549467
132000 -1.9060543573298545
132100 -1.4919255115462864
132200 -1.7489204967818504
132300 -2.7596802039570414
132400 -1.6543470828473017
132500 -1.7003274870731033
132600 2.256798130610988
132700 1.2204822424366537
132800 -0.12251857607866186
132900 -2.1553719264494213
133000 -0.6210089447530402
133100 -1.287045333179166
133200 -1.3115252011225293
133300 0.683174581850595
133400 -0.2779178560647104
133500 1.4939258281434282
133600 -0.07733673303684054
133700 2.0260556205708875
133800 2.5231251249415068
133900 1.725370523171435
134000 0.1513154415302121
134100 -0.8155623329387136
134200 -1.2250865510144278
134300 2.299295267937515
134400 0.48622080763106185
134500 1.7248389144780225
134600 0.6566323589731213
134700 -2.9369784236639362
134800 0.5807580329293773
134900 -0.10704290541323674
135000 2.109043850587205
135100 1.2204464782348072
135200 -1.4949385565973952
135300 -1.796498579128957
135400 -2.4526166122419686
135500 -0.15971976348227782
135600 0.9393404408064128
135700 2.1382988556782463
135800 -0.04893192608513586
135900 0.03942049106929385
136000 -2.0578201871414414
136100 0.6478305149867608
136200 1.1712471214711644
136300 -0.1144710836832693
136400 -0.1466142995676758
136500 3.3329074912780223
136600 1.5555054447432786
136700 1.006551967237004
136800 -0.0072701772951448695
136900 0.7365004011813148
137000 -0.04008346547029415
137100 0.7803474688452932
137200 1.312109942968507
137300 -1.2791839457338476
137400 -1.9320362771228574
137500 -1.8487642713660735
137600 -2.6235988182277348
137700 -1.5972997894016419
137800 -3.461822256535822
137900 -2.0915495816057845
138000 -3.489084680833045
138100 -1.50181128757519
138200 1.3423046026894834
138300 0.9306269965555383
138400 0.8007648543437407
138500 1.1134254942560593
138600 1.2161252430248002
138700 1.7667672849495546
138800 -0.4633233521685734
138900 -0.6604383918794028
139000 -3.368657161336471
139100 -2.7278795421431057
139200 -1.1479536904487664
139300 0.37283953283010746
139400 -0.4957613324330905
139500 0.2298527248663306
139600 1.8899398959574072
139700 -0.7829304870401237
139800 -2.538494154620381
139900 0.08281425652637076
140000 -0.2212917134174447
140100 0.4956770026585893
140200 0.30349810543245676
140300 1.8960353472291265
140400 1.7604298007523074
140500 3.686065293228434
140600 0.28741849168681594
140700 -0.5302973085608493
140800 -0.8817587149896609
140900 -1.6081965880171194
141000 0.03645427835840709
141100 -1.872713981044466
141200 0.7912404606217631
141300 -0.4277189951941455
141400 1.173021550062156
141500 0.25849676384415704
141600 -0.8758583958717612
141700 -2.372259587280353
141800 0.7659969142106051
141900 0.8280870139888452
142000 -1.3375334329916473
142100 1.261375734400308
142200 -1.3556374688227188
142300 -2.3084093911860406
142400 -1.958622376331767
142500 -0.7200965448134848
142600 0.6866648057956082
142700 -1.7651982224530793
142800 -0.028431164201282194
142900 -0.8240120490046587
143000 2.039139588826747
143100 1.4808026618915575
143200 2.0949709547166018
143300 1.4473381592214034
143400 -1.4397888415665054
143500 -0.49425685904055877
143600 -2.1179087359546487
143700 -0.9616765117289798
143800 0.19852260136965438
143900 0.40977211422153914
144000 -1.1444716118970932
144100 -1.0592686440443178
144200 -2.6665216628797204
144300 -1.3953959850555187
144400 -1.5716613897616158
144500 -3.58274389604585
144600 -1.449479511342454
144700 0.03743234564033568
144800 -0.09309028447434
144900 -0.7774172807620581
145000 1.2714311674535774
145100 -3.270149756432413
145200 -0.601472202785118
145300 -0.8556463566497414
145400 -1.0153762830513375
145500 -0.32354762679734
145600 2.0930731939728524
145700 -1.2493410043619058
145800 -0.19625134905661973
145900 -0.6703428384324053
146000 -2.20392013119962
146100 -1.308991241183208
146200 -3.1533390236131154
146300 -0.928793216746137
146400 0.8103296806786995
146500 -0.4249254508186176
146600 -0.6771011596702774
146700 2.417143918203
146800 1.407910218907688
146900 -0.09250795492559324
147000 -2.2736616383888375
147100 -2.8815003730382114
147200 0.19298021475054028
147300 -1.7763845117621728
147400 -0.5985710822675283
147500 0.17682189287551378
147600 -0.20272609051641827
147700 0.5332609112940938
147800 -0.3973929884591064
147900 0.3144100121864258
148000 -0.2202381725859287
148100 0.29967180311680824
148200 0.34748010056159506
148300 -0.5885682444501299
148400 -2.1961683425751093
148500 -0.8237182356626882
148600 0.502034247532432
148700 -0.5722692160093084
148800 -0.8832599008864246
148900 -1.6238470540996173
149000 -2.6069651742411595
149100 -0.2967940728608463
149200 -0.5836956099302475
149300 -0.09632138848088088
149400 -1.1504771535991112
149500 -1.4702852827876218
149600 1.8326197443806502
149700 1.7237501804217992
149800 -1.8864874872607034
149900 0.33786366127738476
150000 0.6118197547126776
150100 -2.0680607708218512
150200 0.6248969878678261
150300 0.3584329222069492
150400 2.3956587166887937
150500 0.2043809582799181
150600 0.5180816469413054
150700 -0.400744141578572
150800 -0.6191404506737058
150900 0.5847363207320186
151000 -1.0246830127933333
151100 0.15656318525889373
151200 0.12490756230793776
151300 -0.9284073592173434
151400 0.14511007661010134
151500 2.1800843732283424
151600 2.723023872129851
151700 3.865349756932278
151800 1.7555216641860931
151900 0.974444654653797
152000 -0.2766887989254598
152100 1.604708695041068
152200 0.4818693878467053
152300 0.3734582836326053
152400 -1.41313628753809
152500 -0.09897748025755626
152600 0.05949732143862735
152700 -0.10993685472970588
152800 -0.9158080466252103
152900 -0.305966907989145
153000 -0.023351981104005604
153100 -0.6285778577703054
153200 -1.2502860292477367
153300 -3.1730519836769515
153400 1.000238930511152
153500 2.301541742441126
153600 -0.7535284574383392
153700 -0.6995589006441726
153800 -1.3535151603061115
153900 -0.47033768932234404
154000 0.45575017285389613
154100 0.5748896170673106
154200 1.6421004628816385
154300 3.911561050304841
154400 0.11692148397933239
154500 -1.517096645551268
154600 -1.7782217040606254
154700 -3.9196059230935067
154800 -1.1166995882207464
154900 -0.28879517260955245
155000 3.391212530415572
155100 -0.48577008564392304
155200 -1.2877529876239344
155300 0.7167992702433295
155400 -1.2871858494782267
155500 -1.6743707912601091
155600 -0.41451376666986156
155700 -2.8208369736709424
155800 -2.290540599540452
155900 -0.976654677943656
156000 -1.810408948626003
156100 -0.7467512039112676
156200 0.1354459795584146
156300 1.9972015916650105
156400 -1.3007220610117076
156500 0.48622848684953374
156600 0.7767742511015809
156700 0.259053592693693
156800 0.8131721804131182
156900 -1.922259129016298
157000 -1.1156309495204486
157100 -0.5365314943258843
157200 -0.6452038262759257
157300 0.6611657859237003
157400 -2.0520456832784113
157500 -0.5207272343693854
157600 0.9950542152439164
157700 -1.9373295304154206
157800 0.35126882973056395
157900 -0.11783350204711306
158000 -0.18801392703409714
158100 1.5453467495098612
158200 -0.3580251845602145
158300 1.4618624964636946
158400 1.4578321138752885
158500 1.0769241050135285
158600 0.6831041989462678
158700 1.0259998099491865
158800 2.1822611303362036
158900 -0.9276091879623929
159000 -0.7100358932041455
159100 0.632901085008166
159200 1.965888608998509
159300 1.0607947812411282
159400 0.20365811148726748
159500 -0.811523675621769
159600 -1.2691548818482115
159700 0.234132282446081
159800 1.3196049666185439
159900 1.6427497224199237
160000 -0.21861056008192098
160100 0.18351149981659687
160200 -0.04118633392229551
160300 0.961140055435572
160400 0.8658001069353143
160500 -1.3085887071252122
160600 0.07103759768240958
160700 -0.2500468992631678
160800 0.713156287288383
160900 -0.41653665722451766
161000 -2.0102295742555025
161100 1.99556262761411
161200 -1.4429284843089714
161300 1.3574630402982626
161400 -0.6989851702472203
161500 -0.8105222310541216
161600 -0.7966589855344548
161700 1.474933857139258
161800 0.7790048762071242
161900 -0.8962861127772734
162000 0.08694716964528276
162100 2.422957200705503
162200 -0.6543420432295204
162300 -1.4414399024587696
162400 0.6179268983513615
162500 1.3019281959985407
162600 1.4302413995570515
162700 0.5317855721341072
162800 0.9296746194091354
162900 1.4002162013511685
163000 -0.05645948936512463
163100 0.49831756311461767
163200 0.5718680861717977
163300 0.27641713448645877
163400 0.10633479693204834
163500 -0.10419221731574452
163600 -1.932650984532718
163700 0.6009344140910742
163800 1.4781764206771482
163900 -0.40127099608205324
164000 0.8155783973496429
164100 0.72617874134755
164200 1.2711302618252502
164300 -0.7786314930461489
164400 -2.2574147155271302
164500 -0.21641292480782648
164600 2.648733261069858
164700 0.1706773393813864
164800 -1.2289955844904639
164900 -2.3823490613495597
165000 -0.3161484450271724
165100 2.247578800958546
165200 0.7955334564455445
165300 -0.5228567994239222
165400 0.6687351472749854
165500 -0.060675755327656955
165600 0.37003661232322543
165700 1.1338829757362454
165800 -1.3142958170212564
165900 -0.8267084175104058
166000 -1.1541053341954646
166100 0.1520221158314763
166200 -0.37380191600134344
166300 1.3987635147460127
166400 0.7714310233520489
166500 -0.8635821873434331
166600 0.6885125793849266
166700 -1.365318314835445
166800 1.0173001057763738
166900 -0.12325156491477851
167000 -2.370339376418261
167100 0.10909856565319914
167200 -1.6035594566544835
167300 -1.9171746174855444
167400 -1.7411200049279016
167500 0.6978764537052651
167600 1.4049595521098899
167700 -2.532972842671297
167800 1.9864383699560098
167900 0.02103310267551256
168000 1.672062201467023
168100 0.3427311974102544
168200 1.1425619815194654
168300 1.4040779854941075
168400 -0.7994558404217011
168500 -0.641744993523119
168600 3.0995816053155254
168700 -1.2776326991577192
168800 0.4519890590940281
168900 1.4089642272456926
169000 -1.4615750408729493
169100 -0.5920557986115786
169200 0.4314127103645041
169300 1.433218414138237
169400 0.002595813364385108
169500 0.7065488723971021
169600 2.0462650874408435
169700 2.732641888921796
169800 1.738820343652827
169900 1.5589194016899215
170000 -0.42651199327808015
170100 0.539120825295063
170200 -0.4153743949940816
170300 0.6203361580541114
170400 0.02471399140829958
170500 -2.819325306871172
170600 0.1419825944712178
170700 -0.915016212171587
170800 2.175496962376196
170900 2.4093319780306635
171000 1.253740293795409
171100 1.222849883754099
171200 -0.9630492722424644
171300 -1.483888369019214
171400 -2.1500375502958304
171500 -3.2704134594677488
171600 -4.587956612573021
171700 -1.9649335053361328
171800 -0.3031970107182751
171900 -0.7001630089659396
172000 0.7708034152753314
172100 -1.6250192657056446
172200 -0.24646773001600766
172300 -1.8905705689049948
172400 -1.2986792911331588
172500 -0.26267630412141363
172600 0.3500254096630948
172700 -0.9836491135867353
172800 -1.668977392403643
172900 3.016079912102728
173000 2.603709405795575
173100 1.1928121658695683
173200 1.56485245911772
173300 0.8714110881654042
173400 1.3557781588415767
173500 -0.3851061717182073
173600 -0.28765163074737693
173700 -1.8394648958552933
173800 -1.0384674155995457
173900 -0.21544663236201683
174000 0.9418537492928174
174100 1.5409458802234064
174200 2.8331742735910592
174300 -0.6350559026970071
174400 -1.0032880711454213
174500 -1.7685780569120193
174600 0.2547864971733819
174700 -1.22272406623084
174800 -0.02102058021631381
174900 1.6528172042163822
175000 0.9937766659049656
175100 -0.216693091321222
175200 -1.9973078051642579
175300 -1.5409613632328205
175400 0.5376648669724291
175500 -2.9399718148728367
175600 -0.8419143444756008
175700 0.03164824646619552
175800 0.8802985334011817
175900 2.2892319928264127
176000 3.4936133571652643
176100 -0.459067814043335
176200 0.2934044535549568
176300 -0.06978819159869712
176400 -1.1078268591008886
176500 -0.48065672469632353
176600 0.5540466133101551
176700 -0.09546572351351952
176800 -0.7480331037147934
176900 0.7273965425743887
177000 -0.18301399826061815
177100 0.5768265472791314
177200 0.23921103960862297
177300 -0.1650316222038169
177400 -2.304047473315869
177500 2.0985305200313924
177600 1.4319708506669389
177700 -0.11735538687034469
177800 -0.4253835979571053
177900 0.1467104439843337
178000 -0.14442884421681418
178100 0.19669769478548965
178200 -1.275509234715067
178300 1.951450871536837
178400 -0.3989865042452061
178500 0.05423409804461615
178600 -0.6355320373172548
178700 -2.0560998779348734
178800 -1.539172576503945
178900 -1.8309355397767495
179000 -2.3361625361755562
179100 0.46993644542078045
179200 1.8252276286701001
179300 -1.2622796659700575
179400 -1.2686909927147045
179500 -0.3448426873309777
179600 0.7206026939307826
179700 -1.5480302434765811
179800 -0.7001497220118442
179900 -0.17698589085884833
180000 1.3702481623831568
180100 0.8055738837368327
180200 0.04299902262148805
180300 1.0662678786346214
180400 1.7206036890151766
180500 -0.5189441664917687
180600 -0.024532943691888992
180700 0.09054042454699712
180800 -0.6659297040593546
180900 1.2648845713318742
181000 0.6240939318023312
181100 1.6212949906953658
181200 0.25657811462688646
181300 -1.5944056341913109
181400 -1.6123012169128197
181500 0.969573982978275
181600 0.8031986884458704
181700 -0.8446372591550533
181800 -1.9640927541941733
181900 1.4297974242979774
182000 -0.4109944417653794
182100 -1.5019892516250528
182200 -1.1345089409942748
182300 0.3535590741842725
182400 -0.3087482008502586
182500 0.0860118668497955
182600 1.2789140682681623
182700 -1.2115365421252433
182800 -0.1333970242139767
182900 0.33261305361899507
183000 -0.507635850028934
183100 -3.0566140493027807
183200 -3.1770182264276867
183300 0.7803545297065466
183400 1.4590161708630898
183500 1.9759423254343365
183600 -1.2890634070170195
183700 -0.15654835812421034
183800 3.4629316348152828
183900 1.3200958175971755
184000 -1.097245998476706
184100 -0.19920231267991662
184200 -0.9172750139703092
184300 -0.4262716158325177
184400 0.17462999023902126
184500 0.3802764646646387
184600 -0.1257681910178105
184700 -1.555866893882203
184800 -1.4661191128102933
184900 -1.387720590446048
185000 -1.6421727512189597
185100 0.5116270092342536
185200 0.8949511091257907
185300 0.03708655275279038
185400 2.54064876952243
185500 0.23134450838245407
185600 -0.09478424625427656
185700 1.4364200552161734
185800 -0.21507626838695423
185900 0.6277314179521336
186000 -2.0903583233944034
186100 -1.8444258590945193
186200 -2.1518564812829952
186300 -1.5023445554282449
186400 1.9212893575981518
186500 4.444195912644244
186600 0.38859273037653896
186700 0.3405267921723819
186800 -0.9840107183485527
186900 -0.8597881898624471
187000 0.4680730643317683
187100 0.17674890542281702
187200 -0.948952801562412
187300 -0.34056459839764514
187400 0.2814690592509108
187500 0.984622054021856
187600 0.46543972603125955
187700 0.7616898237451522
187800 -0.22669795332258547
187900 -0.39572493301905
188000 -0.6633162783123054
188100 0.729891035441889
188200 -2.304583407100203
188300 1.3445224586918556
188400 -1.047129532244347
188500 1.6334901612842045
188600 0.915326080045892
188700 0.34561642803862985
188800 0.9964581930318683
188900 -0.005143576553904544
189000 0.2971704371759069
189100 2.259869157512792
189200 -1.3862083933405804
189300 -0.17576888302504315
189400 -1.5224744181046501
189500 -0.7100278168684
189600 -1.3993999920626774
189700 0.3727964201647896
189800 -1.8918064273184496
189900 -0.8147212019529539
190000 -1.3345148218608842
190100 -0.8833726535649638
190200 1.703249208784239
190300 -0.3564251319880724
190400 -1.1153170197051794
190500 -1.8966754777230708
190600 -2.2824021307315805
190700 -2.1042659256464735
190800 -0.11885313237461786
190900 0.6317038123428268
191000 0.4615169651030017
191100 -0.6054902377416669
191200 -2.283411724522195
191300 -3.306485022653838
191400 -1.6582317323796605
191500 -0.8773171272785505
191600 0.3343089463818884
191700 3.155892981483347
191800 0.6754891564615677
191900 -3.109754584912807
192000 -0.583947862366677
192100 -1.804550262254854
192200 -1.0252554178459579
192300 -0.8070771080020982
192400 -1.5375332175051022
192500 -3.243296075967628
192600 -1.2402393652987207
192700 -0.8716876132969553
192800 0.8129271133580438
192900 1.6177798509417207
193000 0.25148005824115904
193100 -0.716267318168319
193200 -0.7093017583885017
193300 -2.4990681551939407
193400 -1.079584827699405
193500 0.8681628028869475
193600 0.3768183917820933
193700 -1.0701563526519422
193800 1.170708030185285
193900 2.862626378790712
194000 1.2974308851544916
194100 0.6219664627861334
194200 0.18680863338605724
194300 -0.8190309601081223
194400 -0.27343238791577557
194500 0.4000836146206611
194600 1.1939275968951906
194700 0.43074981097193665
194800 1.3186534214337724
194900 0.20877431038728178
195000 -0.5608158121435143
195100 -2.6798059382232
195200 -0.8938876027972411
195300 -1.8094572939466984
195400 -3.3065160260539037
195500 -1.4443652884070541
195600 0.936940773853187
195700 0.6447240930865792
195800 1.260899938257903
195900 1.0202159859842763
196000 -0.38586974723103046
196100 -2.046992034538937
196200 0.7162869555710103
196300 -1.9160366155359654
196400 -2.206163417431779
196500 -0.553446207736727
196600 -1.1404172132537191
196700 1.5576855743617866
196800 1.3786396874823037
196900 1.736243126056449
197000 -0.9374147501836052
197100 -0.4179420834805135
197200 -2.0277031624140016
197300 -0.45047802782563123
197400 -2.0695297880822645
197500 -2.2818837342109806
197600 -2.865219624404156
197700 0.23166379800378717
197800 1.3094400680688196
197900 0.6002043439658982
198000 0.8692908048329766
198100 1.0532851673001213
198200 -0.4392744612575488
198300 -0.9423148341658041
198400 -0.36964610068585424
198500 1.2555342506820404
198600 2.853364723744839
198700 -0.3021564804982622
198800 -0.08356930055666681
198900 -0.08475012505049552
199000 0.9946443027083458
199100 0.9198594904143942
199200 1.4214630581663588
199300 -0.47062962781908985
199400 -0.09361228400394349
199500 -1.3091899169193084
199600 0.9119295608789411
199700 0.7388275302376488
199800 2.480907169808544
199900 0.7002988877545169
200000 1.0462438227316408
