# Model = Transformer.pyTorch.3,3,3
# Num weights = 0
# Learning rate = 0.001
# Env random seed = 666
# Start time: 13-08-2022(19:59)
100 -19.789761404989726
200 -19.923045874842344
300 -19.971832301397846
400 -19.989689711332325
500 -19.996226100899705
600 -19.998618630876535
700 -19.99949437422552
800 -19.750404766657425
900 -19.908640072368918
1000 -19.966559311790583
1100 -19.987759626600862
1200 -19.741045433041055
1300 -19.905214253572577
1400 -19.965305351315788
1500 -19.98730063651242
1600 -19.995351622249913
1700 -19.99829854340895
1800 -19.999377211860352
1900 -19.99977203939908
2000 -19.672753784008584
2100 -19.880217301387802
2200 -19.743793441200847
2300 -19.90622011343313
2400 -19.787783594635076
2500 -19.92232193228764
2600 -19.971567315009604
2700 -19.429507788828058
2800 -19.791181400266538
2900 -19.923565639038102
3000 -19.822636839721635
3100 -19.935079347187642
3200 -19.97623694145406
3300 -19.36432630571162
3400 -19.5673880574341
3500 -19.841650037799795
3600 -19.94203879259528
3700 -19.439428498076627
3800 -19.7948127006999
3900 -19.924894812437607
4000 -19.972509072354725
4100 -19.98993743139018
4200 -19.483712533861848
4300 -18.870089555787274
4400 -18.148825682474396
4500 -18.039654709477453
4600 -19.282450223606034
4700 -19.737353575366388
4800 -19.5958456559422
4900 -19.852066439208723
5000 -19.945851532390627
5100 -19.98017990962452
5200 -19.992745205915565
5300 -19.827108461380295
5400 -19.936716105332646
5500 -19.976836047869966
5600 -19.991521244368656
5700 -19.996896501225116
5800 -19.998864019077246
5900 -19.99958419424315
6000 -19.99984780164524
6100 -19.999944290479828
6200 -19.99997960851386
6300 -19.999992536056535
6400 -19.99999726795524
6500 -19.9999989999832
6600 -19.662822356607883
6700 -19.87658207776414
6800 -19.954825048968868
6900 -19.98346450690712
7000 -19.72092563674491
7100 -19.897849757428354
7200 -19.96260970754981
7300 -19.98631394371351
7400 -19.99499046077461
7500 -19.99816634662858
7600 -19.99932882356331
7700 -19.99975432771742
7800 -19.999910075999157
7900 -19.999967084907382
8000 -19.999987952011523
8100 -19.999995590046524
8200 -19.999998385814347
8300 -19.999999409155787
8400 -19.999999783731848
8500 -19.655976578982294
8600 -19.874076301752005
8700 -19.953907853908447
8800 -19.98312878385174
8900 -19.993824589253073
9000 -19.99773959994593
9100 -19.999172620475953
9200 -19.999697152335635
9300 -19.9998891479603
9400 -19.999959424568324
9500 -19.99998514807969
9600 -19.666189059136745
9700 -19.877814399773147
9800 -19.955276118679034
9900 -19.621876783005685
10000 -19.1196347248023
10100 -19.11642893149063
10200 -19.270660877595724
10300 -19.733038293444146
10400 -19.902283381518995
10500 -19.964232557356045
10600 -19.98690795922762
10700 -19.99520788966398
10800 -19.643691983947562
10900 -19.869579742669856
11000 -18.225583966346793
11100 -17.740460091756006
11200 -18.75062558334052
11300 -19.542688557143197
11400 -18.69510962574993
11500 -16.707151773089542
11600 -15.671364173638015
11700 -15.21339150021014
11800 -14.271620901001162
11900 -15.358586602669302
12000 -13.680345559537562
12100 -16.44098821919763
12200 -14.714803055956885
12300 -16.079282371014965
12400 -14.151338361318036
12500 -14.273634924270238
12600 -13.4177151643565
12700 -11.941969733120944
12800 -13.449503685867045
12900 -13.469415634132586
13000 -14.72243750152185
13100 -15.867934871486415
13200 -14.256755155568943
13300 -14.32326825946283
13400 -16.563801938521483
13500 -18.397216945841702
13600 -15.562462285591216
13700 -14.210408027819792
13800 -13.016528087056518
13900 -14.46032397929436
14000 -14.42185333764594
14100 -14.64892301125618
14200 -13.57098696746564
14300 -14.629327923917575
14400 -15.34990178835211
14500 -16.280274508226277
14600 -13.838436695099292
14700 -15.159644829162096
14800 -14.979320488110018
14900 -13.998461999167024
15000 -12.849640635759231
15100 -11.873308184906122
15200 -12.196565489750354
15300 -10.889991959279735
15400 -12.85733451357232
15500 -12.94087067919023
15600 -12.005667366818344
15700 -10.958508575461009
15800 -12.379627852556395
15900 -12.612561029808685
16000 -13.420723204262664
16100 -14.701792413100224
16200 -14.472404243267922
16300 -13.926270324446838
16400 -14.902854841170523
16500 -14.0128944996767
16600 -16.125877442817185
16700 -13.834577292476306
16800 -13.098227808834894
16900 -12.550612071794045
17000 -13.70165414872921
17100 -13.479893532204157
17200 -12.305063705746027
17300 -12.092192430826872
17400 -13.526958556101958
17500 -14.474529876058769
17600 -14.07030504424305
17700 -13.67944028515734
17800 -11.932673717127797
17900 -10.576213765835003
18000 -13.7177193401623
18100 -12.754541141922079
18200 -12.278996527636226
18300 -11.688776755076477
18400 -11.812804404348562
18500 -11.010811932703401
18600 -13.129548493781826
18700 -12.24781707283324
18800 -10.580670594264896
18900 -12.382499889258366
19000 -13.03685801787861
19100 -9.246961081765555
19200 -12.796597137364792
19300 -14.615387469134363
19400 -13.555404424504925
19500 -11.304067796718504
19600 -11.012192856227028
19700 -13.015333539351325
19800 -13.558501549693279
19900 -12.097278157823581
20000 -12.775874520846077
20100 -10.83052237005406
20200 -11.628144279374203
20300 -12.12822302292528
20400 -14.137831043811289
20500 -11.172001472446189
20600 -8.976599264451455
20700 -10.591330233921386
20800 -13.01036078328575
20900 -14.563266245994447
21000 -12.055475716316518
21100 -11.993770282648297
21200 -13.239116352289596
21300 -12.39262706612181
21400 -12.845305907482995
21500 -13.552212036976265
21600 -12.37674206511888
21700 -13.784069792985973
21800 -11.61733113317285
21900 -12.293726827246916
22000 -11.752920162216117
22100 -15.484530111852095
22200 -11.09300682519791
22300 -11.444284299343863
22400 -10.848881535910227
22500 -13.842301155061303
22600 -14.02109811209926
22700 -14.381226653922797
22800 -15.244104907120079
22900 -14.864654803092163
23000 -13.145147140482653
23100 -13.379151289594658
23200 -12.574131361770641
23300 -13.426016068157256
23400 -12.816478081476134
23500 -12.55761919948923
23600 -12.339926901808596
23700 -11.985514271881566
23800 -9.33513966811266
23900 -10.235081978650536
24000 -10.750616649096383
24100 -12.402020637757776
24200 -12.241835191081426
24300 -11.763890626434803
24400 -11.831721427628095
24500 -11.601039774500986
24600 -11.359250108386018
24700 -12.613816074990194
24800 -10.928304663471042
24900 -13.008593960899962
25000 -12.756201655762974
25100 -12.625401285654444
25200 -11.019537747553597
25300 -13.38540243958688
25400 -12.685651886347202
25500 -13.03845650516362
25600 -11.832821491768103
25700 -9.416509410388121
25800 -12.426507617396794
25900 -12.193649678871532
26000 -10.945530741968168
26100 -9.907228627205935
26200 -13.137575548708414
26300 -12.084524923199528
26400 -13.32323814197578
26500 -14.630428219110028
26600 -12.520143884773423
26700 -12.23053317972814
26800 -12.58004979116509
26900 -10.55189164510784
27000 -10.142223330393204
27100 -10.23800278170342
27200 -10.950393289700024
27300 -11.192609917496931
27400 -10.183996439407734
27500 -11.71000132713958
27600 -12.944777995293986
27700 -13.031219370332433
27800 -12.759167186522156
27900 -10.760735911527176
28000 -10.469407211986326
28100 -12.263059415838754
28200 -13.04349736420742
28300 -13.357699766169569
28400 -13.044441224373141
28500 -13.536537686387506
28600 -14.189341110831549
28700 -10.694125418318324
28800 -12.382378473813729
28900 -13.55180369719279
29000 -13.348830215792955
29100 -10.754507854144183
29200 -9.876044454696292
29300 -11.602345103875898
29400 -15.278254595131475
29500 -14.257455025222981
29600 -12.482889027339686
29700 -11.761908441149275
29800 -12.150754897546802
29900 -13.840130929517255
30000 -10.025883699508393
30100 -13.517709603319473
30200 -12.59957770407888
30300 -12.218891117043423
30400 -13.61385206564227
30500 -14.844463822238204
30600 -14.222782592168132
30700 -13.050454091885724
30800 -12.330771093827288
30900 -12.501478878223056
31000 -12.002674120167269
31100 -12.823074130006553
31200 -10.767547768921753
31300 -11.884265674999662
31400 -9.93169558504977
31500 -9.982682841313283
31600 -12.109114830273192
31700 -12.06694170939205
31800 -12.623041487409234
31900 -11.474930595121677
32000 -12.69883827273846
32100 -13.755679590956905
32200 -13.946968584987687
32300 -10.021199843504531
32400 -9.028432765266698
32500 -10.823185475695688
32600 -9.679832562423249
32700 -12.535892008346583
32800 -12.48570458028178
32900 -10.29574558707299
33000 -12.168137564473541
33100 -10.688136350136983
33200 -10.881936090160405
33300 -9.65124301463471
33400 -12.40401467882176
33500 -12.848206512747518
33600 -13.036461197406501
33700 -11.07528409592511
33800 -11.88405566760405
33900 -11.65498881770231
34000 -10.557959463739866
