# Model = Qtable.(3^9x9)
# Num weights = 59049
# Learning rate = 0.001
# Env random seed = 111
# Start time: 28-11-2023(22:52)
100 -25.7643826394126
200 -25.67249608573706
300 -26.962888352059775
400 -20.720691185619962
500 -26.416478318798415
600 -23.354280454887807
700 -28.086987401051683
800 -26.45152302449696
900 -20.244193133230617
1000 -19.066028952881325
1100 -25.762132610737364
1200 -24.99663234841496
1300 -22.722226558610465
1400 -22.469971182945827
1500 -18.998037537080364
1600 -23.02594041057564
1700 -24.872848034659565
1800 -23.10093004239986
1900 -21.572824680265313
2000 -17.61442788850746
2100 -23.82473753227061
2200 -17.80416081274155
2300 -19.39136634020048
2400 -19.064934296075627
2500 -16.32854550708377
2600 -23.16803787844662
2700 -18.72616120672726
2800 -17.682951363015697
2900 -17.870803478387124
3000 -16.104447102015286
3100 -22.072867309818943
3200 -19.76712273339035
3300 -17.725956954162374
3400 -17.55143800562302
3500 -18.65039559578428
3600 -20.01255948294011
3700 -15.533078936146351
3800 -19.867008238089877
3900 -18.05991626178689
4000 -15.424675001177139
4100 -14.095301459217783
4200 -10.165969170165294
4300 -16.467186811041103
4400 -20.300350584985164
4500 -9.357729825904553
4600 -18.32453986990397
4700 -11.172433839689853
4800 -13.58503024339477
4900 -14.844518163224093
5000 -14.531284241843434
5100 -9.706909620429125
5200 -11.59922559579389
5300 -16.578533579289058
5400 -14.456275767961195
5500 -11.285213695809123
5600 -11.333633004042845
5700 -8.801901579452945
5800 -13.022534679134315
5900 -13.844682612530473
6000 -11.386056607323768
6100 -7.33889638349139
6200 -10.821156189988463
6300 -11.316388006776043
6400 -14.079622508841634
6500 -12.815984837094735
6600 -10.116991442904286
6700 -4.769998164190674
6800 -7.192266404243927
6900 -10.137570105852438
7000 -3.7304581724985613
7100 -4.206594014351442
7200 -15.016958673411233
7300 -8.236189626320543
7400 -1.0033452052367342
7500 -8.237901738017658
7600 -4.59790053627691
7700 -5.047293208605936
7800 -8.888930537384825
7900 -9.691436429690286
8000 -13.33583617573338
8100 -12.436975962457796
8200 -12.57209267117229
8300 -8.665556780427652
8400 -7.543990274946584
8500 -8.631046984183929
8600 -2.1176875104419617
8700 -15.288529294195662
8800 -9.685067193851001
8900 -8.584711665965473
9000 -4.395477081380107
9100 -8.507303994777057
9200 -4.325406057175498
9300 -2.291370326539376
9400 -2.862797602990665
9500 -1.2308514629449814
9600 -4.543849068217268
9700 -6.254316597781562
9800 -2.5268557402821896
9900 -4.578219057070631
10000 -2.976440929804617
10100 -1.3442306723981
10200 -3.7260654347654767
10300 -1.1321479003085388
10400 -2.558618187421988
10500 0.47832490467749667
10600 -7.246717358821334
10700 -4.118534557661205
10800 -3.2263568971220074
10900 -2.249040742518171
11000 -3.9749676783714607
11100 -4.203957117548878
11200 -10.952028928147698
11300 -6.315721811904734
11400 -3.6206909190317753
11500 -5.965902588272925
11600 -2.072373791080444
11700 4.155210467218987
11800 -5.398777650614441
11900 -1.6058613855335926
12000 -4.342992150086876
12100 -4.54188152404019
12200 -2.128922538424478
12300 5.829586372778893
12400 -5.6390717978349425
12500 -1.7201588718729752
12600 -6.846947300780249
12700 2.0482725334831593
12800 2.974725780027369
12900 -4.091572681544957
13000 -3.563541838268099
13100 0.787726898064299
13200 -1.9614907366785275
13300 4.984076933533486
13400 -3.299249797792369
13500 -1.288676432611949
13600 -2.582372006969252
13700 2.2882081186649113
13800 3.856456683862478
13900 -2.180490547548654
14000 -2.730944804704561
14100 -0.5557740133535239
14200 4.8519993739559855
14300 6.683883518845573
14400 -2.044906380395822
14500 -1.1089140686765162
14600 -1.1481316259368737
14700 -2.902287878543715
14800 3.3962987540987855
14900 -1.3711348971519879
15000 -2.5311323149511207
15100 0.05993248365147186
15200 -4.941683172885891
15300 5.6313543342939365
15400 -2.4278137153104105
15500 -1.5956871109800794
15600 2.155253460881833
15700 2.7931711430831285
15800 3.482682153310277
15900 3.1457236391954693
16000 0.8265190811105136
16100 4.185711775360064
16200 3.7649562934162186
16300 -1.6900238056280905
16400 0.14697713945910068
16500 3.505139085840377
16600 -0.8242339475399835
16700 0.09785098019805716
16800 -0.4866888379772637
16900 0.4774529622076844
17000 2.0639280688273365
17100 -0.13155781842907144
17200 4.489044451455489
17300 4.9627367515212795
17400 4.418790719102396
17500 5.8716441524022205
17600 0.007901166700739926
17700 7.954716980986175
17800 4.3018509804200855
17900 3.99624852966966
18000 -1.0317965299893554
18100 5.950061320156882
18200 2.518614094677047
18300 7.32303257383623
18400 2.0774192592626175
18500 4.9565658340814505
18600 6.41575513441956
18700 7.394713592968115
18800 6.9653715419464115
18900 3.922710204426775
19000 2.903153202028287
19100 4.855123816695476
19200 6.361881274521165
19300 4.947009631146024
19400 4.895616685352128
19500 -0.03499571630935483
19600 3.886937717416425
19700 7.952330429023519
19800 -0.13118269888691303
19900 4.96395372840603
20000 5.3314067630513415
20100 6.426706095597129
20200 7.5159439212788675
20300 6.763693223413349
20400 6.371284956911598
20500 6.283666210785403
20600 5.126560655185549
20700 4.101424645465965
20800 -1.3074324485823001
20900 3.7950778786878003
21000 4.582366067311015
21100 6.106165756641575
21200 7.068782302131795
21300 0.14805495075060326
21400 5.210548281853318
21500 4.050276236042957
21600 3.9094697760571133
21700 3.9874965858838274
21800 5.262821538146152
21900 7.963750615219172
22000 7.905145496995331
22100 7.795471791211639
22200 9.3289328537712
22300 10.370087319474324
22400 7.147703470159875
22500 8.332613298025102
22600 2.6513325958626615
22700 5.351459381221641
22800 5.577025544438097
22900 8.913740220802401
23000 7.823726421148292
23100 7.5115854361986925
23200 11.819743769026871
23300 8.115091144713869
23400 6.870329590086573
23500 3.809071642851847
23600 3.3833642800871964
23700 7.809336255658115
23800 7.450209030337662
23900 4.560839151946118
24000 8.257161861951833
24100 10.384070720939397
24200 10.908061370172918
24300 8.83354592638106
24400 5.293969939400661
24500 11.867774100286592
24600 9.907898220321691
24700 11.46755958460783
24800 5.72145062629483
24900 9.003502139535522
25000 12.767593517741153
25100 8.364456156138566
25200 11.81979948770902
25300 11.111093318992259
25400 11.61678261477979
25500 11.70581654305035
25600 5.124345246789352
25700 7.486942764850655
25800 12.261979772366598
25900 8.378262699292256
26000 10.311160230771215
26100 8.612571677222077
26200 8.316164018491396
26300 8.516535577579816
26400 11.382079923819513
26500 9.53142088162984
26600 7.250356809120818
26700 6.1564936895873075
26800 8.812187674435224
26900 9.1531284101197
27000 11.799896078166492
27100 8.909361209102128
27200 11.422541875606083
27300 12.914610851095198
27400 7.857962765690507
27500 8.64547140414595
27600 10.233930620914926
27700 7.894588010182657
27800 7.587503546805965
27900 9.622599414021721
28000 8.40264473957615
28100 13.134368475684097
28200 11.798900715229017
28300 11.495298884712632
28400 12.175165200761818
28500 12.359701292535059
28600 12.341339700760068
28700 10.825367711123869
28800 12.129127368164879
28900 12.648904653681086
29000 8.82972349320602
29100 6.54284333195119
29200 9.619536397843216
29300 11.266774775837783
29400 11.49628252490635
29500 11.072624861766103
29600 12.467443225335582
29700 11.91203746268506
29800 9.480605756658322
29900 13.167067413480398
30000 12.285401432746688
30100 13.71180540870026
30200 14.280594716486583
30300 13.03186196159038
30400 8.132041997974904
30500 8.524615266364505
30600 13.69745082882602
30700 11.226791928158706
30800 10.788423115997919
30900 8.804687622837825
31000 10.089834726588222
31100 10.451379323504955
31200 10.518481534336138
31300 8.504151195872742
31400 12.85742299117048
31500 10.261517980866847
31600 11.426044755249945
31700 14.810925399310413
31800 11.63739147563094
31900 9.632872780565254
32000 11.803551975257559
32100 14.710919656980591
32200 10.357971993790107
32300 7.934412201120356
32400 6.868740351173836
32500 12.77325335624402
32600 11.64754656642737
32700 10.575462881113726
32800 10.611147232418881
32900 12.647873575390207
33000 12.87642437754871
33100 8.07644885831772
33200 14.613704051290487
33300 15.39498429102045
33400 8.299535878721814
33500 7.657005824977276
33600 14.740481107059253
33700 13.990470100056058
33800 14.040435063859407
33900 13.065827171407323
34000 11.80748093760879
34100 9.656767163674324
34200 17.616511593065145
34300 9.887287858338759
34400 14.626756910396917
34500 11.41915730919276
34600 11.529805595790444
34700 13.489305079580912
34800 11.837261039116298
34900 8.173590197180497
35000 11.91069363670412
35100 12.469334960950272
35200 13.909100465699234
35300 14.13205752928061
35400 10.397153026131573
35500 12.60559653869986
35600 15.255855943009246
35700 13.085340250942636
35800 15.431296407672551
35900 13.487670031709957
36000 13.960129597574216
36100 14.210171946449497
36200 16.11581027778126
36300 12.982214406204248
36400 13.19291496784113
36500 12.96169229907964
36600 13.342731689505529
36700 11.819649664173848
36800 12.894694313372387
36900 13.016170480012484
37000 12.405586172653754
37100 12.885966579736767
37200 15.003176294932308
37300 14.255635348046697
37400 15.680604393225705
37500 15.081085895810988
37600 13.715334800263376
37700 12.838647174136366
37800 16.485566602608614
37900 12.166342145661812
38000 13.202135837802418
38100 14.725208604381505
38200 14.094320815783883
38300 13.901897549630231
38400 14.585710274292627
38500 13.591211008593973
38600 15.594166545003988
38700 15.315176519870732
38800 14.240701344222535
38900 12.673985183878383
39000 13.555580346558495
39100 14.236693581880841
39200 13.76374538238263
39300 14.906944091053123
39400 13.113475931507109
39500 14.37037915953027
39600 14.062127880938599
39700 16.638506669668704
39800 12.708540223317167
39900 13.02694751625371
40000 13.166572815689314
40100 14.171451640478125
40200 15.791695802777223
40300 13.90560126226895
40400 14.665921390037466
40500 14.286305846214027
40600 14.906814017845425
40700 13.76603021723221
40800 14.441764264175172
40900 15.75921145610902
41000 14.762591322586593
41100 15.81410109356171
41200 11.980126852429468
41300 14.90935724148771
41400 14.908169558676724
41500 12.54401981401934
41600 10.80122204912693
41700 13.77369341617436
41800 13.382926604367661
41900 15.020965604452787
42000 13.835382737853942
42100 15.239876747431012
42200 13.80758688157823
42300 15.455646345150706
42400 15.655792042334104
42500 17.173857049822377
42600 14.137233385684903
42700 17.749904072057735
42800 15.861415853225916
42900 12.918047447231794
43000 14.6454784459747
43100 13.524591481746222
43200 15.7549983577532
43300 14.48379410732366
43400 13.760351965104297
43500 16.077699649738356
43600 15.775575494998249
43700 15.706555748352747
43800 14.695520984101314
43900 16.482543218938176
44000 17.59817040978434
44100 12.245274732599215
44200 13.190805928306975
44300 14.802052741976608
44400 14.672520035609418
44500 16.599321761227234
44600 14.051692104220962
44700 12.878975120008333
44800 16.281558525193983
44900 16.277807685872524
45000 16.982494969459186
45100 14.72689333610891
45200 16.131074308257595
45300 14.414767488757711
45400 15.598523477265736
45500 14.063786753649097
45600 17.75635019939076
45700 13.241866123835116
45800 16.063264000706567
45900 16.45799252913286
46000 15.859154852943236
46100 16.604225160450742
46200 14.509314948141379
46300 14.512438107413049
46400 16.504813103157932
46500 14.934252284756088
46600 16.970885209635124
46700 15.266947808738427
46800 16.06047311532584
46900 14.151028052973519
47000 18.13930635706439
47100 15.538857657414383
47200 14.32213139636863
47300 15.463049735805225
47400 13.971677353707019
47500 18.167198336238744
47600 12.92536531139554
47700 13.528915098687142
47800 17.998817837088108
47900 13.968269780695948
48000 18.14005857868071
48100 16.83488811950425
48200 17.629310409153824
48300 13.899532837479818
48400 14.84923626436967
48500 14.825835233384318
48600 15.984439997120049
48700 15.610174518833757
48800 15.830055587621803
48900 18.309233255333172
49000 15.568058684977325
49100 17.199420886405097
49200 17.715566612897785
49300 17.134471729575207
49400 17.02335269531604
49500 16.089956283705895
49600 14.910585711097067
49700 16.281931482918417
49800 16.98597143497783
49900 16.53022209564974
50000 18.477483649241247
50100 18.73344706538199
50200 14.792626173398416
50300 14.410036157275965
50400 15.145171028330209
50500 13.637196419962617
50600 16.538881876836165
50700 14.167803729590267
50800 14.900623734800762
50900 13.586039166847552
51000 16.66891735010155
51100 13.76240844120425
51200 15.20079545643687
51300 16.565346358671388
51400 16.020480165279125
51500 13.810708502212119
51600 16.882995139390676
51700 16.439077461244782
51800 17.318052119438
51900 14.3886111013836
52000 15.576510197537043
52100 16.691547546611847
52200 13.650695413373253
52300 18.296313075934385
52400 18.088822771220414
52500 15.745736690064943
52600 15.656714413038145
52700 16.86490042899756
52800 16.506718049275122
52900 16.131138118577244
53000 15.688087029968813
53100 18.9411925186875
53200 18.300356842367226
53300 17.360680087821468
53400 16.99712100301401
53500 17.550309184613248
53600 16.139628948929644
53700 15.983628047607416
53800 16.450519559046548
53900 15.773439616738601
54000 18.135667571588154
54100 16.299701514742125
54200 15.191345454358434
54300 17.08601934447951
54400 15.166181660625044
54500 17.281680043106036
54600 14.418735412264384
54700 18.10824117750792
54800 16.31492020686422
54900 11.318017166878159
55000 16.33387329180559
55100 16.370419582881013
55200 15.5311024628215
55300 16.096894761616763
55400 14.05114116761051
55500 17.48186849026476
55600 18.474591615942177
55700 16.565122888654535
55800 16.563361096045554
55900 17.800041943861423
56000 14.419142912665864
56100 15.906198597199557
56200 16.69514866876724
56300 15.072506608783563
56400 17.505408637659507
56500 19.156011035589202
56600 16.980219113187065
56700 16.865425685028978
56800 17.994316496631278
56900 17.53567169170422
57000 17.312447719683917
57100 16.361711598232386
57200 16.32007444294038
57300 15.654213689623074
57400 14.125945163518708
57500 14.767319214127486
57600 17.52796082294782
57700 13.620870089344823
57800 17.618446462629542
57900 16.04225453059694
58000 15.87355042600896
58100 15.952237540547229
58200 17.253686506777814
58300 18.570856465665443
58400 17.990088209262055
58500 15.905130217006311
58600 16.749014079278428
58700 17.07934740067352
58800 16.456179616978567
58900 15.749874121101682
59000 15.505522471766348
59100 17.184136206227212
59200 17.32837352950051
59300 18.28932384116654
59400 14.948107894596605
59500 16.853249957575155
59600 17.72131482370414
59700 17.30418030929857
59800 18.39481302576132
59900 16.345625721855082
60000 17.15548567776742
60100 16.92497069229758
60200 17.13628804313756
60300 17.178842948261696
60400 14.857911516202027
60500 17.17784306255247
60600 17.63048176633482
60700 17.668120219546807
60800 16.28332947066769
60900 15.836450923471277
61000 17.392793382596007
61100 17.570513300558446
61200 17.92694502605652
61300 16.23575781989631
61400 17.16805522877167
61500 15.837381306266836
61600 15.807528646281481
61700 15.738814103274905
61800 15.331309552475501
61900 16.379683725157506
62000 18.207863737965617
62100 17.74698899236353
62200 17.6685192570029
62300 15.010223385695923
62400 17.082056796064496
62500 18.65381720608097
62600 15.533914526703871
62700 16.714176507905854
62800 14.900141773675783
62900 15.898186753527238
63000 17.439677089121403
63100 15.9111365411428
63200 17.952971338582774
63300 17.64988168155626
63400 18.14715705822437
63500 18.36991168300084
63600 14.829694166865636
63700 16.916299016110234
63800 17.427289967233992
63900 17.119750811091016
64000 17.375341413535303
64100 18.076478720423616
64200 16.50217155493897
64300 16.53677559493453
64400 18.013837438151597
64500 17.592356509192268
64600 18.27040796451772
64700 19.125114464875907
64800 15.321772512723092
64900 18.859972535016695
