100 2.6814312142084415
200 4.314466618548873
300 3.3084233465985253
400 2.1704789943060243
500 2.3092625922051186
600 3.5133493762249337
700 5.3099470741368355
800 3.7254976515078853
900 4.304072976951494
1000 5.0284157990949625
1100 4.449243095831627
1200 4.460932211255125
1300 3.9444006182922036
1400 5.424682353255856
1500 4.180859655887891
1600 3.4281045191761086
1700 4.317556636851523
1800 2.8509153643719984
1900 2.885396702725738
2000 3.83670694057413
2100 5.422315136721723
2200 6.511538632516819
2300 5.782360749673763
2400 3.689147643788978
2500 2.275947971317414
2600 4.617008990255167
2700 2.2253320678522086
2800 3.113915982294102
2900 4.109490645562233
3000 3.6948112326316056
3100 3.70014864967975
3200 4.252464695076498
3300 0.97100766337919
3400 2.9657811512752548
3500 2.6899210128050353
3600 3.2891217111934266
3700 4.682083093500228
3800 2.944637992384126
3900 2.4364522920706073
4000 2.084127219337702
4100 2.6000059768367723
4200 3.969165024717835
4300 2.7169652148204952
4400 2.0918925618009254
4500 3.4173016130050677
4600 4.188125024369423
4700 4.655336475084707
4800 3.875322031024708
4900 4.361754981475068
5000 3.2688437036171276
5100 2.929817523462408
5200 3.5541765471532454
5300 1.0476174381049517
5400 2.730103035509948
5500 1.8573597813822476
5600 2.187407514802834
5700 3.1397449546221843
5800 3.011988685196188
5900 1.681639250324246
6000 2.0631879745015382
6100 1.3214874883130754
6200 2.94175562915694
6300 3.8637788593955964
6400 4.499841383617414
6500 3.2116277599704057
6600 2.8953464205190165
6700 0.8866107420843863
6800 2.7169608582665994
6900 1.5293883577702418
7000 1.6313904554247596
7100 1.0894648512010845
7200 1.1358813219892645
7300 2.5801598928634313
7400 2.9853041980716566
7500 2.471472692042449
7600 4.301880384487551
7700 2.834825189365361
7800 4.310134709089652
7900 4.165935432851122
8000 4.218532603250489
8100 5.029542614262081
8200 4.496533378983365
8300 6.217706837220945
8400 3.5459832160009994
8500 4.1540182415900615
8600 2.893390391141975
8700 2.753540235786439
8800 1.9177267132149518
8900 1.571139380858909
9000 3.0718554427356577
9100 3.741031911009088
9200 2.2981611010496255
9300 2.20885331200132
9400 4.146502182971495
9500 4.8875263510052624
9600 6.291443638630993
9700 3.8567251984499404
9800 4.472400564328197
9900 4.297897588720312
10000 4.392499985215997
10100 6.019550733507321
10200 5.191779852182842
10300 4.837857797078899
10400 3.663932143335182
10500 5.514431396802242
10600 4.357610585164555
10700 4.105929369521433
10800 5.4547130271531765
10900 6.242065774406163
11000 4.378769783975951
11100 4.369207621053239
11200 3.468612716512297
11300 5.005332716604521
11400 5.3613808887591485
11500 4.192479591504887
11600 7.925905858232532
11700 8.096398816852302
11800 6.406620071210407
11900 6.20279861186309
12000 2.579369474230488
12100 2.5025537182598616
12200 2.9171722018292523
12300 3.021857590215692
12400 5.0919000618262125
12500 5.256406460824343
12600 5.99880404611374
12700 4.3724150742324435
12800 4.914061156327406
12900 5.159260110751401
13000 4.725830474327875
13100 4.635450025264711
13200 4.004392502242775
13300 3.620118413742734
13400 4.291293274325745
13500 2.370327445958696
13600 3.6213899657206166
13700 5.195853566864142
13800 4.54937668060015
13900 4.311625020047607
14000 3.5757522976281733
14100 3.3056235978841277
14200 4.597573498497886
14300 2.3499423569031954
14400 4.102937733996051
14500 5.536772970248829
14600 5.829274917879245
14700 5.483977165274795
14800 4.300619129161232
14900 4.904888421884709
15000 5.775532757431952
15100 4.4844069758317175
15200 4.985360414851815
15300 4.584818037885387
15400 4.332303115893225
15500 4.648093934237034
15600 3.4688427028232174
15700 1.9467271180625876
15800 3.722127232815278
15900 4.735452795410747
16000 5.132424531546029
16100 3.8931238888020383
16200 6.155652396298929
16300 3.968250055567603
16400 4.035040728134593
16500 4.389309824769351
16600 5.279451789123715
16700 3.818799162997581
16800 2.6371938099514938
16900 3.380353332831864
17000 2.577471613570992
17100 2.204096201673414
17200 1.5459581189913334
17300 3.5098252953421905
17400 4.639939210078391
17500 2.706027148185646
17600 4.174525339517315
17700 6.3888894155860685
17800 6.702668656799762
17900 3.8765941162402946
18000 4.916184491076198
18100 4.3245162195298805
18200 5.10230392631865
18300 5.108223866539093
18400 5.908361077486817
18500 5.199515524594402
18600 3.5265557104228473
18700 3.3730844094799086
18800 5.64911362635862
18900 1.2352418304636568
19000 3.6899056423470253
19100 2.207289219318329
19200 1.8191225667395032
19300 2.660295592653861
19400 4.268237689302934
19500 4.546244389226078
19600 4.26443794317325
19700 4.448111623443162
19800 5.151624244948145
19900 5.101014924158561
20000 2.906015685806654
20100 5.43337095654401
20200 2.775413370612002
20300 3.1404378021240813
20400 5.877804232771294
20500 4.385350395657037
20600 6.162566363114691
20700 3.8123827415154654
20800 3.9179590751772486
20900 3.5662545042543496
21000 4.720018471712443
21100 5.102641392320278
21200 2.732869385807156
21300 4.956942345155985
21400 3.3764196995451687
21500 4.916989979729301
21600 6.018891060795126
21700 5.27955797591517
21800 6.467510771470278
21900 5.936392347025677
22000 3.0875365956702336
22100 4.930867627015395
22200 4.42417903333377
22300 5.450896319150129
22400 2.624158882100805
22500 2.8627859857505373
22600 3.0867020410082726
22700 2.11001024657754
22800 3.9841787521962218
22900 3.1739940025058098
23000 4.22679411661603
23100 3.595983797891476
23200 4.005908357731753
23300 2.759052434869602
23400 3.9289776510767904
23500 5.034904778572155
23600 4.428830361377425
23700 3.455922356500608
23800 2.9747249174338473
23900 0.4543735097552351
24000 1.6814989227085253
24100 0.4932648869468918
24200 3.360469770933741
24300 3.5737919328471976
24400 2.5557791209180456
24500 0.9168199779283468
24600 3.7692731378281366
24700 1.9655381645768464
24800 4.31616177384741
24900 6.588818791632463
25000 4.592394987890671
25100 5.155732881274025
25200 4.677099902648314
25300 3.1509712130522596
25400 2.8116729465438244
25500 3.6078348404071474
25600 4.962503015073079
25700 3.8518178961712266
25800 4.733158780008728
25900 5.527138479872923
26000 3.281935052969841
26100 2.5289777117811574
26200 5.3122124409423215
26300 4.642991349931043
26400 2.792991151969092
26500 1.7056788826128002
26600 3.0086793349573333
26700 4.250270529482189
26800 3.494608511878285
26900 4.802116810085121
27000 4.952925203572843
27100 2.1511469039590074
27200 3.2885429188017667
27300 3.669403112711615
27400 5.10491462088591
27500 3.5984512312364845
27600 2.6919671490588573
27700 1.67078112407134
27800 3.5240090408228477
27900 2.5996342357717555
28000 4.049460980837756
28100 4.687117738036018
28200 3.0881274479408507
28300 4.092670551192782
28400 2.2737428842133522
28500 3.8398149512812405
28600 3.251529305148746
28700 2.135116110374652
28800 3.456556388819011
28900 4.427018863914574
29000 1.5213646491565673
29100 3.8773829682745706
29200 6.129697308884525
29300 3.183211294153849
29400 3.1634464159127456
29500 1.9542511444759152
29600 4.889432237099216
29700 3.633435752201187
29800 2.8290411469554653
29900 5.518063870977856
30000 3.790785410718609
30100 3.4361289625475187
30200 3.817772455192721
30300 2.6077275496020245
30400 4.588065433300554
30500 4.849635936587564
30600 4.751454949860968
30700 4.255998608487959
30800 3.4848201876276037
30900 3.499990096900791
31000 4.104951450478246
31100 4.721903939788032
31200 2.7217558690675197
31300 4.360960532089238
31400 5.524241450552193
31500 4.618298910166812
31600 4.637362869735411
31700 3.8278901647533394
31800 4.112096966498578
31900 4.076354283566066
32000 4.188937954749151
32100 3.151779370297279
32200 3.2171192922733254
32300 4.769417808182148
32400 4.981641520581426
32500 3.1675283748823664
32600 4.0994806320267525
32700 2.9803648377803005
32800 4.071821749379656
32900 2.5809971597321133
33000 4.928155329951959
33100 3.7943604634779833
33200 2.877567091758116
33300 2.7308077808081186
33400 4.237646654836122
33500 2.4642501010813764
33600 3.623873099078784
33700 3.10615263446511
33800 4.560098948519818
33900 5.241468929841961
34000 2.9988370447665718
34100 2.1621587926914345
34200 4.460282057827867
34300 6.122582406475674
34400 7.210277747150434
34500 6.015117973816492
34600 5.451748606686975
34700 1.694397286852283
34800 3.9230304304652566
34900 3.4355368617417765
35000 5.030165200412442
35100 2.158311398247906
35200 3.449183524864718
35300 3.7432183668172074
35400 4.690822285517086
35500 2.721538749769257
35600 0.7173215368450097
35700 1.3329636124329651
35800 1.8863141425374286
35900 2.5676539135587753
36000 3.5108950956263323
36100 3.010745336693411
36200 4.2281553102884715
36300 4.524095705509439
36400 4.381567750302807
36500 3.4450144241721805
36600 5.137208182368631
36700 4.895861127509023
36800 3.676486525936148
36900 3.8801410651374315
37000 2.4740554361733076
37100 3.2906851308215277
37200 4.0886254025188125
37300 4.57032762125896
37400 3.909811928420403
37500 5.034551453036982
37600 4.631483718696873
37700 5.1864565257658155
37800 1.2060654798200958
37900 4.460255308719835
38000 3.628541797053434
38100 6.291951674229775
38200 5.88904866191419
38300 4.739619214166078
38400 5.668540625957211
38500 3.7399215253540077
38600 1.2674694481668896
38700 2.0636680332794684
38800 3.8006796376874927
38900 4.962490489094475
39000 2.071646447901375
39100 1.670576763889727
39200 3.279866114542807
39300 3.853398455351119
39400 3.6819930191958194
39500 4.53458782299786
39600 4.805943473159008
39700 6.097366060963992
39800 5.739672512799458
39900 5.650269445936411
40000 3.478609865406503
40100 3.564377562333336
40200 2.040089247392654
40300 6.714716045822222
40400 4.964894583481205
40500 6.319062730655593
40600 4.341905598567715
40700 5.089310140611593
40800 4.8317029509572205
40900 3.846246228390894
41000 5.808996962535685
41100 2.7379052077878114
41200 1.4452570163255183
41300 3.107078181467924
41400 2.7830561921491466
41500 0.5319970421414835
41600 3.000964968388074
41700 4.885825879364044
41800 3.4404018263209415
41900 2.298698353050747
42000 3.087711913600009
42100 3.934427052858255
42200 0.8919411539786719
42300 -0.0959478535092699
42400 1.1470727888443182
42500 2.0158541916825077
42600 2.3390424128919407
42700 2.9064471475999722
42800 3.1918865915810426
42900 3.040997838043518
43000 1.2872028301726557
43100 2.901701119629303
43200 2.3865864985349052
43300 4.273549671498779
43400 2.95572004693411
43500 4.310152805540561
43600 5.360320617250413
43700 2.467863584906623
43800 2.3026809073625287
43900 3.615873073179785
44000 1.680294740761115
44100 3.2454187799716525
44200 4.918269401361319
44300 0.7005609980746521
44400 2.3383440042039485
44500 1.959553323757446
44600 5.933068074202515
44700 4.320963339934947
44800 2.580653840178438
44900 3.6451347019522973
45000 1.8873124551492408
45100 1.4981592539770867
45200 5.444964726045395
45300 3.506752007027911
45400 2.8576926021950357
45500 3.289946434991782
45600 2.8955687419788
45700 2.2914204834925087
45800 3.944032846566359
45900 2.2445499364209875
46000 4.842548260256424
46100 7.237328175637409
46200 7.4909983093851595
46300 4.80087990627456
46400 2.52806527201258
46500 5.001802312298443
46600 4.796902122824424
46700 3.9981277399747452
46800 4.693409195472654
46900 3.0248968862375
47000 4.173411625981228
47100 1.2292523821759702
47200 2.3266235746751933
47300 2.6564887702660993
47400 5.458841957868745
47500 4.3501883816241085
47600 3.3500597294941663
47700 1.248733489547208
47800 6.301021807106907
47900 3.2995678382312303
48000 3.9976619215272073
48100 4.353486585140249
48200 3.6325239795451787
48300 0.7325115986748507
48400 0.021885325570182024
48500 2.766557710004483
48600 3.279218670029368
48700 5.181499953725317
48800 3.97226835723407
48900 2.378732866990792
49000 1.5283188664935468
49100 0.4948752965261353
49200 4.098750425009471
49300 4.1624252366962144
49400 4.895926968025388
49500 5.947232242512751
49600 6.020092465741248
49700 2.6104707829080587
49800 -0.14326925818450645
49900 -0.3190952213724656
50000 0.3496738582082371
50100 0.7422048624968478
50200 1.2448904873730104
50300 2.103649127207576
50400 3.2553743401468442
50500 5.0706971195835315
50600 2.1656878718422035
50700 4.60438169179911
50800 2.277590240490598
50900 2.604003037811926
51000 3.508982204988808
51100 3.2346414620467203
51200 1.4252082770449854
51300 2.737894143266702
51400 3.580525095971997
51500 2.2427678778908957
51600 6.029817602941537
51700 5.382807275390446
51800 3.5993261957053444
51900 5.673072433153188
52000 4.0397511725277715
52100 5.338547899941343
52200 3.825126127231931
52300 4.2747174217579165
52400 1.0822763602203869
52500 4.636126784578507
52600 3.9449731764645435
52700 2.337542314601917
52800 2.928694749664382
52900 3.0690433365774905
53000 2.7907276338758167
53100 4.0831054539263665
53200 5.53608869702253
53300 1.964805486514279
53400 4.868938671472589
53500 5.594238789956853
53600 4.456821097342308
53700 4.865842015696813
53800 6.231871443477235
53900 3.390239421352984
54000 2.9573688838044707
54100 3.796121397970671
54200 1.3120967192242565
54300 3.6961936118319647
54400 3.4557871930664112
54500 3.7797293167996777
54600 4.069625587042513
54700 4.992473776480795
54800 3.828364729012542
54900 2.9989795408336835
55000 2.5231513447130007
55100 2.3672106110614206
55200 4.652800669165266
55300 4.046913490348417
55400 2.6668025668305892
55500 1.6524220148960695
55600 2.550904515860233
55700 3.0521544045261035
55800 5.208141633549893
55900 4.754531624751264
56000 3.0403228958594855
56100 3.3491692170609784
56200 1.1376759210968657
56300 2.3581792742942183
56400 3.40022445127139
56500 3.2074079167127008
56600 5.10608674522596
56700 3.3177013077907227
56800 3.8008145101836655
56900 2.9141678384539293
57000 6.35123851404273
57100 3.4563108552425477
57200 3.704882067518723
57300 4.524377201195066
57400 3.570572806078329
57500 4.86489913556523
57600 4.397062159266874
57700 3.943468444637065
57800 2.859010322626436
57900 3.881641748894529
58000 2.5838639879494942
58100 3.5472881523104896
58200 4.451946479616965
58300 3.0286937352227734
58400 2.0184317312687723
58500 3.7739562045612236
58600 4.106705413359464
58700 1.946091155121655
58800 2.9040624432124686
58900 1.2418913649358023
59000 1.24233358730927
59100 2.2466600714628195
59200 1.249685703556815
59300 2.2362137972468155
59400 5.132658165510102
59500 5.417623742777552
59600 3.8799199239163773
59700 3.303986839934479
59800 4.628254198124961
59900 5.956298073500604
60000 3.359644530694004
60100 4.506852659464616
60200 0.7701090672664914
60300 2.4884855866608797
60400 2.935945872863854
60500 4.432574646043397
60600 5.080771744877655
60700 4.38181930907747
60800 5.512109143926218
60900 4.659671138337668
61000 3.0474585061029917
61100 3.606117218541966
61200 3.3967941188402015
61300 4.762815507218919
61400 5.601283180426824
61500 4.217731660066112
61600 4.890404240534743
61700 3.266652770685257
61800 4.8263491420677855
61900 5.939994932871167
62000 5.5914185024054515
62100 3.5456095009254605
62200 4.002360044537798
62300 2.946681638875675
62400 4.362222931733136
62500 3.778668944536699
62600 3.4980950394099013
62700 5.408349131823484
62800 5.657637778902916
62900 3.654673160079749
63000 4.3241178028893135
63100 3.422859238333091
63200 3.0217104056551567
63300 2.225295405395846
63400 2.123813604900344
63500 4.591465704502375
63600 2.402655787413099
63700 1.236262805780922
63800 1.5404371939838022
63900 2.986512931730967
64000 4.298431568141464
64100 2.4021459007027968
64200 3.524282044284436
64300 2.9315012798622386
64400 4.448866223057443
64500 6.2183625137894145
64600 4.450765191146483
64700 2.74394011356791
64800 4.742664033956346
64900 2.963691896938971
65000 1.9456546269731334
65100 4.689612217517781
65200 2.6222697621871323
65300 3.2853634037343697
65400 2.957960477018118
65500 2.8303912586492825
65600 2.0523966227901287
65700 3.045487216478297
65800 2.356256680924957
65900 4.025796404736616
66000 1.0186735853233542
66100 1.8551377877690431
66200 1.5134373949960198
66300 3.5005360501741336
66400 4.800719928537954
66500 2.1911352947366907
66600 3.105818907186002
66700 1.8918309684547303
66800 3.4971158336832033
66900 2.6027354046475586
67000 1.4899282311665092
67100 2.5879027164747863
67200 4.548240141266867
67300 3.694125470958957
67400 3.599740024834926
67500 2.4796489895782363
67600 2.1754327756681957
67700 3.2842300050585616
67800 5.688245771233829
67900 6.067440923917297
68000 4.2415355561953385
68100 3.8373421119236024
68200 3.7944149196887467
68300 3.884461955788203
68400 2.2214279463795004
68500 3.5066584571169894
68600 3.7301811046898994
68700 2.982341601813671
68800 4.684147718344406
68900 2.678379482092657
69000 3.8023005422509257
69100 6.8100737240847335
69200 5.191254533743699
69300 4.811276928365629
69400 4.067349432202335
69500 1.766851259032264
69600 3.6635516817682703
69700 3.0686682475214244
69800 2.9464801390397595
69900 3.6765052949066943
70000 5.154237809905667
70100 3.969829960661299
70200 2.346727810565082
70300 2.533908997333191
70400 4.170613862922102
70500 3.763875697342694
70600 3.935774160553578
70700 1.8414736444926503
70800 2.548928458069557
70900 4.257345774448665
71000 4.051290553457225
71100 4.449595933676935
71200 4.439830404531492
71300 3.244083944260837
71400 1.4487556000117492
71500 2.839489399145699
71600 3.3314806766011125
71700 3.017479766108284
71800 2.3888399011422385
71900 2.753226984491809
72000 3.7421636493434716
72100 0.9949293360509857
72200 1.8599326481479872
72300 3.951833544041643
72400 2.620179434885823
72500 1.6086825896638208
72600 0.9278639245438618
72700 3.5369480999916485
72800 2.7141697655463073
72900 3.798985636932986
73000 2.183171595171281
73100 2.2548598461435088
73200 2.626942755593043
73300 4.105481135717384
73400 2.812431791963643
73500 2.7492940425776236
73600 3.299154118490759
73700 3.5837849256678025
73800 3.8558757310554705
73900 3.3427063380213564
74000 4.410671475827639
74100 3.7838039807823285
74200 3.2755153379136233
74300 4.171869606485429
74400 3.2876343185100954
74500 2.728055744876212
74600 3.2302453191425125
74700 2.953836740068976
74800 1.0861360768978465
74900 4.087892808611439
75000 4.7950645005821935
75100 4.6800567164941524
75200 3.047752636137711
75300 3.184952743264984
75400 3.38904446615261
75500 3.9458778887518333
75600 1.926637757045744
75700 4.36059684317399
75800 1.0290285745517218
75900 2.8218731003363344
76000 5.279932529184676
76100 3.7173815839533497
76200 3.1414384301527067
76300 6.032445754683468
76400 5.448300452148039
76500 5.525205864232754
76600 4.608742998044274
76700 1.6084208518166725
76800 3.4620953475533596
76900 3.0597283439934584
77000 3.4822068602374596
77100 1.549360552664536
77200 3.44418723868569
77300 1.7895214317469958
77400 3.1086093332715024
77500 3.4486107221734317
77600 5.18857200969226
77700 4.048479925161857
77800 3.5846673909329483
77900 5.609339209741546
78000 4.497031901143512
78100 3.4166495477329852
78200 1.6716534807261025
78300 3.6916612647840656
78400 2.552681012869555
78500 2.3206883523437303
78600 2.7612523032696252
78700 2.6427198156323386
78800 4.4261730808802024
78900 5.146592646392959
79000 3.8512738237155713
79100 4.125643397609489
79200 5.268142511740684
79300 5.344007035741866
79400 3.3474241634708566
79500 4.471914424272093
79600 5.432777907886328
79700 4.196566238256165
79800 3.3571760658091945
79900 1.0990180692329479
80000 2.262682417688839
80100 4.160691548852069
80200 3.588063780495257
80300 2.543654091297089
80400 3.741840137654481
80500 4.46558584825409
80600 5.497994532879785
80700 3.3385882988285043
80800 3.5564356746342662
80900 3.6076396661996526
81000 4.329364006062591
81100 3.680050498761747
81200 2.0837779457500423
81300 1.950577875195809
81400 2.8941583712442136
81500 3.653068062216814
81600 1.9223408685998338
81700 2.6947133912237304
81800 1.5822059942952167
81900 3.1545245335622623
82000 2.8181874427826368
82100 5.179876782068194
82200 3.8987454566456328
82300 3.892183638181031
82400 4.974899797008871
82500 4.537965278435441
82600 4.6499840384944005
82700 5.027181120164948
82800 4.326501514778091
82900 5.508706787521051
83000 3.3911534316513854
83100 6.0345585665749
83200 4.927889626730068
83300 5.584954936756104
83400 5.533869690220017
83500 4.367693505138315
83600 4.711325291141887
83700 1.8585211282474703
83800 3.943742663472843
83900 2.254801492596121
84000 3.829797513265447
84100 3.6067318495172036
84200 1.488309016369345
84300 3.395831389516335
84400 2.9271452483778972
84500 3.7344978073524184
84600 3.5344380064741117
84700 2.1084054568315067
84800 2.7252884111686178
84900 3.944171939719216
85000 4.7372811685637535
85100 5.361497761121369
85200 4.972881528021073
85300 4.759216728025832
85400 3.963327359957251
85500 3.9543500552825983
85600 4.467417508814445
85700 3.8920573078924416
85800 2.158464934542846
85900 3.5771556779712004
86000 3.438452062890955
86100 3.483163432561148
86200 2.625624808598244
86300 1.6074104824120992
86400 1.5892204925795166
86500 1.3192299792862414
86600 2.9977141045594085
86700 4.519213144477397
86800 5.0961569979324155
86900 4.592263924211534
87000 5.205606495607743
87100 2.247177059910108
87200 2.762760361827809
87300 3.5997037765500255
87400 5.050794911996943
87500 5.358132123617819
87600 5.639788373798313
87700 4.529703987884652
87800 5.265234634529282
87900 4.890384652935223
88000 5.387215278558562
88100 4.8991069153759135
88200 3.4176776303472987
88300 2.5764764329910377
88400 4.785133093806959
88500 3.656817357859839
88600 3.529747900716502
88700 3.6915938548499323
88800 3.8210045908867096
88900 2.1926093122670114
89000 3.2478390078111077
89100 3.699293769627152
89200 3.6555289819076733
89300 3.884257362995133
89400 4.8806890408518555
89500 3.150353122022202
89600 3.6207880773244776
89700 5.986504882812879
89800 5.724267310637269
89900 3.8600683525647943
90000 1.3930210503677867
90100 4.447808494475653
90200 2.9157760416044876
90300 2.0931665348106594
90400 1.3743444296926757
90500 3.002445832988801
90600 6.027856572551322
90700 3.8695515327891252
90800 4.0776565962186995
90900 3.3961759927859365
91000 2.703919079010937
91100 0.7616932897259305
91200 0.9203024721292282
91300 3.2267496992148414
91400 1.7292233501057628
91500 3.862552050510373
91600 2.578374597008887
91700 0.673690165403851
91800 3.546394342968404
91900 3.577134221642731
92000 4.952164670624738
92100 4.83329851691693
92200 6.2303830857968086
92300 6.470248002822816
92400 4.272061280396768
92500 2.3383388863241614
92600 3.16743656389785
92700 2.683571609848773
92800 2.8467849856252005
92900 3.863682156545778
93000 3.507203693621962
93100 2.9169158292351374
93200 3.592416169779525
93300 3.807379320181542
93400 5.631678465994776
93500 4.410393731625278
93600 3.386311366843231
93700 1.83964861185847
93800 1.4990972040905237
93900 3.784629757101902
94000 4.402410032829931
94100 1.3655170026880734
94200 3.483319039721234
94300 1.9051041177026349
94400 4.646539649823858
94500 1.9515459551592518
94600 4.504378558840329
94700 3.188658125584947
94800 3.35551146285983
94900 4.311093039965831
95000 5.059807769953367
95100 2.0894808265505027
95200 1.1442284834757341
95300 4.137409186509552
95400 5.359658252827497
95500 6.226961302634943
95600 4.615742736554808
95700 3.9798503601998814
95800 4.5872446732211145
95900 4.593611517274197
96000 1.758764591330812
96100 2.565078502639098
96200 4.214229202295738
96300 5.455555500180691
96400 5.2144394313351565
96500 5.419598626312448
96600 4.165032188907174
96700 4.684247324070167
96800 5.998901274600498
96900 2.7358820605661576
97000 3.563822388585758
97100 1.866384275309026
97200 4.046071067633509
97300 5.0469397034363395
97400 3.7163495165249403
97500 4.655542074038379
97600 2.3481927912806415
97700 2.1278864201440046
97800 1.886061533367502
97900 1.545451161003515
98000 3.9860114529854727
98100 3.360185730099389
98200 3.4718644589743155
98300 4.798586131179481
98400 2.9653948391356444
98500 1.7348955571803433
98600 1.6266547892592695
98700 2.6941354406942266
98800 2.1682885004953745
98900 2.1927085743822357
99000 4.07841905516046
99100 5.063449383764531
99200 5.346396580521982
99300 3.6070290822784217
99400 1.8900883679061895
99500 2.9623422776158894
99600 3.422349508299459
99700 2.7417669213478084
99800 2.847021937639622
99900 1.8874863363963517
100000 4.795282385426777
100100 2.935181908601022
100200 5.703546062910512
100300 5.793782910988435
100400 3.06393353864959
100500 4.467858550867518
100600 3.8002536538572596
100700 4.966726719072024
100800 3.9196560259485063
100900 4.713330901617296
101000 4.751167037176766
101100 4.788975914601823
101200 4.588794067438826
101300 4.69123846112854
101400 6.340688017934734
101500 4.17638610580088
101600 2.864144484338225
101700 2.8156220241625816
101800 3.9327910406268325
101900 0.35863980686695857
102000 1.325972403926326
102100 0.9033881676661915
102200 3.574931040318719
102300 4.564110011823492
102400 3.688700576473995
102500 5.038778966793479
102600 4.3874912500031
102700 3.3875102982567373
102800 2.7059982104854967
102900 3.5590534190485115
103000 3.1139262078079666
103100 3.079087192185994
103200 4.307811851671078
103300 5.948565507272122
103400 3.5992323180327435
103500 4.094276492616009
103600 3.6325936273947423
103700 4.136057997525254
103800 4.798010439510332
103900 3.401053853566345
104000 4.557644345427325
104100 7.862752545265681
104200 4.865596924386978
104300 5.093067500382908
104400 4.768415050268556
104500 4.741886804574893
104600 5.114778032685686
104700 5.661789647236246
104800 4.898650324676767
104900 4.9579072080593605
105000 3.5006646003502255
105100 2.80973629032468
105200 1.981369423402654
105300 2.7404357105985526
105400 4.385272071960061
105500 4.798381447197964
105600 3.937403219140747
105700 3.865146344318005
105800 4.750205087354452
105900 6.281084967801039
106000 4.870214602451711
106100 3.1314290247593535
106200 1.6846979072109178
106300 1.6700660537913794
106400 3.3634781825805584
106500 2.664404073214011
106600 3.877657019477954
106700 4.559254913375843
106800 2.402417453021867
106900 3.838070088362703
107000 4.442136500841143
107100 4.836395953012729
107200 2.8873996123770738
107300 5.00515692785192
107400 2.354153219554574
107500 0.45239750299578113
107600 2.918846140131724
107700 4.350301915376412
107800 3.105556217455016
107900 3.946659246620754
108000 3.0224876213014484
108100 3.27425501169511
108200 4.6690974204485
108300 5.326805845197858
108400 4.372224999896661
108500 3.1868447463010185
108600 3.9242979708087944
108700 3.8121466048566957
108800 4.3859879656633485
108900 5.230460741105354
109000 3.539641393553617
109100 3.2350317497321
109200 3.267482609559858
109300 3.555141298365756
109400 4.5088797676096055
109500 5.1745998115982825
109600 6.710791903576867
109700 5.196884617223421
109800 3.8097985861201975
109900 4.032071239926749
110000 5.147162705083041
110100 6.625945513417744
110200 5.133907871593534
110300 6.019533172651369
110400 4.269641258275956
110500 3.6465592057905902
110600 6.396919815266513
110700 7.241606525814936
110800 7.046673072090246
110900 3.828823354544335
111000 2.234009404934725
111100 2.9021815362743126
111200 1.2620641313244236
111300 3.5932053355595728
111400 6.276038689534949
111500 2.855939840000245
111600 3.114452475304542
111700 3.382375718545828
111800 3.8230489367907223
111900 4.668101320640245
112000 3.4495737177895935
112100 4.841957882778844
112200 5.163476210034514
112300 3.771150229335526
112400 1.7293573607440667
112500 1.5908465743479119
112600 4.646158492196574
112700 3.5290364498528586
112800 3.8060320240623846
112900 6.5009559527787015
113000 5.292112390825285
113100 5.188461734292247
113200 2.348891418627343
113300 4.501378252792345
113400 3.660336663805295
113500 5.500223942349376
113600 6.647060760720816
113700 3.565718353009211
113800 4.47218860053713
113900 5.000451535692476
114000 1.4844462537234027
114100 3.130577133673561
114200 3.540909331958204
114300 2.2750381426499504
114400 1.92809721975663
114500 4.983846791757501
114600 5.860391175112737
114700 4.571991501925513
114800 4.500725283249856
114900 4.4191874510075175
115000 5.66352296868266
115100 1.6095900703650814
115200 1.6273604022934198
115300 1.3825757558347997
115400 2.5486754236450815
115500 2.601881906278492
115600 2.3526937298739385
115700 1.6223494559981804
115800 4.020775213145494
115900 1.766157827498473
116000 0.614154689978125
116100 0.6038113633243993
116200 1.7747072377889543
116300 3.5154645356769385
116400 4.371378499378566
116500 4.858756015533015
116600 3.650620796357615
116700 4.429223812786419
116800 6.762932263614449
116900 5.369418826120563
117000 4.969977427919189
117100 4.552689648562115
117200 3.772538537101416
117300 4.675755987172252
117400 4.796431577357111
117500 4.794744191125265
117600 2.399210966728872
117700 3.7090857879571497
117800 2.8901380366257046
117900 3.689108704594966
118000 2.004657438720175
118100 2.7188432275348
118200 4.017704636647643
118300 3.71285520538878
118400 4.128557646733237
118500 3.3065086098740237
118600 3.52892146961022
118700 3.578502490215469
118800 4.060633198552827
118900 4.005083511411551
119000 4.605854175143936
119100 3.5954568301850243
119200 5.636313816163816
119300 5.211236294036329
119400 5.451515921634048
119500 5.930714045734466
119600 3.9159767631677864
119700 1.381225603949104
119800 1.6686995400727274
119900 2.5957173660507276
120000 3.2183923551311637
120100 2.789132285870407
120200 4.395346115752449
120300 1.5030281332097373
120400 3.1767809613601257
120500 4.860719466783599
120600 2.4455019175211574
120700 6.102724110490488
120800 5.4878714921996865
120900 4.586061534311442
121000 2.123440443006866
121100 6.854746119687536
121200 6.6228604520001175
121300 6.555836070448986
121400 2.404032608022941
121500 3.538304624974983
121600 2.785962154242315
121700 0.7963807038443109
121800 1.6967192952166799
121900 2.11824659502645
122000 3.829683870871039
122100 3.3098319872262145
122200 4.1460312963882
122300 3.9682395135718505
122400 1.2626663980693114
122500 0.6348789996036013
122600 3.5726346431222806
122700 4.250916432035964
122800 6.563328779038323
122900 5.565425875788259
123000 5.242592614515838
123100 3.7123182111436406
123200 1.8492058859994167
123300 2.7110007652843815
123400 2.3787218489133197
123500 3.5330161623751017
123600 5.033137668860902
123700 3.4389456334338653
123800 3.4429973172635955
123900 3.4672923256695865
124000 4.321716622933326
124100 4.7858304431757785
124200 3.2847041043622047
124300 3.152173947744042
124400 3.7489068493802753
124500 3.9047253422146784
124600 2.6946563860560784
124700 2.516772221751454
124800 2.8947202209328395
124900 4.64573086839602
125000 1.8641883043598804
125100 1.5790074831974084
125200 1.467195771230224
125300 2.325439394082489
125400 2.42563360834196
125500 4.5221379235558254
125600 4.007651309670429
125700 3.9313235777210296
125800 3.310342192069136
125900 2.8709195232273936
126000 2.866553990295767
126100 2.715270015442591
126200 3.7154984710097616
126300 3.2717332019929635
126400 5.10366960317689
126500 5.540215675296138
126600 4.8354402379178465
126700 3.9867469690349453
126800 3.6758928548577487
126900 3.907705087946737
127000 3.8333245967771488
127100 3.036941012524466
127200 2.566827943449118
127300 3.9338257545325144
127400 3.698656573030271
127500 3.4421918368126367
127600 4.455087595716163
127700 3.9473926973631848
127800 3.58747889753391
127900 4.063165819933009
128000 2.293686939910663
128100 1.7648662116476235
128200 3.39015552637263
128300 2.564724162377736
128400 4.180672993574718
128500 3.8611548535979363
128600 4.5844873128816594
128700 5.626757658106863
128800 5.625510247537664
128900 4.554225374783444
129000 1.8052839309723847
129100 3.077158989284181
129200 3.2635085353632936
129300 2.619277431144283
129400 4.06320322718508
129500 4.9408401540747855
129600 4.02973505922543
129700 5.808695665218013
129800 5.45783398369443
129900 4.36637925252897
130000 5.347883361752503
130100 4.311532672152459
130200 4.772035728661177
130300 3.329428756165558
130400 4.930691454078552
130500 3.694152191833576
130600 3.4097169035554313
130700 4.258494629056321
130800 4.059084170906277
130900 4.871370486908258
131000 1.3801482728283427
131100 3.984681423978944
131200 2.215111876885179
131300 2.5938955431376995
131400 3.744672723139223
131500 5.705841253059303
131600 4.146593156495667
131700 3.137682967000536
131800 6.903342059540935
131900 6.005861291440627
132000 4.703605143639313
132100 4.6297956897043235
132200 5.798351449430764
132300 3.9637777572142445
132400 2.1860406460584354
132500 2.373531444773094
132600 4.892260879607643
132700 4.832177242903911
132800 5.245226447482695
132900 5.529385627441025
133000 5.382547055266898
133100 3.169335720546831
133200 5.5146266879272074
133300 6.058985730795747
133400 4.252886801882287
133500 4.52623184360479
133600 3.487676394874814
133700 5.103616900375788
133800 3.8735443521467725
133900 2.9723494855050547
134000 3.356789240755163
134100 4.168474546852604
134200 3.9697386263609937
134300 4.697632690531011
134400 4.3025063808156885
134500 4.959205497219875
134600 4.131137531199715
134700 3.0481466693707358
134800 5.021402613254495
134900 1.706978481411268
135000 1.549394966910632
135100 2.8127155333438902
135200 1.9636910607590552
135300 3.2005461152786148
135400 3.9158416017846833
135500 2.9935679322013153
135600 2.187620547954548
135700 3.4226972418258987
135800 5.08866119092029
135900 5.193847406400858
136000 3.4159495632496766
136100 5.129856208696864
136200 5.882937129092735
136300 4.722050617114348
136400 3.761260500794192
136500 3.2642669035942347
136600 3.133331117534265
136700 4.9158752295547306
136800 2.3845322935434567
136900 5.389773431309157
137000 4.697294115188683
137100 3.517356551937677
137200 3.4509754845334593
137300 4.2425271553812625
137400 2.441067028498232
137500 1.786730915323169
137600 5.096066528852482
137700 2.6911417587498154
137800 4.297734225557823
137900 5.08453753271983
138000 2.88499228679907
138100 3.898755573671252
138200 3.85695975120381
138300 3.671982787386377
138400 5.00908457294739
138500 3.3603344818594363
138600 2.8154308328022872
138700 3.1990808032898967
138800 4.209652409430198
138900 2.5547361364834584
139000 2.7863639295870657
139100 6.002743955845039
139200 5.244192826117181
139300 2.3627331465330585
139400 1.8037450082004158
139500 4.9452332982049265
139600 4.592849504592135
139700 2.8081535739550283
139800 4.54270875621597
139900 3.110531049616543
140000 2.8391803584561663
140100 4.454581168139262
140200 3.6814220695865574
140300 3.1253079508486605
140400 4.29095337857736
140500 3.2278007754086926
140600 4.104375732272296
140700 2.2335969467790875
140800 3.7323315456073813
140900 3.9842103088243865
141000 4.56354158245842
141100 4.299531291829246
141200 3.130432545185619
141300 3.8481055407102005
141400 3.873463863973924
141500 3.1300390529328435
141600 3.809727214516499
141700 2.7388966036027473
141800 2.0943540594052683
141900 1.8963789875958936
142000 4.260512387605597
142100 3.84218807392518
142200 2.5900276360401198
142300 3.0544665326740863
142400 3.5290081600229715
142500 3.8538417833778684
142600 5.17174056768725
142700 3.7081021172783966
142800 3.525842214225225
142900 2.7837122892922332
143000 3.382826076418113
143100 3.5852807292784146
143200 5.495694883463527
143300 3.2803400838382393
143400 3.9806490898220246
143500 4.590427745612075
143600 3.9615636984094245
143700 5.754992096146926
143800 5.654673504112742
143900 2.3301506741080003
144000 3.441629401208668
144100 2.791381955248676
144200 3.9113660557582826
144300 2.1383499695856005
144400 4.023813360846183
144500 5.31679163918399
144600 4.5050835187502
144700 4.138919857439915
144800 3.641114568263759
144900 4.207000946668584
145000 2.7537843659771095
145100 5.402542466738322
145200 0.6560549042999915
145300 0.999393063398625
145400 1.8039534243218094
145500 1.8069553425133218
145600 1.3299902560195074
145700 2.2516490180985715
145800 5.007837905190565
145900 4.323605974453963
146000 3.838248354695802
146100 6.269729215683536
146200 4.114459777034183
146300 3.3486285520278978
146400 3.2103214820539883
146500 3.1278631772328955
146600 1.2553940348955994
146700 4.167879744777922
146800 3.9223464757084825
146900 4.911864764471849
147000 5.35308241375747
147100 5.643721828461547
147200 3.757036580431558
147300 3.120196880293926
147400 3.823946806233519
147500 4.138137925728438
147600 3.7339357499925887
147700 3.844334055336205
147800 2.3887035497816145
147900 4.427509625345793
148000 4.337102947679382
148100 3.6842979337551593
148200 3.9746814240737756
148300 5.483926306506268
148400 6.715500748668767
148500 5.953632863774273
148600 3.0564821873182195
148700 -0.3040296666847095
148800 0.7886971807297551
148900 2.094502376490517
149000 2.759668257964087
149100 3.8178055148100656
149200 1.290347655058856
149300 3.599307359808523
149400 2.461745736764501
149500 2.507766670914386
149600 3.389565429838769
149700 2.993779604805805
149800 4.023350708999721
149900 3.24462866274316
150000 0.7389697743120058
150100 2.6339963924271563
150200 2.2994156443333496
150300 3.7387604952442355
150400 3.615270262296703
150500 4.023927863562249
150600 7.1296801516537585
150700 2.3913800536824734
150800 4.407343961472764
150900 5.042296721778044
151000 4.901572927005807
151100 5.2536197751711
151200 3.618321869089443
151300 2.625308086317618
151400 4.639410089453682
151500 5.4507060235709135
151600 2.742964919326092
151700 3.4079146368682567
151800 1.8616347569915714
151900 0.5276084233092992
152000 0.2564630571936078
152100 2.248851485870785
152200 2.080442999287149
152300 1.668086139578408
152400 3.9530338147916173
152500 2.033622949020038
152600 1.8519260549723344
152700 4.05239174720697
152800 1.9757456628902672
152900 5.329615603596766
153000 5.608304649734756
153100 6.263869336948637
153200 6.296066006816702
153300 4.909506679670306
153400 5.944573757285502
153500 3.791284797054894
153600 3.475756120716442
153700 5.993094226557986
153800 6.272095283519005
153900 5.2414353532290505
154000 5.329631646188513
154100 3.690807055608599
154200 2.9123003618615675
154300 6.6679893398189
154400 5.857063400594637
154500 5.014838392738455
154600 4.324343867769805
154700 4.051696357702466
154800 3.7770491430236084
154900 4.178903852556445
155000 2.3001017660846155
155100 3.1181202075073475
155200 2.4818239530733313
155300 3.7339712697419487
155400 4.3322301546714375
155500 3.744725842034214
155600 3.317005407752317
155700 4.21786328448689
155800 5.006600050018338
155900 6.207369325213792
156000 3.704092711383547
156100 2.44625115965373
156200 4.445786928012997
156300 3.417017230488031
156400 2.632617137496545
156500 2.553128208281296
156600 3.0662064478905737
156700 1.137617327064024
156800 4.587483344242385
156900 3.846047442351746
157000 3.4640786500466145
157100 3.2565396673457627
157200 3.083393737495757
157300 3.331911304183254
157400 2.8215097052896323
157500 3.7768055210996736
157600 5.4576725691314945
157700 4.168024781396874
157800 3.7629207911850466
157900 3.0859881484923473
158000 3.532961935151677
158100 3.132378819635765
158200 3.2356607005843068
158300 2.8830436221449043
158400 3.0820587009997937
158500 3.743361232161348
158600 4.044780614146921
158700 4.7352752273086285
158800 5.094270854360092
158900 3.901973776633591
159000 3.0168265344919205
159100 2.3991938310002294
159200 2.9449690685470724
159300 4.242750151345506
159400 4.22328290398313
159500 2.4879720696527223
159600 1.8055840970243306
159700 5.321766546942247
159800 2.8693413621455854
159900 2.0023708099545954
160000 0.9517336756832455
160100 4.791781043270318
160200 4.430518056940188
160300 3.464606313367171
160400 3.141291998829928
160500 4.574565686279964
160600 4.342143324499189
160700 4.351049946089304
160800 3.426008071104408
160900 3.72732450831829
161000 4.409349188247565
161100 2.1956418173703005
161200 2.750613967459426
161300 2.554428190979458
161400 4.314625970546506
161500 5.20128644539636
161600 4.87799535866207
161700 4.883339548608925
161800 2.7602543473434014
161900 3.7672609083147934
162000 4.917892789214588
162100 5.547839898102768
162200 6.679627263250886
162300 5.183134610274582
162400 4.441483213604137
162500 5.074465627794426
162600 1.5488705798594977
162700 0.7092104260955301
162800 2.0801720744507937
162900 1.5072207660928052
163000 3.2767595686109483
163100 2.823965074724801
163200 4.158822064904782
163300 2.4092577779652147
163400 4.97608453672437
163500 6.944182139639762
163600 2.562698166077671
163700 1.9146767820658934
163800 2.8714636687388646
163900 2.67291984985899
164000 2.6747278430883257
164100 2.821608925002073
164200 2.7922654753906206
164300 4.393155143442775
164400 4.135160035129816
164500 3.376808849259423
164600 2.76908392514783
164700 3.149847031980586
164800 3.7100019194511247
164900 3.7509568326109255
165000 2.7029906066515554
165100 1.8818742249645088
165200 3.0496056475816657
165300 4.033929977389001
165400 3.1053624624564558
165500 3.864477480978125
165600 4.722830552766633
165700 3.4924153040199752
165800 4.061541462037461
165900 4.640305734351147
166000 1.8093715017450043
166100 2.5867628970966736
166200 2.944233787291761
166300 1.4974663047114423
166400 3.028167267099064
166500 3.625870756584305
166600 3.160056030297598
166700 1.981560214015982
166800 1.6767794757759182
166900 4.121451126911329
167000 3.8369046942392444
167100 6.4958527378489
167200 5.243201373629727
167300 3.4941977549142402
167400 4.247359577066406
167500 3.5542681624687273
167600 6.223009832949991
167700 3.194954327057122
167800 3.2249132929132114
167900 4.453553384544664
168000 4.843066464769763
168100 5.699743699639764
168200 5.445787709540413
168300 4.861919605583899
168400 3.289961847705295
168500 2.1422576080353353
168600 5.255459268573963
168700 2.149014190399345
168800 3.572280266088804
168900 3.961998217966871
169000 2.7102876037754196
169100 5.159747178435794
169200 3.264706534532236
169300 4.777206131485829
169400 2.5217468593423815
169500 2.2024431897943084
169600 4.429885306879809
169700 3.467426862810994
169800 4.668710512148506
169900 5.34027711651744
170000 2.637906378898482
170100 2.9971487274791966
170200 4.279290616217985
170300 3.7200959001417795
170400 3.7504589463184166
170500 2.5856104129291757
170600 3.392315170438055
170700 2.9119897582754333
170800 2.975111440036666
170900 6.1369914636270835
171000 3.419020147702493
171100 3.840814978304511
171200 3.2837797542203524
171300 2.284004866925662
171400 0.8522787711787606
171500 2.5507717700625747
171600 1.3371384018871912
171700 3.6426779462127263
171800 4.058550876986338
171900 3.457114971427578
172000 2.9077953893981
172100 3.246041385481752
172200 1.6118908649523689
172300 1.877590755907139
172400 3.1990544214463497
172500 4.785644035777265
172600 5.583234922708245
172700 3.7005548248081515
172800 5.317084790542008
172900 6.117741525849591
173000 5.13772213874354
173100 5.524058981743653
173200 4.315589710247602
173300 4.536093245586102
173400 3.226366127971386
173500 5.059369825783047
173600 6.888917607251928
173700 6.112080159161945
173800 3.024657748037367
173900 4.867138947269708
174000 1.9070120693517258
174100 5.672051781911966
174200 3.5932645052567205
174300 0.9486324432970221
174400 3.0612466017487265
174500 1.1995765296178078
174600 1.9010491421661404
174700 3.764459979743394
174800 2.9039174640637118
174900 5.04064724733096
175000 5.32243935857665
175100 6.007755408977525
175200 6.725824405040262
175300 6.071845672147105
175400 4.164836148151986
175500 5.800768759268078
175600 6.017961628195957
175700 4.354930001531377
175800 2.6823252595704568
175900 4.279435969881925
176000 4.32118824578252
176100 6.072146864747343
176200 2.1410179602034423
176300 2.179387380579512
176400 3.978926563528404
176500 3.0000275480670306
176600 4.14328354131532
176700 5.755027131503691
176800 3.439604016301474
176900 2.464663517679905
177000 2.711897321483026
177100 3.0724868524618127
177200 2.7734775069838
177300 2.876916225701272
177400 2.3454827140713874
177500 1.032757422477433
177600 0.9793331665832243
177700 3.064636797433516
177800 1.319801541942385
177900 2.587729386733533
178000 5.33052577241438
178100 3.002763203712923
178200 4.549599835872062
178300 3.9357425408588522
178400 4.32146954826542
178500 5.351242875382805
178600 3.178562041571462
178700 3.498184858824628
178800 3.8559964078014044
178900 3.9797277531116597
179000 3.726907410395645
179100 6.39697340953432
179200 3.878725424491061
179300 3.4194247174287566
179400 2.9714042895262094
179500 6.230196580512766
179600 3.82526299872662
179700 3.1138557702710044
179800 5.28961083263051
179900 3.5051462553285146
180000 1.806593709352492
180100 3.6633076511158196
180200 5.8032544297787165
180300 5.866026739469533
180400 4.865826990699821
180500 3.73232132961103
180600 3.113185310815474
180700 1.6704942231062203
180800 3.779719325147612
180900 3.40574250757918
181000 5.670840856339976
181100 2.126585113087628
181200 4.798390939204955
181300 1.9059420918329077
181400 3.2176298035638142
181500 4.971088027752666
181600 4.186999215299308
181700 1.5174007374956349
181800 3.690133117148037
181900 2.2731525906432903
182000 2.2901252873329505
182100 4.402969259493587
182200 4.359798395755419
182300 4.073451546542609
182400 1.5825225137829395
182500 3.8710794274486044
182600 2.4399680274109006
182700 5.135505857625275
182800 3.8998376844866938
182900 1.7618568343878045
183000 2.822624415552632
183100 0.8675562158154131
183200 3.813524674839484
183300 5.629384235230798
183400 3.6155071158177754
183500 4.510636096903841
183600 6.447072810850941
183700 3.815301174015363
183800 3.9843219060910418
183900 3.5808751141724904
184000 4.613885715263377
184100 3.3413855385262137
184200 2.6497855650483557
184300 5.53258269139033
184400 3.6779168831188405
184500 2.9416854571605637
184600 5.266383701742183
184700 5.324100987636986
184800 3.081510248639068
184900 4.911308107012736
185000 3.2719100474074336
185100 2.511811616458639
185200 2.8724314672339726
185300 5.360893220789068
185400 2.8957746105879636
185500 3.957373756143859
185600 2.550515475832611
185700 2.5739323041699995
185800 3.903687885725478
185900 2.776549792195897
186000 2.693729383816259
186100 4.069713945730248
186200 3.502464862948248
186300 2.239650258764432
186400 2.3865240945904485
186500 3.892243919638776
186600 3.8418170892236545
186700 3.3966923275351477
186800 3.4107771618927485
186900 3.595249183110545
187000 2.6964759477148648
187100 2.6406869261284083
187200 3.8022412888581005
187300 2.659263629631634
187400 3.743582862619869
187500 3.5406111784524086
187600 3.3491674287068056
187700 3.0618940539787305
187800 4.761058104467543
187900 4.859744804628543
188000 4.401605371003999
188100 5.921860245932397
188200 3.2515534055308497
188300 4.104222738422843
188400 4.16334393064514
188500 2.6347042488519223
188600 4.452663480392145
188700 6.207883377313389
188800 3.8532764974665104
188900 1.605081898884686
189000 3.3641633102073696
189100 4.833643238840373
189200 5.7093098040976535
189300 5.240785316891633
189400 5.571676074549675
189500 2.178253565469284
189600 3.7024103304718685
189700 3.8524060056991045
189800 3.975031591441936
189900 2.8069728464127044
190000 3.667938200953465
190100 2.961298336000091
190200 3.204540070771474
190300 4.7147984566802155
190400 4.252348614344624
190500 4.169057025458347
190600 4.975677004287163
190700 5.875525337466
190800 5.070486242275462
190900 3.730211754019102
191000 4.9629837072659715
191100 4.958083390149932
191200 4.166956797087176
191300 2.9250953528326478
191400 3.2036511147311
191500 2.597992579894173
191600 2.524302345516589
191700 5.968295968218777
191800 5.340432260527493
191900 3.427116250089191
192000 5.955429479303593
192100 4.316660542002996
192200 6.440945590545206
192300 5.5377266404953
192400 3.577448975985102
192500 2.462113727714588
192600 4.176649958434116
192700 3.446120704427672
192800 6.079570342968346
192900 4.134704065463608
193000 3.4072782321186876
193100 4.3151610925645105
193200 5.223346467247872
193300 4.488070214113702
193400 3.5379109099497983
193500 3.011113742579656
193600 4.158390259643647
193700 3.6781896147581823
193800 5.153468200397775
193900 2.916371527942902
194000 3.8325650291076543
194100 4.930320036103089
194200 4.994361521757068
194300 5.311740553156407
194400 5.057482394000137
194500 4.6107596733959255
194600 6.384757365648496
194700 6.563833979902486
194800 5.8660091071730704
194900 5.315832514613507
195000 2.665240312524211
195100 1.4618879345864049
195200 2.799779686087722
195300 0.07730440363497038
195400 2.876450814993356
195500 3.239460657442118
195600 2.451387409010335
195700 4.6400723701581645
195800 3.0616646377877643
195900 3.572809635871636
196000 5.451704450774737
196100 2.607816895272831
196200 3.714002443993893
196300 4.267945862076467
196400 2.6193235508949835
196500 2.208233899267422
196600 2.953935539548758
196700 3.8139151446276167
196800 4.101350765944336
196900 3.348952097240651
197000 3.9624172567270675
197100 2.695082243795642
197200 2.478410083836442
197300 3.1272542598765205
197400 2.0149915977708135
197500 4.089583189876629
197600 4.671554839445507
197700 4.684667887061459
197800 4.734676409386881
197900 3.628951066431937
198000 3.4191418057045797
198100 3.543577800147777
198200 3.7490677744559644
198300 3.3602163969544008
198400 3.999012544652492
198500 3.6463664157467663
198600 5.127501925186708
198700 3.7592825585671945
198800 4.012144842197704
198900 3.5048964503237285
199000 3.87428913490679
199100 4.237531390476295
199200 4.454188702113084
199300 4.078637791580486
199400 4.44998906913566
199500 4.152845642360925
199600 3.7741431597096966
199700 3.898248370273084
199800 2.5756878487398507
199900 4.825031023588291
200000 2.8430128000144266
