100 10.741922485043014
200 14.474030425527477
300 13.104449497463646
400 12.43741529382659
500 14.103106813899416
600 12.850537509252305
700 11.62743323658758
800 11.038755316334026
900 14.837708618837949
1000 14.399257421935648
1100 14.37840210277805
1200 14.884350652604496
1300 12.298887369645449
1400 11.407327189818009
1500 10.397357189590252
1600 10.87616538073167
1700 10.577244028796976
1800 16.69388220063015
1900 15.336502460074568
2000 17.580280342101172
2100 13.150947747025436
2200 11.511540337671635
2300 13.423767511653324
2400 15.381102103953399
2500 15.482874772726879
2600 14.307839263714323
2700 15.538201684766328
2800 13.287073246278698
2900 15.351268751820331
3000 13.373689245465176
3100 13.753570798432664
3200 12.58192603722222
3300 11.964694271373167
3400 13.945631823028126
3500 12.497046334447841
3600 13.368840978955964
3700 14.832455545615305
3800 15.745855597543674
3900 10.431352498197198
4000 13.112737433582975
4100 12.869152584896026
4200 13.84257150725319
4300 14.100143364961118
4400 13.567772121956622
4500 14.686641204326856
4600 12.688124353874425
4700 11.50479148414435
4800 9.34243992183895
4900 9.856201711925753
5000 14.90303443741182
5100 15.004477354025505
5200 16.268411140874456
5300 16.824975591557003
5400 14.126280005366903
5500 17.449099800272386
5600 15.336299717021445
5700 11.273911097619182
5800 12.005564107496523
5900 17.18567774342571
6000 11.723746823210663
6100 11.726484821503679
6200 13.42977732112199
6300 14.193893448709058
6400 9.330624992727854
6500 14.524665850647448
6600 13.348779287724023
6700 15.288712579372552
6800 15.261514870902058
6900 16.237805083688382
7000 16.576817421435706
7100 11.128730660565852
7200 13.008349914919437
7300 15.229111215681792
7400 10.8844934135335
7500 12.47827715118524
7600 12.488773525888286
7700 12.767501602306545
7800 14.496497437879118
7900 13.530052999580017
8000 15.57867021349659
8100 14.02078340716101
8200 14.06307376303715
8300 11.845495844792259
8400 15.952028343437028
8500 13.101468416718468
8600 13.123115927079743
8700 14.005062327725328
8800 13.129273906367255
8900 15.357816259679815
9000 11.485291710080281
9100 11.096320979370754
9200 9.931982914040413
9300 15.7941328794975
9400 10.924709543444857
9500 13.756307396912366
9600 14.400999047589059
9700 13.841172796575723
9800 11.271566593225671
9900 11.713380477467666
10000 11.300160175422118
10100 15.086613217458618
10200 12.02758839145357
10300 11.839112543729094
10400 11.111330284972357
10500 12.278479479931265
10600 11.753402423687659
10700 12.31019959908176
10800 11.575813940220895
10900 11.166620323980068
11000 13.186638078220993
11100 15.001301702653784
11200 15.251526747482105
11300 15.796827730540139
11400 12.48720986114372
11500 13.58966061597372
11600 14.60761117781259
11700 12.931926433400875
11800 10.335450868511105
11900 12.864256608549756
12000 13.924133217129015
12100 13.279260520173185
12200 12.719879683758842
12300 12.74489338705788
12400 14.426116890803863
12500 17.407582457882096
12600 11.815641595214586
12700 14.021960823189538
12800 15.257996542611831
12900 15.886892600971656
13000 9.26757815258003
13100 12.449602539789504
13200 15.120904036035732
13300 13.17239295595597
13400 14.164643133376053
13500 15.514255067428746
13600 12.715516187270584
13700 13.71735692567404
13800 13.55252785097996
13900 13.779362302389679
14000 12.881006578623408
14100 15.008822262626445
14200 13.97824931256038
14300 13.615839499655324
14400 13.539450325481495
14500 15.204670828575528
14600 11.196771454719624
14700 15.701728812707072
14800 15.77844224852945
14900 14.713529335966626
15000 14.263088090190816
15100 14.73771349003006
15200 12.416714831878938
15300 12.836980481458733
15400 12.286349109275472
15500 12.593172624492489
15600 10.791005794728523
15700 14.69672547373884
15800 14.948500230522342
15900 13.528552827687793
16000 12.613791682685383
16100 12.258393931556549
16200 12.559490038145606
16300 13.210212919309974
16400 14.992263263654856
16500 13.351681017043292
16600 11.626282823658563
16700 12.047670050898537
16800 16.378759628410293
16900 14.154943893231744
17000 13.731452827744251
17100 15.498658249434499
17200 16.60973190679421
17300 15.607563828487343
17400 12.011767381676258
17500 16.932031298879203
17600 11.753925287899206
17700 16.32367031025978
17800 10.441881396696205
17900 13.535406879553957
18000 15.16032219123037
18100 13.817926395050607
18200 12.035167348660304
18300 12.754378674670422
18400 16.569247445510236
18500 11.13614409291854
18600 8.618486483531512
18700 12.410424351820794
18800 15.892968952275961
18900 12.365664083089927
19000 12.811423791675445
19100 14.224391555935517
19200 9.330667783151673
19300 11.7666007695844
19400 13.628571507537387
19500 13.299674443160942
19600 11.866115615905443
19700 16.631407354047226
19800 14.714897259213544
19900 14.027467822020844
20000 17.386970580742634
20100 12.714012401915795
20200 12.431932952786013
20300 11.177484680245026
20400 13.977809244109931
20500 11.768388674837105
20600 17.109088493667684
20700 11.643637076936548
20800 13.370923226234192
20900 11.395123086140805
21000 12.454633818143064
21100 15.4708071885353
21200 14.748093960872202
21300 13.68124255221599
21400 15.083253968891443
21500 16.10137212031049
21600 5.6317640335626
21700 16.15392968282841
21800 14.541553495776089
21900 11.655329863683969
22000 10.437085545974899
22100 15.360571666017014
22200 14.162014478395156
22300 15.338694335339842
22400 13.60743229843266
22500 14.665519911560791
22600 13.22768822905737
22700 14.504746245909747
22800 13.90966306248512
22900 9.747786041237918
23000 14.669546805187482
23100 16.686354563018792
23200 14.696870663209644
23300 11.791359990590667
23400 13.489368920937842
23500 14.794458020133531
23600 11.430783129046898
23700 14.223132561149885
23800 14.593007983876342
23900 11.339387477868224
24000 14.971113938072174
24100 15.642097170660515
24200 16.2139638160935
24300 12.106806837841086
24400 12.55515617247104
24500 16.092426432483407
24600 13.175200016465732
24700 12.585735085299566
24800 15.525809113677175
24900 10.198111932608407
25000 10.725081184914766
25100 12.559677641237377
25200 14.334320398400328
25300 14.004686662475553
25400 15.716592955749421
25500 14.611738746726816
25600 15.167990140231149
25700 11.896844722962706
25800 13.183839317359709
25900 13.15624625528499
26000 15.367084859552731
26100 11.835272519599407
26200 12.890083155086593
26300 14.860408640222772
26400 11.436807473800446
26500 8.339355478261476
26600 14.42120527860138
26700 17.15926443479781
26800 15.351686304189705
26900 14.687920526439749
27000 9.00877797971874
27100 15.62209917536295
27200 16.316192501449084
27300 14.694677384269108
27400 11.182073482092198
27500 14.974476366961978
27600 11.311648009298308
27700 16.111437156231105
27800 14.200047660557614
27900 12.561966605821844
28000 14.482952368549505
28100 16.965138259382645
28200 8.594355267179944
28300 16.062041766215266
28400 13.825574469310663
28500 13.228273794605155
28600 15.452022264946486
28700 15.657204947607807
28800 15.873149761313591
28900 16.62188399980629
29000 13.398935946299279
29100 12.1694062722408
29200 12.078442981986385
29300 14.037196646327674
29400 13.252958646299799
29500 13.096045325776286
29600 11.026054188532854
29700 10.584980093993263
29800 12.320306194331708
29900 16.566834099731715
30000 14.711149836990934
30100 14.250895758676755
30200 14.100056931595498
30300 14.441177322151264
30400 14.615632052899057
30500 14.85263610755339
30600 16.901752633218237
30700 14.064491118430835
30800 13.210556805667489
30900 14.795301993493801
31000 10.907212038793409
31100 15.233318786661075
31200 13.562287864027219
31300 14.032681423624583
31400 12.115359151276431
31500 14.239781103804752
31600 9.756958456100655
31700 15.18462366021347
31800 12.539549591507678
31900 13.108764858532313
32000 14.58687799234117
32100 10.358010413348092
32200 14.91838298769527
32300 13.455542627345329
32400 9.668170751657488
32500 15.425986690608989
32600 13.127371595208457
32700 13.642066042816015
32800 13.882348505846412
32900 9.832990186138662
33000 12.815985603158481
33100 11.327583990004612
33200 7.950649646811883
33300 13.567561508596258
33400 13.12338497289823
33500 12.191107902468556
33600 17.300613458912398
33700 15.036389183198938
33800 14.286361997614481
33900 16.00787612723835
34000 14.55257462396257
34100 11.526599570737698
34200 15.147268388835359
34300 12.101778533281276
34400 16.172465346355434
34500 14.211002124124816
34600 15.547083610505318
34700 14.486960718985769
34800 15.971583843127718
34900 12.871511734585043
35000 14.536823992799269
35100 10.790511706092655
35200 7.835380304480363
35300 12.193201413661148
35400 13.816942926844968
35500 15.137066859194286
35600 17.5489099434161
35700 15.494913897605018
35800 14.654085754918208
35900 13.15295901705152
36000 17.474498201722053
36100 16.50567110525763
36200 13.686645046979068
36300 15.146263799890592
36400 9.574297779625962
36500 16.853869026879504
36600 14.65632129962867
36700 13.51989501769714
36800 12.634241929098058
36900 15.375934884375447
37000 15.073985140069931
37100 14.34467228546395
37200 15.66591029056188
37300 13.875506844327854
37400 12.07065563643824
37500 13.51582795338799
37600 14.52303805083684
37700 12.147883205299756
37800 10.702634631203205
37900 15.617873245899577
38000 15.790686632233895
38100 15.411181335336531
38200 15.359537567367854
38300 13.655652125100858
38400 13.50488484108551
38500 14.719252097886413
38600 16.728219231313908
38700 14.967273190035204
38800 10.021091820685017
38900 14.12216412969902
39000 16.142531895454393
39100 13.89837176382118
39200 13.904760371546356
39300 14.888532604692154
39400 15.901172920662164
39500 14.972680060927754
39600 17.482604852769015
39700 9.025261540275118
39800 11.337237350123614
39900 13.988567254230226
40000 13.588811320529208
40100 11.245376520704479
40200 10.752702100832126
40300 12.974136095438688
40400 13.56897899013895
40500 11.659625124467269
40600 14.395893802543089
40700 14.028189807879901
40800 12.560850963370614
40900 14.35854043956313
41000 16.431292023350494
41100 11.519832028648384
41200 8.347149666925402
41300 11.042247671159224
41400 16.411221606244915
41500 13.984712612362193
41600 15.436214865571197
41700 9.457976993107314
41800 11.43872284256438
41900 14.274866873659619
42000 15.263584430418812
42100 15.378016862835862
42200 14.287012814123129
42300 13.761080389285851
42400 10.388387331315892
42500 15.56231460760669
42600 11.785573283142663
42700 9.117042279344812
42800 13.096935513069928
42900 17.28620914747321
43000 12.738577168218976
43100 13.382292158924423
43200 11.111320083262704
43300 10.369851771447975
43400 14.610291811214351
43500 15.428640836413742
43600 14.204934556095294
43700 12.774832957901738
43800 14.530246989922077
43900 8.744122359105065
44000 13.235606245765817
44100 15.116378406456887
44200 17.12391111406079
44300 14.322843505639119
44400 14.516640245870034
44500 11.277924730595814
44600 17.338425839828595
44700 13.406000211873124
44800 16.801062679230363
44900 14.838467471852313
45000 16.57455607295581
45100 16.04883403261664
45200 12.735564571142861
45300 14.445639696728719
45400 14.735705770375063
45500 15.246709283605549
45600 15.473648957431976
45700 12.170310725431161
45800 14.87220245995927
45900 15.293516999434795
46000 13.634121126015069
46100 11.02824362200453
46200 12.932154840974778
46300 12.61916139834584
46400 12.68017175180446
46500 13.083161767830504
46600 14.640800852425322
46700 13.463300072444234
46800 15.293392561778532
46900 16.130684889029425
47000 14.848799208299564
47100 14.622418629393877
47200 14.713059439287775
47300 14.510285368335047
47400 13.913407521269912
47500 9.719001857484614
47600 15.235679757987326
47700 15.815894157954135
47800 15.168972708635811
47900 15.705422910752976
48000 15.92603081440678
48100 12.893170442729271
48200 13.69724351703144
48300 14.594347873067447
48400 12.394115376590065
48500 11.960434865375607
48600 14.462229773658525
48700 13.589886913238786
48800 12.54341070657863
48900 15.251042157524626
49000 9.824513226110653
49100 13.883324371060633
49200 10.937659175930905
49300 16.972366221403455
49400 11.646648293367068
49500 10.655539210506895
49600 17.802955120606963
49700 9.637929239516408
49800 12.66266721879107
49900 10.534372084371348
50000 11.035877167019684
50100 13.586096946510407
50200 16.64112957584438
50300 13.306771542979874
50400 14.242177323147335
50500 15.763375680496686
50600 13.351693735331706
50700 10.898270368220876
50800 17.878115317523175
50900 17.310547396062244
51000 13.806694656146279
51100 15.392644620287546
51200 14.963346572087666
51300 15.621927273206714
51400 10.159045732102124
51500 15.169139215394127
51600 14.625534707364412
51700 14.898429600756032
51800 12.136686735684828
51900 16.51372204903586
52000 17.52896068149846
52100 13.39987857938259
52200 15.398858226335344
52300 14.757663505350044
52400 13.33660197173776
52500 13.359643049953515
52600 12.49930216600956
52700 12.335863825637457
52800 11.627517954801998
52900 17.324501240028816
53000 13.052121928455849
53100 14.964121548864352
53200 12.175006986977982
53300 14.016874659561815
53400 14.843264362206863
53500 14.218112221104978
53600 13.021405754404764
53700 15.103192186269768
53800 13.966216399854156
53900 13.628163020666834
54000 15.576794795076019
54100 14.465437410052042
54200 13.642378061053906
54300 15.366897393685111
54400 14.638680474484149
54500 13.1506675927507
54600 14.035132752311673
54700 10.931166358690252
54800 14.909394138040799
54900 13.821069723171519
55000 14.621553763885181
55100 14.338818694950362
55200 11.930757768262913
55300 12.814892976011055
55400 15.676326946556765
55500 15.327342965700177
55600 13.473313945342548
55700 13.54096141858834
55800 14.14994431631908
55900 14.082947562857484
56000 14.725011213625672
56100 12.224042972346195
56200 12.02928940478151
56300 11.75160259038462
56400 11.325466973616612
56500 13.661504934896243
56600 11.07587236866988
56700 14.991041471632498
56800 12.857189720648126
56900 9.018593282507815
57000 14.068080131623066
57100 13.928770262783129
57200 16.3443271345795
57300 15.274378124198403
57400 14.280433303192979
57500 11.18778816514995
57600 14.346908543980133
57700 16.70102462558053
57800 14.399492309307417
57900 13.917796202682222
58000 13.165310285037371
58100 11.836888034482804
58200 13.340430895442982
58300 11.946348983588738
58400 18.072835412467086
58500 14.32788072608625
58600 12.986860306024035
58700 14.140261759913718
58800 15.655327130779623
58900 15.182049243160584
59000 15.58836172933118
59100 14.400951686045756
59200 14.829260864381187
59300 14.688029666573144
59400 14.206046313545192
59500 14.123759539758764
59600 13.761237904078671
59700 12.31164858241813
59800 14.822752544458579
59900 11.63405011521653
60000 10.750980363190678
60100 16.129300769065186
60200 14.614622008950054
60300 10.681661269562948
60400 12.696637837358134
60500 14.804901416072608
60600 13.509596136734853
60700 16.035801990612683
60800 17.268852968674743
60900 9.992777759215171
61000 18.150544627093865
61100 12.977243886596192
61200 14.323792507547985
61300 12.77243483216924
61400 12.574759331043886
61500 13.915814960693329
61600 15.820011202226723
61700 14.512532121586926
61800 13.28607509128864
61900 14.851167340192914
62000 13.149372992285306
62100 13.90127566385189
62200 13.330076557942421
62300 14.90156859801632
62400 13.646628870303543
62500 16.16437124083261
62600 12.648877688885513
62700 17.707888646770314
62800 15.339455389705476
62900 16.29555596196908
63000 12.053973742364798
63100 12.460924052165625
63200 13.702053968150485
63300 13.398938225609381
63400 16.005202976589665
63500 11.934323847250035
63600 13.44356211164962
63700 13.11862491142563
63800 15.395340511827374
63900 13.440759207317965
64000 15.356203102813804
64100 9.262485472258216
64200 17.67218412529467
64300 13.013102047403331
64400 15.093086577869675
64500 12.756540801959197
64600 15.294476822737886
64700 14.311850754990205
64800 13.76534989883206
64900 12.423292247741385
65000 14.742559227290402
65100 12.489453036336746
65200 15.102308904530497
65300 15.062598803818641
65400 15.301433785127832
65500 15.780299256843394
65600 13.757733492645965
65700 15.488838396727154
65800 15.168173229116753
65900 14.691621636743413
66000 13.949518344053924
66100 13.418919462959082
66200 14.157790358923705
66300 13.32694523172364
66400 12.452301356669828
66500 13.572781389981252
66600 14.160203034109859
66700 14.763668349944524
66800 13.937398584578768
66900 14.392325456386413
67000 15.167543491427296
67100 13.945898910612602
67200 16.549641479144103
67300 16.62666883776554
67400 16.019862747223016
67500 15.788781683315078
67600 15.282890496179947
67700 16.519958775483353
67800 13.161500354744271
67900 12.631474942908836
68000 15.225211817001044
68100 12.308556295163626
68200 14.93166645333175
68300 14.102843841805756
68400 14.885037528396527
68500 12.959701685626047
68600 15.72941188976328
68700 12.875947481619999
68800 13.152574588391815
68900 11.052233487855707
69000 17.397817762602262
69100 13.374211216831661
69200 16.392140309478226
69300 13.910078052341868
69400 11.296376409075327
69500 15.13352144404397
69600 14.418846221055283
69700 13.744005681518502
69800 16.45980383435305
69900 16.35690514419696
70000 13.028596413146092
70100 14.539419751017704
70200 16.981285548658686
70300 13.626028270888364
70400 14.566612228877476
70500 16.563552457758263
70600 12.203173474770574
70700 11.48404145211325
70800 15.12821559012789
70900 14.673188926342851
71000 17.176139068095416
71100 12.566453722994975
71200 12.8610784413564
71300 12.532508775844741
71400 14.757736453199369
71500 13.634969684553424
71600 16.15558856438734
71700 12.588523304857148
71800 16.99279134726256
71900 16.154941335992262
72000 15.805791581588695
72100 13.546504816302653
72200 13.312020447837634
72300 12.889879150230401
72400 14.17944635715674
72500 17.171673830481296
72600 17.12479241891565
72700 14.242689905014252
72800 12.128249324735433
72900 14.706201952449183
73000 15.547822608819382
73100 16.319656880277144
73200 12.903544754624033
73300 12.0012712835808
73400 15.22963196198401
73500 13.692750281596071
73600 14.796775973113382
73700 16.15087393968889
73800 14.095350974578375
73900 17.746656579924405
74000 16.893260282042622
74100 13.34120681438593
74200 15.719620175908013
74300 14.056884947423766
74400 16.62075357916121
74500 13.34705166888637
74600 14.526570641967599
74700 16.023265325858713
74800 15.266669391342143
74900 13.935622874241735
75000 13.32675620119386
75100 16.037021774217855
75200 15.275354605044653
75300 15.762206865092617
75400 11.44665865007094
75500 15.62781649357266
75600 12.642336216336943
75700 15.172447359619616
75800 13.378597244306345
75900 17.004536822349543
76000 11.970315594457487
76100 14.813704667923027
76200 12.073408562382749
76300 12.781308522455769
76400 12.049673431561377
76500 14.300869475085044
76600 14.6044222712789
76700 14.15511061334543
76800 13.141119981045874
76900 16.041917241955357
77000 15.4159863349615
77100 12.954206111857669
77200 9.120830403198859
77300 10.420794955159609
77400 15.820131117273185
77500 13.288447652864274
77600 13.538222806864733
77700 15.635240680727366
77800 14.500139296185694
77900 14.436499262607796
78000 13.82089756015098
78100 15.711830148764987
78200 14.639698918034004
78300 15.5751747695067
78400 14.281963419657803
78500 14.44001177657806
78600 14.439727603157934
78700 11.71559653556252
78800 15.22789999108811
78900 16.156022303838817
79000 16.85712444714059
79100 16.23037806291544
79200 13.985839082265647
79300 17.0030656302887
79400 14.414553404464058
79500 16.63492893868622
79600 13.317512332963746
79700 16.069283249516836
79800 13.951234532383916
79900 14.248242620618575
80000 16.225500627368895
80100 13.310400575320042
80200 15.039497319101242
80300 17.048153938034847
80400 14.293392130542154
80500 14.604772579530799
80600 13.369197572915375
80700 14.21032669437415
80800 13.17478340504199
80900 13.722781105471098
81000 11.576486160385167
81100 15.549039802882636
81200 14.009035416638627
81300 15.055479776415103
81400 15.949820442151882
81500 17.38601613003397
81600 11.171690088604905
81700 14.409395974922038
81800 16.649049560437753
81900 14.641739279705261
82000 12.556221535119228
82100 14.120619207978176
82200 17.065680659995788
82300 14.197516393154197
82400 14.869421023977418
82500 11.566016014864994
82600 15.642845159070706
82700 14.131444010893407
82800 14.520467857312502
82900 17.699985744502996
83000 14.970561404439621
83100 12.707828790728014
83200 13.496834412814348
83300 16.18086600514113
83400 15.174301457953197
83500 15.695005150539647
83600 17.324227296114028
83700 14.584687434162815
83800 12.754952443329648
83900 12.82726018306892
84000 14.910783077824327
84100 16.720775364283615
84200 15.62905954083094
84300 12.176541512124986
84400 17.732684795272206
84500 13.774062057344649
84600 17.24581625850722
84700 14.121918812473458
84800 14.793772315221013
84900 17.165419169402444
85000 17.430365998171325
85100 14.411837488604663
85200 12.72212387002269
85300 12.067689931451364
85400 14.556273033469823
85500 10.426744676725729
85600 13.703863831289672
85700 16.757703775520795
85800 12.191675917154535
85900 15.579849817737033
86000 14.230004517368728
86100 14.716345576151193
86200 15.32185291964144
86300 15.241146681240142
86400 17.853398920777376
86500 15.496236599156239
86600 16.872006987375528
86700 15.97844919971506
86800 10.957327495148089
86900 16.493895248877386
87000 14.874463794221718
87100 13.318578820406932
87200 14.176723647920406
87300 15.027865463956127
87400 14.410037635541785
87500 16.942391647389584
87600 13.569272140651753
87700 16.359415427693683
87800 9.932204436972741
87900 13.572006009132405
88000 15.14260446782738
88100 15.946322203810977
88200 12.854088617346306
88300 15.968639658977473
88400 14.685161215697688
88500 16.24180254990482
88600 15.472521500944682
88700 13.281732394202402
88800 11.012918592241515
88900 14.515796093764202
89000 13.578676700629039
89100 15.897321446559447
89200 13.319665029665712
89300 13.205128855175172
89400 17.606323947689873
89500 15.495085653706239
89600 17.31744581097312
89700 14.861118875857821
89800 14.374893282700315
89900 15.421084024334315
90000 15.669545487431478
90100 15.041357761869158
90200 15.509681443954346
90300 13.018453454121463
90400 15.574358438433828
90500 16.164915550051617
90600 12.418708138859445
90700 13.94158079591764
90800 17.562262907441987
90900 15.219202142733433
91000 17.934805248649983
91100 16.387333942662334
91200 15.569430854776162
91300 13.869493023541878
91400 14.31112836720084
91500 14.963313895967708
91600 15.950303417455238
91700 12.836704973954214
91800 15.891117521697486
91900 12.013269932353154
92000 12.46883136932963
92100 16.678859929067396
92200 14.12303896534075
92300 10.814851702368772
92400 15.54422340571534
92500 16.42572596659331
92600 12.62245560100089
92700 14.05841681784933
92800 14.857461878934389
92900 14.565820308279745
93000 17.574910189981043
93100 14.147944008607388
93200 14.290528071453432
93300 16.742275930109027
93400 11.619615470477369
93500 13.780160806300609
93600 13.622729806012986
93700 13.671544026235429
93800 14.430375975076188
93900 15.286166521673948
94000 15.120526400719296
94100 13.872451421656718
94200 16.479777531157378
94300 13.117695319821562
94400 13.6359162738251
94500 15.978808901950552
94600 14.028027373759926
94700 11.832714741678398
94800 12.199271048380215
94900 15.268493959402933
95000 11.326990890519038
95100 15.053546697632108
95200 11.143409528243675
95300 15.573503212258641
95400 13.218274231195132
95500 13.3194799659241
95600 13.13247486077543
95700 16.21639499552097
95800 18.843390169263692
95900 14.495533921659424
96000 14.576956422043727
96100 16.19067994526066
96200 17.26763962397866
96300 13.437372067621522
96400 14.7978273905873
96500 14.893165583312282
96600 17.385968304295545
96700 17.160526155593796
96800 14.64001445161329
96900 17.234600122134996
97000 16.52493648203208
97100 16.818162706071234
97200 14.445765295429815
97300 17.025028464852397
97400 13.922629532258183
97500 16.753620436260608
97600 12.34281128966097
97700 11.526177726365894
97800 14.929280727998822
97900 15.792262319189955
98000 14.293419345734764
98100 14.831771409256193
98200 15.977258240313335
98300 12.477675985570848
98400 14.887114609687908
98500 13.24470899721034
98600 15.778788483801009
98700 17.291489638095776
98800 16.049385905819108
98900 14.843562553172513
99000 16.403898940292645
99100 13.440452431055126
99200 14.929737620778338
99300 17.688801758899068
99400 15.295171109617167
99500 13.93981348997286
99600 17.361659555100438
99700 16.355143633765643
99800 17.39367580960362
99900 12.711600795510341
100000 12.806784579221945
100100 13.779127904382115
100200 14.75838158604529
100300 12.777781580500166
100400 16.534133246798078
100500 15.136342677489303
100600 14.591832224297109
100700 15.330682513785145
100800 13.647172761524127
100900 14.485017331556666
101000 11.247940693808948
101100 17.095347634090402
101200 13.779828996430563
101300 10.271018134243173
101400 17.41252902677067
101500 13.776132660313243
101600 15.466838576992522
101700 11.175224327184129
101800 11.717394382372692
101900 12.408558091871178
102000 15.26593174616233
102100 17.86383567571804
102200 14.73393708820648
102300 16.30502894728644
102400 16.201984030024203
102500 10.972686013138196
102600 13.575468913050445
102700 13.181486241982595
102800 17.762849680764884
102900 15.537123922921646
103000 13.823112813829018
103100 16.47071938742124
103200 16.019826263589625
103300 16.508772773604424
103400 15.34008720995028
103500 15.47371895421048
103600 16.955267756576475
103700 13.796363506176988
103800 16.291098186127087
103900 13.578128643485314
104000 14.11220998425941
104100 15.665100676962803
104200 14.393440382133372
104300 16.358523817330802
104400 15.17816188460726
104500 16.378360224453118
104600 17.55847870081029
104700 12.471650661138328
104800 15.594044147963745
104900 13.74675937915569
105000 17.060352253709254
105100 18.305303351032098
105200 14.268897861339001
105300 13.130382104607193
105400 13.751583756408
105500 15.675039372371659
105600 14.091934945020084
105700 15.102994672722543
105800 15.248533005926463
105900 15.087045114019464
106000 18.36110948042658
106100 17.21533573803532
106200 14.27764713678878
106300 13.05291583771063
106400 18.03669658267536
106500 14.397517355256902
106600 13.659753551175136
106700 15.31320726944314
106800 14.86644862999679
106900 14.195335938187824
107000 15.35308682427428
107100 14.704419079561697
107200 15.70847998394826
107300 18.999493141632925
107400 15.512321744329222
107500 17.365898389103215
107600 14.273817837726877
107700 13.453841128994423
107800 15.018131800627216
107900 15.202715640166181
108000 16.300187175570414
108100 15.595366665532579
108200 13.369599653854142
108300 15.531605407127627
108400 15.425864425828086
108500 14.083241020909067
108600 14.483429178489512
108700 11.966213768415185
108800 12.944851459335437
108900 14.264734460179165
109000 16.775013991800346
109100 15.75471266888227
109200 17.601982678607502
109300 15.995481185513759
109400 17.371519186923774
109500 15.914234085706747
109600 17.97296772369888
109700 16.015436110221085
109800 15.936370027285372
109900 12.53840567361781
110000 16.4383231494717
110100 14.180850229972197
110200 16.227128232547617
110300 13.23028103649088
110400 13.640152921131262
110500 13.444007881011466
110600 17.389265176064132
110700 15.688777713881608
110800 16.56025795677522
110900 13.81805742428043
111000 15.828745702082209
111100 16.52822586472705
111200 15.693809810512965
111300 17.86868049333149
111400 15.497593917947869
111500 15.167208490414831
111600 14.81095262964107
111700 13.421737662096938
111800 12.74062423831618
111900 14.816811819540714
112000 15.608829537030976
112100 17.966675743025792
112200 15.91862644506912
112300 14.119214390541082
112400 16.415234895291942
112500 15.770672118191186
112600 18.361341443271165
112700 14.500417090819777
112800 15.32252774078443
112900 14.673212498684029
113000 15.590470585693339
113100 14.172274024056657
113200 10.79616374798212
113300 16.161065625994667
113400 15.773766559289509
113500 13.035956968084816
113600 14.017020374357173
113700 16.02243921936644
113800 15.276684247389053
113900 14.880103372864182
114000 13.372314711709215
114100 12.651116465145844
114200 15.841281591059326
114300 15.288978187676044
114400 15.165157480764682
114500 14.697406480177484
114600 15.091025038217506
114700 17.695365007248103
114800 12.843981378877066
114900 17.622507975320215
115000 14.958049998182267
115100 16.020293440289283
115200 14.484913318699606
115300 16.240931223195595
115400 14.836051137743512
115500 13.65208838319242
115600 17.089953557081174
115700 17.601526236038456
115800 12.942227286072916
115900 16.82307418036181
116000 16.572564036262058
116100 17.33541772490835
116200 15.510861800528485
116300 13.490075938232096
116400 14.0621935168511
116500 15.3724058512871
116600 15.92355504066227
116700 17.251308771500355
116800 16.585726363996248
116900 17.599527547492784
117000 13.980024554877208
117100 15.44316229015088
117200 16.17616400947257
117300 15.545315219139768
117400 13.714273519842381
117500 13.215965368060635
117600 18.836113028488324
117700 14.925264682590218
117800 13.938122221161965
117900 15.856687287453141
118000 15.090684206137729
118100 13.99000040745724
118200 12.593794703084333
118300 16.064164798230344
118400 15.982537638913767
118500 14.423141956937409
118600 13.360654888428705
118700 15.98354591888184
118800 17.95798239944348
118900 15.028049837440827
119000 15.64493175376522
119100 14.324269404063118
119200 15.914120861879319
119300 13.770096019458421
119400 14.219930081504828
119500 14.280608125722082
119600 16.684397182672427
119700 14.059067855147473
119800 15.470620253060561
119900 16.395251565109742
120000 14.399739027816443
120100 15.925528791356554
120200 14.8289700318629
120300 17.098194754681025
120400 17.026380318998143
120500 14.11929738936684
120600 11.338634586856903
120700 15.864784334603245
120800 14.957401644610187
120900 16.12652769297838
121000 12.49788310462965
121100 13.031097614908601
121200 14.958336030791497
121300 13.264105554177174
121400 11.175088371733088
121500 15.48579194440388
121600 13.402050388249185
121700 13.80113961888457
121800 15.6895842330889
121900 16.05777204285754
122000 15.227619540784438
122100 14.579433467567863
122200 14.568807355818539
122300 13.94971806323224
122400 12.783790326537934
122500 14.394451572761731
122600 15.872272970947433
122700 17.1001389501484
122800 15.167233226374664
122900 12.883785012992819
123000 13.249982494391496
123100 11.548640763971235
123200 13.259249961926413
123300 15.113919399173163
123400 15.051775267618577
123500 18.05099295153249
123600 13.72928451325017
123700 14.698256283293224
123800 15.881858283830853
123900 15.310533328538746
124000 10.186536756522797
124100 16.678443765392824
124200 12.488119407642177
124300 13.240111886492272
124400 15.425542555880488
124500 14.347772430712203
124600 17.99997235214703
124700 17.333800728274866
124800 15.144548775686715
124900 16.294624646514304
125000 16.64229190189335
125100 15.000472926463477
125200 10.844882231792099
125300 11.73538501239022
125400 17.643204889997726
125500 17.447066454849782
125600 17.217079983558385
125700 15.68687158491073
125800 12.523541105797328
125900 14.372239343743361
126000 15.0713288206217
126100 17.181275921787186
126200 14.015763360632363
126300 16.10989653893247
126400 14.888911003499768
126500 14.9244297645157
126600 15.421483362668221
126700 17.03886449307736
126800 12.804962659216516
126900 16.194038744742492
127000 12.705502135320462
127100 14.436168012742993
127200 17.634374790613645
127300 15.215293504683464
127400 15.92094966032249
127500 16.32371213037463
127600 17.581818013512667
127700 17.71559209804038
127800 9.79302614932722
127900 18.157516055304065
128000 15.186027380911915
128100 12.400358243519136
128200 15.111344105936944
128300 13.390215098328179
128400 16.804008580365846
128500 14.448305723188355
128600 19.391252597193713
128700 14.235692383314252
128800 15.887363410750934
128900 16.691770488144794
129000 15.378051559617193
129100 16.44270058466698
129200 17.63019856396019
129300 16.116817206944447
129400 16.212348766905162
129500 16.341630314030986
129600 14.225924782970457
129700 14.643106462586733
129800 16.101329318138063
129900 15.23264397302174
130000 14.419276657685014
130100 14.097497585454752
130200 16.832605409339482
130300 19.33915821296317
130400 15.583340612184685
130500 18.158101298775
130600 13.455308697221536
130700 15.739561029529046
130800 13.01019985662461
130900 17.17539280026332
131000 16.918364840954336
131100 15.221773612241742
131200 15.269101927944867
131300 16.71224606570206
131400 12.709697774715464
131500 16.00069776255689
131600 12.130212537197677
131700 15.011805570822089
131800 15.652372418732677
131900 15.24592459731583
132000 15.492738292847305
132100 16.29122743063872
132200 16.28003786683511
132300 12.982427609659943
132400 15.97760361871012
132500 15.579585133937801
132600 14.234612782125497
132700 15.268167557707924
132800 11.540302348363939
132900 13.40969606807967
133000 16.568044971406728
133100 18.629521603301956
133200 18.526953202734912
133300 14.928096256960425
133400 16.750300254734952
133500 14.086950875235441
133600 14.451365202119186
133700 13.932406807987482
133800 15.5838125841213
133900 13.904994172168292
134000 14.572382684517828
134100 12.978334144623025
134200 14.770572447194917
134300 17.025416041947466
134400 15.651014250134185
134500 11.885079866397149
134600 13.378236918589812
134700 14.896310499437991
134800 14.438438574063131
134900 12.807457453282481
135000 15.62743234701023
135100 14.017487905426615
135200 13.43339898063797
135300 13.41855048918308
135400 13.719317291138056
135500 14.956485922313785
135600 14.618876686667043
135700 14.721039549630083
135800 13.405494878346351
135900 15.069624905435502
136000 13.056093632951788
136100 16.433247996448088
136200 12.961567054608155
136300 15.632429552465103
136400 17.426459910698615
136500 13.512795511558405
136600 15.794061312044382
136700 17.905055385449792
136800 16.528108365507403
136900 9.948646674783875
137000 16.783779897994567
137100 17.201101106333073
137200 16.600819463832014
137300 16.793219050285778
137400 15.239245922965637
137500 15.53426510455512
137600 17.311127062147058
137700 16.49992304543419
137800 18.14318350307535
137900 15.388602062880999
138000 12.77606121288678
138100 16.318796965150465
138200 15.827701956319704
138300 14.50201586548215
138400 15.88356805136274
138500 14.901661647942326
138600 13.76603925624899
138700 13.332019731582495
138800 17.369175980353546
138900 17.091809845773813
139000 16.627614774637067
139100 13.615514105524355
139200 13.490625656804394
139300 13.753903087200753
139400 15.640766357929435
139500 14.718832700885443
139600 16.863400027430288
139700 14.58567628959919
139800 16.61464911729332
139900 13.712835302662528
140000 16.384530807795414
140100 17.95131261850057
140200 14.841018104214221
140300 13.847414554371529
140400 15.064880130756343
140500 15.487114662896023
140600 17.637662394225377
140700 17.196633730409683
140800 17.13366764898626
140900 14.630844213741998
141000 13.69462382805109
141100 16.872027519535017
141200 16.72766849141018
141300 16.555296880426514
141400 10.41073050259798
141500 15.846475584488758
141600 17.432973320547433
141700 17.145062589686166
141800 15.927407200089858
141900 13.18677765422463
142000 16.771029762592047
142100 13.167122193565215
142200 14.670003607910788
142300 13.139771157406805
142400 15.271289913534236
142500 16.870059088683227
142600 16.306888948553592
142700 13.977446204371768
142800 15.81282024639194
142900 15.649857574406843
143000 13.903848502202832
143100 14.856224273442349
143200 13.205138332664951
143300 12.62057423342456
143400 15.779965567465402
143500 14.625927501601268
143600 12.68341806131216
143700 15.938662542410155
143800 15.288880558968833
143900 14.382371905146673
144000 17.179510436171622
144100 11.986682483771386
144200 16.15228344788439
144300 15.97194887314951
144400 15.308849123779556
144500 15.753606635409007
144600 13.465000386500627
144700 15.84707270266085
144800 15.528498073467132
144900 15.151644860581461
145000 15.75175066668466
145100 14.64477981365951
145200 15.1710786052779
145300 15.438903012375754
145400 15.197326310704142
145500 17.054101988968295
145600 14.245115376823845
145700 17.849809148599935
145800 16.374848387874966
145900 15.741414160061083
146000 14.785418777349841
146100 16.23004500787294
146200 13.049655312606513
146300 11.909061332667973
146400 14.452343164893275
146500 14.215640882758766
146600 13.018436057541834
146700 11.585298723658397
146800 12.249965543896852
146900 15.401944310599735
147000 17.115354877328965
147100 13.35826288053898
147200 15.28582463125367
147300 12.694499940056378
147400 13.452366330899823
147500 16.56955843377897
147600 14.183714276524563
147700 15.700617024883956
147800 15.966267798485214
147900 15.535638477269185
148000 15.65868398308144
148100 16.04131887174798
148200 14.82518155283669
148300 13.212078785240434
148400 18.28633062250452
148500 15.788788612905348
148600 16.03767248575014
148700 15.64080177779155
148800 17.89916177501016
148900 13.334707774769035
149000 18.292726485707377
149100 15.880354545923383
149200 10.370853007853391
149300 14.054924479022272
149400 16.05746981625338
149500 16.89433319337785
149600 15.486005269429786
149700 16.221033122400126
149800 17.91332677253788
149900 16.797369576237188
150000 16.61470442328972
150100 16.284511544558608
150200 16.284448698188207
150300 17.518769449219743
150400 14.469102934320755
150500 16.461488528477165
150600 15.039608570153232
150700 15.556455726470405
150800 14.696450873758376
150900 17.582573907791254
151000 15.481692768738023
151100 14.773185724021504
151200 14.097933295712204
151300 15.326666706536205
151400 15.043355184344238
151500 13.974169982978433
151600 18.88866334001923
151700 13.960048373382845
151800 16.87001637454654
151900 13.550615034833354
152000 16.415117259774245
152100 12.576319486634722
152200 16.052686100535276
152300 13.14540600514048
152400 14.804992403953323
152500 12.80185819656594
152600 15.885442998898556
152700 14.38619212943461
152800 15.13789405217637
152900 16.514608779727126
153000 15.336188698638956
153100 12.735439705964993
153200 15.440009948040425
153300 16.251610610369376
153400 15.777705033636197
153500 10.850714175446784
153600 14.432435053277638
153700 16.242316560678994
153800 14.92183083458546
153900 15.320748775121237
154000 15.559235233622411
154100 14.964146230443829
154200 15.000021408105344
154300 16.521341253222353
154400 12.124029921188399
154500 14.487002499136283
154600 12.836376342214871
154700 15.78563127417005
154800 15.847380666568814
154900 16.805639105896987
155000 19.151977889482055
155100 16.935278303063257
155200 14.905400464385085
155300 16.73658358416248
155400 15.498178951840753
155500 15.942839987597045
155600 14.642962088671297
155700 16.631178265201005
155800 17.07048856122179
155900 18.191925329128193
156000 13.655539028481392
156100 15.719295255795199
156200 16.319422153829223
156300 17.103071203167843
156400 14.080714948114567
156500 16.797906446369
156600 9.90096867934539
156700 13.6332527625229
156800 15.430566383511572
156900 11.67373750096486
157000 15.649791373297656
157100 11.150782825455874
157200 15.493574299765132
157300 14.534794670140537
157400 14.779038575486084
157500 13.73300914924879
157600 14.800298886495295
157700 14.45353820673639
157800 18.40747876853483
157900 15.891514915927521
158000 15.653151265123906
158100 17.341889191259853
158200 15.129012023966164
158300 17.482775742220355
158400 9.904783215657078
158500 13.694722139446828
158600 14.185437921595748
158700 13.449559637275271
158800 17.38053507030663
158900 16.816681609457557
159000 13.781580099079918
159100 15.427825183705982
159200 15.15128898336654
159300 14.625227087298914
159400 16.75534036231508
159500 17.684920244201088
159600 13.12189576552302
159700 14.326727531387032
159800 15.092607649830796
159900 12.929080434243719
160000 15.37842077705091
160100 14.315496853990318
160200 14.956709771275907
160300 14.372349783379084
160400 13.946536736917297
160500 13.67736385229248
160600 17.034682490831333
160700 16.17695031253064
160800 14.024203742294544
160900 11.878111096580746
161000 16.22752118585842
161100 16.621820927245707
161200 15.248857211651655
161300 13.107392992475773
161400 16.198295222225475
161500 15.170870675947175
161600 18.10849420627981
161700 12.896924149229472
161800 16.055898695500357
161900 16.948145500005577
162000 15.641497137717021
162100 14.985460895431606
162200 14.974969994241137
162300 16.0442609438181
162400 13.419391704317217
162500 12.57049509218616
162600 15.559495008306115
162700 13.835255299234147
162800 16.638841711752704
162900 13.475985601697118
163000 13.283145748582035
163100 15.214499677345213
163200 13.103220998378555
163300 13.530288871897367
163400 15.336802352068885
163500 15.734275621746363
163600 16.59501985057275
163700 12.564103244739714
163800 11.753775210118452
163900 15.983019264690489
164000 16.083059768223166
164100 15.323404582314158
164200 11.997283528686836
164300 12.0121364967744
164400 15.33593817175235
164500 14.451794466474693
164600 13.45979372483745
164700 13.443892302563713
164800 16.610748981463946
164900 13.328023571793722
165000 11.040588645045068
165100 14.983097104917833
165200 18.187042742276816
165300 15.25286405840266
165400 13.002363525037131
165500 18.48360382035767
165600 15.685401698465194
165700 16.88479137728971
165800 11.243014072189752
165900 13.9812883978144
166000 14.212741926548006
166100 15.97245231504821
166200 16.935191322760712
166300 17.604654564946657
166400 15.56100053102095
166500 14.876835824118833
166600 16.704109931118797
166700 17.802825346099528
166800 15.708022241237606
166900 17.720980840800895
167000 16.57224967694205
167100 15.239766867283294
167200 15.327436452955054
167300 15.41225670359156
167400 17.618203664172185
167500 18.12846757049924
167600 13.39519916372234
167700 12.4323509572664
167800 13.58380404357644
167900 12.684152034688916
168000 15.504593678644989
168100 16.478546493991928
168200 17.626835155209754
168300 13.681704076662227
168400 15.929315089363707
168500 15.414332084299948
168600 12.591426051820422
168700 13.514923549079123
168800 15.154326705594327
168900 15.539766895007917
169000 13.326889060223047
169100 14.96818398200404
169200 13.006949093789574
169300 16.56739345097526
169400 15.525162655600482
169500 14.013807905003151
169600 12.0831229898506
169700 14.62066118481951
169800 17.179854052308553
169900 15.570662937256731
170000 15.54058625270041
170100 12.104402394476827
170200 15.10711508596177
170300 15.618643008645238
170400 15.59994176818355
170500 18.04153816212497
170600 15.835369410778206
170700 13.998593053953513
170800 14.15961399727444
170900 12.35129418882308
171000 17.63346093034908
171100 15.14214809264845
171200 17.904639234855896
171300 16.794489086190403
171400 14.858591709754155
171500 17.03836686164308
171600 12.841111672863903
171700 14.960522980235151
171800 14.647762067878524
171900 16.015434095504375
172000 17.155054614795258
172100 13.993443038131003
172200 15.445436084245515
172300 14.514907280880795
172400 14.294752187970673
172500 15.292137795237084
172600 12.492071921678875
172700 13.657501242561613
172800 13.552878429643991
172900 17.301963416460964
173000 14.63349464803007
173100 13.782340578698436
173200 17.63253347299584
173300 16.566381714941357
173400 13.451201040845689
173500 12.010076921201733
173600 15.39584548048454
173700 15.822069761612406
173800 15.318923611836299
173900 15.42628066112906
174000 16.21113567837011
174100 14.966301328299094
174200 15.53035685113997
174300 15.000631286944293
174400 14.301497050607702
174500 12.973247226673173
174600 17.99468229306791
174700 11.985372367284482
174800 14.92421593724567
174900 14.790628647735108
175000 12.426271877172589
175100 13.777348758758386
175200 14.897170932890011
175300 17.412500913525633
175400 16.37262523347109
175500 15.940920539937498
175600 12.631947666029083
175700 16.754215727299844
175800 14.445237146889635
175900 13.010123010899436
176000 14.894541426886716
176100 15.914358418130321
176200 13.198618281948493
176300 14.913158085150972
176400 18.47663617799019
176500 16.267471248991143
176600 16.624818713945125
176700 16.016380048525626
176800 15.530772237704722
176900 14.350153257243555
177000 15.13290441101557
177100 15.44170358120026
177200 16.63318898773999
177300 13.904597043601823
177400 17.278560286691697
177500 14.497680438233733
177600 14.461073067865321
177700 15.429871655204645
177800 13.156507719402624
177900 15.345104785864986
178000 15.319951295736006
178100 15.578350287961346
178200 13.86655433908275
178300 15.344759067313005
178400 15.53796318885989
178500 15.579141023132157
178600 13.282965503264707
178700 13.41798215354771
178800 15.947196381079948
178900 15.839743375452105
179000 12.94836849729359
179100 15.379544449429574
179200 18.45331458767269
179300 17.56995611499273
179400 14.849705694506135
179500 16.09677396413494
179600 16.982967993252956
179700 14.511345543187677
179800 17.378084180010802
179900 13.928819647321074
180000 16.1111794215002
180100 15.008116569147798
180200 15.479467342887455
180300 16.355016240436907
180400 15.111605194922587
180500 13.04079755729845
180600 14.992264935859412
180700 15.943390423743926
180800 13.567125035225663
180900 16.072396430735466
181000 14.89296173085696
181100 14.927548248138391
181200 17.84157144767361
181300 12.134458005102534
181400 14.16174091180441
181500 14.884379979990054
181600 13.961878356848096
181700 17.505092578093194
181800 13.386538701671872
181900 15.443771182722816
182000 15.436670956416712
182100 16.64295757751883
182200 14.882331998230942
182300 16.338351344942133
182400 17.045311998621777
182500 15.585700827001096
182600 18.086524012746555
182700 15.673416031176973
182800 17.207135148838447
182900 14.33839945449959
183000 16.917111134773958
183100 14.53792819261807
183200 13.677031365783789
183300 13.940348501871096
183400 14.778319961736848
183500 15.989018768314613
183600 15.48393525403509
183700 17.17305528241303
183800 16.742412518756403
183900 13.903084577847023
184000 16.21700320275023
184100 15.539594856057873
184200 15.66621917730731
184300 15.066609615308796
184400 9.205198049741972
184500 13.722956591344039
184600 15.159671373349491
184700 12.748089011930764
184800 14.541286847370385
184900 17.211873864747048
185000 15.756536433799344
185100 14.968417830518488
185200 14.352100756118707
185300 14.118619625612688
185400 12.941752912325382
185500 9.968535247505667
185600 17.3386946819342
185700 16.61697288641257
185800 15.91846789040848
185900 17.974584139790235
186000 15.295450834122942
186100 12.908681757659345
186200 15.513945387202616
186300 16.612179372429143
186400 14.827688234484125
186500 17.771044513507828
186600 11.796888723306559
186700 15.094823674632178
186800 17.59208995569415
186900 16.669796870017723
187000 13.047306855047038
187100 13.762942897139432
187200 16.23622434642691
187300 15.305113139334171
187400 16.189866735294157
187500 15.506833466011328
187600 14.553659857572756
187700 19.000751351430786
187800 15.054568481282226
187900 14.505643207522274
188000 17.474620280086064
188100 14.830946107932467
188200 13.734616891390104
188300 14.986446094005167
188400 14.511997177882929
188500 13.756466954614782
188600 16.09304548929625
188700 17.69684918212212
188800 13.832945270152555
188900 14.618012688405601
189000 14.977823007357886
189100 14.674061473390832
189200 18.683021786377317
189300 12.496329779204272
189400 17.26392994995795
189500 14.750105789626476
189600 17.101929234943814
189700 16.249751176837083
189800 15.17067318894657
189900 13.166860196370893
190000 14.937617219540677
190100 14.226797599717008
190200 13.556947413978765
190300 15.929000453108063
190400 15.186293455287096
190500 14.987873556708935
190600 15.769475839114477
190700 15.01509608684593
190800 13.367098251597412
190900 13.969963196235009
191000 18.85987965658656
191100 13.736276961634784
191200 16.4722965728036
191300 15.888854627778583
191400 16.576375326441518
191500 12.46142448251994
191600 14.086847118098298
191700 14.773940547786072
191800 14.241981246960465
191900 15.86162686449302
192000 16.114057766512335
192100 14.84947584208024
192200 12.412651521163811
192300 15.365308797474725
192400 15.73901219248402
192500 13.604935493278957
192600 13.732753425232579
192700 14.361606438918054
192800 14.469418707846101
192900 14.95518748434111
193000 12.551888255779852
193100 12.213161807086635
193200 11.901774570055904
193300 10.497262298313004
193400 9.724963893037232
193500 13.564604997507118
193600 18.237322033281778
193700 13.908443703940668
193800 14.920906419694916
193900 12.413174339060962
194000 16.043993381554184
194100 15.35101600884108
194200 13.94579152545194
194300 12.51380907868866
194400 13.912490830006549
194500 11.293767480155577
194600 18.185569102149234
194700 14.251502063202738
194800 14.907996119600384
194900 15.656112556202412
195000 17.569951586920926
195100 13.345080666368622
195200 14.779137543428304
195300 14.923988491054155
195400 18.114638419201036
195500 10.704385408804557
195600 15.758158143289139
195700 16.122725590667923
195800 13.641750877122897
195900 15.304307630485463
196000 14.973821122417796
196100 15.142573933754184
196200 14.453989271507732
196300 15.186649684879846
196400 17.588829843779852
196500 16.435222751486002
196600 17.035496149544127
196700 14.729780014752047
196800 12.979352080959499
196900 15.289813143621926
197000 14.037298668906562
197100 15.026276141482938
197200 13.621719146044086
197300 15.199405850486597
197400 14.080156484833179
197500 12.885647254936304
197600 17.62258657643111
197700 16.924438416786497
197800 17.900307856237173
197900 15.0949284264055
198000 14.594825402297998
198100 14.862604834326612
198200 16.037598379567804
198300 13.462917570032513
198400 15.27579561463555
198500 17.130867299773065
198600 12.446308453212891
198700 12.828511015761359
198800 15.358965274405966
198900 16.188482382220702
199000 14.934830295371189
199100 16.925306864267583
199200 16.183162206890387
199300 17.332091897659442
199400 15.057635309777723
199500 14.034891405819918
199600 17.575367921178458
199700 12.489614255250256
199800 14.802144188610903
199900 18.416451112439255
200000 14.798262847045644
