# Model = DQN.shrink.(9)-8-8-8-(9)
# Num weights = 272
# Learning rate = 0.001
# Env random seed = 111
# Start time: 25-12-2023(20:56)
100 -24.05708015095499
200 -26.016944416895335
300 -21.40159790531407
400 -25.280615901868355
500 -25.37719615866658
600 -23.476413568407793
700 -24.243648942507097
800 -26.15636397093235
900 -25.994545389060473
1000 -25.362467459653157
1100 -24.07998436845256
1200 -23.130470182542023
1300 -22.659517919375148
1400 -24.814667822096123
1500 -26.450337776604297
1600 -21.693312406117787
1700 -23.442141379548843
1800 -27.63837653565596
1900 -25.135287696282614
2000 -25.30302150878999
2100 -22.574811404080997
2200 -25.27098239186727
2300 -23.74952631326494
2400 -22.311389174783255
2500 -25.472083478031742
2600 -26.28224887432706
2700 -23.638383098186
2800 -23.47910426300678
2900 -23.45110841938517
3000 -26.222930867698796
3100 -24.484505028968332
3200 -25.748652104150892
3300 -23.786173093170397
3400 -27.22590491897873
3500 -27.26737621128479
3600 -22.02656085230102
3700 -27.253919584247672
3800 -24.153865461688966
3900 -24.803854995933893
4000 -23.810498564448608
4100 -21.353048535877836
4200 -25.033565889637238
4300 -24.56735898629246
4400 -27.335106979311117
4500 -23.893872005443903
4600 -23.912500731256994
4700 -23.761358123242644
4800 -23.12797011909196
4900 -24.776578992028067
5000 -26.438026689260006
5100 -21.59497795647537
5200 -23.14327017254287
5300 -23.344854853056848
5400 -24.534439712145158
5500 -21.96459725417949
5600 -23.448032755530118
5700 -22.397226807663863
5800 -24.264414988159736
5900 -21.414206840416355
6000 -24.822461047774265
6100 -25.30135188849919
6200 -25.514171840354212
6300 -22.823781691120146
6400 -25.61553891214469
6500 -24.276265781333596
6600 -27.31016608793498
6700 -27.658600466567005
6800 -26.580885153041674
6900 -22.10768226517989
7000 -22.791966785703007
7100 -22.463911072783006
7200 -21.207545861899177
7300 -23.876962733092206
7400 -21.51118931825645
7500 -24.325813813677513
7600 -24.11542756395986
7700 -23.762380539497656
7800 -25.933774957921862
7900 -25.779607688086678
8000 -24.449293859497423
8100 -24.34160710908369
8200 -25.039931504089214
8300 -26.82163831403412
8400 -23.26640621792612
8500 -22.97036747031046
8600 -26.231565607443784
8700 -22.750714932071425
8800 -25.85246600196197
8900 -23.093393180181167
9000 -23.847419233267264
9100 -23.047825825401603
9200 -25.896808428359193
9300 -25.365239856763733
9400 -22.657238106216184
9500 -26.309662091910766
9600 -19.995314090545847
9700 -25.27445895315194
9800 -26.292582828649874
9900 -20.16675835120856
10000 -26.921037610156844
10100 -24.534789125675143
10200 -24.127901267584143
10300 -20.86980502976274
10400 -19.099267166423186
10500 -22.366125701903524
10600 -24.78503804250256
10700 -21.022687929834774
10800 -20.52916720587635
10900 -22.055205958354474
11000 -24.312051084790124
11100 -22.840802723749242
11200 -24.13123379523178
11300 -19.92539407383658
11400 -25.665158969540915
11500 -23.95346527226771
11600 -24.197983232477785
11700 -21.912619133145824
11800 -22.545614967925985
11900 -25.927633552834063
12000 -23.804134726176976
12100 -23.632703976742324
12200 -25.081590831207293
12300 -22.289108727626562
12400 -21.188866413480767
12500 -21.63005433263852
12600 -24.40161309117791
12700 -24.71573905399489
12800 -19.059172780765937
12900 -22.615891104998216
13000 -17.935517083300635
13100 -23.02669278448339
13200 -22.358706818133072
13300 -23.269550945363324
13400 -23.066040938273243
13500 -24.77713809146547
13600 -27.16295285702252
13700 -26.081100224926974
13800 -22.302984252615623
13900 -23.742618534577854
14000 -24.98122859369263
14100 -24.307076930195883
14200 -20.631198666365886
14300 -23.074308704875545
14400 -23.32405482788689
14500 -20.945665973726598
14600 -19.64320628289847
14700 -22.984905888590525
14800 -20.394180465568294
14900 -27.400674912955136
15000 -22.699177065788742
15100 -23.882827167730184
15200 -22.264974068001703
15300 -22.575155376104696
15400 -20.937665725956126
15500 -24.37249386161387
15600 -19.675338380702186
15700 -26.65825711575585
15800 -21.961537078946826
15900 -21.474258794013007
16000 -22.17896011315183
16100 -22.42464727347961
16200 -21.020232961995518
16300 -20.129204590150025
16400 -19.73738869493048
16500 -22.31660874914624
16600 -20.51153804060413
16700 -22.25129299852788
16800 -20.10571021891729
16900 -22.824637086999527
17000 -19.561577585497563
17100 -25.642215332257138
17200 -23.593467189160773
17300 -23.587300425918393
17400 -22.033712607781464
17500 -21.120729985943306
17600 -23.076424432790112
17700 -19.906683347224767
17800 -23.92544772342737
17900 -20.607093005802895
18000 -20.150533023855928
18100 -24.991938201637563
18200 -22.689304902739444
18300 -19.125852920485404
18400 -23.30403946293049
18500 -22.397989350720266
18600 -24.298309285847278
18700 -18.732165825757402
18800 -24.47825763348112
18900 -26.567376201971356
19000 -23.19247993087861
19100 -19.29092561703938
19200 -25.272053320270828
19300 -25.834897888619516
19400 -20.612692248212895
19500 -21.34834449169402
19600 -21.316353593899784
19700 -24.42587238524879
19800 -26.02718334633692
19900 -21.807024369162466
20000 -22.306735410849164
20100 -20.597762550504015
20200 -23.681398953322702
20300 -22.54546927143228
20400 -23.43947654473229
20500 -23.610550043244036
20600 -24.68787154020393
20700 -23.43423850155351
20800 -23.91434821309919
20900 -22.687870023234492
21000 -23.11433351242938
21100 -20.8499205927793
21200 -21.74481856384878
21300 -19.659597325057003
21400 -25.140262531812173
21500 -26.182639782376008
21600 -22.206269494935032
21700 -18.96215358524567
21800 -24.771516300381116
21900 -22.731544306163954
22000 -18.147531949091633
22100 -21.495305401681986
22200 -22.358523879345537
22300 -25.553892218118435
22400 -23.81818848470362
22500 -19.379200074689983
22600 -22.017581143994537
22700 -19.00144343302296
22800 -21.703887001281267
22900 -20.68290477126224
23000 -18.845704812190668
23100 -16.57704848295292
23200 -16.35495695380644
23300 -21.74463275308274
23400 -24.95381560939657
23500 -20.141951242620365
23600 -23.359993642983316
23700 -23.873618656163632
23800 -23.858436501425366
23900 -23.472036578146295
24000 -21.879122905212874
24100 -22.383137672030045
24200 -21.84174404317351
24300 -24.707097253965102
24400 -27.354307617818833
24500 -24.44510100057315
24600 -26.578502067552442
24700 -20.287143003884122
24800 -17.256984060310423
24900 -20.315164326999213
25000 -22.66084705216702
25100 -22.995284622159804
25200 -24.865905986810215
25300 -24.11372909704423
25400 -20.09319987086272
25500 -24.434665779683222
25600 -21.70446429660878
25700 -24.18163437639173
25800 -20.289451880645323
25900 -19.735225064978863
26000 -23.46350280418878
26100 -20.838426632827264
26200 -23.040506751215002
26300 -21.893344830536915
26400 -18.26296710572371
26500 -21.693188930969722
26600 -26.1947613124903
26700 -24.348641186339194
26800 -21.94389820184747
26900 -22.28588805216805
27000 -22.601408260423103
27100 -21.573535464453798
27200 -25.24364894060247
27300 -22.31960041634289
27400 -23.507605323943462
27500 -22.469384594318246
27600 -20.34639610974469
27700 -24.385960130083344
27800 -22.138711338739625
27900 -22.20701558846764
28000 -21.538183400789155
28100 -21.22984993643131
28200 -24.018465030110573
28300 -24.05082768003339
28400 -18.282337227944424
28500 -24.798382765801925
28600 -24.672948197256172
28700 -23.590026735534625
28800 -21.65632250267358
28900 -21.866965988142177
29000 -23.330253597971677
29100 -24.383872257594597
29200 -22.12661188373223
29300 -21.492989397525776
29400 -18.8910692894592
29500 -22.120019624266874
29600 -22.286871988893036
29700 -21.155531408825905
29800 -19.939124539544007
29900 -20.387679001601228
30000 -20.882347372151877
30100 -20.810868828843844
30200 -21.367221519407998
30300 -25.118024850675397
30400 -21.366426564402953
30500 -25.232650637420274
30600 -19.2229328833607
30700 -18.215783843349204
30800 -21.019050949065658
30900 -22.528958755348306
31000 -21.958462928060612
31100 -21.97368493209317
31200 -24.0651460348288
31300 -18.939739196379872
31400 -24.208130174362005
31500 -23.152479183965326
31600 -24.403125836624902
31700 -19.802078535016257
31800 -24.307808265024516
31900 -21.48898837426502
32000 -22.091887106770642
32100 -18.52925279727947
32200 -21.42459235187507
32300 -22.139408863089773
32400 -23.40231260449347
32500 -18.338347009094875
32600 -20.82123334058484
32700 -24.209119068073214
32800 -21.281326859391104
32900 -16.5821738145734
33000 -24.865339288679404
33100 -23.004720207700405
33200 -23.223992577020965
33300 -19.41196366702917
33400 -23.513834388325378
33500 -26.114224463648387
33600 -21.756554038270284
33700 -20.56334614877042
33800 -24.204508591434212
33900 -21.877795304049787
34000 -20.782281407125986
34100 -18.77314995077511
34200 -18.336565081785373
34300 -23.5188369889509
34400 -19.927665848174364
34500 -23.29955233792399
34600 -22.94892934090469
34700 -20.767678201396315
34800 -23.377632146132424
34900 -24.25595804237811
35000 -18.52124190102414
35100 -21.444509196915156
35200 -18.530461312538325
35300 -22.627595252858775
35400 -23.949577523810532
35500 -21.395571158994162
35600 -25.008133168188216
35700 -23.401113961374158
35800 -25.64782846120357
35900 -18.7948311352765
36000 -21.313199949978678
36100 -23.815839044441603
36200 -25.25552666970425
36300 -20.788968990573476
36400 -19.873709486422122
36500 -24.299512614876207
36600 -23.360646803086706
36700 -24.365471194236715
36800 -18.625258238472558
36900 -23.27626149954202
37000 -23.213356961570142
37100 -23.50505158809602
37200 -22.97544188196228
37300 -22.243924578937502
37400 -21.458297727706384
37500 -20.91077489461434
37600 -20.02942879870735
37700 -25.375625221977614
37800 -25.33549693426183
37900 -22.813711537657934
38000 -24.175332301782042
38100 -20.200185776882744
38200 -21.192200557801783
38300 -23.832545182590106
38400 -26.424448178651257
38500 -19.31111639586442
38600 -20.46850000521797
38700 -20.862804460141422
38800 -22.62993211310845
38900 -22.440570604849942
39000 -21.097922487535218
39100 -20.049344960132927
39200 -19.72737868921416
39300 -23.397063992207414
39400 -24.407830663590342
39500 -23.26967930097101
39600 -20.79085475141403
39700 -22.08446522255262
39800 -23.578840633222317
39900 -21.72615634415958
40000 -22.12514870058607
40100 -20.144199736053782
40200 -24.047593406311186
40300 -24.322138136688437
40400 -23.234818282435615
40500 -23.76806634943701
40600 -21.678481516041604
40700 -21.555773537485308
40800 -23.890218682112472
40900 -19.514269136726096
41000 -22.81341642529423
41100 -22.890913923556845
41200 -22.645799060562222
41300 -20.91409471716563
41400 -23.794392227973187
41500 -23.596897738362415
41600 -24.3827414093208
41700 -21.492604746830306
41800 -24.860193401026017
41900 -21.311830968939887
42000 -22.25493771541944
42100 -23.025159211154893
42200 -21.141517310011807
42300 -22.881613802757585
42400 -25.982994667569983
42500 -19.471502924737095
42600 -21.129232059699113
42700 -24.028920738790987
42800 -19.604672929745693
42900 -18.015394346504586
43000 -22.31377093799087
43100 -21.053647921567283
43200 -20.721684743615647
43300 -23.209679659871977
43400 -23.304359652781212
43500 -22.88893274139609
43600 -22.005652672652175
43700 -21.875137453558303
43800 -22.59546460325094
43900 -19.56576382855462
44000 -22.762451811321583
44100 -23.32412121997563
44200 -23.92235006919538
44300 -18.64953479786145
44400 -20.977565715110043
44500 -18.276721856593927
44600 -20.3764297270177
44700 -21.566424036095732
44800 -17.96566369047364
44900 -21.540547851585515
45000 -20.705726588493416
45100 -21.67327220846269
45200 -19.29180537379107
45300 -16.318611024863138
45400 -22.955771868282348
45500 -19.034417781842308
45600 -21.751840931241503
45700 -18.789398287089973
45800 -23.039805455113175
45900 -21.090475290913602
46000 -21.57012184998499
46100 -23.43349447107238
46200 -21.767697125485714
46300 -25.022800507085783
46400 -21.937532461009763
46500 -23.483964236217506
46600 -23.90008715457837
46700 -22.371386008090077
46800 -16.883798505525696
46900 -19.64129166134211
47000 -21.166484347854176
47100 -20.905476278572053
47200 -24.487364128633626
47300 -19.334684726084117
47400 -19.784158887340844
47500 -23.903671091012274
47600 -20.774429902280527
47700 -22.992346630035584
47800 -20.469725652236747
47900 -24.826808107545155
48000 -22.21069063736154
48100 -22.092165450147114
48200 -21.31407265142294
48300 -22.717521388281373
48400 -16.55961820805195
48500 -19.993648278080215
48600 -20.967664396111907
48700 -22.375628719276428
48800 -27.426354999606087
48900 -20.951307927723537
49000 -21.51118597353268
49100 -14.787595140132357
49200 -18.803120682480586
49300 -19.007861010205083
49400 -18.969950219645547
49500 -22.16214409742113
49600 -19.539546915885253
49700 -25.32166819180478
49800 -20.10296906592166
49900 -21.149147714039582
50000 -21.720448307762464
50100 -21.45258620998798
50200 -19.845383238175387
50300 -15.831073846274892
50400 -16.743588812589564
50500 -21.850518717713584
50600 -14.71206370649999
50700 -21.146833637629467
50800 -20.62689330934951
50900 -19.197587735799832
51000 -24.378330334679152
51100 -18.60072919215174
51200 -16.99672434353821
51300 -20.326166584004095
51400 -22.306083659530973
51500 -23.745777012969143
51600 -21.766288719839974
51700 -21.529394027984093
51800 -20.793078342509165
51900 -19.977915088075296
52000 -19.937434968143428
52100 -20.000820476728382
52200 -19.49891860372626
52300 -18.8303713638464
52400 -18.297538160815492
52500 -21.495059363854732
52600 -20.32339931654067
52700 -16.126276040452403
52800 -20.170998054531065
52900 -24.06962097697797
53000 -18.699057725450405
53100 -23.156680586875062
53200 -22.924041345148606
53300 -21.905602660238273
53400 -18.785821118952768
53500 -16.304023324938946
53600 -20.433758509544802
53700 -15.843583388839411
53800 -22.254994545673913
53900 -21.971052537787997
54000 -22.15802436599683
54100 -21.4214354491222
54200 -20.22381595221913
54300 -21.2068107463239
54400 -20.455999296616326
54500 -17.872670698479798
54600 -18.040943426225855
54700 -19.76059993368182
54800 -20.673488613518973
54900 -18.167040232764524
55000 -18.81870910105119
55100 -20.140639586547962
55200 -20.060993319611786
55300 -21.54430406544569
55400 -20.34075609039206
55500 -17.733703104129138
55600 -18.927952152227054
55700 -20.903446716281056
55800 -16.190481701344623
55900 -17.63827264692611
56000 -17.811242354628927
56100 -19.32889315652711
56200 -17.967473984907038
56300 -14.701054651052546
56400 -20.84123963895409
56500 -18.95933840479304
56600 -21.561355048332633
56700 -16.4645312197891
56800 -21.872082022085507
56900 -16.968097922179847
57000 -20.955783371334313
57100 -21.226244674804718
57200 -19.18704389892449
57300 -20.112681580741906
57400 -21.124947462824714
57500 -22.06624718112331
57600 -13.918393851038063
57700 -16.330473754793463
57800 -16.76909879927993
57900 -23.451064284617722
58000 -22.42225335846756
58100 -19.750222387785723
58200 -23.999384130411897
58300 -17.839264706085658
58400 -21.386971009095696
58500 -23.42786151284249
58600 -15.871843753950447
58700 -19.80771295100863
58800 -18.534350396216723
58900 -23.090152503987458
59000 -20.252262019613905
59100 -15.805808049506627
59200 -18.298064190576866
59300 -18.261501827447145
59400 -15.843408497262699
59500 -14.324872616942695
59600 -18.20544176463325
59700 -24.09608400249099
59800 -20.907483107092833
59900 -19.608139691163373
60000 -19.087359870640313
60100 -11.821764278542238
60200 -15.087451520864668
60300 -17.094833529619322
60400 -15.393682478108209
60500 -21.75413036441975
60600 -21.591949545045832
60700 -20.349919375398237
60800 -17.538597941303586
60900 -17.4556985247482
61000 -17.864783211725427
61100 -16.110892708375385
61200 -16.10972668005726
61300 -16.381490240944714
61400 -17.47058882854704
61500 -13.415286742298846
61600 -19.986194516317244
61700 -19.444862982199062
61800 -14.16473566710822
61900 -18.716896225852466
62000 -21.605389992834862
62100 -20.167012610587665
62200 -16.50479283810555
62300 -18.430525208887307
62400 -19.665789055397283
62500 -21.550116871842217
62600 -18.977998033571584
62700 -19.942410666114988
62800 -14.966055425307703
62900 -20.795558210107384
63000 -17.616093375898153
63100 -19.36838109488369
63200 -14.14863766460611
63300 -17.13418623665405
63400 -19.91277841223604
63500 -20.062332472425815
63600 -17.574771123483796
63700 -17.298796388306613
63800 -21.732947803551973
63900 -17.048770626666617
64000 -20.15246355525944
64100 -19.63870209438366
64200 -19.652331033015702
64300 -16.533815519760086
64400 -18.293992954071715
64500 -18.040936709635275
64600 -20.371583888781323
64700 -15.463140453959559
64800 -16.817186840516573
64900 -18.593093070379066
65000 -17.61733133420194
65100 -16.973159000779006
65200 -19.150189854854403
65300 -23.16681373021069
65400 -19.509097974401662
65500 -16.516797562461775
65600 -18.389874904731705
65700 -21.2455523132639
65800 -18.123336963969514
65900 -19.058519481712192
66000 -17.940308874023177
66100 -19.25142505822511
66200 -17.592151251817004
66300 -19.329247278899366
66400 -19.104139096212062
66500 -14.086724656385345
66600 -16.984445471204577
66700 -13.848104590802016
66800 -19.36463076953981
66900 -10.929351633307139
67000 -16.727646211728068
67100 -12.49725237469009
67200 -13.211865914874123
67300 -20.82322933468965
67400 -20.899437369051096
67500 -12.538191152532344
67600 -15.671684532395775
67700 -19.591113461767137
67800 -14.023727024145366
67900 -18.437982589066877
68000 -15.069225847971136
68100 -17.07116616863311
68200 -13.558068217738363
68300 -13.114033023809386
68400 -16.310690222526667
68500 -17.23340364060125
68600 -13.373169447721567
68700 -17.139875093863186
68800 -14.700366923453585
68900 -14.957832488560364
69000 -20.96939955977294
69100 -15.026875976321419
69200 -16.984087525706922
69300 -12.260119451123238
69400 -14.037370000557956
69500 -16.717877304624512
69600 -13.297424777039282
69700 -20.217202441403252
69800 -14.31197710060807
69900 -15.767450383683563
70000 -20.00040554694037
70100 -17.08327905641808
70200 -17.59895448951693
70300 -16.74504829508104
70400 -16.438255666794678
70500 -14.791181164228755
70600 -17.947244168552086
70700 -16.91204972315609
70800 -11.462334573906688
70900 -17.995341547968085
71000 -20.366362748312767
71100 -14.880656553091672
71200 -18.226789296087006
71300 -17.753166071635775
71400 -13.044959080723437
71500 -11.849223860762413
71600 -16.418579913759
71700 -7.332898691298663
71800 -16.45186850688134
71900 -9.487859887389668
72000 -14.028854321641672
72100 -12.06414260776019
72200 -16.794375549204094
72300 -10.966905848375358
72400 -15.567658683713338
72500 -15.940626089582006
72600 -11.963867823462115
72700 -12.580621747052534
72800 -11.719073915983424
72900 -8.7466515988002
73000 -16.748002650177774
73100 -12.494895339797898
73200 -8.16157917893582
73300 -14.528945933485158
73400 -10.760781264525367
73500 -7.817308184788287
73600 -14.085690094595758
73700 -13.223931897135772
73800 -14.081400360582998
73900 -15.97965186439155
74000 -9.108414247407898
74100 -11.224959806144307
74200 -15.290248549754397
74300 -12.99337968329758
74400 -14.454639915477884
74500 -16.069411228660044
74600 -13.772840251732822
74700 -11.319454888965032
74800 -7.991739145276799
74900 -12.114425011035985
75000 -18.5343402241304
75100 -9.643644504753999
75200 -12.64995460720753
75300 -15.398592553641672
75400 -17.20560548058454
75500 -9.37989688255653
75600 -13.946728859013454
75700 -7.613195132229466
75800 -8.60007961594928
75900 -11.93938359431251
76000 -11.586129972802917
76100 -9.359321397617204
76200 -13.47120695779223
76300 -14.224304118320264
76400 -10.58093827325969
76500 -7.198804640907085
76600 -13.901628706934654
76700 -11.691004083205295
76800 -14.416621188388628
76900 -11.905302243306291
77000 -6.012007693873767
77100 -8.279700527623008
77200 -13.6913517558359
77300 -15.729489619241722
77400 -12.997441270073603
77500 -16.811736237297062
77600 -17.006795077078916
77700 -8.82133504671022
77800 -11.18538324147234
77900 -9.102064115027517
78000 -11.380168206179965
78100 -11.650227802421965
78200 -9.698488503580347
78300 -10.886504587584188
78400 -12.930214211763223
78500 -12.880284047389669
78600 -9.438692784799738
78700 -14.845206028898453
78800 -12.217182517174288
78900 -12.947558536595386
79000 -12.97561450260831
79100 -13.068275080030164
79200 -13.377667245211796
79300 -15.277134585684548
79400 -9.257796089747801
79500 -8.550324502930641
79600 -9.617984162834096
79700 -14.936998544188722
79800 -14.190450342822432
79900 -14.995754032273938
80000 -12.733291305804972
80100 -9.012033246881483
80200 -10.296160913408093
80300 -9.11880087861824
80400 -11.715284899236261
80500 -10.892781112514642
80600 -9.457718557240746
80700 -10.2436393508478
80800 -9.511416337432241
80900 -11.568684900164074
81000 -12.481275559723226
81100 -10.132229925537999
81200 -8.99055001577129
81300 -10.814960929623274
81400 -7.681946849717848
81500 -8.233403926487602
81600 -4.887140564288866
81700 -11.494355739486329
81800 -11.060342703476111
81900 -7.760081601059962
82000 -10.53627320146122
82100 -12.363391638144238
82200 -12.0486181785588
82300 -6.745889683170464
82400 -11.435222284947075
82500 -7.403168952030095
82600 -10.355739778608086
82700 -12.616840092913922
82800 -10.947679051067908
82900 -8.91103537232868
83000 -12.218632273850982
83100 -8.81442856197393
83200 -9.724618316762674
83300 -11.404260393652764
83400 -7.577163201806508
83500 -11.123449412685833
83600 -16.93199735417751
83700 -10.202275294841803
83800 -13.464658445709185
83900 -11.489349991870744
84000 -6.699981048503322
84100 -9.3398378749345
84200 -6.166707415205487
84300 -3.8180055626388714
84400 -14.211975448220143
84500 -13.29556321035267
84600 -7.327733987414501
84700 -6.51260301589764
84800 -5.183981169198179
84900 -11.621121778757898
85000 -5.582491924307938
85100 -4.929052485803915
85200 -13.476048989822473
85300 -11.55914618613648
85400 -6.395700179570151
85500 -7.3782672262932
85600 -8.964599373004269
85700 -9.224803536992779
85800 -7.367864781490306
85900 -8.658025853233298
86000 -10.209902336519551
86100 -9.825234070324534
86200 -5.6568266671686285
86300 -8.550140303380152
86400 -11.760121722608986
86500 -8.24560837676215
86600 -7.014657824729127
86700 -1.8587451647837807
86800 -5.299470619872063
86900 -11.86675586378242
87000 -6.6232414938237465
87100 -6.388834153182331
87200 -5.137778781203352
87300 -8.530259882758918
87400 -6.256181542637526
87500 -10.798349183972126
87600 -11.044027206315606
87700 -4.636036497611592
87800 2.044311335302067
87900 -8.696839398814873
88000 -5.547355780068113
88100 -4.613243434351606
88200 -6.298578836508998
88300 -6.714349104435849
88400 -10.345504160103891
88500 -3.790579482026606
88600 -4.935590252727395
88700 -4.296310374820002
88800 -4.125810493129146
88900 -2.9874085371668246
89000 -1.2759148595116185
89100 -10.166476653664038
89200 -6.931352802160199
89300 -5.8726283261899
89400 -7.695484482616715
89500 1.7278354004600605
89600 5.112739783755061
89700 -1.1985122246481539
89800 -2.4365909244004986
89900 -6.372871021063583
90000 -6.527415928818377
90100 -3.5160649587582538
90200 -1.5836651345900918
90300 -3.112621474562088
90400 -4.20494393674347
90500 -1.146163747873607
90600 -1.3368235181348158
90700 -6.531206987259246
90800 -3.657981798169668
90900 0.6520791537784456
91000 -2.2767218640959084
91100 0.26332352602951337
91200 -1.9052877640258705
91300 -0.1872323039090278
91400 2.1605169898097785
91500 0.7438579115120018
91600 -0.28647549285915164
91700 -2.546518326007522
91800 -1.059809039571483
91900 1.4038885153551919
92000 1.2403542028241614
92100 4.206208773330542
92200 0.9262122679950782
92300 -3.131345010418748
92400 -5.380226576959121
92500 -3.988072875647973
92600 -0.37453151321555667
92700 -4.728716391980532
92800 1.215013410094115
92900 -3.10740035787419
93000 -5.067969894657361
93100 -4.347284028889238
93200 -3.693239777707927
93300 2.867731676781251
93400 -0.01637553064540076
93500 -0.20836424704980916
93600 4.820036051672892
93700 3.107865206347001
93800 2.3901822054949675
93900 1.2648405287431204
94000 0.34892651679837433
94100 -3.066452379002003
94200 3.419385463779649
94300 3.10203501952627
94400 6.205775130352258
94500 -2.2788810052252133
94600 0.8891813221712808
94700 -5.440325328580056
94800 -2.235133913060686
94900 -2.744732832942645
95000 1.2749798494141116
95100 -0.7618745495416533
95200 -0.468201706955084
95300 -6.8354053116060385
95400 2.8895527881833094
95500 2.441366596081369
95600 -6.410273471649848
95700 -6.158294702220655
95800 -4.639789414606382
95900 3.4411059747318076
96000 -5.577695045336656
96100 -3.647448909375744
96200 -0.1915139951946262
96300 -0.40333484370655487
96400 -1.853856770896288
96500 1.3548681897247534
96600 -3.9588638966441763
96700 -7.173104234912646
96800 0.8805737557857964
96900 0.6506614528725272
97000 -2.80019409983332
97100 -1.079473177129818
97200 0.4666871580690516
97300 -3.2991929209037454
97400 -2.7459093168277766
97500 0.015806378720599756
97600 -3.614531855560854
97700 -0.893339727329088
97800 -1.9110223756535207
97900 3.9062541341941452
98000 -2.9686192855852065
98100 2.392557199543029
98200 -0.355983557285957
98300 5.183710132875899
98400 -2.3933945692893186
98500 -4.310116538303209
98600 -3.9606205502128904
98700 3.1575307409790816
98800 1.0215491184472403
98900 1.069785731222374
99000 -4.769362194614364
99100 -2.711455795534048
99200 -0.42073056629756966
99300 -4.069320232495398
99400 2.8641406426245557
99500 -1.3456902336348562
99600 -2.8819233615482585
99700 -6.509523621038024
99800 4.453747485963366
99900 4.325807512400816
100000 -1.7117448048699027
100100 -0.32650775410963406
100200 -4.314549409048763
100300 -3.6223935284564566
100400 -4.027630032292356
100500 -0.2633039496263325
100600 -2.980635742588284
100700 -1.3189245559801517
100800 -1.0371578704940863
100900 -1.124649055585341
101000 -1.851800122056829
101100 0.3995995079683752
101200 0.1426258900914822
101300 -2.0853752284326506
101400 -0.3753403500691226
101500 -2.9938309784589134
101600 0.5664693189353345
101700 -3.6839803388863
101800 1.105742900084874
101900 5.033554166557476
102000 -4.532410907569644
102100 -1.2071351152964018
102200 -0.4111671116789234
102300 -4.3199400441501155
102400 -5.542812649062048
102500 -1.5433628880843928
102600 -2.9443099143205003
102700 -0.39002694756979794
102800 0.8554920209893293
102900 -0.23393033565554744
103000 0.9296258395120507
103100 -1.512890225530188
103200 0.30750357844096987
103300 -1.035168775688065
103400 3.426068934756868
103500 0.932367042530424
103600 -1.9536977980501578
103700 -1.0070871019278955
103800 -1.271619625726789
103900 -0.7277261232739392
104000 3.9346900592330822
104100 -4.708287154744598
104200 1.4641463081712387
104300 -1.5293255151970113
104400 0.33172974453571874
104500 0.797952962089574
104600 -1.1191019282028885
104700 -1.7760611865795113
104800 -3.052913840926588
104900 -4.1243785038282486
105000 -0.502945985558387
105100 -0.03200397016019263
105200 0.5357905054238081
105300 -5.023085117598146
105400 1.3363161691817433
105500 5.26537399625045
105600 2.8408693875795477
105700 5.977866144470319
105800 4.2127133080565375
105900 1.6213478904744116
106000 -0.11271142441695792
106100 -0.31147453723500207
106200 3.5559320839945054
106300 1.307144269734144
106400 0.409943711095914
106500 0.7149135698145013
106600 2.752523060343218
106700 -5.450712579295267
106800 -1.821733768160405
106900 -1.6362770511620575
107000 1.888829785246215
107100 -1.9155064714602148
107200 1.5082185129465353
107300 10.33059434718351
107400 -0.19745443758901948
107500 4.8814532749065345
107600 3.184759913647348
107700 -0.041227282413581645
107800 7.1672001876988665
107900 5.173020333176068
108000 6.0113194563066665
108100 1.5737574260900002
108200 -4.598376856508893
108300 -4.235608082395863
108400 -3.313369947857596
108500 -0.10766182708367633
108600 -2.7286033292335086
108700 3.8508891284806084
108800 -3.064613310289639
108900 -5.17204830818945
109000 -0.8910111977359171
109100 4.9638406025336685
109200 0.7876105852383648
109300 2.50548677960259
109400 -6.59145619539712
109500 -4.8629530809248935
109600 -1.7662501096486665
109700 0.5165902280361512
109800 -8.20146558932753
109900 4.179932872219105
110000 -7.009777357886499
110100 -4.065243409420951
110200 -0.3914556707366471
110300 -1.0721525318772382
110400 -3.2502964334358913
110500 6.514562914156518
110600 0.6508286953975172
110700 -2.8245537085833643
110800 4.465868611902108
110900 3.56362603418929
111000 -4.090350441619631
111100 0.27277958622886783
111200 -6.40116292330009
111300 -0.17643896315297825
111400 1.3621290574090357
111500 -3.639546747685207
111600 0.7032813496307543
111700 0.03993470611906225
111800 3.9317372301785527
111900 -2.774275603207293
112000 5.33313581544754
112100 3.2859723059836847
112200 -0.1793508476877853
112300 -1.1224564202290033
112400 -1.8826348500188543
112500 -0.8263607509796255
112600 -0.7815841978540535
112700 2.800995701104455
112800 -0.05520462660213732
112900 -0.8725974152432108
113000 -4.945311446812397
113100 -3.3242966189966454
113200 -3.706329102782627
113300 -3.98631658199258
113400 -0.9019407513914103
113500 -5.095870210707757
113600 -0.7526752159864806
113700 0.007145742068132788
113800 2.927574091249719
113900 -0.10856027991513784
114000 1.398253295148085
114100 1.5533313784809182
114200 0.29594911777397814
114300 -0.3604482904592441
114400 -3.297352311303371
114500 -1.462339602460799
114600 1.794697947412966
114700 -6.153970200809827
114800 2.793328174177536
114900 0.8874605910529925
115000 2.7445781069975848
115100 2.8089276574358326
115200 4.158312354671121
115300 -6.9013377360604835
115400 -3.2777652433634312
115500 2.1110762856828926
115600 0.2203227295814042
115700 0.11663261686883913
115800 -5.001945062206499
115900 -4.102777084793761
116000 0.7053323315370248
116100 -0.882129769059777
116200 1.6663809959333418
116300 -1.9384684289178216
116400 3.8565549663281917
116500 -5.188633276324143
116600 -0.09520278540748639
116700 -3.532649465007204
116800 3.4889314772022764
116900 -3.945434462709586
117000 0.8528206762315016
117100 -1.5833847693367962
117200 1.5775450893700187
117300 -0.6583095114339529
117400 -2.566669419874084
117500 3.1301627672141454
117600 -0.9380786966607849
117700 3.0943109893907867
117800 0.5658840723883811
117900 0.5895167082892101
118000 -2.3339467005359307
118100 1.5496510195294682
118200 2.580121091667876
118300 4.497738560650696
118400 -6.209454727298158
118500 0.1005733390042578
118600 4.121206227114476
118700 -3.0118553653534574
118800 0.29128179044531355
118900 -4.19404222632347
119000 2.2890813399803
119100 2.3717140069961236
119200 1.8269042097980828
119300 5.733389672164606
119400 -2.093638610840904
119500 1.0011478852937192
119600 -1.5145067759955504
119700 -1.267854100231745
119800 0.976997898040354
119900 0.6899404798906525
120000 4.181498003368021
120100 5.805070197268861
120200 -1.2600493729903384
120300 2.462671631412254
120400 1.3161274742363824
120500 8.472042700106424
120600 -0.4305761757294263
120700 -1.3430411418644157
120800 -1.3511782218452595
120900 1.8614359436547927
121000 -1.2101979142893287
121100 0.028732949842671274
121200 -1.0925990719260854
121300 -4.41525820400158
121400 -1.0848099652420276
121500 -0.1433160526430669
121600 -3.73903994912703
121700 0.597215381949086
121800 -0.05643826166996058
121900 -2.0278283904451726
122000 0.7924162105339855
122100 4.685749274432686
122200 4.771420444517065
122300 1.854674563063778
122400 3.358646696153928
122500 2.2983130197484885
122600 5.154233236641264
122700 -1.0642299015707342
122800 -2.5334572369167745
122900 -0.5219546004211681
123000 2.265790675598574
123100 0.8847730759656958
123200 0.3158504910107225
123300 -2.4948634446203086
123400 -4.697366540500218
123500 4.04474419717495
123600 5.418814356178587
123700 5.328494363031956
123800 -1.0077529474877136
123900 -4.31470659214
124000 1.6020737352677181
124100 6.5519216980490125
124200 4.567876326558808
124300 -3.952364193667677
124400 -3.891560061828674
124500 1.1264160327798822
124600 2.369336238004216
124700 -3.0063578303348555
124800 -1.4425835074260618
124900 4.2860254496962344
125000 6.426737904298363
125100 2.5550837716446404
125200 0.8713365136686287
125300 -4.93359662247887
125400 -0.10748854124002105
125500 0.30959094642950435
125600 -1.9220838724435887
125700 5.065507814040682
125800 -2.612786387517505
125900 1.942763091803183
126000 4.5227393429221365
126100 -2.041756976314112
126200 -2.0675007578036615
126300 -2.042135443630106
126400 -5.6647730718207825
126500 0.43593396843466814
126600 -0.6741117915472513
126700 -3.9156618063019546
126800 -0.6918225043549688
126900 -3.443127307037194
127000 -0.5898330486779664
127100 0.5222310046017704
127200 -0.401463311948702
127300 1.0419859277763415
127400 2.0815408419270094
127500 1.2528451869033947
127600 0.2501389893730464
127700 2.2299829474085935
127800 -1.7375180509847192
127900 -1.4018362526424721
128000 3.1045140960633177
128100 -6.635210955473891
128200 0.4013928152948596
128300 -3.389077201228698
128400 4.844632731982843
128500 3.732006372040574
128600 1.6997822899173949
128700 -2.3786601590492213
128800 -10.250518963726467
128900 -0.3004803747396413
129000 1.1238820693896896
129100 -3.570717646989699
129200 1.0523452688914512
129300 1.7847335057440494
129400 2.9608344969599005
129500 3.355323110028787
129600 0.4589775993202043
129700 2.307295027460127
129800 -4.907489248671894
129900 -0.0005183764054603746
130000 0.06587751429915589
130100 -0.5561121054675618
130200 0.42391525995291063
130300 2.9066057880190312
130400 0.0030872069513843137
130500 2.1553027306911723
130600 -0.6115085372536696
130700 -4.23908569817649
130800 -1.8390580981958742
130900 7.562147319956805
131000 4.290564475893829
131100 2.9634414256916606
131200 -2.629735320038704
131300 2.283817924853954
131400 -1.443501624718015
131500 1.745273630532869
131600 -3.7289750572021485
131700 6.196784223307568
131800 3.4289897731251604
131900 1.0528157064640526
132000 -0.2100665771044089
132100 3.0773052190073114
132200 -0.4774696847532044
132300 -2.5241499535025635
132400 4.740708816849756
132500 5.72719480345477
132600 1.7335718123748682
132700 -2.01777640385224
132800 5.120168393589852
132900 0.48891478913654834
133000 4.5863372920175545
133100 1.4453578353404923
133200 2.811642740525237
133300 3.2637293884531924
133400 0.7819098073771429
133500 3.090943577192729
133600 -0.24496759748733887
133700 2.4665679049688554
133800 -3.686300319629674
133900 3.8987571506839274
134000 4.08361592688679
134100 0.98245478195728
134200 1.1368021260525478
134300 -0.2597509154416453
134400 5.72121825712557
134500 -5.962500864991544
134600 2.0386311124165792
134700 -0.7117579700024212
134800 0.40559272382992617
134900 0.07527593964383372
135000 -2.364286708054261
135100 -5.169396881738219
135200 -0.6177590083243671
135300 0.9239376485898796
135400 1.8568466104309351
135500 1.7232314651464153
135600 -0.7725709044188115
135700 0.7732973722220902
135800 -0.25834269226186646
135900 -1.0390342139789437
136000 3.7778364537636353
136100 2.572553692287542
136200 0.021484127451987467
136300 6.546545706785279
136400 3.841411847640246
136500 -0.770714446301372
136600 -3.7118335663410487
136700 -0.7128473011139741
136800 3.0777506603349396
136900 -1.4474734639187612
137000 3.6389281281388115
137100 5.711691361073394
137200 2.8266310731343136
137300 2.4923925706729753
137400 1.0684838260953546
137500 -3.9938650804957536
137600 0.8185153433288528
137700 -4.609797633094475
137800 1.4346673803350662
137900 2.792545265064796
138000 0.013866455664863997
138100 3.0342104599453776
138200 2.701163751603052
138300 2.6306785303367874
138400 -2.572730143680339
138500 3.759198707541076
138600 1.1735190577146235
138700 2.513911464825131
138800 1.988234721143459
138900 -3.2143945779524827
139000 1.37157951845285
139100 -1.297088780201043
139200 -0.05548628247725784
139300 0.31250693577336036
139400 1.6910615901741726
139500 0.6076835472709963
139600 1.8817530472003297
139700 2.125200166394732
139800 2.1943792888509623
139900 3.3543138234524137
140000 7.508414837127198
140100 -1.1807674100720575
140200 3.0582011131362288
140300 -3.8409395638361636
140400 3.195388366001827
140500 -3.8995208513156365
140600 2.768431791521569
140700 3.7077694766602405
140800 2.3352596370335394
140900 4.409726982406735
141000 -0.3569310509645972
141100 1.2282989418344692
141200 3.7772746205416756
141300 -1.5501371246418874
141400 5.9852454319292665
141500 2.7219442179881144
141600 -0.10845033735904497
141700 4.482688122120887
141800 5.635766646993003
141900 -0.6842113367446812
142000 4.698907457117542
142100 -1.6081467326914538
142200 3.4167831433661373
142300 -1.6648870692559732
142400 -1.9394752395367927
142500 0.4391515817006766
142600 0.4403160775704371
142700 1.5140418012414356
142800 3.7031173816258742
142900 2.5890229986887867
143000 -2.3191003067106086
143100 7.115176100687485
143200 -0.9002033401389188
143300 3.88894525251141
143400 -1.9577774765003984
143500 1.808539517790106
143600 11.06740470659162
143700 -2.683205935765212
143800 2.058181752671597
143900 -1.3531272232130749
144000 1.375023147219327
144100 -8.946714186970752
144200 0.15193309624424334
144300 0.6502019473632811
144400 -1.4791606768781445
144500 0.21498545590610596
144600 2.548430874615958
144700 1.4491287423275674
144800 3.954151413442254
144900 0.6708667738324741
145000 1.3744116901244743
145100 2.6151153340851447
145200 0.586470317142268
145300 0.04276926471693898
145400 4.129230738863814
145500 3.437394600655737
145600 4.846733306957131
145700 5.318446957970974
145800 1.0700946267080644
145900 -1.5098255665189384
146000 -3.1922905239888983
146100 5.950494846468933
146200 3.8803084243411163
146300 -9.146717668735569
146400 2.85348193051439
146500 0.401839217855565
146600 2.689278327088247
146700 6.327969601442718
146800 3.3792286398083653
146900 5.290752167723694
147000 3.524078839901755
147100 -0.853298300093491
147200 -1.7570547643561518
147300 4.227363087693772
147400 4.334143136651301
147500 2.6464217158405496
147600 -0.5500332825199158
147700 0.26836016607499813
147800 1.0111940675743012
147900 0.0454606319048908
148000 0.022391837988384622
148100 3.362350353138799
148200 0.2824353030449453
148300 6.476640909844514
148400 1.7124657505625613
148500 0.2032671473001324
148600 0.712479288722344
148700 6.438712556258866
148800 8.22785891967342
148900 7.323586205517627
149000 2.2419329932999634
149100 6.23978020673848
149200 -0.8079881739068698
149300 4.929529182714522
149400 0.625711236935682
149500 7.731844140275524
149600 3.666135062091398
149700 7.175874339626941
149800 6.245194121837232
149900 8.210437592811596
150000 9.013514905435818
150100 -0.2552622801969754
150200 1.281226898265273
150300 0.5650790111977072
150400 3.5428375257752136
150500 -0.22554838091057883
150600 1.5987145544507047
150700 0.9733402793092356
150800 3.4108823036554097
150900 2.02038610441729
151000 4.426664992914781
151100 2.36183612498261
151200 3.573473691986511
151300 -5.393406106140533
151400 5.123959853487273
151500 2.034975703366483
151600 2.2130793531991797
151700 6.057984943416761
151800 -3.3868191052234757
151900 2.4859485219916433
152000 9.374013357640584
152100 4.182400801809878
152200 7.644855466527839
152300 4.584433728700036
152400 3.487667238273947
152500 4.82713885012003
152600 7.607377951277381
152700 -1.3229167276696177
152800 1.4083492896741836
152900 7.083711505399572
153000 -2.7757289659208175
153100 6.217706271195902
153200 7.090666874944866
153300 2.1446655197515647
153400 3.365962194750516
153500 3.958859103269149
153600 3.608333328371194
153700 5.7621994652980435
153800 1.9898245582277103
153900 1.9688559517305482
154000 4.0148198816329295
154100 3.7533262815710735
154200 6.414257577521511
154300 5.285317088214036
154400 2.740239050837715
154500 1.285518300735899
154600 6.040478087961247
154700 3.38283076600096
154800 5.380374492871349
154900 2.554000915900288
155000 3.7430711753654364
155100 0.7758461285533924
155200 5.217506870815218
155300 2.8553507581936874
155400 2.742672611269182
155500 5.560147068138908
155600 5.688179437705626
155700 1.2938929874672649
155800 1.8025286251465844
155900 7.080915757210883
156000 0.9353431076262784
156100 1.6418296097140308
156200 2.5281675597562585
156300 4.416494499220413
156400 3.44357330335396
156500 4.2560464548594386
156600 3.4584363708827786
156700 3.137131845024366
156800 -2.14930619573936
156900 6.139220396444097
157000 1.266832458883206
157100 3.3793099733265386
157200 1.8111537123092378
157300 7.744133606390932
157400 2.543423303410565
157500 9.465399448433644
157600 2.7158007096386854
157700 0.45924064153680455
157800 1.4935823251200948
157900 5.3842890093719795
158000 3.870176489158586
158100 4.01497452986947
158200 11.872656699629918
158300 3.956416479114585
158400 0.9183811580337957
158500 7.840346365046518
158600 5.04297571708566
158700 5.384964760178417
158800 3.337788869374697
158900 10.541049673799552
159000 5.711098033027027
159100 -1.1437528482385217
159200 5.155896148564352
159300 5.071604643292475
159400 3.9292965132116646
159500 5.406339436298987
159600 9.633208767062028
159700 4.1534510080764155
159800 8.571980550165149
159900 1.1591851024998077
160000 1.303288663051716
160100 4.223379598822417
160200 1.844423103254993
160300 4.9767273521001005
160400 -0.09352468994774799
160500 3.9791521671466072
160600 7.365722007545527
160700 6.787378493214912
160800 2.3162224110098597
160900 0.906955898463041
161000 8.055698067832848
161100 7.756213465478292
161200 3.286693614391368
161300 1.3147509024652653
161400 5.962043054319049
161500 4.816855747565595
161600 3.1369785847361586
161700 -2.5353018902718603
161800 6.167311209650452
161900 7.255618731834602
162000 1.6517283698647058
162100 9.99976945424482
162200 4.093652247944318
162300 3.4468061001577746
162400 5.156580395496225
162500 8.911524110820537
162600 6.532948874468704
162700 -1.3860369595515594
162800 2.450539150617378
162900 9.00783875661878
163000 1.0190398098667635
163100 -0.5706867932093233
163200 4.75552083527999
163300 7.721498755522926
163400 3.605592537698391
163500 0.04818779545709562
163600 5.262890907176052
163700 7.810164897229409
163800 3.6779580231322515
163900 11.077728305530755
164000 7.9100712892056215
164100 4.246200474136675
164200 7.1482725218182015
164300 0.6171479790715377
164400 10.022719007303698
164500 8.102158392769327
164600 2.5523190661997197
164700 5.561744537480383
164800 6.558676450123762
164900 0.9156434261512831
165000 0.9046884106635884
165100 3.2410246733520855
165200 8.312254155127832
165300 5.1168137465735155
165400 4.3480454788976655
165500 -1.3148586922115753
165600 7.405541100287877
165700 5.940401559882666
165800 5.8747674346703045
165900 8.643656621766777
166000 5.258836888283263
166100 3.603081514181748
166200 5.06096800024094
166300 2.5772308280039145
166400 2.677130178719018
166500 5.0167537940748925
166600 5.817690144780304
166700 4.105747582542486
166800 7.8173583963831765
166900 8.777759129733369
167000 6.294655217374068
167100 2.5188158155081486
167200 7.411023625435911
167300 9.838736919695933
167400 9.497102550931219
167500 4.581449665466898
167600 3.5253835852351703
167700 -0.37477062935734184
167800 10.8902155047057
167900 9.55013336593556
168000 11.33509240296158
168100 6.201088945434777
168200 5.9034062585779585
168300 7.2654842200700624
168400 9.531799793383497
168500 2.6185246463138805
168600 4.034812699184663
168700 4.95273282105282
168800 7.268419627960329
168900 7.836376508771899
169000 1.0078095110058325
169100 5.8108914713867215
169200 7.101761992679085
169300 6.871753457093856
169400 4.627125326697016
169500 1.956473546150134
169600 1.4571605924209723
169700 1.4312949837609825
169800 3.7973077475052945
169900 11.118733268047732
170000 8.442520844952412
170100 5.144600949362102
170200 8.872894360520572
170300 7.169622171146926
170400 11.249033306205774
170500 5.822175672708072
170600 1.8761000914781691
170700 8.31483001345851
170800 11.066417739002052
170900 9.079709475898657
171000 8.218527208345137
171100 6.452233655418014
171200 9.479024031274728
171300 5.169229809986353
171400 4.984356140442852
171500 8.413087322684214
171600 3.133702193085394
171700 10.646548869431035
171800 5.465758635841315
171900 9.33819074434153
172000 6.841469551687123
172100 4.179798776327984
172200 7.755330997015361
172300 3.4884585972042195
172400 5.027941358608235
172500 6.994039078475373
172600 8.999969903106722
172700 10.816519709248606
172800 5.4872919709845345
172900 4.246829007524769
173000 7.372653266607778
173100 3.200818737902566
173200 5.6465253359687555
173300 3.2927103052655102
173400 3.4299661910817374
173500 8.541020035163179
173600 6.519427960840933
173700 7.8104862315929635
173800 6.594427615422252
173900 9.256220333275394
174000 8.729856478093751
174100 4.542888115516212
174200 7.959442592727203
174300 10.548608936901424
174400 6.3329916137896545
174500 9.83890461701089
174600 3.415113007767298
174700 0.18644335936758505
174800 8.510561306250482
174900 3.5195644899779075
175000 2.8051012887907874
175100 6.5402745062354315
175200 9.088534006404142
175300 3.762225027817274
175400 8.951863999127154
175500 9.676062840640606
175600 9.353177749504027
175700 7.431444654539291
175800 4.320479037800813
175900 9.915947248744661
176000 8.181264311691463
176100 4.248459717748607
176200 10.150075974168777
176300 7.410705993689316
176400 9.131478565091792
176500 9.219652926003349
176600 6.191198261184751
176700 6.3572093122802595
176800 6.778031526741557
176900 10.395012614400367
177000 3.5814038145563463
177100 7.866890651635855
177200 6.201927817030408
177300 5.142635966915154
177400 6.20918992002422
177500 6.853174310602141
177600 6.8252237011948775
177700 8.34348700621787
177800 3.3047862464253592
177900 12.381348622779823
178000 1.1861263227549812
178100 5.571088790009591
178200 9.388179919555606
178300 9.753271855898257
178400 3.1188884406171873
178500 6.220783261488423
178600 6.187668951102561
178700 4.884172927165244
178800 5.488372285618208
178900 6.207716162776131
179000 10.804144709388064
179100 6.98567426542347
179200 11.390819005932192
179300 8.000676044667115
179400 10.293612557443097
179500 5.1039504592281375
179600 5.360025111467591
179700 4.949370997149257
179800 7.1200952874169445
179900 6.131763338690826
180000 5.69258205492519
180100 10.964722190692342
180200 3.6256465174333976
180300 4.492167173307796
180400 9.200194110944453
180500 10.365035402656993
180600 8.245618338306116
180700 8.420673723192765
180800 5.522630782334487
180900 6.7755192757869285
181000 9.244410152496902
181100 10.753898868954863
181200 12.37413916684986
181300 7.1111221396552216
181400 11.018717956380028
181500 7.810101618049012
181600 7.360336473532526
181700 1.1491997061906778
181800 9.637915144856692
181900 10.243393214508329
182000 10.82223921090746
182100 6.927310086868093
182200 7.128474035599922
182300 9.733290264702928
182400 5.036811793513273
182500 4.047661737363457
182600 9.570654996670722
182700 5.213350178059486
182800 2.4984737224246376
182900 2.7043944318824304
183000 8.537882333632767
183100 8.701187809578988
183200 12.549388950127971
183300 9.892651689485197
183400 10.090809792793733
183500 5.228361177350186
183600 7.867760699041909
183700 4.054748989641206
183800 11.899395306820614
183900 8.99327557440926
184000 9.645991209242844
184100 4.896236208121337
184200 6.540075063503979
184300 6.755849565468573
184400 6.625411377831408
184500 10.808252652439364
184600 7.287869890489153
184700 6.831277076686184
184800 9.775395640298996
184900 10.70171866936453
185000 9.240469912654133
185100 5.487634741261481
185200 6.984627755590184
185300 5.4840189866088105
185400 8.763058452700635
185500 5.009409897489434
185600 9.34979075303002
185700 9.104497160122936
185800 6.590412637155186
185900 10.422203081423042
186000 8.042885789809716
186100 2.880469932282623
186200 9.897142249332646
186300 6.236059255118258
186400 3.3918303681206146
186500 12.042896460794037
186600 7.713826904526077
186700 9.097261120257475
186800 8.019646700882085
186900 12.3235083135137
187000 10.091272981342739
187100 8.926718023564838
187200 8.928454626341553
187300 8.009199154487847
187400 4.290668500987287
187500 8.073319079849188
187600 3.31728025271923
187700 10.884652597531767
187800 6.865148978935666
187900 10.696282706975266
188000 6.346084857623044
188100 10.61801912344162
188200 7.069216783473891
188300 11.752889052210632
188400 10.848401774934798
188500 4.075682787482643
188600 9.739757743571564
188700 9.714477499032181
188800 11.026812295703458
188900 8.904907397276233
189000 9.330662233747375
189100 10.422864737217472
189200 7.43605668588923
189300 4.5098672961873145
189400 5.099012628182177
189500 3.2447518446649664
189600 14.476658119279739
189700 9.003262877144063
189800 10.340084795700713
189900 6.638642491234353
190000 5.615713863528578
190100 8.2365949051721
190200 3.8412675894782358
190300 11.64400169892751
190400 7.304630901818255
190500 3.734258688193696
190600 8.382414064821154
190700 6.743284238417438
190800 9.455321431028613
190900 9.791177994866446
191000 10.868046164145717
191100 10.30912048814632
191200 9.414295658453534
191300 2.4621628995442224
191400 6.839550750777001
191500 7.543483380387668
191600 3.3808014535556343
191700 6.516217947655932
191800 4.413554134914984
191900 8.419340256478133
192000 4.868802732751762
192100 7.907770005461822
192200 11.351397818692266
192300 7.838945478034739
192400 3.8111230653558192
192500 7.973788769564965
192600 5.911649688102072
192700 7.95943807470688
192800 10.295355695451295
192900 9.058465895248968
193000 13.599099404740786
193100 14.171395562115794
193200 9.166200926580412
193300 8.877268382127957
193400 8.655593754320332
193500 8.76935714916291
193600 11.708942279452252
193700 7.854449319127795
193800 7.217352559449209
193900 7.718778332009555
194000 6.383107107801791
194100 10.082636050666876
194200 4.064905543806589
194300 8.7780729723188
194400 5.702716042236815
194500 4.841383868629069
194600 9.24767746352089
194700 3.6774944196090114
194800 7.421753804490747
194900 10.30153051122113
195000 9.972517709724977
195100 7.508196666385024
195200 6.714890195055872
195300 6.700260012131361
195400 7.113687679899757
195500 10.785804412214693
195600 11.58856354270501
195700 7.540056641331331
195800 10.391097904720514
195900 7.106505874498999
196000 10.377371214831895
196100 9.298201622234517
196200 5.879544183549315
196300 7.4069545564036705
196400 2.6784080690301972
196500 4.1214194239273345
196600 7.0077492324567
196700 4.039993425933991
196800 7.343998779023508
196900 11.44360904888477
197000 10.276403418265605
197100 8.960089924373307
197200 7.532676245510927
197300 10.273043495772244
197400 6.790891243168403
197500 9.950664246705283
197600 4.769092969438591
197700 10.094025319517666
197800 4.962113001019095
197900 5.745765275739368
198000 5.2154079962514315
198100 7.7703532703945815
198200 8.089666539831706
198300 12.44288370772901
198400 6.523400749167579
198500 15.078540456077478
198600 9.187011061993699
198700 9.512095301474437
198800 8.681295571197513
198900 10.490958608645215
199000 12.402061744877228
199100 11.21194513503601
199200 9.103081236143412
199300 8.50846045382023
199400 10.138603015759866
199500 6.152045295396425
199600 14.223772681785047
199700 6.2439104116096065
199800 8.500341512783912
199900 9.297390980577967
200000 10.817727635940674
