# Model = Transformer.pyTorch.3,3,9
# Num weights = 0
# Learning rate = 0.001
# Env random seed = 666
# Start time: 15-08-2022(00:56)
100 -28.575216512325635
200 -27.886440795923985
300 -27.937824399058872
400 -27.758064776887572
500 -27.299278651919934
600 -26.954707687077676
700 -28.118583866488265
800 -29.074257603008526
900 -29.661148343013355
1000 -29.875969334648886
1100 -29.95460076517187
1200 -29.892944204282987
1300 -29.960814116446866
1400 -29.985656699298218
1500 -29.99474988806256
1600 -29.998078289235625
1700 -29.999296591709687
1800 -29.999742529816647
1900 -29.999905757586003
2000 -29.99996550422859
2100 -29.99998737343206
2200 -29.99999537826781
2300 -29.999998308296576
2400 -29.999999380781865
2500 -29.64435428989248
2600 -26.81904803730647
2700 -26.923571380470978
2800 -27.37198198992805
2900 -27.308807930476306
3000 -27.187359676898566
3100 -27.27614584592438
3200 -27.815176344500134
3300 -27.859074485541218
3400 -27.515026832700105
3500 -28.141755958624564
3600 -27.833658585533538
3700 -27.71212688799709
3800 -26.851295140122527
3900 -27.429504077004673
4000 -27.652635475287624
4100 -26.698252888062033
4200 -26.42897217614608
4300 -26.20242851067348
4400 -26.987122301296147
4500 -25.81493672763057
4600 -26.371293132296568
4700 -27.362798303397675
4800 -27.127389987960083
4900 -27.778653611805545
5000 -26.566773403934494
5100 -26.549134050026908
5200 -27.198812424332846
5300 -27.13252341218707
5400 -27.026645475344043
5500 -27.26412947468118
5600 -27.73701236840604
5700 -26.75697322959967
5800 -25.06531163542334
5900 -25.23157718990754
6000 -25.78220517004464
6100 -26.664531043737828
6200 -27.300909660757878
6300 -25.93465281279185
6400 -26.096588150603175
6500 -26.819235468029106
6600 -25.96214906929626
6700 -25.483577555935856
6800 -25.05396326718323
6900 -24.980520915460556
7000 -24.070072302760806
7100 -24.782190155971016
7200 -24.48935926322091
7300 -25.360081074849546
7400 -23.900514463813636
7500 -24.309028872925342
7600 -24.063777594590757
7700 -25.8842648759752
7800 -25.47939829578467
7900 -25.359639256124435
8000 -26.01890033148795
8100 -25.870477797063288
8200 -25.73890495319508
8300 -25.893898835523263
8400 -26.802891893617602
8500 -25.582948885303285
8600 -24.280037367127242
8700 -23.952065058367353
8800 -22.262704641331986
8900 -22.87792016947189
9000 -22.867879427305155
9100 -23.7871576433461
9200 -23.958998520777183
9300 -22.80233811964826
9400 -20.612641913153553
9500 -22.504861059868976
9600 -23.03956075550419
9700 -21.309322428319557
9800 -23.871320776072892
9900 -23.661589847969605
10000 -22.68136892212041
10100 -23.10349694783764
10200 -22.43733685234671
10300 -21.681216663767092
10400 -21.387533117819398
10500 -22.849593802115983
10600 -22.292035215278126
10700 -19.313311733044262
10800 -19.714494375905506
10900 -22.228501015113338
11000 -22.450628529860225
11100 -22.45730799874059
11200 -23.014942535954056
11300 -19.03699745183007
11400 -22.257629449769833
11500 -24.864396042021696
11600 -20.663476574140034
11700 -22.497680382371396
11800 -19.898422011517123
11900 -18.837385964661177
12000 -18.855645772559548
12100 -19.0816639580506
12200 -20.397988654263113
12300 -18.65574426952886
12400 -20.901517805562825
12500 -19.95000955130558
12600 -20.121114285928776
12700 -21.004185219041876
12800 -23.450200908434848
12900 -19.685510276288536
13000 -20.45373550432432
13100 -21.580283235916134
13200 -21.587775278855755
13300 -19.79539857548142
13400 -18.374012311856387
13500 -18.34586191322494
13600 -19.495548078013936
13700 -18.076205291326826
13800 -18.83659948463185
13900 -16.839975074295573
14000 -15.949519598041915
14100 -19.172895455285577
14200 -22.69597569983511
14300 -19.320379560959815
14400 -18.66068751837627
14500 -20.030527101556352
14600 -19.636235991644245
14700 -18.191293016652022
14800 -16.990432211952367
14900 -16.382008322077855
15000 -16.214443020836786
15100 -20.078946780854036
15200 -21.317412822971598
15300 -19.048540917242697
15400 -17.06451243030735
15500 -16.3603786276019
15600 -17.821282088510245
15700 -22.73204951827399
15800 -19.355302227092658
15900 -16.90203086795645
16000 -18.095711339319138
16100 -18.486408279206465
16200 -22.292098824663505
16300 -19.582710599688912
16400 -18.485784613267356
16500 -18.651206687538913
16600 -17.69775687198791
16700 -17.052520574419944
16800 -14.258957047808272
16900 -17.829970212537
17000 -19.83546620000202
17100 -19.13513433143886
17200 -16.260401437832762
17300 -18.801952221596057
17400 -20.34015147325689
17500 -19.30795319072116
17600 -17.531941307469534
17700 -18.190512038895314
17800 -19.0553082671518
17900 -17.3115681243573
18000 -18.561196262553196
18100 -16.451002210812305
18200 -17.806567836765492
18300 -18.77514432754764
18400 -18.810445116244466
18500 -17.062313856151068
18600 -18.92354657715015
18700 -19.090292527849055
18800 -16.70580137490291
18900 -16.148437787703596
19000 -16.792255090194946
19100 -20.551225089245413
19200 -19.299075238751467
19300 -19.944120959261177
19400 -17.015216422871532
19500 -17.334788989847155
19600 -17.2737384550145
19700 -18.363951868617058
19800 -17.72533446837657
19900 -14.937190613855831
20000 -15.257667795047123
20100 -18.265975463843578
20200 -15.892482381758763
20300 -20.679293657606884
20400 -18.768083761519094
20500 -18.996463136299045
20600 -15.697674569906553
20700 -17.48254516724194
20800 -18.305316458422112
20900 -18.97175801612398
21000 -17.391087840277056
21100 -18.604610964531368
21200 -17.339454065911163
21300 -17.309727582361383
21400 -20.755380726180636
21500 -17.776517740540232
21600 -16.789072165442477
21700 -19.233708611283795
21800 -17.53908619993079
21900 -17.03988203482704
22000 -16.669113442748607
22100 -19.17223118235142
22200 -17.40567453912042
22300 -16.5080371982713
22400 -17.250033559103528
22500 -16.39215837887073
22600 -17.33390025407828
22700 -15.516001500350372
22800 -18.803550268144257
22900 -20.766750544382113
23000 -20.248382475405695
23100 -17.718789315063013
23200 -18.098956197561712
23300 -18.31808829934298
23400 -20.344379861370513
23500 -16.338729590216158
23600 -16.530751191918416
23700 -17.694231197645472
23800 -16.23561640633808
23900 -15.85140656343648
24000 -16.4246433232936
24100 -14.407110079173439
24200 -16.938649572572338
24300 -16.909769303487252
24400 -17.20975036035255
24500 -17.20979443134858
24600 -16.776545650452498
24700 -19.086333415668097
24800 -16.415587269339152
24900 -16.624086292956804
25000 -18.352480557380606
25100 -16.538664817601617
25200 -17.31922925320986
25300 -16.1363424443453
25400 -18.186793903574085
25500 -18.21465481235169
25600 -17.03146294128408
25700 -18.005394761537165
25800 -19.3435343710251
25900 -18.49749177040424
26000 -19.372866320566896
26100 -15.150704774231615
26200 -16.801339700230262
26300 -18.0621273680834
26400 -15.981383154906482
26500 -20.381203467988335
26600 -18.935891732009786
26700 -17.12895164232614
26800 -17.28524587754687
26900 -17.727311528777683
27000 -18.109945614417306
27100 -16.961945797460857
27200 -17.08108287976644
27300 -17.60333969442019
27400 -18.209895825807035
27500 -20.679957539168935
27600 -16.548766235135844
27700 -18.474842023180475
27800 -19.52138201368437
27900 -18.626202723559732
28000 -17.179044867217893
28100 -18.608959111992316
28200 -19.19147420130768
28300 -18.324087763438147
28400 -17.135723037750683
28500 -17.701041449946757
28600 -19.773133550367643
28700 -17.546251676180052
28800 -16.303037943412498
28900 -13.130742033230613
29000 -17.596672783613663
29100 -16.54209701752445
29200 -15.786579258948247
29300 -15.229474222318714
29400 -17.73780026091043
29500 -18.8856602483726
29600 -16.785431132551487
29700 -18.046879828622814
29800 -18.88914652998733
29900 -19.928062818039876
30000 -18.955507834025244
30100 -16.995006491285675
30200 -17.5339704158935
30300 -17.942986741199068
30400 -19.413234352027484
30500 -16.87336209953077
30600 -18.09087360561913
30700 -18.40785772392017
30800 -16.949259046533477
30900 -19.099209033614457
31000 -21.920388236192075
31100 -16.79257366637267
31200 -17.123308890242928
31300 -16.42486314302286
31400 -19.014968501365992
31500 -19.323544445945956
31600 -19.47800443473419
31700 -18.142005925251606
31800 -15.0166818634698
31900 -14.894084668735685
32000 -15.720122093879745
32100 -14.943352981647525
32200 -17.174813019726034
32300 -16.611621427419628
32400 -18.56081672286586
32500 -18.793905588708334
32600 -16.23901447099438
32700 -15.592134325362242
32800 -15.931874272729491
32900 -17.995092968166034
33000 -18.778475734162445
33100 -16.81118179731194
33200 -14.43985353634624
33300 -16.201849083780036
33400 -15.547313080670115
33500 -16.941904583562142
33600 -17.280549167221107
33700 -17.53560876250304
33800 -17.913201681134485
33900 -17.635359423056
34000 -20.484597915390793
34100 -17.76420265985911
34200 -16.117742204849513
34300 -18.41772394377038
34400 -18.89006944802289
34500 -18.041325929855546
34600 -17.58268461634611
34700 -16.38391884209832
34800 -16.367610258592244
34900 -17.742424763308954
35000 -18.575858277927292
35100 -16.035672058289276
35200 -18.10205144993544
35300 -15.670121550596495
35400 -17.69726619268346
35500 -16.839917776424418
35600 -16.777738104077795
35700 -12.948607414211274
35800 -13.303587232873523
35900 -13.482777049388808
36000 -15.080058464193117
36100 -15.876028074825204
36200 -19.063954130139933
36300 -18.40596829375255
36400 -16.661172067651226
36500 -16.745352233980668
36600 -14.49646960456305
36700 -16.361824011559577
36800 -16.723845551554515
36900 -15.100877859695991
37000 -15.01284941872653
37100 -16.014796702768315
37200 -20.085287802498517
37300 -18.656815374647138
37400 -19.96432860161848
37500 -19.369683486555694
37600 -19.761858955897935
37700 -20.3079269730733
37800 -19.438808454955456
37900 -18.220135397283197
38000 -16.642983369844
38100 -16.034223616318037
38200 -14.650348886500169
38300 -13.645402234059423
38400 -15.294370134812121
38500 -17.740969332789025
38600 -19.652870234898284
38700 -18.524122993791366
38800 -16.056818977061475
38900 -17.285361662107647
39000 -17.45125528696074
39100 -14.244530300799397
39200 -14.189033765363614
39300 -16.047998181648033
39400 -17.32969671558954
39500 -16.02587043258733
39600 -18.957083241878088
39700 -17.5102721503784
39800 -15.948663442655564
39900 -15.482222809653448
40000 -16.533214944938955
40100 -18.906642220149063
40200 -17.08811840683945
40300 -17.708145176506452
40400 -19.188098135363017
40500 -16.830776241862033
40600 -16.94181316151259
40700 -19.323374877507035
40800 -18.02422852904331
40900 -17.389757973609505
41000 -17.281258286028294
41100 -17.787537199376946
41200 -17.697651820697228
41300 -17.268771266784515
41400 -15.677415386983373
41500 -13.979061138984923
41600 -16.182251316007182
41700 -14.867311988711146
41800 -18.92411993238003
41900 -19.67222298544806
42000 -18.49935096934152
42100 -18.72436902770332
42200 -18.38906543762924
42300 -17.38619351440031
42400 -17.461297048753586
42500 -17.507270363248523
42600 -19.917651408782902
42700 -16.726779713277736
42800 -19.112599266352078
42900 -17.51847084707289
43000 -20.662943970464806
43100 -17.90242690035553
43200 -15.465408366976922
43300 -18.337328695052168
43400 -17.98577386132962
43500 -18.1331583116931
43600 -17.37335942865266
43700 -16.552702091324257
43800 -16.982754779570197
43900 -16.83998519086683
44000 -17.16286936485077
44100 -17.240803093296634
44200 -18.236853795643796
44300 -17.009102932994082
44400 -15.215402452676203
44500 -15.441278082673854
44600 -16.346549604053823
44700 -16.03781405526923
44800 -15.464730163034583
44900 -16.524525594182514
45000 -18.19235267274359
45100 -16.947278126995773
45200 -16.52755840794524
45300 -16.386770581716178
45400 -14.712559140857444
45500 -16.154606593693046
45600 -14.034939551904566
45700 -17.06662474236899
45800 -19.356965127855013
45900 -17.536065457183156
46000 -17.31483560792796
46100 -17.270816055357884
46200 -17.988817537346645
46300 -17.883313228013776
46400 -15.907720205263255
46500 -18.785848354515565
46600 -18.36312152802343
46700 -18.098959092692436
46800 -15.806999198372408
46900 -17.5513337237634
47000 -19.315843461576886
47100 -18.760488680446656
47200 -17.28829721978932
47300 -16.149517006291905
47400 -15.964155556559096
47500 -16.22980774581336
47600 -19.295928048043038
47700 -17.084988022986412
47800 -17.266342519589234
47900 -17.511752700753274
48000 -14.737626199840408
48100 -16.78085513524299
48200 -15.022861887510699
48300 -16.465981855763687
48400 -17.156915213606723
48500 -15.29644423990296
48600 -16.57042035126248
48700 -16.726708489984503
48800 -19.78308062257364
48900 -16.22106991307926
49000 -17.138613657368477
49100 -17.200732203330695
49200 -18.492082578030725
49300 -17.159000569173383
49400 -17.46632735269054
49500 -18.21501262617035
49600 -17.108988920264252
49700 -15.894213243213661
49800 -15.737795417798505
49900 -14.948923183154912
50000 -16.92538263612206
50100 -17.602737411627462
50200 -16.671252686996965
50300 -15.165645426021818
50400 -17.418135541567942
50500 -18.519197265671064
50600 -17.14282053430578
50700 -18.217657981186353
50800 -19.086477094040145
50900 -16.753983217390832
51000 -16.409589948348337
51100 -15.626346667103116
51200 -16.101050959785866
51300 -15.924252393895499
51400 -16.025220760804004
51500 -17.316939545855202
51600 -16.862497037381345
51700 -17.45916483854123
51800 -16.10641666639296
51900 -16.168935298963852
52000 -14.197001518606802
52100 -14.611306336933344
52200 -17.994929664
52300 -15.885136759905944
52400 -15.844075595246892
52500 -19.8314742492166
52600 -17.93947263065336
52700 -18.454284661283776
52800 -17.657005599896152
52900 -17.317828020757
53000 -17.40499584859359
53100 -16.725845678129804
53200 -18.657457237695063
53300 -17.42302391016715
53400 -15.963824462998526
53500 -17.519350195738635
53600 -15.704737276825108
53700 -16.044439196468037
53800 -17.49031061877885
53900 -17.95940431349808
54000 -17.547643397424512
54100 -17.63501755780182
54200 -18.248854536205346
54300 -17.554644005150877
54400 -18.8041981481588
54500 -17.956016421029705
54600 -17.018446627855187
54700 -18.358096955826976
54800 -17.91346089317685
54900 -18.183535401337267
55000 -17.843445851629518
55100 -17.83582366060445
55200 -16.639569742921534
55300 -16.35487336109549
55400 -15.196076169237749
55500 -15.629749018477117
55600 -15.697856918106776
55700 -16.121080927014994
55800 -16.2177175112419
55900 -15.584174181689868
56000 -15.730167260428429
56100 -18.526021702044027
56200 -17.821545860205298
56300 -15.762076796687218
56400 -13.803218605005345
56500 -14.367887138852247
56600 -15.871399801377875
56700 -16.710141026968483
56800 -18.022940206557728
56900 -17.11899735154932
57000 -16.084221303745622
57100 -14.532739373223347
57200 -16.46586483936172
57300 -17.7045347237236
57400 -12.680511718447182
57500 -13.861884234847414
57600 -16.51401762329256
57700 -16.96925921139964
57800 -16.309817987022164
57900 -15.197206845913644
58000 -16.601375866792395
58100 -16.84643532712457
58200 -17.328701705673847
58300 -16.954612552617494
58400 -19.019639511963334
58500 -19.788803128201277
58600 -18.43112807374221
58700 -20.768147893123302
58800 -19.55765346956302
58900 -19.191592323148612
59000 -17.069682575843142
59100 -17.193517856038252
59200 -19.439331734841264
59300 -16.072190495691984
59400 -16.89408461461051
59500 -15.827400538733455
59600 -16.137204923457478
59700 -17.936070569877625
59800 -16.49065159167195
59900 -17.18156371173494
60000 -16.245760636455667
60100 -15.689193735046684
60200 -14.959683482306382
60300 -14.906371447741293
60400 -16.17374060782505
60500 -18.04919508398255
60600 -14.302410171199538
60700 -14.802645124915058
60800 -17.721750709445107
60900 -17.149338840622644
61000 -17.34419078450753
61100 -21.6312964221899
61200 -21.083105215954326
61300 -17.241525957646505
61400 -15.88809952295108
61500 -17.443594008539076
61600 -16.485343197399313
61700 -15.730065072595623
61800 -15.846870414254337
61900 -17.49532210699199
62000 -16.021041946167948
62100 -18.232162238095164
62200 -17.115291815632688
62300 -17.957860079745306
62400 -17.24240175625264
62500 -16.105827608387475
62600 -14.658766069810715
62700 -17.67150230267194
62800 -17.328932559864818
62900 -16.14837454433172
63000 -15.899265803721015
63100 -13.512960818450908
63200 -16.436013388371354
63300 -18.90493625543987
63400 -18.644498890779772
63500 -16.672117417720628
63600 -16.746214252430093
63700 -15.687803228788125
63800 -18.119663053551555
63900 -17.988247186116254
64000 -18.989484736879554
64100 -17.247835938232605
64200 -15.82903806704027
64300 -16.931370672903135
64400 -15.9344315455333
64500 -14.344580044199306
64600 -16.35519286797026
64700 -13.910288755248574
64800 -16.097087088605843
64900 -15.048647506467528
65000 -16.090520741552712
65100 -14.18333366705335
65200 -17.136020308841925
65300 -15.243936091031504
65400 -17.77549742519633
65500 -16.517111976924248
65600 -17.275161732803515
65700 -18.403068767536652
65800 -18.39643352498249
65900 -18.014924129907218
66000 -18.809749624291815
66100 -18.90741211679855
66200 -20.24022799101345
66300 -16.608963437230145
66400 -16.11494851507378
66500 -17.739424486765333
66600 -16.65643924908647
66700 -16.4760436195999
66800 -17.409732759790113
66900 -13.480834333786616
67000 -14.528815945813566
67100 -13.805897483074746
67200 -18.102124665731516
67300 -18.917969857716646
67400 -19.595898086779652
67500 -15.704649227885971
67600 -16.23123941216426
67700 -13.302280594381948
67800 -13.677859988250791
67900 -13.614078229985132
68000 -17.174758285382367
68100 -17.267743538990786
68200 -16.878945845181615
68300 -15.877326892933125
68400 -15.08899121572626
68500 -13.821782728515464
68600 -14.304835091457186
68700 -15.474502489375471
68800 -17.171708409735345
68900 -15.552683679262058
69000 -16.40484977809733
69100 -17.285733795847165
69200 -18.633100222088885
69300 -17.9503405240412
69400 -18.523392024551615
69500 -16.24871056026216
69600 -17.054760594314907
69700 -18.983924944171438
69800 -18.05527818705912
69900 -16.35283084907275
70000 -16.080262338433254
70100 -16.424113326420393
70200 -19.61932030875198
70300 -17.758334449387373
70400 -18.873128185934302
70500 -15.322418130932379
70600 -13.70840081444324
70700 -16.43179896395999
70800 -17.934221298103278
70900 -16.764877840962104
71000 -15.303529913233863
71100 -18.760872955353033
71200 -16.91746467720191
71300 -16.29532048815925
71400 -15.773374169866928
71500 -14.169023943216049
71600 -14.743600042762932
71700 -17.880843716759188
71800 -16.467479033838444
71900 -14.808453473861771
72000 -17.027946819327383
72100 -16.924405325141446
72200 -18.624242073562097
72300 -16.698589423597536
72400 -18.29941089815323
72500 -16.39863259226637
72600 -15.491793857351636
72700 -14.404849295866788
72800 -17.729334810408545
72900 -16.978104542912153
73000 -13.513263896900423
73100 -15.442254108385983
73200 -15.13766907526668
73300 -15.497577239864725
73400 -17.62386077409116
73500 -16.609304959869426
73600 -15.714772302119808
73700 -12.29623576182946
73800 -14.869201355100163
73900 -18.03037367801961
74000 -16.698968394185215
74100 -15.104652950115632
74200 -15.214703114816611
74300 -15.921066152408851
74400 -16.742934275243925
74500 -15.39652791243994
74600 -14.860565647195745
74700 -16.42646305466078
74800 -16.605174336891046
74900 -17.641667866621987
75000 -16.326042473246353
75100 -16.70037430594928
75200 -15.477436022689423
75300 -18.272655689539373
75400 -17.496183568883275
75500 -18.46161559800722
75600 -17.402835393280156
75700 -18.911289811705107
75800 -21.14120580496138
75900 -18.155442206206118
76000 -17.41823628894909
76100 -15.595933044137675
76200 -16.76781200718096
76300 -18.456241382721075
76400 -17.24066622939913
76500 -17.994969894172
76600 -16.097207105559928
76700 -16.808935126396232
76800 -18.188056574864476
76900 -16.84117676605619
77000 -18.805254932422052
77100 -17.936145915826945
77200 -16.654930637753218
77300 -18.849302231395882
77400 -16.91588127405554
77500 -17.61568555726871
77600 -17.184786956357662
77700 -18.03461943380348
77800 -17.52683549156402
77900 -18.387506795065946
78000 -15.88741348063694
78100 -17.348747090246736
78200 -16.444252546157184
78300 -15.188550154716948
78400 -15.754798832454863
78500 -17.91734614247629
78600 -14.92784145496883
78700 -16.076681833059837
78800 -15.881327392004422
78900 -14.690880288941358
79000 -15.528680467069732
79100 -15.551910527631149
79200 -16.981676734127966
79300 -17.99035411887204
79400 -15.667180396868279
79500 -16.99615833545135
79600 -16.80700326529916
79700 -15.845261518419345
79800 -16.008374535603643
79900 -14.719864810846568
80000 -16.938293048910708
80100 -16.908308633532606
80200 -16.90965678901264
80300 -17.950688073023446
80400 -18.744023074725494
80500 -18.391674102699636
80600 -16.430044259396993
80700 -15.982746504074255
80800 -15.157839088506707
80900 -16.191442774140683
81000 -19.510146234998103
81100 -17.55681144889762
81200 -15.58475135832801
81300 -17.313447818866354
81400 -16.01779008404962
81500 -14.406049141144377
81600 -17.897252805620965
81700 -13.18669785277564
81800 -16.54697796812227
81900 -16.575627325839374
82000 -17.758388793982608
82100 -17.143497049515403
82200 -17.879344969036538
82300 -16.43485129245203
82400 -16.705095848298225
82500 -15.859116643299576
82600 -13.019115844141133
82700 -16.073486722744647
82800 -16.360015689344003
82900 -17.787177208248536
83000 -17.375426520016532
83100 -16.988680453720253
83200 -17.126239655471352
83300 -17.65346852937819
83400 -16.853170005657
83500 -15.556251050194378
83600 -16.431891693086065
83700 -16.4900546558311
83800 -14.045915632305254
83900 -14.34414525434614
84000 -15.868794147501834
84100 -17.005644163991086
84200 -17.747368429449388
84300 -16.205145250574873
84400 -15.745597051776393
84500 -16.772708039289004
84600 -16.45597431386569
84700 -15.463876470539907
84800 -12.920027388229817
84900 -13.377471232072873
85000 -13.624200371616109
85100 -11.122366671575309
85200 -14.365615066913634
85300 -17.891971997641733
85400 -14.773032073287789
85500 -15.294560725724104
85600 -16.147535674818975
85700 -15.005226642495337
85800 -14.475429619007869
85900 -16.841139170873348
86000 -17.6339105215326
86100 -16.322063764940776
86200 -15.850361674409742
86300 -18.012488153823004
86400 -17.258284550007858
86500 -18.92385612197164
86600 -17.2595202917034
86700 -15.107765478569045
86800 -16.83802228651172
86900 -14.996385757866367
87000 -15.461817211994193
87100 -18.77779732904114
87200 -18.136861985591285
87300 -15.528404601182014
87400 -16.427937234677422
87500 -16.326777067744068
87600 -17.68363704096955
87700 -17.926345261086563
87800 -18.590097309150053
87900 -18.960072122672617
88000 -19.615609544954367
88100 -17.014261467872934
88200 -17.39035258058408
88300 -17.367422786563896
88400 -15.61377965622545
88500 -16.205858949603403
88600 -15.587148874993904
88700 -16.23831512557021
88800 -15.0105885618714
88900 -15.410664791340357
89000 -15.050505301049576
89100 -15.669123326700007
89200 -16.853275804736036
89300 -17.50423051874802
89400 -16.508597907822345
89500 -17.193331001634732
89600 -13.958233644380497
89700 -17.11388756546582
89800 -15.36321781324552
89900 -16.292678979541837
90000 -17.04707239399635
90100 -17.119011708981756
90200 -16.330916994691215
90300 -14.15612180032564
90400 -17.462898549381677
90500 -19.607770824212643
90600 -19.210129276143515
90700 -17.70022698971962
90800 -16.66271590969136
90900 -17.307737778436532
91000 -18.607854346904297
91100 -17.674247993043053
91200 -17.060173225833314
91300 -13.390777279163988
91400 -15.936589775895657
91500 -13.736185036174549
91600 -16.36119592655175
91700 -16.197516841812124
91800 -16.87269356071647
91900 -17.372829785455078
92000 -17.732135068216007
92100 -16.558000262751168
92200 -16.72302448768186
92300 -14.701997089155215
92400 -14.377765942899694
92500 -15.774829033026394
92600 -17.785352123599722
92700 -15.920114791505455
92800 -17.75376101617648
92900 -17.858761486560738
93000 -14.42171270914051
93100 -18.462066718827298
93200 -19.527974305357652
93300 -20.61972397426433
93400 -16.423104002277537
93500 -18.394492256413756
93600 -16.52106403760122
93700 -17.947550142058017
93800 -16.784652873976434
93900 -15.434300523947421
94000 -18.148728999898754
94100 -18.691891936505712
94200 -18.522442749901394
94300 -15.725500608509908
94400 -16.143715121255976
94500 -14.435878552610589
94600 -14.644692333728877
94700 -14.741148003477429
94800 -14.428507841958762
94900 -14.33737635701782
95000 -14.085695855678328
95100 -14.637301457312056
95200 -14.908538084451193
95300 -15.965598287068259
95400 -17.9507150186083
95500 -15.013719470611614
95600 -14.256939994558895
95700 -16.357164571191632
95800 -17.307121681094245
95900 -15.564577164649084
96000 -16.86293945847923
96100 -17.673411338557646
96200 -16.12715463893378
96300 -16.116517824465166
96400 -15.760027867714857
96500 -14.544699183538253
96600 -17.156065456259956
96700 -18.69892212447796
96800 -17.955429267880547
96900 -14.603828600503075
97000 -15.200774373703124
97100 -17.281121984169033
97200 -19.457430078357035
97300 -16.237531343824912
97400 -16.93602041644475
97500 -16.151652546041962
97600 -14.813643607579879
97700 -17.38708329267423
97800 -16.616295935818727
97900 -15.298621484199213
98000 -15.785406641146807
98100 -14.519792216564726
98200 -14.843443586468986
98300 -14.399425381001794
98400 -16.768997996332626
98500 -15.216222387071548
98600 -16.36825809743763
98700 -16.164127312960662
98800 -16.486218167385868
98900 -16.625263476980315
99000 -17.35765766723936
99100 -18.424944868326747
99200 -18.277776014082384
99300 -20.292987893619376
99400 -18.482887723319262
99500 -17.79401019803582
99600 -17.52522040968216
99700 -15.999637507197885
99800 -15.257072828407429
99900 -16.968367486570042
100000 -16.660666584656585
100100 -16.74389085383187
100200 -13.890273800136098
100300 -19.164430624340138
100400 -17.963950546369315
100500 -16.035482238274152
100600 -15.523383781444258
100700 -17.58851793945221
100800 -17.512560340216588
100900 -17.31289325825801
101000 -16.482082350038993
101100 -15.231584211174907
101200 -12.650819132744214
101300 -13.45576762679742
101400 -16.306545413114762
101500 -16.12314686355758
101600 -16.443541605245276
101700 -17.196781445918287
101800 -17.140257348196315
101900 -18.452484001807104
102000 -17.415548568231046
102100 -17.21532772015017
102200 -14.333138523859565
102300 -15.436175237779063
102400 -15.821684699013112
102500 -12.63022968654249
102600 -11.951008139449609
102700 -16.34823735968486
102800 -16.28260917389128
102900 -18.31770556696787
103000 -15.354911609096607
103100 -16.78356843129583
103200 -18.197364750998318
103300 -17.392709627639256
103400 -19.181115834625757
103500 -20.0151237463478
103600 -18.858216072967544
103700 -19.744355178046327
103800 -14.97088906691739
103900 -16.41882107795184
104000 -17.58865605214359
104100 -16.15892004760612
104200 -14.85385624482195
104300 -14.452904778189218
104400 -15.31263863741241
104500 -15.487855280319701
104600 -14.799559061912479
104700 -15.159151100943188
104800 -16.103307909540455
104900 -15.644021708242418
105000 -18.343139751914514
105100 -19.23760646948506
105200 -16.402229540335036
105300 -16.00860978293023
105400 -17.23324851965021
105500 -15.968175419437507
105600 -16.366853178559733
105700 -16.781889562343988
105800 -14.272021228003995
105900 -15.682156252417235
106000 -14.086079592605017
106100 -15.765220705490833
106200 -17.470552561379463
106300 -17.470612040237295
106400 -17.029478771557518
106500 -16.581053734568936
106600 -14.435081977583527
106700 -16.93174232720013
106800 -18.870256720446896
106900 -15.712363577283817
107000 -17.267496545275243
107100 -17.53581932187309
107200 -15.973514582499075
107300 -14.95942514200251
107400 -17.201806508350465
107500 -19.06630836162451
107600 -19.618232766938743
107700 -18.078264422364835
107800 -16.548881590464667
107900 -17.376160401967695
108000 -18.46872420677194
108100 -17.38993446610624
108200 -15.042614641441283
108300 -16.861881133139953
108400 -16.43691718971901
108500 -15.013775086620008
108600 -15.276363810871276
108700 -17.70287849809861
108800 -15.818309549177886
108900 -13.489375825585505
109000 -13.000016044544767
109100 -15.24966601703667
109200 -15.955036255891708
109300 -18.339541509707665
109400 -16.06496007629035
109500 -16.30997905029196
109600 -16.531890809442285
109700 -16.573911979122244
109800 -15.72639905023723
109900 -15.345037060445666
110000 -15.905225073224601
110100 -16.819745982173913
110200 -15.958816578377636
110300 -18.088795372454832
110400 -16.477201666400966
110500 -15.42580520868877
110600 -18.090855740559835
110700 -17.703393457599134
110800 -19.19299523007238
110900 -16.424146053449338
111000 -17.647884484680215
111100 -18.097027161098328
111200 -12.650800821198345
111300 -14.105260110595365
111400 -16.650781985281665
111500 -17.736180326460293
111600 -14.990220543116472
111700 -16.277555034885385
111800 -15.854479142448348
111900 -15.1995087663737
112000 -16.16228515711127
112100 -17.059754960857937
112200 -17.732365507673613
112300 -14.910561415227567
112400 -17.09846067549467
112500 -15.069116100279832
112600 -14.299754307446541
112700 -17.421287143692567
112800 -15.891550088583934
112900 -17.038324542898994
113000 -17.60038962119618
113100 -17.140365507033763
113200 -18.83529508343981
113300 -15.33890053444314
113400 -11.047980245316442
113500 -17.092601640022696
113600 -16.424067803122792
113700 -16.052667680622513
113800 -17.024411204735184
113900 -16.96494754706066
114000 -16.94567357684935
114100 -16.87507584748085
114200 -14.007353810968981
114300 -13.79276305051609
114400 -15.803413060181649
114500 -14.653152089883589
114600 -14.041181889398766
114700 -17.07750264732043
114800 -17.872957238134244
114900 -15.497445733816487
115000 -18.308874076527655
115100 -16.127239915130847
115200 -16.00871487184859
115300 -18.581504497275738
115400 -18.061828663566846
115500 -16.340344123175186
115600 -17.02680756703791
115700 -20.340929578752863
115800 -17.19804818069507
115900 -15.740478101129929
116000 -15.306866779897149
116100 -16.73138215124913
116200 -18.208454568366957
116300 -17.711149501535907
116400 -13.402632960337494
116500 -14.748018300350044
116600 -14.644010644064466
116700 -15.62796490224563
116800 -13.49414688699861
116900 -13.189195326474733
117000 -13.565240746405925
117100 -18.45992240479294
117200 -14.455949475204182
117300 -17.930526726474984
117400 -18.516261618673155
117500 -15.388857067430756
117600 -17.164120925897027
117700 -17.91075515423508
117800 -15.966458901529515
117900 -16.69367666501391
118000 -16.67266473150455
118100 -19.089302228401944
118200 -16.40276611089572
118300 -16.812240787704507
118400 -15.21576773596913
118500 -18.184493655916235
118600 -14.945619030278268
118700 -12.743035580016276
118800 -13.707828028452488
118900 -15.695516099600498
119000 -19.04690452172791
119100 -16.471105725978372
119200 -18.52931583774314
119300 -18.234298422687175
119400 -18.127572527405547
119500 -15.799605001523593
119600 -14.758996867830428
119700 -15.87596071605636
119800 -18.29204899163275
119900 -17.400325209955152
120000 -18.263126276478978
120100 -16.605865889580766
120200 -16.38407796045604
120300 -15.911860863404831
120400 -16.678537367215007
120500 -17.47966853408264
120600 -16.994627903236356
120700 -15.534693951061456
120800 -17.309739764281336
120900 -16.849646169372956
121000 -15.875164616919907
121100 -15.598599578933007
121200 -16.009049576931666
121300 -14.234832988133695
121400 -14.621071139563943
121500 -16.242474396759587
121600 -16.064647013214188
121700 -15.674005004246409
121800 -16.607097739256208
121900 -15.82628821392384
122000 -14.666763188495384
122100 -15.885612256402561
122200 -16.042161602602235
122300 -15.857673038496271
122400 -16.193924131367922
122500 -18.43179140859894
122600 -17.930986134318495
122700 -16.43390909746544
122800 -18.452221280937774
122900 -17.433520309538707
123000 -15.56389987796953
123100 -13.873510606693154
123200 -15.102898249043456
123300 -14.623533431905743
123400 -15.78600274735185
123500 -17.7231299094956
123600 -17.332429277454903
123700 -15.836880846532086
123800 -15.448887526205551
123900 -15.984174225072142
124000 -17.72579601319979
124100 -17.819840138630067
124200 -17.78645066018589
124300 -17.60806460014897
124400 -15.909035224778936
124500 -16.2652612723811
124600 -15.915507950739029
124700 -16.6502440383275
124800 -16.68489899048588
124900 -17.622373537164215
125000 -15.868363908784666
125100 -16.994772623740264
125200 -16.912571981406742
125300 -15.795700412330532
125400 -16.17260672842901
125500 -15.71438914396261
125600 -17.32846700556916
125700 -15.42691428888634
125800 -15.563422867625096
125900 -14.482685726734982
126000 -15.422364275353221
126100 -17.60511747340633
126200 -17.59795068544299
126300 -15.618319116723566
126400 -15.238618212499109
126500 -17.697778676512694
126600 -15.755993395317619
126700 -18.13932497232749
126800 -16.201897403962437
126900 -14.928315366450734
127000 -14.608536945826641
127100 -16.67426562114832
127200 -19.135920454842957
127300 -16.589035253937578
127400 -16.318221132383425
127500 -15.705781049222395
127600 -15.839834468150782
127700 -14.668610999408529
127800 -16.96408720038594
127900 -16.65039594166954
128000 -15.447745870506635
128100 -18.11860395883764
128200 -15.72087618240209
128300 -19.057446345102793
128400 -14.640837891817206
128500 -17.042320784153798
128600 -14.782595014795051
128700 -14.864791082474248
128800 -16.99801077463031
128900 -17.41890558830675
129000 -16.66109348423155
129100 -17.123851684215346
129200 -17.00469717519562
129300 -16.44161547673846
129400 -17.09051684256222
129500 -16.490330061266732
129600 -15.894136592559226
129700 -15.620890816983025
129800 -17.08779586750762
129900 -18.5710424556562
130000 -17.504162572565964
130100 -19.115839704033494
130200 -18.34802324027211
130300 -19.349763873881113
130400 -17.328979966796112
130500 -18.84153929664233
130600 -15.832642565265303
130700 -16.822145713754058
130800 -14.475009544179153
130900 -14.493343758365715
131000 -14.125086448332008
131100 -15.254504108787058
131200 -15.852433411256353
131300 -16.411824678203374
131400 -15.572732152992373
131500 -16.821419840717308
131600 -16.32480260093794
131700 -17.761608626473492
131800 -16.01593979209745
131900 -16.801953138116126
132000 -15.152578617328484
132100 -17.5022937329612
132200 -16.824085735036657
132300 -16.477770520736104
132400 -16.50473399079291
132500 -18.206676910014117
132600 -17.729044842463868
132700 -16.918868723425422
132800 -17.61062813643941
132900 -18.01404607906663
133000 -15.692253173035061
133100 -15.260667920158717
133200 -16.244207095607493
133300 -14.248864169045968
133400 -16.40346911596491
133500 -14.354591267145542
133600 -16.053707562446675
133700 -16.867999599159834
133800 -17.620849077071824
133900 -17.463577751094178
134000 -13.836419556658761
134100 -13.251247634641654
134200 -13.871533380810453
134300 -15.318089318535279
134400 -16.11174630745072
134500 -17.399258646179604
134600 -16.00360669448728
134700 -16.246694817932
134800 -15.683251961191772
134900 -16.656111935552076
135000 -16.98703773818101
135100 -14.393404526872786
135200 -16.965680357221995
135300 -16.427520337066166
135400 -18.536781123791737
135500 -16.135427901810736
135600 -15.561211078651345
135700 -14.28144212883867
135800 -14.929923729064976
135900 -16.036155563144284
136000 -14.898460050922054
136100 -15.658319612023137
136200 -14.201974138812266
136300 -16.61801010313504
136400 -16.84245995942614
136500 -17.501490218555535
136600 -16.871428398821056
136700 -15.423966903543006
136800 -16.589677644148253
136900 -17.55606816167046
137000 -15.964252431676584
137100 -14.464652652765498
137200 -13.907369310187448
137300 -16.790755549488242
137400 -16.416476466490973
137500 -17.93003881970111
137600 -16.756432082424684
137700 -17.37190059816746
137800 -18.229602782599766
137900 -16.101977742891588
138000 -15.713722552038588
138100 -17.570229934189182
138200 -15.287316323869103
138300 -18.174095002524552
138400 -17.885749675204668
138500 -14.64294898554638
138600 -13.683140338951397
138700 -17.515991014694315
138800 -18.512682781717366
138900 -17.53543629235455
139000 -17.63811737214578
139100 -16.3128600942383
139200 -16.142087174293934
139300 -16.16878120566377
139400 -17.93177793273838
139500 -17.732620282894217
139600 -15.85310012376793
139700 -17.554209281382825
139800 -17.82932509888004
139900 -16.007265968971264
140000 -17.825982666973534
140100 -16.835369783540852
140200 -17.863991347268623
140300 -15.421853921417641
140400 -15.773956986328301
140500 -15.800322222510353
140600 -15.295951529994937
140700 -16.752558735587964
140800 -16.14209569356582
140900 -16.631542970623354
141000 -18.00254083988205
141100 -15.606097953283856
141200 -16.426290011244305
141300 -19.456485379837524
141400 -16.42909975829618
141500 -16.184041152484046
141600 -15.28171951241009
141700 -16.785179403914118
141800 -17.49261331613816
141900 -16.648718379486503
142000 -16.125495196623696
142100 -18.53181513225358
142200 -19.14107964953186
142300 -17.730230395094832
142400 -16.22772800572527
142500 -17.91062712505549
142600 -16.80432945279755
142700 -15.745709255926688
142800 -15.77122135607499
142900 -16.19061757332685
143000 -15.542558037943929
143100 -15.305484656354153
143200 -17.851724839228144
143300 -17.24352616487486
143400 -16.524565001579475
143500 -15.04766132690217
143600 -18.140462016243646
143700 -15.713184200649893
143800 -15.521956130330398
143900 -15.69259828812583
144000 -18.078682180850418
144100 -18.85870680826449
144200 -16.606039176677356
144300 -17.494382239094968
144400 -16.21504984016515
144500 -16.737958305020488
144600 -15.483650487344754
144700 -14.393086358087587
144800 -16.280218995812195
144900 -14.852414737364978
145000 -15.78109463320309
145100 -14.445199281104252
145200 -16.980286642171002
145300 -18.724511735292438
145400 -18.123482675050255
145500 -14.882613100757121
145600 -17.48512010427311
145700 -16.795141272951614
145800 -16.97677071403989
145900 -16.506720757117495
146000 -17.831929985203526
146100 -14.746997791146994
146200 -14.699714403336564
146300 -16.443531160940967
146400 -16.576131453982253
146500 -14.683861874921357
146600 -14.715725293011142
146700 -13.7446353669346
146800 -14.938112729245944
146900 -16.182822692555252
147000 -17.062565012116046
147100 -17.743457022432988
147200 -16.818616677251654
147300 -16.37230243243451
147400 -13.207416905829055
147500 -14.893779558332517
147600 -17.75793392945052
147700 -17.543723426623227
147800 -15.851972376214194
147900 -16.988183916163294
148000 -17.60005769761617
148100 -16.127432241720623
148200 -15.529809971870554
148300 -16.53309367368758
148400 -15.478045029513602
148500 -16.471870141614897
148600 -16.35419829336981
148700 -15.400157898005594
148800 -17.52380036820217
148900 -15.52253885619045
149000 -14.690454573972847
149100 -16.112004415975786
149200 -18.509099389510578
149300 -17.59248954727799
149400 -17.123397749511053
149500 -17.758739193069697
149600 -17.177589842114397
149700 -16.462162940159175
149800 -16.283167914907295
149900 -16.73159032059276
150000 -15.078918404118587
150100 -15.707444809647809
150200 -16.008757272385775
150300 -17.331273965245998
150400 -16.49416750186985
150500 -14.271039014120255
150600 -14.059403316354794
150700 -14.616773520723427
150800 -15.902680301736298
150900 -16.313000948968398
151000 -16.89242850563312
151100 -16.073418636964814
151200 -17.112518804752415
151300 -17.82119774567824
151400 -17.65134463861226
151500 -16.47752339034455
151600 -18.121735886990468
151700 -17.759070617214697
151800 -17.053247186886228
151900 -16.157402949291033
152000 -18.37777448421029
152100 -14.871936312718061
152200 -16.456935013657496
152300 -18.599471630185683
152400 -18.752889835703538
152500 -16.786102329447015
152600 -15.976237485291975
152700 -15.330517171972794
152800 -15.986679195415437
152900 -15.628798744207147
153000 -16.724342056447114
153100 -15.285391533363956
153200 -16.045964203089824
153300 -14.872281166141509
153400 -17.19476486909239
153500 -17.344018958222534
153600 -15.912429477994639
153700 -12.66690661905663
153800 -13.874968258002562
153900 -12.330929053431825
154000 -15.80298281318162
154100 -16.976639595718414
154200 -17.259816684455792
154300 -16.90616058035811
154400 -18.488475396894994
154500 -15.428648686053286
154600 -13.89624966011191
154700 -15.317099801501138
154800 -16.893798092427424
154900 -15.139045223866272
155000 -17.414857786842816
155100 -14.64220921402147
155200 -17.307887377180748
155300 -17.731745984655728
155400 -15.665012679398584
155500 -19.923347109695477
155600 -17.76552973512042
155700 -16.679248056040528
155800 -17.679381163190936
155900 -18.439640724623043
156000 -18.768266842469
156100 -18.020726806013755
156200 -16.12773516230358
156300 -14.091762389517603
156400 -18.183659675900042
156500 -16.928215403271754
156600 -18.423736506502696
156700 -18.550467029248473
156800 -16.51534839623462
156900 -14.9932709341376
157000 -15.045296722521774
157100 -15.365309396281827
157200 -15.788830201816351
157300 -18.406890734469933
157400 -17.047872601245164
157500 -17.667783391521514
157600 -18.91511790611849
157700 -17.150718367543128
157800 -17.71257395503924
157900 -17.693011264497205
158000 -18.126270570555175
158100 -17.16315112712694
158200 -18.892486274426542
158300 -16.02483062103933
158400 -14.92099305137699
158500 -15.892240131804037
158600 -16.685322646411016
158700 -17.25584487193085
158800 -13.354786897343782
158900 -13.298655947392119
159000 -14.84715779790695
159100 -16.800695323794276
159200 -14.384252506068073
159300 -15.649242345869105
159400 -15.798781227597896
159500 -15.617398709330617
159600 -16.366759272657287
159700 -15.064727777102776
159800 -19.18341481713194
159900 -18.959073840536245
160000 -18.22566465522175
160100 -17.795883969673323
160200 -15.969511466368505
160300 -16.616756878007582
160400 -16.431462188070572
160500 -17.180708875082164
160600 -13.106018725418098
160700 -17.46686795233209
160800 -15.986577744928711
160900 -15.439409989069555
161000 -17.950926710448627
161100 -19.50517590595423
161200 -19.10127635575982
161300 -18.672458915875367
161400 -16.59201627630735
161500 -14.868685064278202
161600 -15.870788137671509
161700 -15.483015728801048
161800 -13.776889556138066
161900 -13.208729702442707
162000 -13.18022235157112
162100 -14.964375243537663
162200 -17.48608307048894
162300 -19.690168832096045
162400 -17.114757401331286
162500 -17.05359900424429
162600 -14.217915123755326
162700 -14.25973660540758
162800 -17.009944752973666
162900 -17.364679114431038
163000 -15.477603257459675
163100 -15.41310656573039
163200 -14.006763344890864
163300 -15.54292492776725
163400 -15.268233548407252
163500 -16.476813063848514
163600 -15.791910939180603
163700 -16.009392508257612
163800 -14.973390271896472
163900 -15.351659357777704
164000 -15.707294386223495
164100 -15.148296109151259
164200 -15.37319863973452
164300 -16.082579620994498
164400 -17.024997075910022
164500 -14.503620062145938
164600 -13.797930330811107
164700 -15.309202582061644
164800 -18.40248870024959
164900 -17.22892881523483
165000 -18.082290249872045
165100 -17.159805062725994
165200 -16.5054973867672
165300 -16.77545690330919
165400 -17.0675429955278
165500 -19.639933026777594
165600 -20.515121565036928
165700 -19.117459934381227
165800 -18.73930765545805
165900 -16.647547167837452
166000 -15.82743419321938
166100 -17.215793032738738
166200 -16.45394098586772
166300 -16.17510982633642
166400 -16.118899170883427
166500 -18.246143086577554
166600 -18.498532996727448
166700 -16.489592827311363
166800 -15.287004801123665
166900 -16.631132485201423
167000 -17.13324847543575
167100 -17.93244944311751
167200 -18.648311397982937
167300 -17.42417686428512
167400 -16.43380873007804
167500 -14.245286157529858
167600 -15.065249704497134
167700 -16.080603255759797
167800 -15.76152280221055
167900 -14.158609628715828
168000 -14.010840518838062
168100 -15.260483154083113
168200 -16.540679936621864
168300 -16.34992688695245
168400 -15.453778612836844
168500 -16.81021147606074
168600 -16.43837191860221
168700 -16.906754346988816
168800 -15.891306789131892
168900 -19.626634782309633
169000 -17.077801272922866
169100 -17.2135440028288
169200 -18.024096923751785
169300 -17.12466586338522
169400 -17.758582774669737
169500 -18.20807225514649
169600 -16.965589940394512
169700 -17.558303451584344
169800 -17.906018651191985
169900 -15.787362806813407
170000 -16.313355379990217
170100 -17.49812626796028
170200 -15.76133022353817
170300 -17.269710206315334
170400 -14.656529755477582
170500 -12.954963970420723
170600 -16.273156023886482
170700 -17.615516833475738
170800 -17.45657070797372
170900 -18.7643590224887
171000 -15.484156435340639
171100 -18.759795134042154
171200 -19.42832247496347
171300 -16.83085575566433
171400 -16.764015126310948
171500 -15.149036983464871
171600 -16.45237144621744
171700 -15.636115598594495
171800 -16.708526097152156
171900 -18.339501581035588
172000 -17.3055378746348
172100 -15.853091816509647
172200 -16.733074440200337
172300 -15.51070538050174
172400 -16.49699687788781
172500 -17.895436205185945
172600 -18.685555024559562
172700 -19.801911327581625
172800 -14.877857358238774
172900 -14.813127477524803
173000 -15.43628157505882
173100 -14.97379021482303
173200 -16.14443666598002
173300 -16.769110882521755
173400 -16.293406501774623
173500 -16.444854143313467
173600 -15.846764622860523
173700 -14.880955861923663
173800 -15.463529734533012
173900 -16.288244738161858
174000 -17.710152072699522
174100 -17.336023434593052
174200 -17.632464403915762
174300 -15.605668622938067
174400 -17.201966425387223
174500 -17.788253241789917
174600 -18.71971100277471
174700 -15.757200653011083
174800 -17.895065242006705
174900 -15.075124019320787
175000 -17.177142064215936
175100 -15.339321959480062
175200 -16.608727394328483
175300 -16.847513926819772
175400 -15.774731674741073
175500 -16.429904721707818
175600 -18.573668485683207
175700 -17.915678897743803
175800 -15.488548766526266
175900 -15.3653447968733
176000 -13.546270693181754
176100 -16.73235425142073
176200 -14.983708450324752
176300 -12.260250422709026
176400 -13.148862859789514
176500 -16.04683491932461
176600 -15.422616829336535
176700 -14.223108441658685
176800 -15.149351712899877
176900 -16.738332516146702
177000 -16.456412129706074
177100 -17.288457880244753
177200 -14.788610270651285
177300 -15.541761426715178
177400 -13.083978713483083
177500 -14.591824982799189
177600 -16.96751828410281
177700 -16.296756236089948
177800 -15.32610952725104
177900 -14.801076273426707
178000 -17.37823202631086
178100 -17.483488473599635
178200 -16.939668244344592
