# Model = DQN.logic-1D.(9)-32-32-32-32-32-(9)
# Num weights = 4672
# Learning rate = 0.001
# Env random seed = 111
# Start time: 30-11-2023(20:41)
100 -21.923058668733923
200 -28.602613548490478
300 -22.67821485288541
400 -25.597961572671988
500 -24.37460836780365
600 -24.297623382590942
700 -26.04196233326767
800 -24.9570711464726
900 -25.068516289787503
1000 -25.488293503394967
1100 -24.073422150386612
1200 -22.452225536956327
1300 -18.62883533622505
1400 -25.34847434312894
1500 -24.90981828144775
1600 -23.753804024045852
1700 -23.30526750725116
1800 -25.12884639233518
1900 -27.910937748793728
2000 -25.676219092748532
2100 -25.4216955566377
2200 -24.61384843477879
2300 -26.604032191489523
2400 -25.858709908611083
2500 -24.55276214362535
2600 -23.324454692936122
2700 -23.867643538361044
2800 -23.582307351466728
2900 -23.529503527635214
3000 -25.61901288726061
3100 -22.1653420007396
3200 -22.337257623575304
3300 -22.52891347789786
3400 -27.97540064514536
3500 -24.380823518661053
3600 -24.40139274712122
3700 -23.018531628144764
3800 -23.29624772339674
3900 -23.907331698074373
4000 -23.581367985786045
4100 -22.11541665334679
4200 -23.052367737628394
4300 -23.528944887859055
4400 -21.246450835998164
4500 -24.931551098901345
4600 -24.095333734178485
4700 -25.98773743520286
4800 -19.31569230383225
4900 -20.11327184300721
5000 -18.877014087957544
5100 -22.292241196113768
5200 -21.508762571841583
5300 -18.290152287704977
5400 -21.40696146740127
5500 -24.00897901131795
5600 -20.885060341584055
5700 -22.961074378678983
5800 -24.216869254676215
5900 -17.25920785168878
6000 -20.869990031713225
6100 -19.627534299661185
6200 -19.507530898770252
6300 -21.740645317517878
6400 -23.926523189866856
6500 -24.707813833768355
6600 -22.12133130372171
6700 -23.821672222989267
6800 -21.075585097071457
6900 -18.775711818511255
7000 -18.65869339033308
7100 -20.476177311666355
7200 -20.096013103169447
7300 -20.76624926886255
7400 -15.217720617844652
7500 -18.092966536702246
7600 -23.51718631963336
7700 -19.37092834296131
7800 -16.138340002202845
7900 -15.457998625449708
8000 -11.05033102570812
8100 -12.168314262683745
8200 -12.623341376535603
8300 -13.590253439969201
8400 -13.733339977939051
8500 -12.313979737229685
8600 -12.2375890585394
8700 -4.094745426243733
8800 -8.462759509679207
8900 -11.257503107540286
9000 -8.469587696721634
9100 -7.565547092043744
9200 -11.77602850253904
9300 -7.756990444414198
9400 -6.066169051977984
9500 -0.3495081270200582
9600 -4.877153657628751
9700 0.5034210396523655
9800 1.9571608167375287
9900 -4.450791671929681
10000 3.0701120886611375
10100 0.38349136768985304
10200 3.915880959129604
10300 9.399529023978875
10400 3.72856854057481
10500 9.467250396829654
10600 2.6339531702058245
10700 12.598079705052937
10800 5.3264753209247315
10900 11.668954332582475
11000 11.642342973218792
11100 7.53752814694189
11200 14.8364521533854
11300 13.71842212860429
11400 11.343178169184817
11500 11.239887781003569
11600 12.49217755381513
11700 11.977289077354175
11800 12.324439967029168
11900 13.02685533806642
12000 11.96715021530229
12100 13.005100786091681
12200 13.692749735111233
12300 11.233811454119236
12400 12.084602754442491
12500 12.76517190694407
12600 13.06291959770431
12700 9.279880027290787
12800 9.842887024434336
12900 14.690678279528083
13000 11.537426525232336
13100 8.10546088400122
13200 13.188110304498885
13300 10.986743762286709
13400 10.854019354265787
13500 10.627010644003326
13600 14.493417634024413
13700 11.248895505951946
13800 14.239904806571435
13900 10.747179182281466
14000 12.74508622653495
14100 15.001045593826857
14200 14.020629076986951
14300 12.099548864495475
14400 13.353913974539868
14500 14.87771948130749
14600 16.55229670388682
14700 16.539318607458547
14800 12.54152360851724
14900 11.102055265966825
15000 15.474152113387929
15100 16.287126964983806
15200 10.827013936747734
15300 10.720682511251146
15400 14.86651900484648
15500 10.830737345386932
15600 16.918019480504412
15700 13.884964614643557
15800 12.612421855847433
15900 13.215144468309102
16000 18.023413891041066
16100 16.669015633586657
16200 14.858775142954208
16300 15.453607974370131
16400 13.965588499813101
16500 15.490664259397064
16600 10.737974614752435
16700 16.204710126773712
16800 13.745905239114036
16900 12.34672423542848
17000 16.61438019694167
17100 13.057553812955717
17200 14.616015610216152
17300 15.065749297576053
17400 14.345885832335899
17500 14.797372255599049
17600 14.087905474600163
17700 16.62776587528421
17800 10.926243293548774
17900 14.190936031109771
18000 15.497764771729567
18100 12.234996809697464
18200 14.239933880675604
18300 15.463250359407557
18400 14.075187541344548
18500 16.238671410725633
18600 15.553779781466986
18700 15.158542784157998
18800 16.834984953604778
18900 18.176177656904738
19000 14.064885706611634
19100 17.43912234571428
19200 17.39809214720254
19300 13.68755990746124
19400 16.86343173211366
19500 16.653756331987157
19600 13.442900050217013
19700 17.74840049993883
19800 16.1055295308808
19900 16.773506057683296
20000 13.290626482382283
20100 16.750937296374513
20200 13.794374081103863
20300 18.59604457975897
20400 14.425824561583704
20500 14.814117637730844
20600 14.368834503428658
20700 15.293817036723825
20800 15.587111236267654
20900 18.75443209964445
21000 15.593689678077679
21100 16.888692736662286
21200 17.94365901394783
21300 16.18056770195521
21400 18.826605311806375
21500 18.18324538621565
21600 13.148622792067165
21700 12.919190638128526
21800 16.34718824495811
21900 17.860926573117048
22000 16.057006336695636
22100 15.562026529263168
22200 15.89808872536526
22300 16.95943699270242
22400 16.766693260915158
22500 13.967397259261226
22600 18.33423576953486
22700 18.13231551284095
22800 17.220789513617596
22900 12.792373904251706
23000 16.306315026243215
23100 13.63982269317477
23200 12.563317672059108
23300 17.592047954212532
23400 14.738050841066874
23500 16.86019580173022
23600 14.148139190782233
23700 16.13570238478575
23800 16.555480078811332
23900 13.077481539613192
24000 14.628003018958493
24100 16.775689990169525
24200 17.002616547016615
24300 16.129216255868222
24400 15.579839927082471
24500 15.780824706827248
24600 16.508020921043542
24700 16.564857681009016
24800 14.81584579641292
24900 15.526927316342103
25000 15.837214629288937
25100 16.68219889152222
25200 18.39834078275505
25300 16.570105621967134
25400 15.928107271859954
25500 15.314518070237852
25600 17.412884786283154
25700 14.012165185282933
25800 15.071879341496143
25900 15.787414123927778
26000 16.242292922746774
26100 15.798197485749721
26200 16.021775232260104
26300 15.957481851924488
26400 18.9516551009687
26500 15.955536896646183
26600 15.74853227457375
26700 17.111579385870243
26800 18.969212142689333
26900 17.486290947381594
27000 17.96922660941314
27100 18.412579148468925
27200 16.5219491814352
27300 16.99044925616291
27400 16.373680559253778
27500 18.631478706608913
27600 17.060717991599642
27700 17.864742792771832
27800 17.382182440831066
27900 16.464078756362014
28000 14.542186565609335
28100 14.490096414715214
28200 15.234000725658948
28300 14.58332230785199
28400 19.028535058451
28500 15.901177610290983
28600 15.740307362384334
28700 17.882218905741873
28800 16.68121458943106
28900 17.421288325036915
29000 16.985142944155932
29100 15.65566245237784
29200 15.319114454845801
29300 19.033883329490987
29400 17.24268625415282
29500 15.497171103484849
29600 17.630505352945338
29700 15.0510870029257
29800 19.0419534463013
29900 14.93906378285829
30000 15.923828967967895
30100 15.544196964739298
30200 16.31795260059143
30300 16.87645573675551
30400 16.532158263215706
30500 15.382187992373453
30600 16.371788368874395
30700 16.113265320987516
30800 16.178949241239252
30900 17.837679177268413
31000 17.53409472518296
31100 17.37000411663378
31200 16.149441915340976
31300 15.68985192023872
31400 18.292055244507203
31500 16.03508867544509
31600 16.744951617285686
31700 14.589845797320917
31800 17.478405847864966
31900 18.302777403616076
32000 11.356153807282764
32100 16.55540364938299
32200 15.493035838795521
32300 17.885273338522858
32400 16.62532512960596
32500 16.246132979391348
32600 15.445110547272128
32700 16.295913209340668
32800 17.03506077427905
32900 18.298330270920093
33000 15.287521374462537
33100 15.819754432883954
33200 17.11298467959162
33300 15.346625632384047
33400 16.047286329776934
33500 17.410206906143
33600 18.726056668329043
33700 17.458591111201986
33800 14.91964806599571
33900 14.808773686799789
34000 17.87869708049802
34100 17.19387244172608
34200 17.20780298134804
34300 17.770986378567105
34400 18.121468292514916
34500 14.563308264466864
34600 15.858178891128542
34700 18.994896030847972
34800 16.549245121679764
34900 19.51137047070083
35000 18.21446487324129
35100 18.606689277661953
35200 13.383087151979616
35300 17.308665689542675
35400 18.021886349837125
35500 17.40487428875861
35600 14.614333957661554
35700 15.115402429675129
35800 15.496134886841041
35900 15.696446109109857
36000 16.440893471761974
36100 15.956173116461212
36200 17.643991390923706
36300 18.28270250567432
36400 17.976327855151187
36500 17.96159271133593
36600 15.940575593493742
36700 16.73208614802525
36800 14.545873556480595
36900 15.556849396269065
37000 17.56420905176116
37100 17.757339874601275
37200 18.571350149840956
37300 13.845205195889013
37400 17.876724788573412
37500 16.626514470822695
37600 17.953656301678503
37700 15.177130322726242
37800 19.038683610422368
37900 16.042274606698065
38000 16.71009787867195
38100 17.261458804007624
38200 14.053625869391873
38300 16.200885129920323
38400 19.430645098986485
38500 17.79511169576496
38600 16.929104439652182
38700 17.889303190892186
38800 15.230641563989007
38900 18.693558351246363
39000 16.71925744648868
39100 16.468444374118402
39200 17.632374824985956
39300 18.278026427232522
39400 13.93926106122721
39500 17.035774534278975
39600 17.333600047780415
39700 16.398923019175104
39800 17.464943726661986
39900 18.222103883059233
40000 16.478231398284017
40100 18.538809765696953
40200 17.58242408149814
40300 18.731568621552622
40400 17.47974043601951
40500 18.483170352028
40600 14.72607960321547
40700 18.390541578031343
40800 18.318659354490013
40900 15.802063497155006
41000 19.288175161816213
41100 14.330709655390908
41200 14.852091614643175
41300 16.222061805699557
41400 16.695403449201944
41500 18.88312635589508
41600 18.534510244049645
41700 17.555077782224092
41800 18.221046272873163
41900 17.422804486945523
42000 17.17304755374111
42100 16.87119800065692
42200 16.4165650366775
42300 15.211260649390736
42400 16.15843625092307
42500 13.43687301756938
42600 17.321365488272175
42700 15.967666433820902
42800 16.541921024775267
42900 16.410670831209085
43000 16.545467864074737
43100 18.24253179010569
43200 16.87124860597604
43300 17.25574442949637
43400 16.60278796722312
43500 16.246826924747232
43600 19.202486365624388
43700 17.20977864564641
43800 17.89701209390464
43900 16.08353810798511
44000 15.66991004078007
44100 18.034029611985844
44200 17.877979572360836
44300 15.967743440692976
44400 19.033950690271265
44500 14.175734957417045
44600 16.50529086281633
44700 16.78674634440464
44800 17.101973302950505
44900 17.86770969478133
45000 18.052601453925668
45100 17.652671859383396
45200 17.49928798883479
45300 17.09392805840645
45400 15.241035347105175
45500 17.64575406309811
45600 16.87182696578319
45700 16.930570942276308
45800 17.96012480693998
45900 18.68082916278005
46000 16.008007840616617
46100 17.13084965295156
46200 13.72305273764831
46300 15.124109723380764
46400 15.506899243000937
46500 17.979430530008052
46600 16.15562061519714
46700 17.989107085612417
46800 17.270817569007423
46900 17.74593668807003
47000 19.365827683305348
47100 17.29536385832052
47200 18.599284980247567
47300 16.840268642543133
47400 18.284242975354072
47500 17.22200023082588
47600 16.574973251122934
47700 17.903487587632146
47800 16.849383754583418
47900 14.722562171593976
48000 17.211741844826157
48100 18.36022235006273
48200 19.84848965423527
48300 19.18496108499617
48400 17.170088808471654
48500 16.491077987664685
48600 18.5083300874711
48700 19.693563638792956
48800 19.302376057377266
48900 18.496552632152248
49000 19.63419750384092
49100 16.470972446497363
49200 17.860500235105363
49300 16.72658411783203
49400 16.91514971617444
49500 15.849720726413118
49600 18.232095863174884
49700 18.909925564067503
49800 15.83253828219804
49900 19.685704093837558
50000 17.530861779128077
50100 18.073784369945628
50200 16.415585328629092
50300 18.26835388291566
50400 19.097650867925253
50500 14.653812427579659
50600 16.954071724555963
50700 18.026279687877064
50800 15.938708982153745
50900 18.069928635304837
51000 18.073241268426074
51100 17.935380315768683
51200 17.746574051128594
51300 19.388131914998613
51400 16.523177770879574
51500 18.44647489538705
51600 15.145941188149553
51700 17.99277464775091
51800 18.414324375361566
51900 18.469597147292287
52000 18.756045050531064
52100 18.248575447250385
52200 17.367980956303185
52300 16.52189307203633
52400 17.817727312327964
52500 16.08954247688496
52600 17.959703969872294
52700 16.68980508435426
52800 18.23886369755544
52900 19.426272918602187
53000 19.065053481640923
53100 18.743515716486815
53200 18.415386044592427
53300 16.87470995324553
53400 18.75027076297863
53500 18.61071680868722
53600 18.95468168384358
53700 18.448363207026283
53800 16.836003023615525
53900 18.673928969547998
54000 17.25366960454491
54100 17.434297681012303
54200 19.87799442014213
54300 16.00117686805146
54400 17.086432114849362
54500 17.922844542243634
54600 19.437062096682293
54700 18.77394789776532
54800 19.94169814769155
54900 17.453957937408703
55000 18.38774318089901
55100 17.748937503081542
55200 17.040754914130975
55300 17.11503932702372
55400 18.63910434797329
55500 17.756919916833805
55600 17.5649346104755
55700 18.280848609128416
55800 18.598578138947254
55900 18.885364396975717
56000 18.486451430948446
56100 18.21877078942621
56200 16.857770616826226
56300 18.030278671826828
56400 18.050958657101095
56500 17.22770771132886
56600 18.52991459753819
56700 19.22764017464129
56800 15.819108107119527
56900 16.78630407504341
57000 16.77106348415567
57100 17.834882999096365
57200 19.818889567559353
57300 16.150402655514068
57400 18.399781428406612
57500 19.54750975615755
57600 17.618055597435372
57700 18.275610705463375
57800 18.93923245588029
57900 18.687768489053468
58000 16.71942148927675
58100 17.73483189152934
58200 18.711507015475213
58300 16.44168024885249
58400 19.469796672782334
58500 18.567764113067135
58600 18.469058982708397
58700 19.86700750687415
58800 16.594823832897497
58900 16.718732486180937
59000 19.552272329620717
59100 19.486338891730735
59200 18.789491356000404
59300 17.980667043741168
59400 19.560258943187595
59500 16.184049708213102
59600 18.07749623924239
59700 19.54319356595496
59800 17.90313186029934
59900 18.39991991754781
60000 17.84084415610253
60100 18.958414881813034
60200 17.860269588728617
60300 17.506231147483742
60400 18.373010289053703
60500 18.03719824860805
60600 17.992299047924867
60700 17.313625719495665
60800 19.567407580762048
60900 17.33997712513153
61000 17.036108729938306
61100 16.95363101494036
61200 18.91117022416729
61300 19.2487381974346
61400 16.72541717010546
61500 18.86197484967901
61600 17.778194294941972
61700 19.42140527147829
61800 18.47248636958641
61900 15.804708022886793
62000 18.916902978187476
62100 19.000143401716183
62200 18.56570487133687
62300 17.765748954290093
62400 19.543029541743408
62500 12.23214951662043
62600 19.28323979445496
62700 16.501771400029163
62800 19.294228991137526
62900 16.855283211343274
63000 18.350460829984275
63100 17.636935330751545
63200 18.814678243955225
63300 16.768014143292554
63400 17.736308852986877
63500 18.617022299098593
63600 18.7083592643546
63700 19.834431347191153
63800 16.22952623343395
63900 17.418481578171487
64000 18.34618381726942
64100 15.545145115971954
64200 18.11751734857861
64300 14.575237912546907
64400 18.05825255245387
64500 17.350765337339862
64600 19.377440455666026
64700 16.030443611970046
64800 17.59759593789517
64900 19.132101672050144
65000 17.517177194926912
65100 19.296050944190103
65200 18.932115970013562
65300 18.816326462036955
65400 17.722689233886292
65500 18.416136104663757
65600 18.49836034548195
65700 17.873739483743265
65800 18.905118329685997
65900 19.84691217109943
66000 16.680073231939176
66100 19.669591302084463
66200 17.54380064204496
66300 17.40674740181415
66400 17.5387378525384
66500 17.74363495209657
66600 18.86107788661347
66700 17.345993595327208
66800 19.290330054677455
66900 17.067332540558933
67000 19.152127333049812
67100 19.828512892906904
67200 18.398984374653057
67300 18.842499133818265
67400 18.358939187577363
67500 17.634503147012907
67600 18.600105090259113
67700 17.516189678633108
67800 18.59228745819367
67900 18.709071139150414
68000 18.08326717045647
68100 18.274586865042163
68200 15.924599915285832
68300 18.26379030270411
68400 19.321231169326758
68500 18.97302796791159
68600 19.72607831599825
68700 18.29311326321702
68800 19.64183603030835
68900 18.321502050887425
69000 19.260949210253173
69100 18.47396032108537
69200 19.729988921326846
69300 18.776041523990457
69400 18.70570412601146
69500 17.84192296322026
69600 18.149288642775414
69700 19.688369710377327
69800 18.41537196983267
69900 19.298808690809043
70000 18.803321267992562
70100 18.631020414300743
70200 16.79011299593701
70300 19.502512507652288
70400 17.595703305020837
70500 18.97706897107384
70600 19.55171762326685
70700 19.560011745912018
70800 19.60503509153565
70900 18.400239957550866
71000 17.773745637486083
71100 18.660384696280484
71200 19.38731544625018
71300 14.978780084193934
71400 18.54781996228383
71500 19.138514738842282
71600 17.80948707723042
71700 18.179312473169297
71800 19.3148120147047
71900 18.150218815979855
72000 19.363418951123773
72100 18.605092882452894
72200 19.58510634952043
72300 19.443685293448063
72400 19.16730401210466
72500 19.307739742437057
72600 18.788865103991583
72700 17.12196549100924
72800 16.694711997963655
72900 16.259169225678228
73000 17.711516691385313
73100 19.801741536908644
73200 18.842541815519727
73300 17.542527338697063
73400 19.465787474976185
73500 19.52197564206476
73600 17.999072386899133
73700 18.04994272513302
73800 19.32426576018054
73900 18.773490414411015
74000 18.314915471764564
74100 17.875437225296043
74200 18.866593189675807
74300 18.13664130145426
74400 18.2893265401728
74500 19.812671179584846
74600 18.338584876397285
74700 19.89225170373875
74800 17.178448257566565
74900 18.837570366108245
75000 19.617446144721228
75100 19.3885556577953
75200 19.226313421275176
75300 19.884590422922763
75400 18.168185824416017
75500 16.977848733169672
75600 19.399369939474088
75700 19.28989168823886
75800 17.378076863273584
75900 19.045598311317093
76000 18.787647379650753
76100 18.73889897848971
76200 19.34938006853922
76300 16.39915919030647
76400 17.39575991435901
76500 18.092543588696895
76600 18.918996578814063
76700 16.79347689950157
76800 17.525594891036018
76900 18.635462091156526
77000 18.329703181332583
77100 19.232233243603797
77200 18.037982766270893
77300 18.634769217966618
77400 18.41242817659522
77500 18.614553979496453
77600 19.213687631262946
77700 19.30795348709348
77800 18.037809253096054
77900 19.712571661354104
78000 17.73620324368129
78100 19.475471761800176
78200 19.829457349739208
78300 17.167382118041367
78400 19.641218630648908
78500 18.63898095725332
78600 17.173967655231557
78700 19.865615074527973
78800 17.493409504221265
78900 18.598614768009607
79000 19.01233435209349
79100 19.189487398917034
79200 18.32751771954485
79300 19.515048057748047
79400 16.755168764040548
79500 16.95333633193909
79600 18.281724994537228
79700 19.701955671870447
79800 18.59769504044926
79900 18.41625142384132
80000 18.28725462008707
80100 19.420243352808743
80200 19.26440648783729
80300 17.694953752645045
80400 18.961909062740382
80500 18.455441601088097
80600 18.34785742196756
80700 19.203125846571186
80800 19.943904564371675
80900 17.41809761279021
81000 19.440491037138557
81100 18.805182492992248
81200 19.040473887841802
81300 18.210309918854882
81400 19.076633240382655
81500 19.05036569932517
81600 18.767869584946332
81700 18.714444857342894
81800 19.06970839353492
81900 17.445403270312614
82000 16.90192443981576
82100 17.567582532689897
82200 18.46005574926135
82300 18.369251348593227
82400 19.688545147866837
82500 19.34883687028258
82600 19.5203856781934
82700 19.8076899247863
82800 19.24601376074101
82900 19.964146063382014
83000 19.764434546400008
83100 17.662499722405826
83200 19.888845999524097
83300 19.494829883982757
83400 18.35638272734597
83500 18.533936414262907
83600 19.366071373921088
83700 18.141486442539097
83800 17.790009004994854
83900 18.06873744451131
84000 17.381693514288514
84100 19.875492960087094
84200 18.36695991402183
84300 19.922344848369043
84400 19.75194064819438
84500 19.43302988739118
84600 17.558848913189603
84700 19.12580120359766
84800 19.69216594947159
84900 18.495890262988077
85000 18.53036100501978
85100 17.16325979072602
85200 17.35315325842006
85300 18.31249722243591
85400 19.919755010795768
85500 17.404975515961002
85600 19.263901872952705
85700 18.23821278393734
85800 18.54094149944704
85900 19.82123907256035
86000 19.267564937911082
86100 17.9814239890536
86200 16.831800025992273
86300 19.39822327790158
86400 19.155452529582618
86500 19.889745293997887
86600 19.185436156284347
86700 19.83998470824055
86800 17.69608817484978
86900 19.492376116261596
87000 16.27270573333968
87100 19.75049558745079
87200 19.955667266085605
87300 18.118704517762097
87400 18.793306770833667
87500 18.946600466857358
87600 17.917056695307473
87700 18.92214840887758
87800 19.85369248053725
87900 19.35570157330473
88000 17.207192871582645
88100 16.223086509162144
88200 19.095142560134143
88300 18.656353434071832
88400 19.81482549789936
88500 19.08170317035051
88600 17.229462901121597
88700 18.968643895854548
88800 19.27983041642334
88900 18.8828817428012
89000 16.62980586885026
89100 18.256401453137116
89200 19.258205971300697
89300 19.597783321481348
89400 15.074645759714965
89500 17.432776739202115
89600 17.0317782868165
89700 17.94734648009918
89800 19.056753342241397
89900 19.29617683492919
90000 19.773358340024885
90100 19.45621884714782
90200 18.619047626411053
90300 19.93433225131033
90400 17.275741756081878
90500 17.967839417628376
90600 18.985643919295057
90700 18.755343846010216
90800 19.004953883325218
90900 19.19565679664219
91000 18.6891086538122
91100 18.428047395492943
91200 18.70112780845615
91300 19.20020958198402
91400 18.070896352116858
91500 19.908266283495138
91600 19.995637831718902
91700 19.160334151832114
91800 16.789708721570978
91900 18.882736450818342
92000 19.76079448237669
92100 19.422663851539056
92200 19.334648255973455
92300 19.244548486081662
92400 17.30900811997031
92500 17.16361884805103
92600 19.58423272633571
92700 17.273443972711444
92800 19.242122901621094
92900 17.92889200091503
93000 18.76106821045373
93100 19.834281145682148
93200 19.49502839597167
93300 19.646344277955624
93400 19.814193644661298
93500 18.672153211742962
93600 18.986980771372526
93700 18.946127831618277
93800 18.873504620086393
93900 18.954544415981385
94000 18.094588755908287
94100 18.016278100441948
94200 19.661740829354528
94300 18.563051216492656
94400 19.098842392477206
94500 17.84040603729285
94600 18.009143133080443
94700 19.742988896261274
94800 19.766551239384093
94900 18.21661380483019
95000 18.899100714296107
95100 18.637608459725282
95200 18.317565025102375
95300 19.37756470461507
95400 18.284104798486204
95500 18.727263440340543
95600 18.58078634495142
95700 17.89039138220592
95800 19.047758848404968
95900 19.867520789212705
96000 18.707362224031776
96100 17.687338814220645
96200 19.792034404826726
96300 18.867587145130784
96400 17.672320886729796
96500 19.234099247596717
96600 19.09832602773094
96700 18.231338646222017
96800 19.367065835423677
96900 19.671368822651086
97000 18.060401294630736
97100 19.745426350394627
97200 19.22774468156185
97300 18.811123927326634
97400 19.405780067120855
97500 18.630376032294574
97600 18.01221515888671
97700 18.2408610449397
97800 18.859191619839407
97900 18.81479050930712
98000 19.48644117160564
98100 17.903685685956518
98200 19.90031499696733
98300 18.214965749035034
98400 19.915117144633896
98500 17.366701331844848
98600 19.36971729910681
98700 17.66873218769381
98800 18.268056083237415
98900 19.445030998391104
99000 18.44885974677717
99100 19.568144217812225
99200 18.914857198026368
99300 17.89018102507154
99400 15.372728147942196
99500 19.472905759936054
99600 18.201578368756525
99700 19.003820377549864
99800 19.36152822112704
99900 19.661700979967733
100000 18.735862161194593
100100 19.855737361717203
100200 19.10127495967741
100300 16.57672367461402
100400 19.00870701258361
100500 19.148179740990155
100600 19.922818743113748
100700 19.169584056606904
100800 18.046436466244383
100900 19.00751970597497
101000 18.55037887843924
101100 18.68953828377073
101200 19.472734093664883
101300 17.75520026394634
101400 18.970313590745825
101500 19.785853467883513
101600 17.323228074523566
101700 18.64467796382343
101800 18.75394719973162
101900 18.498137562292435
102000 17.900393963375382
102100 18.793762966748922
102200 17.59491411324975
102300 19.860948820503573
102400 19.666289704663875
102500 19.49895163319439
102600 17.254458791927387
102700 18.821842896051535
102800 18.307679009823097
102900 19.234885448979245
103000 18.82288753986522
103100 19.442303335603818
103200 19.856787068000294
103300 19.699822678127955
103400 18.232020006535084
103500 19.423557582673673
103600 17.52685559233785
103700 17.205610303650754
103800 19.219460699391952
103900 19.0816169906567
104000 18.524440167223258
104100 19.929833429357494
104200 19.955236356118967
104300 18.943487639759603
104400 17.452553812297847
104500 17.820453942099135
104600 17.944839311422086
104700 18.821985116388372
104800 18.37728116824567
104900 16.06894885217495
105000 19.813068659137905
105100 19.991110945932178
105200 18.540546671332905
105300 18.87621559731182
105400 18.53216083482003
105500 16.081645851928315
105600 19.813672433319297
105700 18.294114391669577
105800 19.008320773251032
105900 19.606662039151473
106000 18.776861613407306
106100 19.738286119964194
106200 18.63378941937824
106300 18.644403760071437
106400 16.896990299717288
106500 17.297515439533676
106600 19.062099375783188
106700 19.683656911416048
106800 19.079521901915403
106900 16.251559995831617
107000 19.110187793345563
107100 18.99853248300528
