100 -8.9028564440465
200 -11.338278135766366
300 -10.554101047951827
400 -8.975824463199446
500 -11.310908654905662
600 -11.591324166643714
700 -9.815174786160158
800 -9.34136386237843
900 -10.468626437518001
1000 -9.572872505255463
1100 -8.545039911644006
1200 -8.963257491828086
1300 -11.088417315381012
1400 -11.764016796791214
1500 -11.083839070610662
1600 -9.078872334860211
1700 -9.856015277557798
1800 -10.850219500487054
1900 -10.555212456110402
2000 -11.102151699731486
2100 -12.197805465755483
2200 -12.382212078831031
2300 -10.975074320615187
2400 -10.893853995566847
2500 -8.6647603307996
2600 -8.370166331091418
2700 -11.243760011283992
2800 -11.880188877933458
2900 -9.017173696342844
3000 -9.610064885390464
3100 -10.878095510122536
3200 -9.194982913895103
3300 -10.936864020117127
3400 -10.399976377991399
3500 -12.717340942792568
3600 -9.71544126393974
3700 -11.288983604893598
3800 -12.77664976537925
3900 -12.050830497084682
4000 -11.221509163598649
4100 -12.324235727831313
4200 -10.92673413415957
4300 -10.845370930465709
4400 -11.846615688235305
4500 -11.842939186492485
4600 -9.569349279406884
4700 -11.023860014638958
4800 -10.368128849994672
4900 -10.694450305427466
5000 -7.986426785288152
5100 -9.87648248679278
5200 -7.808047157911286
5300 -8.420722667561542
5400 -9.978918675682884
5500 -10.422954238821145
5600 -9.516048434009202
5700 -10.85772614713435
5800 -11.92089217510774
5900 -12.031898726060259
6000 -12.204543032590678
6100 -10.021563204653225
6200 -11.805348667376117
6300 -11.283350047087009
6400 -9.681152867852092
6500 -9.282984595147768
6600 -9.55092290210799
6700 -10.88644946183741
6800 -11.832481241297321
6900 -8.939771172113234
7000 -10.975242849123665
7100 -11.727996001332192
7200 -9.859711815576402
7300 -10.895161309835999
7400 -10.897609708366478
7500 -10.191912381943844
7600 -10.68844092784788
7700 -10.5989839031525
7800 -11.528153537922181
7900 -10.781144225174614
8000 -10.87317965592895
8100 -10.962292796347539
8200 -7.6922239212310215
8300 -7.94033924204537
8400 -10.160153833611679
8500 -11.417424893204213
8600 -12.154130684619187
8700 -10.34035914854573
8800 -11.566475066342822
8900 -10.576719697864089
9000 -9.181238109328572
9100 -10.211649299045696
9200 -11.52118011470755
9300 -11.645566856567218
9400 -12.526427422115672
9500 -11.223023344186851
9600 -11.800787341605098
9700 -12.592888068815666
9800 -12.012630566810227
9900 -10.19030540699432
10000 -8.866615545797352
10100 -9.806264716309206
10200 -10.107226321014608
10300 -11.372359761363438
10400 -9.378420813814527
10500 -8.362346870593246
10600 -9.489655903453148
10700 -8.928973424595972
10800 -9.06759760432064
10900 -8.727099967351815
11000 -8.996387817087575
11100 -10.817140031959422
11200 -10.166873719644878
11300 -9.27388962360035
11400 -9.917249755335039
11500 -11.725665912349559
11600 -10.375752258486798
11700 -10.214795331296001
11800 -12.4539101272682
11900 -12.238849181516567
12000 -10.854803108572451
12100 -12.098967663043181
12200 -11.77408850079164
12300 -10.108812833843034
12400 -9.702665042258333
12500 -11.77676215884916
12600 -11.024834472293167
12700 -9.325857907681552
12800 -10.856744466265825
12900 -10.754854132317805
13000 -10.53959672686498
13100 -11.776768524142954
13200 -8.641748633500042
13300 -12.311632572798507
13400 -10.990322303061408
13500 -11.479093862841763
13600 -9.96025723252528
13700 -9.055954006596734
13800 -9.795138933785072
13900 -9.147362981460319
14000 -8.103118895639925
14100 -11.2457654367209
14200 -9.942255166402672
14300 -9.97602072073761
14400 -11.089129321805947
14500 -11.55005304284403
14600 -9.105104328303907
14700 -9.568060762781903
14800 -10.307312887887878
14900 -9.791827379327172
15000 -9.325562517205823
15100 -10.618104558841004
15200 -10.635661926372153
15300 -9.587473470008165
15400 -10.724083902236034
15500 -8.877398996747557
15600 -8.966474487244364
15700 -10.502561138265794
15800 -11.454609644163856
15900 -8.0427500320243
16000 -9.235320170209393
16100 -8.739131532952367
16200 -11.206584530175636
16300 -11.537893464290855
16400 -11.107342675209852
16500 -10.86039763874392
16600 -10.073813834214233
16700 -9.637088689688944
16800 -9.451511031533274
16900 -8.33939673014416
17000 -8.792689666117072
17100 -6.884048432424215
17200 -9.374227461563608
17300 -12.809080565120894
17400 -11.191899951661403
17500 -8.862698074684504
17600 -10.622540669889482
17700 -9.980176788978362
17800 -10.30594804388914
17900 -11.113493839348557
18000 -11.239495474689816
18100 -10.274412429892251
18200 -10.237940572042035
18300 -11.76781518224754
18400 -9.648650934683632
18500 -10.705875587530052
18600 -10.360476202440049
18700 -10.235447088751826
18800 -10.091735722547927
18900 -9.381920918612565
19000 -10.234827725021912
19100 -8.868869101908746
19200 -9.966101560601349
19300 -10.029686793896868
19400 -10.319142934664425
19500 -10.793525767869715
19600 -12.0054656202178
19700 -13.450765273320053
19800 -11.07526722144388
19900 -10.949133915807506
20000 -9.93247191135
20100 -10.009993969704974
20200 -9.3418199018738
20300 -8.617597175436105
20400 -10.421030401869336
20500 -10.423157378157452
20600 -10.290387218035207
20700 -10.255060997428927
20800 -9.923481648337628
20900 -9.175616169571859
21000 -10.313616728999518
21100 -10.789775430622008
21200 -10.352823775040044
21300 -8.801713652158801
21400 -7.4403223334477415
21500 -10.945713183690362
21600 -9.757548120168941
21700 -11.348355553652958
21800 -9.332983324780955
21900 -8.817479234862082
22000 -11.463746789119387
22100 -12.035959279235469
22200 -11.820820217890235
22300 -10.971155692669173
22400 -10.305239952666883
22500 -10.081890338898766
22600 -10.03039652465415
22700 -8.12483002916508
22800 -9.535000847132958
22900 -10.26581245108762
23000 -10.430178815138152
23100 -9.827140071050913
23200 -9.57240543025488
23300 -9.166934602441769
23400 -8.506919702720928
23500 -10.958303679289836
23600 -10.719822036426665
23700 -9.95879779295462
23800 -9.243220748141553
23900 -11.353494733489809
24000 -9.410179515238918
24100 -8.542956780805898
24200 -7.919429227939358
24300 -8.327443100607656
24400 -8.087911955042918
24500 -8.526001443354026
24600 -10.58485539945399
24700 -9.924710772939235
24800 -10.501712078697757
24900 -10.327236788156254
25000 -9.611548965347517
25100 -10.737692513525086
25200 -9.586608157703157
25300 -11.34306979641597
25400 -10.791610903879656
25500 -7.6634178836294895
25600 -11.086248152173095
25700 -9.523399523474236
25800 -10.474060117695505
25900 -10.040511509449326
26000 -9.688963229482367
26100 -10.90625524740157
26200 -11.523227391643323
26300 -9.403120943829304
26400 -10.387351108138773
26500 -11.108600154770034
26600 -10.867005762796738
26700 -11.76792051912649
26800 -12.039785972295627
26900 -11.563187409990075
27000 -10.841116275682273
27100 -11.061106284724072
27200 -11.045458736443774
27300 -12.952904259780674
27400 -10.207263848909468
27500 -12.689584140541784
27600 -12.501762333113904
27700 -12.353274484185174
27800 -10.454813569050398
27900 -10.764401602782783
28000 -9.549113881682473
28100 -9.359257177232125
28200 -10.895552767830463
28300 -10.627291535868416
28400 -10.727456930067818
28500 -10.056662356227065
28600 -8.73596646522426
28700 -10.592953291816466
28800 -11.562364640482395
28900 -11.69597856914426
29000 -8.494420712324427
29100 -8.160603252678472
29200 -10.25509441244249
29300 -9.608661395207324
29400 -10.456833000998007
29500 -9.127760642127072
29600 -10.24670346938653
29700 -10.079926204396545
29800 -10.280815720011645
29900 -11.270267390305298
30000 -10.352680731814065
30100 -10.621031714242365
30200 -10.981016928088328
30300 -10.404462898688802
30400 -9.474631693745023
30500 -10.078282075804664
30600 -10.240416262564786
30700 -10.411195405026792
30800 -10.127464804431499
30900 -10.840796800455893
31000 -10.66195249159626
31100 -11.18894606243158
31200 -9.02382497156943
31300 -8.849631300095814
31400 -9.553039340705848
31500 -10.396528496402915
31600 -7.613792756055254
31700 -8.541812435280372
31800 -7.888478664433504
31900 -8.746922418189717
32000 -8.784360807144564
32100 -11.609470678490112
32200 -12.763770403678029
32300 -10.99729429300778
32400 -9.529149286313338
32500 -9.460085474076298
32600 -10.756544065833452
32700 -10.56407022483077
32800 -9.110510780284255
32900 -10.56147459703313
33000 -11.102905572395809
33100 -8.062008967727584
33200 -8.033271179938426
33300 -9.333490389442886
33400 -9.895299549572856
33500 -10.277920656468766
33600 -10.715059038722014
33700 -10.297778647625071
33800 -10.973896022165917
33900 -7.205401942168362
34000 -8.946684989611342
34100 -7.938068677814143
34200 -8.348758984453818
34300 -9.588966158763858
34400 -10.596671114888574
34500 -10.765987054205327
34600 -11.257966560689574
34700 -8.354427956487962
34800 -9.771473592573647
34900 -10.270594645097455
35000 -11.369573167271591
35100 -9.69012884889741
35200 -8.70062306026802
35300 -9.67216465307301
35400 -10.981419461534161
35500 -10.232950303151897
35600 -9.961266899871907
35700 -11.343708351246182
35800 -9.991844019596032
35900 -9.773592163067018
36000 -11.027186877436286
36100 -9.25899669369329
36200 -10.099811197183516
36300 -9.920957006222599
36400 -10.419346578940782
36500 -11.0318926531052
36600 -9.936291884523696
36700 -11.708688555212733
36800 -11.324985942340518
36900 -9.75139854296805
37000 -10.274307750612698
37100 -13.060669675147981
37200 -13.1373429377515
37300 -9.578430090876353
37400 -10.052686361993148
37500 -8.080164365502842
37600 -8.99754160118996
37700 -10.664966199386525
37800 -11.11405997261302
37900 -10.445679793886523
38000 -11.366185312215068
38100 -9.458250928517371
38200 -9.426909944336947
38300 -9.496378388460547
38400 -11.358851215882112
38500 -11.725746843349606
38600 -8.709252922104739
38700 -8.72170930613151
38800 -11.595761939223783
38900 -11.75644780550927
39000 -12.240035682822885
39100 -11.614683764417851
39200 -10.915790289694533
39300 -9.933451521909262
39400 -9.090895489389148
39500 -8.18877343539862
39600 -9.724235234697733
39700 -10.921899748511668
39800 -10.630187757232454
39900 -9.168452008746819
40000 -10.0396846888093
40100 -8.846209355066803
40200 -9.314393104547733
40300 -9.055304680399699
40400 -11.799268364216596
40500 -12.982016309023603
40600 -9.745136719841872
40700 -8.760640460889144
40800 -12.4285836310937
40900 -10.24961615577263
41000 -10.238581387912399
41100 -11.90587332215559
41200 -9.299500039663364
41300 -11.903142945527568
41400 -10.17604404611151
41500 -10.13800089209492
41600 -9.33214353088184
41700 -10.060075237986315
41800 -8.38039538679364
41900 -8.29898863109943
42000 -9.05943550281889
42100 -10.39977978352952
42200 -9.111119456782667
42300 -8.83423349797102
42400 -9.797721625068212
42500 -11.102086816059854
42600 -9.925040718813522
42700 -9.165219650228748
42800 -10.26849056128259
42900 -8.887808594021676
43000 -9.134475909510941
43100 -8.10973185426927
43200 -8.833214550456336
43300 -8.519655450146521
43400 -9.063377301930815
43500 -8.364476492156786
43600 -9.58462209870012
43700 -10.635926903865084
43800 -10.184910369686275
43900 -11.797240406514309
44000 -10.63672620182514
44100 -10.123424720009762
44200 -10.734291810245454
44300 -10.877072051049874
44400 -11.633525817007188
44500 -12.582392652005163
44600 -10.191892408910125
44700 -9.922022133520707
44800 -9.862383393966144
44900 -8.673099614942817
45000 -7.309287705870751
45100 -9.678676012548522
45200 -10.952167127262374
45300 -11.405153789006736
45400 -11.578498366651685
45500 -11.245515153362126
45600 -10.052036776639456
45700 -10.006356832218287
45800 -12.793666943850477
45900 -11.217522716727386
46000 -10.672322845215163
46100 -11.923836229843433
46200 -9.061128505272487
46300 -12.43103943104763
46400 -10.75969342735936
46500 -10.09765920706881
46600 -9.794010588329742
46700 -11.08889507965636
46800 -12.892808712352176
46900 -10.590457217192993
47000 -6.879179324082629
47100 -9.92836728934211
47200 -10.200127036875976
47300 -8.631927637017137
47400 -9.501395435060614
47500 -10.243845883447566
47600 -11.280929159331126
47700 -10.261516948966555
47800 -11.865287121106723
47900 -12.497694330881618
48000 -11.491536636917118
48100 -12.27909047360528
48200 -12.21379851437961
48300 -10.965757653401932
48400 -9.288955616228158
48500 -9.19166655601615
48600 -8.122837619409866
48700 -11.397941781791438
48800 -10.586550409485236
48900 -7.529010061042202
49000 -8.250164946095019
49100 -8.679378331898036
49200 -10.47323685628916
49300 -10.879871070646068
49400 -13.014157066927543
49500 -10.467932987521383
49600 -9.600079824679375
49700 -9.798117502949287
49800 -10.826204133090991
49900 -12.776757158754195
50000 -11.13003856251761
50100 -10.070786637088254
50200 -11.29858196285101
50300 -13.856221383061483
50400 -11.499518457922306
50500 -8.986974566530273
50600 -8.876317145414722
50700 -9.623264776279925
50800 -10.195878823934512
50900 -9.825428668427879
51000 -8.490957349430342
51100 -8.008895590172575
51200 -9.35963309480336
51300 -11.082936338512184
51400 -11.189260924892535
51500 -9.161964750046408
51600 -11.346069124884002
51700 -10.737892014444316
51800 -10.986779009032169
51900 -12.524607100081036
52000 -10.939744278217
52100 -9.166057932880815
52200 -10.015960280535333
52300 -9.918975489251567
52400 -10.178017668869744
52500 -10.96953712469101
52600 -6.433939006479474
52700 -10.071233186190321
52800 -11.159268012260137
52900 -10.423196434165904
53000 -10.567855491665934
53100 -10.088903181878571
53200 -10.25342078192783
53300 -11.030357163269583
53400 -11.557230949594324
53500 -12.430206142657498
53600 -12.560966012600712
53700 -11.264271880239997
53800 -11.4360091006539
53900 -9.790163159846626
54000 -10.624620642186825
54100 -10.291507684847158
54200 -11.738855327318152
54300 -11.923983776799687
54400 -12.048957609738466
54500 -11.718539749558348
54600 -9.88247091785688
54700 -11.626085540463208
54800 -12.084340862347782
54900 -10.781490073847937
55000 -10.816980149804177
55100 -9.052835558720815
55200 -10.887732207331148
55300 -8.878344868478521
55400 -12.045938187462376
55500 -9.70704952982381
55600 -10.265353949531526
55700 -11.037243351789366
55800 -9.666961731987389
55900 -10.846817695496474
56000 -11.627970583218248
56100 -11.895070603963475
56200 -11.919792909956149
56300 -10.973374490281055
56400 -13.01216393800376
56500 -9.91771587914448
56600 -10.586719598443484
56700 -12.374136929718109
56800 -9.962207677636375
56900 -12.421440067640663
57000 -11.152487339600654
57100 -11.374848063674937
57200 -12.488749561564983
57300 -10.939234840757672
57400 -9.924289710804064
57500 -9.709316982569023
57600 -10.06394049336105
57700 -8.414152925438652
57800 -9.332246372671237
57900 -8.888433971201293
58000 -10.51017844883082
58100 -10.559126401302166
58200 -9.015933458188517
58300 -10.390722994882832
58400 -10.883771395596735
58500 -11.958193462184061
58600 -11.784879071504385
58700 -9.572945228441702
58800 -8.916337987568538
58900 -9.581183839550059
59000 -12.71392818109545
59100 -11.573603741891853
59200 -11.033990053442041
59300 -11.401701808350406
59400 -10.87407266354911
59500 -7.634424495146129
59600 -9.207570984409948
59700 -10.390116952305332
59800 -11.678898014803098
59900 -10.065962005570476
60000 -10.517150982794027
60100 -11.163225857104553
60200 -12.458278596436383
60300 -10.318415772403238
60400 -9.987786894327392
60500 -10.002033814205335
60600 -11.070760157168506
60700 -9.479673227635198
60800 -8.557893976268778
60900 -8.443971777820304
61000 -9.324111182934136
61100 -11.49367320207859
61200 -11.193738542802567
61300 -10.020274096071695
61400 -7.733588864220186
61500 -9.322091222751732
61600 -9.824109604136893
61700 -8.877327187298361
61800 -12.81698696892113
61900 -11.915732967593847
62000 -10.160174044354362
62100 -7.509416502633315
62200 -9.82241388912975
62300 -9.42936111379913
62400 -12.521023553927716
62500 -11.441216128350794
62600 -10.975744295047539
62700 -10.529053752727558
62800 -12.709159848119144
62900 -10.852917933363438
63000 -9.422079879790438
63100 -9.613512177243459
63200 -8.316417659908453
63300 -10.6978182710481
63400 -11.912249210309941
63500 -10.419885261068996
63600 -11.169591220696523
63700 -9.956315410264247
63800 -10.0940336568744
63900 -10.655445631797193
64000 -8.768637643366116
64100 -9.115868763364816
64200 -10.195357634729259
64300 -10.52528816127368
64400 -10.010223692370763
64500 -8.965095818305151
64600 -8.666107223770547
64700 -10.458575650901343
64800 -9.778037754917529
64900 -12.458249051879278
65000 -10.71397100818571
65100 -9.048764150464251
65200 -8.213999800511397
65300 -9.059504502706705
65400 -7.703286043551226
65500 -8.175441752884604
65600 -9.376364442538774
65700 -10.392914833303761
65800 -12.423316795290257
65900 -12.299491267085557
66000 -9.556486095217933
66100 -10.267168444236345
66200 -10.945123369965152
66300 -11.10457556802855
66400 -8.148356522510488
66500 -10.691513660549141
66600 -10.13456546344489
66700 -9.701611229880506
66800 -10.249202295593582
66900 -12.111507408354667
67000 -11.24792460299822
67100 -11.595735298860964
67200 -11.354327316154764
67300 -10.528733756397044
67400 -11.038238561478535
67500 -10.0715612252329
67600 -9.513050007451671
67700 -11.834524682325023
67800 -10.62308494082655
67900 -12.022043604904841
68000 -11.888455383243453
68100 -10.926006596260796
68200 -9.748221119489775
68300 -10.805867805702377
68400 -10.85579428906455
68500 -10.714630390512154
68600 -10.107915859248868
68700 -8.859370634986965
68800 -12.507507218120608
68900 -10.72332799138523
69000 -8.932036549729757
69100 -10.493553334049446
69200 -11.993578647925075
69300 -10.172690559538957
69400 -10.296217123554936
69500 -8.679241445942857
69600 -10.336370518824559
69700 -7.9996383508383735
69800 -10.336537359287622
69900 -12.213069709934151
70000 -10.483678219388398
70100 -9.459340753564218
70200 -9.925201066927093
70300 -10.9743782699411
70400 -10.631370689151986
70500 -12.526546894055729
70600 -10.20966957181621
70700 -10.652120835975374
70800 -8.763272924168385
70900 -10.034552679701966
71000 -10.62584251744281
71100 -10.745913907605194
71200 -10.192261945883297
71300 -10.765079797954511
71400 -11.818623185283185
71500 -13.405706640474483
71600 -10.34714538762857
71700 -9.81418355532507
71800 -9.33076473283102
71900 -9.927544315140409
72000 -10.231782060220668
72100 -12.718805017737694
72200 -11.944271435132634
72300 -10.72233969847664
72400 -12.296465307223265
72500 -11.584866271264197
72600 -11.024277635247334
72700 -10.116374131115991
72800 -10.333132271241428
72900 -10.339851189361223
73000 -12.651344908527866
73100 -11.831466992766428
73200 -9.490021768290662
73300 -10.29546406538161
73400 -10.818837568019267
73500 -13.278379346423973
73600 -14.006438114150646
73700 -12.537278644997514
73800 -12.661902846009337
73900 -12.963047418648689
74000 -10.671336057409981
74100 -10.897192449655778
74200 -10.688227832077185
74300 -10.61155639902757
74400 -10.017480994268924
74500 -11.016422201520408
74600 -10.963339230007808
74700 -9.87001428373187
74800 -10.080836531575258
74900 -12.901509396368313
75000 -12.61172945476435
75100 -11.883335188037199
75200 -9.647938964808638
75300 -11.654441570686421
75400 -11.104364795696787
75500 -10.0527553178523
75600 -10.53654877256313
75700 -9.209281665450046
75800 -9.850443460774635
75900 -10.235292782922087
76000 -10.425720043840835
76100 -9.580757207174
76200 -9.058546573991297
76300 -12.25372261994421
76400 -8.774804175487954
76500 -10.539478159682309
76600 -10.11330245836161
76700 -12.879408884909493
76800 -10.560458790736046
76900 -10.479825288467424
77000 -9.476352864863777
77100 -9.702154648714956
77200 -11.017308594506108
77300 -10.053310825350284
77400 -10.216348471942732
77500 -9.750538123416874
77600 -9.92002786029517
77700 -9.916636411072217
77800 -10.650734877191152
77900 -12.320895857375879
78000 -10.30641108505059
78100 -10.294874977059646
78200 -8.343650506984385
78300 -9.265863439866107
78400 -10.984418063688302
78500 -11.397462512991158
78600 -10.993609296021646
78700 -11.677092564038722
78800 -11.243554671316003
78900 -9.555504651261383
79000 -9.195931627049148
79100 -7.572743266806391
79200 -9.951839488031482
79300 -11.283110532545258
79400 -7.216685472756642
79500 -7.5707681577052774
79600 -9.289697682756232
79700 -8.032939739876609
79800 -7.964001029866824
79900 -10.680941340931177
80000 -9.896592645022071
80100 -10.89598129452511
80200 -10.428337488941287
80300 -9.234337306191946
80400 -10.902884301871081
80500 -10.835577628355644
80600 -9.417310113512928
80700 -9.194926660456147
80800 -10.832917490800439
80900 -11.663216491784457
81000 -11.829711363826117
81100 -10.682637960772642
81200 -9.87862003734631
81300 -9.464254874484984
81400 -9.573871336115594
81500 -11.283520709171142
81600 -12.401687781861787
81700 -12.569553722160217
81800 -11.27553237979742
81900 -10.561749096409907
82000 -10.413018261447947
82100 -10.870392587775063
82200 -8.297986983440174
82300 -7.3642939232999804
82400 -7.679512676685609
82500 -9.052176914887383
82600 -11.572055783452985
82700 -11.423892166279439
82800 -12.107702759129785
82900 -10.272313057673085
83000 -8.468344649774542
83100 -9.576379775329297
83200 -10.224757066162134
83300 -9.448632363406492
83400 -10.696934255060633
83500 -10.375174221137515
83600 -9.041846405680051
83700 -10.47715662954722
83800 -11.373595343924935
83900 -10.066077822282107
84000 -9.023510189985295
84100 -8.62861975517567
84200 -8.993640788394465
84300 -9.8290390257655
84400 -10.819907979457792
84500 -11.24075198166876
84600 -10.275133290244193
84700 -10.564998133411434
84800 -11.95999586713887
84900 -10.032908396130749
85000 -7.863555981802773
85100 -10.396376767185018
85200 -10.884399607261596
85300 -11.333132938510744
85400 -12.253918674892498
85500 -10.663439611021351
85600 -11.210710024003273
85700 -10.788423408106599
85800 -9.941437341100425
85900 -10.356936289319613
86000 -9.183147188791798
86100 -8.907137523429359
86200 -8.978827464305393
86300 -7.989730752539532
86400 -7.2090140606055035
86500 -9.198361230452367
86600 -12.517529613033616
86700 -14.207537036365677
86800 -10.5256895783847
86900 -10.349171033077916
87000 -10.343298244127313
87100 -10.384552703039837
87200 -9.659852607415933
87300 -8.880013528427273
87400 -10.896493434676328
87500 -9.895895588860144
87600 -8.684937854782266
87700 -8.430276239076623
87800 -10.834039278444468
87900 -8.33368730834916
88000 -8.395186640187573
88100 -8.737047411874707
88200 -9.093799583255816
88300 -8.244828452250765
88400 -8.529192235549818
88500 -9.021808150633099
88600 -10.3902676906318
88700 -8.01414702406546
88800 -7.43969398226921
88900 -8.024996860067402
89000 -8.030259624360617
89100 -11.444477456509633
89200 -10.242874060385597
89300 -12.049191965904077
89400 -12.696378727072242
89500 -11.368173210657005
89600 -11.688683384003525
89700 -12.992651592985885
89800 -9.986728419213232
89900 -11.916673000654367
90000 -8.860655892704445
90100 -8.567400983923733
90200 -10.240552622435477
90300 -10.525796227675617
90400 -8.19607668198985
90500 -9.520924908102577
90600 -10.427953994668844
90700 -12.822184992687298
90800 -12.700080669868992
90900 -9.283113244306483
91000 -10.980472186713351
91100 -9.32203282605672
91200 -10.852040611457143
91300 -10.69422622738957
91400 -10.688152815320153
91500 -9.302730955640852
91600 -9.872979728850488
91700 -8.76881240772211
91800 -9.131401104083267
91900 -9.682046334049192
92000 -9.962241384018963
92100 -8.675984593746579
92200 -9.940813612414088
92300 -8.333281228110362
92400 -9.679971766810002
92500 -9.259856633226995
92600 -11.36225721818565
92700 -11.700345346744646
92800 -9.542898885883519
92900 -8.829012872702913
93000 -9.687128556529949
93100 -11.022478141936485
93200 -12.16878155284231
93300 -8.414671625222923
93400 -10.357612930569829
93500 -10.880080624226395
93600 -11.025554996288625
93700 -11.439814753353067
93800 -12.28722116467266
93900 -12.22081721541494
94000 -10.341529490233377
94100 -10.942631480685838
94200 -11.561472102115884
94300 -11.812806726124323
94400 -10.315943962279574
94500 -7.610513899089762
94600 -10.064486554048969
94700 -9.05010959222921
94800 -11.053243872388595
94900 -9.639897998208008
95000 -8.604688126515637
95100 -7.786722298169198
95200 -10.000207539850486
95300 -9.869462920328047
95400 -9.386744671974085
95500 -8.80748470383341
95600 -8.213147783601709
95700 -8.133188293755444
95800 -9.989919657769901
95900 -10.25031167046473
96000 -11.122865004942799
96100 -10.373325575792702
96200 -9.664539883560705
96300 -8.08607173217793
96400 -9.51883315376059
96500 -9.89717114284135
96600 -10.405676729077642
96700 -9.874634449834607
96800 -8.953575257838729
96900 -10.130510933289331
97000 -11.006961959132779
97100 -10.243163492318894
97200 -11.590406156042624
97300 -8.190156178966202
97400 -9.843515087909408
97500 -10.497709966446925
97600 -8.540986292856617
97700 -8.567384755120317
97800 -9.830101967951913
97900 -10.648857837104822
98000 -9.970194765945765
98100 -9.855688152200191
98200 -10.976680137599006
98300 -11.486945489877435
98400 -11.807364494543927
98500 -11.337684105405406
98600 -11.203087289901898
98700 -7.7155294432742485
98800 -9.697514188415171
98900 -9.7484107673309
99000 -10.842245107278503
99100 -10.33439686457365
99200 -10.12119425947926
99300 -9.507420303339892
99400 -10.555872265455147
99500 -10.120710792762273
99600 -9.061639469982449
99700 -11.59906146089684
99800 -11.599140089564774
99900 -11.336988312664676
100000 -11.523199784815022
100100 -10.328203433551293
100200 -11.059960469117645
100300 -11.47328456957868
100400 -10.82884453316694
100500 -10.811709777890108
100600 -8.558798196860108
100700 -10.487098476199138
100800 -8.932074057953622
100900 -7.316474055447339
101000 -10.00281465504797
101100 -9.210290381720991
101200 -10.31557973531338
101300 -10.868694077373048
101400 -9.06162066057228
101500 -10.914095986938436
101600 -10.071465597427784
101700 -10.544993081264048
101800 -11.830521166787294
101900 -11.369512798980807
102000 -11.201668925639776
102100 -12.183898584059666
102200 -11.474232131306715
102300 -12.386666555648011
102400 -10.805699962337624
102500 -10.250917050059886
102600 -11.841120077742385
102700 -10.388001929511038
102800 -12.351634069132889
102900 -11.787653234848726
103000 -10.023046010235777
103100 -10.47175993470569
103200 -12.406224577598978
103300 -10.355940643077789
103400 -10.715699908495646
103500 -12.204322338185575
103600 -9.326325479080895
103700 -10.957528507542136
103800 -12.62544377275339
103900 -10.595157486196765
104000 -12.506122461747777
104100 -12.312804828896631
104200 -10.986569527080547
104300 -10.206191188827072
104400 -10.161026494652669
104500 -9.54263311549238
104600 -8.246402064112814
104700 -9.09676149446478
104800 -11.68110437865983
104900 -11.589561341395449
105000 -10.918269810358744
105100 -9.245763611871366
105200 -7.4634920788479615
105300 -8.469274277375714
105400 -11.052557879850477
105500 -12.354847203553517
105600 -11.099884608923498
105700 -11.422876208609772
105800 -10.074159676598855
105900 -7.757146798251755
106000 -10.30550301337975
106100 -11.104522333184542
106200 -10.2381683739705
106300 -9.711506406586498
106400 -9.347050285249711
106500 -9.084020275257231
106600 -9.743622251331546
106700 -9.008797441716135
106800 -10.816489396467318
106900 -11.479949582908443
107000 -10.66107828851133
107100 -11.17377834180979
107200 -12.098778398792847
107300 -11.24864690500998
107400 -9.494108220639431
107500 -8.68833710995108
107600 -10.277607967958472
107700 -9.775743598371024
107800 -10.870485568897754
107900 -10.548806009407832
108000 -11.457875084312722
108100 -10.780792100656466
108200 -10.825111715876066
108300 -10.87097131428924
108400 -11.101552610187259
108500 -11.860848451488636
108600 -12.507627873448207
108700 -9.024750333585079
108800 -8.291715109030388
108900 -9.676738974991796
109000 -9.617707809940372
109100 -10.498461270127505
109200 -11.71080558938845
109300 -13.012991655849854
109400 -9.44695911261139
109500 -7.562833208126721
109600 -8.126275944709723
109700 -8.662144385876305
109800 -9.616999787659473
109900 -8.672962349942523
110000 -11.032982412751377
110100 -11.746767705349079
110200 -8.81603644133998
110300 -9.056047965970238
110400 -11.97288323281977
110500 -11.367710281737583
110600 -11.528762072323865
110700 -10.599500754158752
110800 -10.83727712734009
110900 -9.940854378399504
111000 -10.675741903036021
111100 -10.285686185103343
111200 -10.125892317647724
111300 -11.653620919174934
111400 -10.264501587597206
111500 -12.634884471184984
111600 -11.102880880799685
111700 -10.952313761082866
111800 -10.961629518006623
111900 -11.158697353678532
112000 -10.965808467273543
112100 -12.282364541585718
112200 -9.777723473841474
112300 -11.286159076649849
112400 -11.454449493087864
112500 -11.04111149541898
112600 -10.865693221344712
112700 -11.758508308839595
112800 -11.2246172805053
112900 -9.395322449914035
113000 -9.541956700076565
113100 -10.1154432284038
113200 -11.572462519049154
113300 -11.405736341368867
113400 -10.730668098766174
113500 -9.860749675538589
113600 -11.585232391015861
113700 -11.75208490909248
113800 -13.20521481278606
113900 -8.987772489117031
114000 -9.394041331770604
114100 -9.504187827241704
114200 -10.026806725481203
114300 -9.767562760374924
114400 -9.856960521815852
114500 -9.27048688135317
114600 -9.785190174546027
114700 -6.857219125902315
114800 -9.887405563160597
114900 -9.548941497739358
115000 -10.410359447475486
115100 -10.714709053161458
115200 -9.07395291710396
115300 -10.58523253006002
115400 -9.213836754843348
115500 -8.269344766946755
115600 -8.305097862788708
115700 -10.98753515063309
115800 -12.535763169241735
115900 -11.578253659488059
116000 -11.36256523189514
116100 -11.445192589220008
116200 -9.954757848217769
116300 -10.51299172836096
116400 -9.627347976261753
116500 -10.970259513986056
116600 -12.027566250893699
116700 -11.664071565135433
116800 -11.61953598165495
116900 -11.503020622074427
117000 -9.122995904512798
117100 -9.699288219755934
117200 -10.725656000233341
117300 -8.803384789929956
117400 -10.47718531886908
117500 -12.9011822232844
117600 -11.757556210476132
117700 -8.252555144609476
117800 -9.15064817448648
117900 -11.155775089419887
118000 -11.19597558467243
118100 -12.37677184545239
118200 -11.387139607812998
118300 -10.986755383275982
118400 -10.527194335250057
118500 -10.406965777274989
118600 -10.542063640844683
118700 -10.711000074544964
118800 -11.799726306585013
118900 -11.878094440975385
119000 -10.104420636596465
119100 -9.787439809706735
119200 -9.761585221423653
119300 -9.28963881696892
119400 -10.949480551367188
119500 -10.953196836777845
119600 -9.10778874841513
119700 -9.955523276540665
119800 -10.517517962086137
119900 -10.86448657506488
120000 -10.880876625216626
120100 -9.048098285589377
120200 -10.174076781842414
120300 -9.858617540295304
120400 -9.344175841522123
120500 -11.089352152996184
120600 -11.038362838250523
120700 -11.73229176024303
120800 -11.524750952526942
120900 -12.266184652172482
121000 -11.94536167393948
121100 -11.387577181913844
121200 -10.225633402015514
121300 -8.820289974088016
121400 -10.60785946390027
121500 -9.529427224943234
121600 -9.707448126682035
121700 -8.911703357281525
121800 -9.840542044351121
121900 -11.259108688323506
122000 -12.194327929363443
122100 -12.123683775954369
122200 -10.301686983016523
122300 -11.304616300672478
122400 -11.138092359610413
122500 -10.601967452362242
122600 -10.077968381073205
122700 -11.205312704826396
122800 -9.533811984816694
122900 -11.641453573309612
123000 -11.684683442137757
123100 -11.986506153272678
123200 -13.462356884139327
123300 -8.782043898053896
123400 -8.530180038630647
123500 -8.772179910369204
123600 -10.296411502115088
123700 -11.84274450044475
123800 -9.24822147094901
123900 -11.736288256523638
124000 -10.303085766992767
124100 -11.261423755921907
124200 -10.540712277227705
124300 -9.07884393529722
124400 -11.73135597827306
124500 -10.158724645048862
124600 -9.992412148600275
124700 -8.10941094316262
124800 -8.11125695388032
124900 -9.655618593099344
125000 -11.551012011638111
125100 -11.993388603538081
125200 -12.020612426503344
125300 -8.432747370476097
125400 -9.350031108543348
125500 -11.295283491568355
125600 -10.116702503412291
125700 -10.680162154356465
125800 -10.20267463498842
125900 -11.90740510345316
126000 -10.172065392308875
126100 -9.667635663012392
126200 -8.005803732544392
126300 -12.174524971796556
126400 -13.381088581785976
126500 -12.501575553541011
126600 -9.338623189496907
126700 -8.889955596464233
126800 -10.48663312121553
126900 -10.90761221893018
127000 -11.223850943671263
127100 -11.16833969014187
127200 -11.021436070413158
127300 -8.699016753207387
127400 -8.054129740251225
127500 -9.249854347473255
127600 -11.029796157446311
127700 -10.25356067406609
127800 -10.98561018957717
127900 -10.658824856571181
128000 -10.32182741508006
128100 -11.524153630204069
128200 -12.281189225523855
128300 -8.982961109130883
128400 -10.015965619096491
128500 -9.809971212371504
128600 -11.174579232320745
128700 -10.752485812119218
128800 -11.969598915715826
128900 -11.318862254896969
129000 -11.36566115116783
129100 -9.657542516207808
129200 -9.74797433441816
129300 -7.440033833716117
129400 -10.540811259736554
129500 -9.756570944616314
129600 -9.570884286357595
129700 -10.379052955581837
129800 -10.470243534958792
129900 -9.269740310437896
130000 -9.22618580705981
130100 -12.493597461705361
130200 -12.40601998156628
130300 -13.105022434217936
130400 -9.412161494185002
130500 -7.565336547398572
130600 -7.365672487140033
130700 -7.85511895059208
130800 -9.399685632034949
130900 -7.015087969549419
131000 -9.362319219843489
131100 -10.793431403632683
131200 -11.518089296801978
131300 -9.683405758913873
131400 -10.59048356717109
131500 -9.456345633162108
131600 -10.646909624074937
131700 -9.52540923321304
131800 -9.90139541208561
131900 -7.816166643335802
132000 -10.67862991023729
132100 -10.771266943922297
132200 -11.542170592838009
132300 -11.156798656948318
132400 -9.564844405895787
132500 -10.081684698888001
132600 -9.906973165271504
132700 -9.518478998546895
132800 -10.976538749103641
132900 -9.885388900639146
133000 -9.959314828088266
133100 -10.386522314884628
133200 -9.408439984933912
133300 -10.532345720071577
133400 -10.15688827454813
133500 -10.590423623105238
133600 -9.566377014773499
133700 -7.918741584270379
133800 -9.908304682339889
133900 -12.33511517873478
134000 -11.684326254969202
134100 -11.601497582742036
134200 -11.622937718778966
134300 -12.062430997108962
134400 -13.021544850189446
134500 -10.927815638682198
134600 -10.808689471404957
134700 -10.432223927196343
134800 -11.98159352971272
134900 -12.642306683453661
135000 -11.37645918633384
135100 -11.555553021837527
135200 -13.553050792230067
135300 -11.152986986011834
135400 -9.782437841216892
135500 -11.731276590190522
135600 -11.264042763418738
135700 -10.583083209492138
135800 -12.416141340560452
135900 -11.134257831012572
136000 -10.623865603465271
136100 -11.62212023910456
136200 -11.37688496581481
136300 -10.950640264261802
136400 -12.378308751374453
136500 -8.566128114523602
136600 -7.324346504761213
136700 -8.916922964810974
136800 -9.728123613833567
136900 -11.488856459706133
137000 -9.797893054834695
137100 -11.155428906753853
137200 -10.452235609303266
137300 -10.509636100506647
137400 -11.081389896718132
137500 -10.75270838528448
137600 -10.069702886703448
137700 -11.06095172390042
137800 -12.94615744877158
137900 -10.753761002468448
138000 -9.479605028304745
138100 -9.758847385880692
138200 -11.657272528100014
138300 -9.980567347822122
138400 -9.457876844420234
138500 -10.421861913882319
138600 -10.511322620315509
138700 -10.67288879473073
138800 -13.0429064016231
138900 -13.335408105035668
139000 -12.924226814396786
139100 -10.84751623321262
139200 -10.848565670261337
139300 -9.218688277349138
139400 -11.9738547146628
139500 -11.81441819978379
139600 -10.3170527820881
139700 -12.701765896513368
139800 -10.767476039239261
139900 -10.370029653707087
140000 -9.98042822979753
140100 -10.820562848031356
140200 -11.1395630087036
140300 -10.668959548039917
140400 -11.05513510003895
140500 -12.472021799487207
140600 -11.468107065390729
140700 -8.888058121234145
140800 -8.487426732704863
140900 -10.622701474779555
141000 -11.02904182145455
141100 -10.683540820085337
141200 -9.502079412829369
141300 -9.07069525533247
141400 -11.312989614071112
141500 -10.935109988911805
141600 -11.227104490278505
141700 -10.561667177466601
141800 -11.069454922994789
141900 -12.614121746894487
142000 -12.907143201903802
142100 -11.898097310277388
142200 -11.576736897385743
142300 -9.822857315683526
142400 -11.808148621125538
142500 -11.647903934629877
142600 -11.368544746172653
142700 -9.532188219149425
142800 -8.5507886407926
142900 -7.647583806903453
143000 -10.049346234442128
143100 -9.31503119730825
143200 -12.312762343275272
143300 -11.946328652157769
143400 -11.01841528790705
143500 -8.991831767045372
143600 -9.24891605923185
143700 -8.63527670825102
143800 -8.465075837420358
143900 -8.732925391686885
144000 -9.838109234861978
144100 -10.991191883255624
144200 -10.628585007527503
144300 -12.068679551176308
144400 -11.88690918776244
144500 -9.717424700894199
144600 -9.251979561070899
144700 -10.50944975925269
144800 -7.738729250393611
144900 -9.512655791678057
145000 -6.9177806040251815
145100 -6.72273897286374
145200 -8.530319735168089
145300 -9.491476086258814
145400 -8.562160920705052
145500 -9.384962088561302
145600 -8.99285034820462
145700 -8.607558415853928
145800 -8.895057120224417
145900 -9.56675848509367
146000 -11.700424843351453
146100 -9.599914388731587
146200 -9.294755529270155
146300 -11.531140460975761
146400 -9.95172065086967
146500 -9.794868385821946
146600 -11.148527578686702
146700 -8.389551642007683
146800 -10.88444848103859
146900 -11.293822773176679
147000 -10.748921915602441
147100 -10.826748494944491
147200 -10.788077348997714
147300 -10.985125165791544
147400 -12.061124209625794
147500 -9.910623272632737
147600 -9.482022367439075
147700 -11.184401564349777
147800 -8.165631928750871
147900 -9.529953702892618
148000 -10.51782622442446
148100 -11.980724878861166
148200 -10.720334607624325
148300 -12.01354288013169
148400 -9.292020913474325
148500 -8.806286396693134
148600 -12.185117855282348
148700 -8.637206996543087
148800 -11.506803337677148
148900 -10.602472623043926
149000 -10.403678898182175
149100 -8.857422798913888
149200 -10.581846274770854
149300 -10.569492770141977
149400 -10.435369126544405
149500 -10.241924215379724
149600 -9.574159404768574
149700 -9.278550442478766
149800 -10.301578164963459
149900 -9.584292368338915
150000 -8.566075684160536
150100 -9.69142610186242
150200 -9.128994975167092
150300 -9.913492971647106
150400 -9.66805386254229
150500 -11.677902500470282
150600 -10.631473542342015
150700 -9.966232646428379
150800 -11.727093141702152
150900 -10.148581667096996
151000 -11.28540983920922
151100 -11.274856925710159
151200 -11.038960384412672
151300 -12.136120664227198
151400 -12.58266447526376
151500 -11.23376846256258
151600 -10.449628466038886
151700 -11.514751697210935
151800 -9.046908776282807
151900 -11.61708251820432
152000 -11.176157658371322
152100 -11.387833385817862
152200 -11.767209895022885
152300 -11.614169812560087
152400 -11.612937701323307
152500 -9.249396684419438
152600 -11.394656496166709
152700 -7.903702379173198
152800 -8.952683345308872
152900 -10.551019520257292
153000 -10.53253550357499
153100 -9.5721471787881
153200 -8.056680968833001
153300 -8.369431767438583
153400 -9.81667528800739
153500 -11.775201712897251
153600 -9.306855440754767
153700 -11.013066303842768
153800 -10.844577988719879
153900 -9.229876920624314
154000 -12.523929791021432
154100 -12.206465594849108
154200 -10.304777174394777
154300 -10.033292158884588
154400 -8.642662442477707
154500 -10.804931130496486
154600 -10.599024855793978
154700 -10.100736069337165
154800 -9.622596738138954
154900 -10.854690357512425
155000 -9.187028838098794
155100 -8.25687435277197
155200 -8.247929164592872
155300 -9.90895931557792
155400 -10.562750352368077
155500 -10.58844459938876
155600 -11.116105064055725
155700 -12.175778403040475
155800 -10.842219639522785
155900 -10.42130007917034
156000 -12.536024931002022
156100 -11.478439082111617
156200 -9.860484866450136
156300 -10.21637746937609
156400 -10.045101286391981
156500 -9.635160774613462
156600 -7.9967987272615515
156700 -9.951047902635016
156800 -8.326373267177535
156900 -8.338438716583633
157000 -8.44602677691916
157100 -12.1356203069937
157200 -13.706363625191132
157300 -11.416599325210187
157400 -10.395779080115352
157500 -9.786908003900761
157600 -10.716129630500788
157700 -10.326182840585549
157800 -10.43000097908535
157900 -9.536851068456073
158000 -9.789853038582834
158100 -10.530182289393618
158200 -8.633118251765222
158300 -10.33979362330844
158400 -11.764377194261346
158500 -11.393297065173739
158600 -10.361977488426122
158700 -9.343754233883791
158800 -10.440156001699316
158900 -11.144762162696793
159000 -9.846253610459245
159100 -9.965297364649107
159200 -9.886176185137643
159300 -8.446360062138
159400 -8.90051366423553
159500 -10.519228710045558
159600 -9.36049573892149
159700 -10.723169683600117
159800 -9.966682541901006
159900 -9.73868093357384
160000 -8.54485000342334
160100 -9.127853276252441
160200 -8.124109664771966
160300 -9.654122117882714
160400 -8.03955450163143
160500 -8.617927526698093
160600 -9.640681555183457
160700 -10.05047886618001
160800 -11.59859516147992
160900 -9.453784769095751
161000 -11.346186090311738
161100 -12.724781360712624
161200 -12.178593219663645
161300 -11.30958241203273
161400 -10.82175914400459
161500 -12.877261367672919
161600 -10.236923189171293
161700 -10.49436820700496
161800 -11.211324625939135
161900 -12.047722943068644
162000 -9.3642892955668
162100 -10.494837323358903
162200 -11.674748916057679
162300 -12.51954091849205
162400 -11.830256339714483
162500 -9.842071719436417
162600 -9.108563779152975
162700 -9.730690743781153
162800 -10.085986282980762
162900 -10.916847008770606
163000 -10.286516444842285
163100 -10.680260300067754
163200 -9.650165118830838
163300 -8.757031746274523
163400 -9.122268328800692
163500 -10.968235487144995
163600 -10.345325116067352
163700 -9.549926781249347
163800 -8.810420633990349
163900 -9.264891947366442
164000 -8.571527028186992
164100 -11.168266151963838
164200 -9.827781640567766
164300 -10.654221830440308
164400 -11.358099678217146
164500 -12.461091404309148
164600 -11.415127105160312
164700 -9.44939529323057
164800 -9.86318355513954
164900 -10.212987829057537
165000 -11.031949034750797
165100 -10.095341788094759
165200 -11.502156591863088
165300 -10.341732322854392
165400 -11.221998234411307
165500 -9.434648705704355
165600 -9.452234355122522
165700 -12.494511533526055
165800 -11.745853663542768
165900 -10.354521472159869
166000 -11.08328037961729
166100 -11.604820036194397
166200 -10.728044241116557
166300 -9.441251520318527
166400 -11.183310980879268
166500 -12.006413492807445
166600 -11.395657744893612
166700 -10.643993347638405
166800 -8.342066885581136
166900 -9.835930182369628
167000 -10.865547654582564
167100 -9.818712046388496
167200 -9.513485134077474
167300 -9.971973725281867
167400 -9.358760848530938
167500 -10.052587998412754
167600 -10.64704873890972
167700 -11.38520424401365
167800 -11.962977196525628
167900 -10.785714120618467
168000 -11.075141484561934
168100 -13.836139878970346
168200 -12.343335858005988
168300 -12.478394564052325
168400 -10.641194410245603
168500 -11.60892631841984
168600 -10.605961490027314
168700 -12.01563956342411
168800 -11.284681667309616
168900 -10.798377814662548
169000 -10.245262898783475
169100 -9.358300654089952
169200 -11.469179211919933
169300 -11.08711933952704
169400 -11.802245791131773
169500 -11.347316901677583
169600 -10.204868159113735
169700 -10.858798154383523
169800 -8.119297985345707
169900 -11.174756677727618
170000 -12.647650513096345
170100 -10.50562938721034
170200 -8.296997517506314
170300 -10.13758684681123
170400 -11.205451734694298
170500 -10.543027466592095
170600 -11.080472083699316
170700 -10.32390246521346
170800 -9.600884355945015
170900 -9.86485794804415
171000 -9.67400534068896
171100 -10.38544930864514
171200 -12.853217408767147
171300 -13.545623992521048
171400 -11.09050323264317
171500 -12.177681338389878
171600 -9.004653933850161
171700 -7.607797935071286
171800 -9.074335100035425
171900 -11.382994603771321
172000 -9.214978515147502
172100 -10.33460630422068
172200 -10.621806343409185
172300 -8.949777625180651
172400 -8.521489619773185
172500 -8.800980484216137
172600 -11.591136818231929
172700 -9.26339150636858
172800 -8.945504866323366
172900 -8.022224816999744
173000 -9.376838541687304
173100 -8.481357864919023
173200 -10.36863566802238
173300 -9.678890202091369
173400 -10.705491285479036
173500 -12.033795224614137
173600 -12.349617287743223
173700 -11.758288064184987
173800 -12.554860540154351
173900 -11.543540378389721
174000 -8.943753369658001
174100 -10.507998060666711
174200 -11.749786365611923
174300 -9.125468285478584
174400 -10.219155030930084
174500 -9.8415759514135
174600 -8.850874959064297
174700 -11.814138294614196
174800 -9.741106965223365
174900 -8.98373321503649
175000 -7.863157682248547
175100 -10.101969811981967
175200 -9.51280368726091
175300 -9.857345484027817
175400 -10.789732754242111
175500 -10.190040768728847
175600 -10.219606528935863
175700 -8.594515488216556
175800 -9.684885334114902
175900 -10.299822086126072
176000 -9.443889313237182
176100 -11.267020324588113
176200 -10.735731949651381
176300 -11.595182253844241
176400 -10.257767259007368
176500 -9.570326300392125
176600 -11.005052322521088
176700 -11.488358988285395
176800 -11.251289399014286
176900 -9.665470585621051
177000 -8.711422162802588
177100 -9.317584519349973
177200 -10.65681278171148
177300 -13.05005517106522
177400 -10.11259667695712
177500 -9.284220371165723
177600 -9.15550401145733
177700 -10.181718459140074
177800 -9.458849276753984
177900 -9.336897531779087
178000 -10.729976231514332
178100 -10.081543119399226
178200 -10.899645682241527
178300 -9.30588778057721
178400 -9.768633158438117
178500 -12.21224368721772
178600 -11.076295441819019
178700 -12.554596553277799
178800 -11.484736756095666
178900 -9.966755235158034
179000 -10.55354630557025
179100 -9.740878312406208
179200 -8.90170729580932
179300 -11.136176710481006
179400 -11.634973857341082
179500 -13.14263048424396
179600 -12.784091738666854
179700 -9.775843719914867
179800 -9.424298114360875
179900 -10.056055708244125
180000 -10.816448315022084
180100 -11.102060849152814
180200 -10.682974710301297
180300 -10.344188991069217
180400 -11.298548439979184
180500 -11.241830741582474
180600 -12.689569033039337
180700 -11.320504796626155
180800 -9.480927820706343
180900 -10.407456684453896
181000 -10.679869818995844
181100 -10.65483979979459
181200 -10.332414600427633
181300 -10.732012293502983
181400 -10.65340357053245
181500 -12.02828106169062
181600 -10.869888951101395
181700 -9.784929784771188
181800 -10.818192064102568
181900 -10.792305443779744
182000 -10.665782559711326
182100 -8.855910886753838
182200 -10.351881382985336
182300 -10.467218932163945
182400 -10.381340934240903
182500 -10.136610832853187
182600 -10.004739212580947
182700 -10.251339746800083
182800 -10.030917398008588
182900 -9.320339581332176
183000 -9.537446877702116
183100 -10.617355603701796
183200 -10.863608221121735
183300 -9.626176503050075
183400 -10.72897017261983
183500 -9.998927050396379
183600 -11.16442803514805
183700 -9.247919369336483
183800 -9.218287797459213
183900 -10.920635647328329
184000 -9.438694264507976
184100 -10.143356798142097
184200 -8.978412187847582
184300 -9.448484400052589
184400 -9.813751058121541
184500 -11.244874246955842
184600 -9.676705152972279
184700 -9.85278832582585
184800 -10.580226247773652
184900 -11.647753678430972
185000 -11.452587369682508
185100 -10.807723436584794
185200 -11.480999109492739
185300 -10.41988512197002
185400 -12.040113333708032
185500 -12.120135660321335
185600 -12.503112647412818
185700 -10.682505634745272
185800 -9.402252761419673
185900 -11.055298846655404
186000 -10.176544491583359
186100 -12.189713516764915
186200 -11.86130926604305
186300 -10.375056752494244
186400 -11.820677956455233
186500 -11.369400318604683
186600 -9.6621875758738
186700 -10.371210541993351
186800 -11.731297981869137
186900 -11.134964959174928
187000 -10.699736961471787
187100 -12.972653048230018
187200 -12.2684663028845
187300 -12.245360312702033
187400 -11.336496431055252
187500 -12.35445939096156
187600 -9.832792556944439
187700 -11.556595859893799
187800 -11.676314825536288
187900 -11.286499631531289
188000 -12.214192491618851
188100 -12.77169900374396
188200 -12.754174703157439
188300 -11.521813217723867
188400 -10.30619281476891
188500 -10.410740862766751
188600 -9.724096953386397
188700 -9.309372807066174
188800 -9.918253269182632
188900 -10.601855627792563
189000 -10.942401501748167
189100 -9.276248565910532
189200 -8.844264746272968
189300 -11.053176043006324
189400 -10.135691230270071
189500 -12.2648874088924
189600 -9.877483084711823
189700 -10.255718134308713
189800 -7.178692298162584
189900 -9.639850237905888
190000 -11.208916987432165
190100 -12.112983981410373
190200 -9.488652346822857
190300 -10.163586838899464
190400 -10.806829294639881
190500 -10.426672390164555
190600 -10.792994125215166
190700 -10.417868940916614
190800 -9.921571758895222
190900 -8.401309543107356
191000 -9.584564580380809
191100 -9.92523018770767
191200 -8.869798097061555
191300 -10.12733981183463
191400 -11.253672414410493
191500 -10.661207791336441
191600 -9.464955756411195
191700 -8.600559928391059
191800 -10.45116316547967
191900 -10.182023571460507
192000 -10.07494437100661
192100 -9.721807796279515
192200 -8.15649115333205
192300 -11.899913299600525
192400 -13.279721008986048
192500 -10.819792987691422
192600 -9.142427293579582
192700 -10.988492106406682
192800 -11.129048194425886
192900 -12.558390048210994
193000 -10.679000903576464
193100 -8.499498063579376
193200 -11.75893557691402
193300 -12.430274172846381
193400 -12.071826344359634
193500 -11.435625879443233
193600 -12.196280966593722
193700 -12.205778076338115
193800 -12.359372514550616
193900 -11.247697654134392
194000 -10.082535305030198
194100 -10.488667644634221
194200 -9.064723241285357
194300 -10.200144097378358
194400 -9.054528158032998
194500 -8.796668636030464
194600 -9.026250405043424
194700 -10.35832535450791
194800 -10.474188846873263
194900 -10.378201069711233
195000 -9.866755792114262
195100 -10.84792121315599
195200 -10.541485231676571
195300 -11.570011116686311
195400 -12.773473087167803
195500 -11.513847903213906
195600 -11.359422390049437
195700 -11.21825467578622
195800 -9.95269095960483
195900 -9.007718773950732
196000 -9.443161483655032
196100 -10.633362150736366
196200 -11.115733706898546
196300 -10.083461223782413
196400 -8.852557013184729
196500 -6.879809797241648
196600 -7.595040775038996
196700 -10.867734867008362
196800 -11.869718859188302
196900 -11.942034196354399
197000 -11.64348398028921
197100 -12.69378719213423
197200 -8.568576262106571
197300 -10.231027454500273
197400 -11.65090232841353
197500 -13.13392743868582
197600 -11.792984698576216
197700 -10.21610344554837
197800 -11.332761218711953
197900 -13.57227105848246
198000 -11.944750307832587
198100 -11.630406739236097
198200 -10.566044677660214
198300 -11.25534422852866
198400 -9.129975240626013
198500 -9.636045509649959
198600 -9.340433130551274
198700 -10.686394591189531
198800 -11.50252753162399
198900 -12.587100512511098
199000 -10.782028231213767
199100 -10.534368620278329
199200 -9.796157238360214
199300 -11.755080771758562
199400 -10.429579304561594
199500 -9.294370729118743
199600 -9.635353297670848
199700 -9.183025572354548
199800 -9.516708836690976
199900 -11.774050705217936
200000 -12.291637086422437
