100 3.8157761529364005
200 4.845790050043502
300 10.431327632726115
400 9.320280199376842
500 4.622579951697535
600 7.022355298646347
700 7.2426046240951845
800 4.950327056785348
900 5.213350381414997
1000 7.403110979423364
1100 8.416560420334099
1200 3.5490028116393058
1300 6.094245165567221
1400 6.191306319772735
1500 9.843542819693829
1600 2.971100236179879
1700 8.557454320657708
1800 7.166501425786221
1900 6.846214120170793
2000 5.283750535506749
2100 6.934640618091347
2200 6.0341503271047525
2300 11.33894285376683
2400 7.527469798388203
2500 5.650057011521236
2600 8.467126044152915
2700 2.3847659090148077
2800 5.195659560596525
2900 7.509908032319532
3000 5.759775106722172
3100 4.704263377575537
3200 6.200023849809356
3300 9.050244644502296
3400 7.1074796630974575
3500 6.980350747165143
3600 7.187813210482736
3700 5.218056870849305
3800 10.396790095331774
3900 6.758455701644729
4000 5.0683141413385435
4100 6.918337291285386
4200 10.446747444948931
4300 5.211779711293801
4400 5.487321557635553
4500 5.57825094815097
4600 5.95232003878278
4700 3.698792604468106
4800 10.298177233028143
4900 9.7660184762599
5000 6.835061610450702
5100 2.7096331058585017
5200 5.374468998538875
5300 7.4260145719161255
5400 7.40367624322867
5500 10.259008357815675
5600 3.90397491958509
5700 4.724717810209228
5800 7.689943829289713
5900 9.572098645949474
6000 5.3215181953601105
6100 4.069241403365101
6200 7.724045451292074
6300 10.219795954403569
6400 4.096153174345075
6500 1.4208684253800592
6600 6.173995524611099
6700 8.934428521447764
6800 5.823702006578534
6900 4.986102403669605
7000 10.083596495109203
7100 3.5096146806039736
7200 2.926865976180969
7300 4.682755810991138
7400 7.613615506383944
7500 2.039141122920727
7600 8.030463235018196
7700 8.700158837173952
7800 5.768113888321188
7900 9.69901934593901
8000 8.020823161016876
8100 7.0915176232704304
8200 5.300299127047051
8300 7.295614030332493
8400 11.85953924200709
8500 5.965123140952701
8600 5.247934916125236
8700 5.940235800719014
8800 5.380366767135623
8900 9.73464635754234
9000 3.240843341478649
9100 7.721663222764542
9200 7.918181319024124
9300 5.390846403425036
9400 3.1800276004221057
9500 4.792003223454925
9600 8.66625742974041
9700 3.286338641092311
9800 4.9066203920600096
9900 7.949583603682472
10000 5.419003503481948
10100 9.918083373818876
10200 9.477436371629647
10300 4.318096846393129
10400 8.431390071694207
10500 1.4140745549438276
10600 4.508259136312031
10700 5.993858511694885
10800 2.9518652599589523
10900 7.4148622529269685
11000 7.882543534423055
11100 2.3802903462308054
11200 10.15627875649713
11300 5.11302646910824
11400 1.8781275829363206
11500 7.124988662430615
11600 3.7984674231707145
11700 3.2818185918469855
11800 8.32739876753441
11900 10.426955182733355
12000 6.3620329113516485
12100 1.7019528474124201
12200 9.74682178052058
12300 6.708978714025885
12400 8.46705067402335
12500 7.541948189155289
12600 1.6746546876051647
12700 3.0810568208554323
12800 4.211010637790134
12900 4.95904816813701
13000 7.414742609337024
13100 1.525045235803451
13200 9.964841500195178
13300 5.470630207137315
13400 4.467197494842005
13500 10.814182019234883
13600 7.6714585374778475
13700 7.5655832047690685
13800 5.189967577676567
13900 8.585769810694357
14000 7.355772727481869
14100 2.0711887676880374
14200 1.6604341196323347
14300 2.5287636272780287
14400 2.944700780996047
14500 2.5393404450423986
14600 3.8771410481369384
14700 8.406507593290094
14800 8.416326170067492
14900 10.17679013623131
15000 2.0597571268859465
15100 1.897070228146045
15200 7.432460420310226
15300 5.924295593341596
15400 3.799157371929624
15500 10.595793988432261
15600 2.1301044298222407
15700 10.13815243524371
15800 8.329904081375547
15900 5.574333790753597
16000 8.640946499769184
16100 8.210089461476558
16200 6.7574745525439015
16300 1.9064952391904817
16400 5.586875277154109
16500 7.120102874265925
16600 6.855700302835682
16700 12.2912497811407
16800 4.831339755820519
16900 8.200769897901653
17000 10.527837362560012
17100 4.160715286392444
17200 6.829942524731271
17300 5.2787640621296985
17400 9.353458600115426
17500 9.795215968307232
17600 10.15625508747089
17700 6.132732804363244
17800 7.595879918683264
17900 6.394534517055638
18000 3.449504418253306
18100 3.5601221468964943
18200 4.506806415618428
18300 5.422732942422009
18400 6.792802035922842
18500 6.3101625870985885
18600 6.050741720797736
18700 8.73007520609958
18800 10.503096630549699
18900 9.805119670598337
19000 7.08497217111888
19100 7.303963163444913
19200 12.647125359111916
19300 6.736000551320703
19400 3.693134117292233
19500 8.423956005080854
19600 -0.25325079754580104
19700 8.66190173016054
19800 3.222401771308403
19900 6.618627680808505
20000 4.692094994286243
20100 10.478741382000813
20200 9.16791666366029
20300 6.46366776788009
20400 1.1252060512717583
20500 7.024311793144897
20600 7.2850908783846915
20700 2.8511686463621944
20800 6.77779851230658
20900 6.655672690527475
21000 8.700206405076296
21100 0.11238528784649637
21200 5.453633136435597
21300 5.575806986842351
21400 6.529509251709839
21500 3.7886245503639366
21600 2.2496731969596246
21700 6.189467905181827
21800 6.9012474481303325
21900 8.953206577252653
22000 4.89936399580988
22100 7.233086463191367
22200 3.57331261937518
22300 7.069226087468559
22400 7.296552164854767
22500 3.975671067142642
22600 7.12192898371786
22700 7.806795586111329
22800 3.192490483346661
22900 6.553527854705873
23000 5.30886705969313
23100 10.898266213190995
23200 5.386246287857818
23300 6.660024447911359
23400 9.601072999772526
23500 6.00148308881058
23600 8.961679840007958
23700 12.562596070470281
23800 4.263386995988184
23900 8.409856307233314
24000 3.5937548233749355
24100 1.568957536879013
24200 11.804007326846438
24300 8.367075377947023
24400 10.915339466909979
24500 7.962427327464717
24600 9.199215319519285
24700 3.866285471756278
24800 6.141203396659135
24900 7.587387142342669
25000 6.886703570176545
25100 6.836513918829558
25200 7.118815940212857
25300 11.980030594892794
25400 5.658835364162703
25500 7.6655080028852405
25600 8.258221495400981
25700 4.279354208977468
25800 5.331742949494092
25900 1.8982654395666527
26000 5.5938427475763675
26100 8.765715895641803
26200 7.7630839753688115
26300 12.22276001445872
26400 8.972100863730734
26500 7.7147419951116385
26600 9.258656407130568
26700 10.216116679896864
26800 8.651338027243442
26900 4.415542773328374
27000 10.519885405365194
27100 6.317212529571668
27200 10.15875808702797
27300 9.358730306591747
27400 4.476434215232661
27500 7.230078126534821
27600 4.019293526828113
27700 6.787924995469032
27800 7.549821316663782
27900 8.724455735036718
28000 3.375110304877626
28100 7.095843142878804
28200 4.6145350436261605
28300 9.012953316521676
28400 5.6832444392804184
28500 4.903927819025201
28600 10.502532336563128
28700 11.706859545737615
28800 2.681514455701105
28900 5.611694580471029
29000 6.506534823768766
29100 10.193552305022655
29200 7.1568483691354094
29300 1.401916216940191
29400 5.5228969307781295
29500 4.999618103088438
29600 9.417787947274368
29700 4.081438686583047
29800 8.280767106679372
29900 11.983756239955904
30000 12.830392724933013
30100 9.588199340306241
30200 8.006774415960024
30300 6.071732948469811
30400 4.6027382633133875
30500 7.468745771935216
30600 6.552786800590824
30700 10.27930282444322
30800 7.160113691687036
30900 5.134406683436838
31000 4.960760961333268
31100 8.724320629714862
31200 3.729974542932697
31300 6.545137439575774
31400 7.526591360601434
31500 5.000376379529964
31600 8.733296216942373
31700 5.289101267564881
31800 2.913687359463889
31900 5.805548881537689
32000 7.335148578912758
32100 9.933710493057017
32200 5.8950756184939115
32300 6.43050067812627
32400 11.756907238401213
32500 9.537467972341004
32600 9.457711487147979
32700 6.924081043178999
32800 10.895508761313973
32900 13.848324736723564
33000 7.6956591471490645
33100 6.914811717384512
33200 8.906385586361802
33300 7.755767348347011
33400 11.14696666173747
33500 5.133661793338666
33600 4.651371910399457
33700 8.723747064574988
33800 7.657506912864562
33900 12.030332897828531
34000 8.246845429577434
34100 11.383250593425
34200 5.480239012047787
34300 9.382979723417028
34400 8.142361171214082
34500 6.284937666565009
34600 4.884516685020733
34700 9.652525034199318
34800 6.460794784326553
34900 3.6741969240153023
35000 12.728073377792386
35100 9.80425571998172
35200 11.438510803695491
35300 2.850508195381359
35400 9.78988472135483
35500 8.99685491853793
35600 12.604325373071589
35700 10.512573062859841
35800 9.465150418137974
35900 8.582231615013207
36000 9.39686997445563
36100 3.2609914659543087
36200 9.790108836901481
36300 5.300583730401764
36400 10.713092246816855
36500 4.469733648658806
36600 7.232939574398754
36700 5.065502401796454
36800 9.000190175786964
36900 9.936850179179697
37000 10.727194436226503
37100 4.337593671002674
37200 8.07644437535695
37300 8.855394719714976
37400 9.403538888063583
37500 5.942614219680259
37600 2.7875876854405512
37700 9.160518576151484
37800 1.5215721809025704
37900 8.154115432723195
38000 4.932642492499051
38100 5.652068663714044
38200 13.085762663721605
38300 9.142016782602845
38400 4.469837954257259
38500 8.72497892291732
38600 6.110759732122941
38700 7.759097655208269
38800 6.905669316052502
38900 7.091969925551916
39000 11.445636521314999
39100 8.51502776451021
39200 8.54241682610937
39300 8.574669605967092
39400 10.364803586536937
39500 1.4325617023478605
39600 4.127197585137577
39700 13.945033361559176
39800 6.2518923920885845
39900 8.14248875132883
40000 8.330557018323429
40100 10.397867318340435
40200 7.454074895783343
40300 5.851634516009263
40400 3.353299938260312
40500 9.865446083259709
40600 7.662130623028554
40700 6.605168245022901
40800 8.803989956357826
40900 4.614671681914649
41000 10.956226587982346
41100 6.756333728541791
41200 9.77432391092981
41300 9.116142914171606
41400 7.790273923398812
41500 10.275785281166247
41600 10.325037047237034
41700 7.740629477376901
41800 9.836085643540077
41900 10.246306990847462
42000 9.231443345195606
42100 4.274123325257005
42200 9.50925948100674
42300 7.9233887597835935
42400 5.193100968434458
42500 7.436547174875763
42600 7.560656344893136
42700 9.721899376762924
42800 8.817704083834748
42900 11.315603827076652
43000 6.978378544464245
43100 9.508932960699944
43200 7.923623267881393
43300 7.496524675373305
43400 4.118302951223088
43500 7.660926613599483
43600 3.675069191713756
43700 7.644402658734498
43800 8.707635628918286
43900 10.135659568709283
44000 10.489034114259404
44100 11.034627086947543
44200 8.910946022433725
44300 10.924350608952567
44400 10.977600414632489
44500 5.85214872882116
44600 4.524512353025959
44700 7.051675563549239
44800 5.758589132898107
44900 13.7253933150971
45000 13.371438340304929
45100 9.068667429854695
45200 11.388764600166601
45300 8.428114136795093
45400 14.023998312436337
45500 10.03710893012875
45600 8.215963988735233
45700 6.614664586033655
45800 4.001630517080667
45900 8.467883573964112
46000 1.8746481628434717
46100 8.181862221767085
46200 6.89387899379118
46300 11.262215896904062
46400 9.349591996095027
46500 8.932624390835814
46600 13.00121903289966
46700 8.171959624879742
46800 11.655560329069324
46900 9.5524417362565
47000 11.130014393634285
47100 6.690630860732467
47200 7.136493204857284
47300 9.821846179412798
47400 9.32038873943187
47500 9.93034213473497
47600 9.867754174434575
47700 10.067094718736259
47800 4.762051253957749
47900 4.246898811628679
48000 6.983936980250439
48100 4.714376742895349
48200 8.3265632681716
48300 6.234553983820273
48400 7.31741459336891
48500 8.53296360633824
48600 8.895152624799078
48700 8.511676927665764
48800 3.875131192631444
48900 9.44414983500382
49000 9.600798379268676
49100 9.86098501374521
49200 7.128248058030351
49300 10.828350403105652
49400 10.143453371235886
49500 6.963665845330813
49600 3.8041317998611075
49700 12.099715015704497
49800 11.733886526263252
49900 6.680224190387811
50000 9.030905450917194
50100 10.41292287283447
50200 7.564982487103676
50300 8.171300193217073
50400 5.909478410512257
50500 10.732840468223692
50600 11.918081211281324
50700 11.185661926948915
50800 7.337801489309584
50900 6.924352462853221
51000 11.143148638028865
51100 7.183632741874543
51200 8.32340849405298
51300 6.993338496640877
51400 9.314867578229308
51500 6.939723665131092
51600 5.814369786732684
51700 12.302048756994887
51800 7.100016561721777
51900 8.77696376570953
52000 10.660301835096892
52100 3.7239186496646033
52200 4.695930025041042
52300 8.94981089503389
52400 10.78018450621588
52500 12.090035734572963
52600 7.9785972198234125
52700 5.671788109494518
52800 9.782966612722761
52900 3.9903217330224994
53000 8.03945881606507
53100 5.75540897143629
53200 6.074266720640645
53300 8.724278179221624
53400 7.504333614386152
53500 11.168435053091136
53600 6.703974642050307
53700 9.893170847294611
53800 5.879237262542577
53900 1.0106054791783965
54000 7.578835876530741
54100 8.115928517804067
54200 11.31199850650096
54300 5.255814713726103
54400 7.9596182165702745
54500 8.676386245327178
54600 10.240681252893678
54700 8.332732536326562
54800 5.583793585260973
54900 11.185567824175912
55000 6.695995012687449
55100 11.54129266553186
55200 10.941800897405244
55300 6.869870365505003
55400 6.006803038367846
55500 10.879397511527408
55600 6.662748858277777
55700 9.126969610931047
55800 5.772739614672456
55900 4.916005544579968
56000 9.31423835805854
56100 8.001283057149807
56200 9.028160460790826
56300 8.7835908117606
56400 9.370911759157634
56500 12.076003149151658
56600 6.221872600975702
56700 10.92635397418927
56800 9.916987739239474
56900 4.096366258006013
57000 10.038313786526661
57100 7.367525231441657
57200 3.5913914598978676
57300 6.08184558303819
57400 6.462594192225792
57500 8.84360598873127
57600 5.884805807210042
57700 7.42144314504848
57800 3.6455721738359244
57900 3.4841932106089635
58000 9.709190782282729
58100 9.997087256199212
58200 9.554938989654145
58300 6.415562899546495
58400 5.7991122140031
58500 9.909422236993649
58600 7.747656754305713
58700 6.22891975460298
58800 6.317736068272863
58900 6.067820913897823
59000 10.391212686700644
59100 12.92893293724593
59200 10.507611723357272
59300 7.149897464566639
59400 3.715445651124432
59500 6.150883293597042
59600 7.428380935040661
59700 8.849717822763356
59800 6.918203350133546
59900 7.299795748649315
60000 10.631685316593678
60100 6.803503163774783
60200 5.877036583230733
60300 10.21247685892606
60400 8.368196042873713
60500 7.771570458436978
60600 2.0680121449322395
60700 10.71707256535213
60800 8.730378660446718
60900 8.854412759958805
61000 9.038461601440376
61100 6.947753386719271
61200 2.7694989400999175
61300 11.704063532804087
61400 4.411118778994669
61500 9.193920621248981
61600 12.205053471720348
61700 8.328906182715771
61800 8.709647165214832
61900 6.539274469380807
62000 8.232727215201814
62100 9.780456315926426
62200 10.587488865714088
62300 8.604307802669785
62400 5.695959740361727
62500 3.33268905067554
62600 8.512155894896662
62700 10.191864502514106
62800 9.42365373181562
62900 3.6444076388601756
63000 9.938314349945744
63100 2.454472766944559
63200 7.302139836210211
63300 7.656711711637073
63400 7.496581857463555
63500 2.2195908893997793
63600 8.34707193882415
63700 10.191813112250994
63800 10.36989474197756
63900 9.6428010365478
64000 8.964298671389553
64100 5.9934509910072356
64200 7.593485321691839
64300 8.09342827038905
64400 11.672388511479644
64500 6.48737246911785
64600 9.042496514484071
64700 5.30135013652158
64800 6.02243152173669
64900 9.912339810414814
65000 5.227786254874154
65100 7.555981300236165
65200 8.912511638482917
65300 7.866556559841734
65400 8.447984668778334
65500 10.646567994847487
65600 9.00374694307604
65700 9.31555692583936
65800 8.686631788071825
65900 11.315516378409203
66000 5.382072154365331
66100 6.181057363485406
66200 6.426050826099697
66300 9.104114067681516
66400 7.871220300149372
66500 6.332619635684657
66600 11.642925422859202
66700 8.874607184040302
66800 11.342860542135021
66900 10.659105222536281
67000 5.938183987793846
67100 8.560563376982163
67200 5.913131976639767
67300 7.759877120934476
67400 9.266819445612823
67500 5.056852516450491
67600 5.003800834738653
67700 7.19512570209967
67800 9.795191112148611
67900 11.333978236919556
68000 10.09086205664321
68100 11.009732921823876
68200 5.159686549837746
68300 8.051904419407302
68400 5.706392721403139
68500 12.231997001487851
68600 9.631245346599972
68700 8.459831499557655
68800 3.9967273537577546
68900 7.422125953818346
69000 4.962650981989656
69100 11.808140390304198
69200 11.323683553227408
69300 3.462052961599618
69400 8.519045019296485
69500 3.7412043002549997
69600 5.458430157050377
69700 7.079546411739109
69800 8.192781501626024
69900 6.920604271020788
70000 3.514596992911866
70100 10.226602862694582
70200 5.436021548674361
70300 12.023625422746699
70400 5.573032899410406
70500 9.721698262770245
70600 8.826279654762002
70700 9.949238443487713
70800 11.937683665997671
70900 6.24105853856611
71000 8.604376360457314
71100 9.244430901468405
71200 6.881626680290808
71300 10.637025002869718
71400 7.693846797726047
71500 8.40385490547651
71600 12.048329311578199
71700 9.835535831815674
71800 7.685009577255258
71900 5.38185634176591
72000 3.5099565390378435
72100 10.685852264439148
72200 10.011918490649618
72300 11.545864267631512
72400 7.28905453023746
72500 8.006353390249986
72600 10.629463534168371
72700 7.429222942591906
72800 11.980046704716594
72900 6.136356481755701
73000 5.48591848692495
73100 5.775284881561439
73200 3.341775899611155
73300 5.457191420753071
73400 4.703702725658125
73500 5.809176613339105
73600 4.650139556937529
73700 5.167669647547135
73800 8.121873814434176
73900 5.844134558661325
74000 10.204000176820848
74100 9.258598858224106
74200 8.509043515929466
74300 4.8222120290512285
74400 9.630333217036958
74500 9.314307315129378
74600 4.5957733213540655
74700 11.93615332756153
74800 6.765085155540941
74900 9.756087295560471
75000 7.05516813409501
75100 11.012642448671249
75200 4.567497721142918
75300 3.4936396308865585
75400 10.274981375062989
75500 10.142708598095771
75600 7.626322403732393
75700 11.173947772732676
75800 7.703077783775579
75900 7.188082378046482
76000 8.40687282106883
76100 8.277010359376822
76200 5.838290110908553
76300 7.4578941451612
76400 3.9275275983233597
76500 10.017810093242012
76600 4.174690308640153
76700 12.934750136401444
76800 8.203408568393625
76900 11.807299549524231
77000 8.090382592454937
77100 4.047821587867181
77200 3.839461168920623
77300 7.845434173146872
77400 9.446814259025274
77500 7.96270290482424
77600 6.871571910569898
77700 8.067050243697485
77800 6.864710768606338
77900 14.14340841526473
78000 6.927828484841361
78100 9.238197759830898
78200 0.8763057899928928
78300 11.148797117729146
78400 8.197872474288769
78500 6.214106505994502
78600 12.376573688507063
78700 10.659423344011149
78800 7.599461794013446
78900 9.201001194380394
79000 5.153237499363386
79100 13.719447687182933
79200 9.91486136445703
79300 10.696804356331555
79400 3.5499137801908094
79500 6.755228840663516
79600 6.805242430706583
79700 8.37251360063565
79800 5.821072745581741
79900 3.535889350408805
80000 11.027264314883562
80100 9.922655261896532
80200 6.061067509446155
80300 10.818817353405
80400 6.020218146736612
80500 11.003702964472039
80600 11.355988489396008
80700 8.213394561954217
80800 6.972761777671293
80900 8.637680631689898
81000 9.28308294060467
81100 6.710263724322164
81200 3.802018423224757
81300 10.764120700412215
81400 5.86179519402465
81500 9.436858073324794
81600 4.71725269436406
81700 7.630367766123403
81800 9.518275901515066
81900 11.392616182619523
82000 12.798937325120496
82100 9.70555545718198
82200 5.6795666281500194
82300 9.65276617619889
82400 10.086984724514487
82500 11.629631807918344
82600 5.114447568947503
82700 4.968928152092709
82800 10.065753045291123
82900 9.7994459896366
83000 4.935054455985456
83100 8.919878678971402
83200 7.420505685704715
83300 6.505286439477223
83400 3.9634941538749455
83500 3.3319597403674206
83600 5.351884322876773
83700 6.581376796537807
83800 3.4811691037797936
83900 11.041961114939232
84000 6.512060911758587
84100 8.002174219050831
84200 9.970740250187747
84300 9.327412061480468
84400 5.040355093288449
84500 7.768015732924643
84600 6.8264443426655514
84700 2.5832013023582276
84800 3.5149479325958386
84900 8.813108598341973
85000 8.08867935440335
85100 10.623582280365367
85200 5.5647803609215085
85300 3.594854165971302
85400 10.317620967305633
85500 9.934322356021559
85600 7.2688730049377295
85700 12.0691156301003
85800 6.1659931174583225
85900 5.736073442717062
86000 7.505403299320122
86100 6.544368828044773
86200 8.70684709046163
86300 4.945988329340704
86400 7.381205202372078
86500 8.20521346651217
86600 8.806823435377595
86700 8.470946161121297
86800 11.978015988660342
86900 8.915534725749119
87000 5.039447008577058
87100 4.868220720438933
87200 9.425801638697562
87300 7.068936123305958
87400 7.700040260070406
87500 6.165247757276115
87600 9.885018616676806
87700 5.125155937067486
87800 3.606817919100958
87900 6.490654305223746
88000 9.582232985592388
88100 8.152290356816888
88200 7.1917812365056495
88300 5.961047628092929
88400 8.08539424714675
88500 8.965006940941294
88600 3.3022247781519707
88700 7.828272050538001
88800 7.245675845971098
88900 10.743032937403308
89000 8.952941536377333
89100 10.544405226537279
89200 7.559591312366024
89300 9.133370726874997
89400 8.600317712513117
89500 6.455842444387117
89600 10.520815987614828
89700 7.908253998868965
89800 7.212155098759708
89900 7.60768684647668
90000 11.604204439924333
90100 8.530773945495895
90200 11.467607389452311
90300 8.25932095211439
90400 8.356358383310484
90500 8.980613181964973
90600 6.017498277304336
90700 8.108619223337422
90800 7.814035210094118
90900 9.790157581030444
91000 3.852075289309911
91100 8.852544401537179
91200 11.796725890275752
91300 7.848995416494679
91400 9.904805364076305
91500 7.934642418786472
91600 10.074729706293628
91700 7.641033153537876
91800 3.7083744165662287
91900 7.4965705564012195
92000 6.52480344262056
92100 12.832724490246438
92200 5.609996985231242
92300 7.688204360456471
92400 6.59803976511226
92500 5.698530165579581
92600 3.5288743248921786
92700 9.664272476718365
92800 5.542286770233256
92900 8.26645950718126
93000 3.4820474739330165
93100 8.171235795803781
93200 9.932423554704863
93300 11.081283694335683
93400 8.219517505004237
93500 11.18666473348417
93600 8.216352368513354
93700 4.572437338240757
93800 11.056118317481767
93900 12.900356718897607
94000 11.598823946003362
94100 7.092206549196762
94200 10.246822835234374
94300 10.16949673052174
94400 8.467717924033664
94500 10.949637853645742
94600 7.98403474157329
94700 10.980433641857186
94800 6.735198290366219
94900 10.591407478882655
95000 1.994199463753017
95100 11.364194699372744
95200 7.142687827180165
95300 5.609398281659767
95400 8.13299792655133
95500 9.23988488293917
95600 13.731761256880722
95700 8.663156950132867
95800 8.704213403470154
95900 6.748745611410909
96000 7.014199485119489
96100 7.145873519297088
96200 7.960532161625663
96300 7.563600763233309
96400 5.963094699216389
96500 7.419866334251668
96600 7.143446395460691
96700 9.694518194208028
96800 5.173527126307467
96900 4.837987653974815
97000 4.436201924801997
97100 9.677771895889933
97200 8.64845181629554
97300 12.637954711987687
97400 11.03333663018065
97500 6.751175146656333
97600 7.5489685038171945
97700 7.814885276923615
97800 4.497752405788071
97900 7.168484063364989
98000 7.430937050003136
98100 7.219656845330454
98200 10.327565764046486
98300 9.642162546557282
98400 5.340761335173465
98500 9.749129744646977
98600 4.044586425241464
98700 6.373402524657692
98800 6.653443868818123
98900 8.417244784184708
99000 10.97874943146594
99100 10.672837164451197
99200 7.86105996210562
99300 8.152509969603319
99400 2.231429818965221
99500 7.741451551363683
99600 7.148348612323357
99700 6.764032576157651
99800 5.592309213084021
99900 7.966577915094992
100000 10.970537091420846
100100 9.40483426409972
100200 10.486585009591048
100300 11.436445872051479
100400 8.608396392148306
100500 6.654645615241357
100600 8.314345268967699
100700 3.958964828873939
100800 6.0098097906621515
100900 5.690367127451203
101000 12.17614612140348
101100 3.133448389654439
101200 10.832707061651305
101300 9.091353909994005
101400 -0.3901685237346295
101500 6.977555564530561
101600 6.224372138976262
101700 7.3513890485727105
101800 4.801183176458155
101900 6.850141128148347
102000 9.03241569418437
102100 5.810333140545886
102200 7.849789575362935
102300 10.147201134275136
102400 7.665595672063537
102500 10.488508253385648
102600 6.824966093695846
102700 6.606379635229484
102800 6.540460835316843
102900 4.968174324612917
103000 8.79511948334805
103100 9.877053997801477
103200 4.554474051703223
103300 7.543364535207383
103400 0.43693012855283647
103500 8.856224409759173
103600 10.577646303968638
103700 12.690147458204672
103800 6.068919499650114
103900 11.149744864722532
104000 7.553724455059848
104100 9.589999903270652
104200 5.714653797631442
104300 5.4092618148484695
104400 12.659277720507138
104500 8.341501421642661
104600 11.371572385660459
104700 2.1673536929618993
104800 5.411829490610848
104900 10.648615753828542
105000 8.88459062719603
105100 11.870797384996028
105200 7.6985189279086645
105300 7.074180188659094
105400 7.7595271667278825
105500 9.848873490613016
105600 10.252106370141483
105700 8.426827380198606
105800 11.662088558556837
105900 7.090316301664995
106000 9.666138551796822
106100 8.648691448175356
106200 12.197959052640943
106300 10.436724441159459
106400 7.418764378764334
106500 9.479991294700854
106600 6.861633740846727
106700 5.76308936437252
106800 8.904681907441322
106900 6.279794672031427
107000 9.745169933007858
107100 9.893387603462255
107200 9.004387805514972
107300 7.328287219192816
107400 11.157093939839003
107500 7.634463186054948
107600 7.968901737905685
107700 10.730859322781928
107800 2.2836134468619664
107900 5.008729456787619
108000 13.09283029092497
108100 7.281358342065927
108200 6.03514436404876
108300 10.065812594565454
108400 10.882741473047796
108500 8.514614542775437
108600 5.452384827763611
108700 7.1698436179406055
108800 9.197010737250205
108900 8.097878148571702
109000 11.209925834954737
109100 7.854251661266854
109200 5.840773786747743
109300 9.289431139037015
109400 5.841445014720612
109500 4.456261477036576
109600 6.506101428616317
109700 13.09970878134265
109800 7.755231955037341
109900 6.164848526272413
110000 8.272138515075202
110100 10.828194276925084
110200 11.004250736918957
110300 10.200672842465243
110400 11.439613442938038
110500 9.76497620647242
110600 10.37856794972554
110700 6.439272552035408
110800 7.279243491699079
110900 8.80494809056175
111000 4.83455825188611
111100 11.801945329795279
111200 12.893172191001694
111300 11.119645365008878
111400 7.769257319622612
111500 3.325847260318155
111600 5.708288439281062
111700 11.54947190278547
111800 6.221335902587911
111900 9.18954387282089
112000 9.142707950445761
112100 8.940838603112988
112200 12.284329106352356
112300 8.123242116988855
112400 9.052736214385048
112500 5.598500709618671
112600 6.268237844107333
112700 8.206483661261926
112800 6.201294284513834
112900 7.087966187662465
113000 4.852354384657615
113100 5.779686541028501
113200 7.684026093809371
113300 1.6363282162554738
113400 4.575657306987563
113500 8.737827835152121
113600 5.106990900207433
113700 5.149127475910024
113800 7.15654329011552
113900 10.833927369922542
114000 10.499364562789742
114100 10.343620871104276
114200 1.3388642658218415
114300 10.260479309115697
114400 6.931691017898087
114500 10.165889529540612
114600 9.754892798730515
114700 8.447277854459887
114800 10.214096577716653
114900 6.022597829810534
115000 12.093638325907143
115100 13.4569745457677
115200 8.128619996299243
115300 11.211617425055485
115400 11.433709074196097
115500 3.9656280258994223
115600 9.29971861958673
115700 5.105008747797266
115800 7.605071126463327
115900 10.364487768848583
116000 7.0122262482923965
116100 3.0531941814555004
116200 7.432694161414605
116300 5.431825635907693
116400 4.433059263038877
116500 4.926494647732728
116600 5.438559030808928
116700 3.399190349859572
116800 5.563218446151007
116900 5.577176187191958
117000 9.856039052540012
117100 6.156933450660841
117200 5.050790665870315
117300 10.402885042686892
117400 7.2905013264896645
117500 11.550055963835037
117600 8.207339189468842
117700 4.864299322750476
117800 4.6628831157396595
117900 4.036204746733803
118000 7.3028352939266075
118100 12.9555569866457
118200 9.345847356563478
118300 6.7898219133123074
118400 6.064207290889752
118500 7.101559737335982
118600 9.390675871037342
118700 7.893488117366228
118800 11.11764364824198
118900 6.4018722889865245
119000 4.103066274963673
119100 12.005973113621609
119200 11.657502650171015
119300 12.178117413831455
119400 12.43200071805536
119500 6.8277264353855625
119600 4.996036801608744
119700 8.389772486490195
119800 2.5610725554561893
119900 9.721174291007271
120000 9.355201795205828
120100 7.477528969849928
120200 9.02947148631753
120300 8.748254247198625
120400 11.207741837908653
120500 7.400498171960094
120600 8.332163059270277
120700 10.390239699548314
120800 6.5397551985780265
120900 6.670221296587707
121000 11.873536536166476
121100 12.056823289529223
121200 7.759304460223731
121300 7.342178924979637
121400 3.5973606823010686
121500 8.408980738914217
121600 11.75738621146334
121700 9.860589326261538
121800 8.109775686174162
121900 7.172679812495212
122000 9.673059145127905
122100 7.196524347679793
122200 6.070056794897215
122300 8.347580312056582
122400 11.477389931138434
122500 7.692174047844954
122600 9.53825641764785
122700 9.899665413811979
122800 7.999468318875261
122900 8.107000849141833
123000 9.379868180348812
123100 4.812382307427182
123200 9.66526530897099
123300 7.911585379881254
123400 10.63987989080922
123500 5.392697731121768
123600 10.375919272719988
123700 12.522500380175025
123800 10.751970316830132
123900 8.92719302936947
124000 10.269211381637632
124100 9.392221406356564
124200 12.081755620975345
124300 9.387037201490195
124400 9.483962153169035
124500 7.2935163799910185
124600 8.84834662433763
124700 6.383859910954903
124800 6.661995577072879
124900 8.786797956341827
125000 8.805815166234131
125100 9.568727120993378
125200 6.84012469178978
125300 14.453256120003049
125400 5.012670673630051
125500 8.636232578260366
125600 12.898355015160845
125700 12.413564938274467
125800 13.25205424245671
125900 5.999876219211182
126000 7.231448283985862
126100 9.62798179121788
126200 12.826496574904395
126300 7.1824453557187145
126400 10.946814437325136
126500 9.677138335176787
126600 0.10066638623458707
126700 9.39718871304311
126800 9.089739409319293
126900 8.048376929498378
127000 2.0707416014251105
127100 0.6216238965133916
127200 8.673380870270515
127300 6.968631674453916
127400 7.382872632018627
127500 9.432864168898751
127600 11.490908912072195
127700 6.6873633517910225
127800 10.270220101593738
127900 8.818890967110953
128000 8.01074869502362
128100 5.509711661122607
128200 7.812132869026026
128300 12.060044327245771
128400 8.120171826331502
128500 6.210436353077286
128600 9.828882468160103
128700 8.946543942398415
128800 7.555104454409172
128900 7.083614591631105
129000 5.876100239054315
129100 4.053719362858486
129200 4.716026299154272
129300 12.499378797011332
129400 13.712439994301722
129500 9.099835175683221
129600 7.784253298487677
129700 11.231800805106383
129800 12.268925209616897
129900 12.616813695312585
130000 2.110318798767415
130100 6.4054411307884385
130200 5.326203139691123
130300 3.7035657180782326
130400 9.879449806199212
130500 11.26282367434053
130600 5.70073653271094
130700 5.223964347006459
130800 12.13433024223181
130900 7.108639800174156
131000 7.329179516882738
131100 6.656304826572489
131200 11.326074429560348
131300 9.445361368908975
131400 2.973410598999987
131500 7.307199843936174
131600 13.065618183333305
131700 3.636762731068929
131800 9.84888583590989
131900 7.004262790046077
132000 8.104986243447371
132100 7.616077486101568
132200 6.759278648239049
132300 7.233939398025486
132400 5.774301392899793
132500 6.243621758294785
132600 8.835464854017026
132700 6.71596674688465
132800 11.386175827576102
132900 8.32434387630733
133000 5.499626569049082
133100 6.762785184574357
133200 12.40535339936105
133300 7.926964295509163
133400 8.146239685110332
133500 6.445665795971449
133600 5.121324883203822
133700 11.428203849116118
133800 5.074712615056796
133900 5.551499099378498
134000 10.592557545106894
134100 9.11453145863833
134200 9.143958578524304
134300 7.149981205316241
134400 7.841750283214715
134500 8.904786180461445
134600 7.488785531687878
134700 6.677875712113976
134800 0.03283371576793637
134900 7.278954027954095
135000 5.387460956254046
135100 10.001312153105307
135200 7.158156216238298
135300 5.310772103873148
135400 11.40272130406193
135500 7.463018283645142
135600 10.651792085491893
135700 10.547163731093024
135800 5.5871647276312055
135900 4.058932256035094
136000 7.467553733739283
136100 9.993745226007224
136200 3.9034433150276917
136300 11.773403441852073
136400 7.079219713412499
136500 7.281097150096774
136600 7.270088647020657
136700 10.817483031824478
136800 8.844631166120433
136900 5.840064135914702
137000 9.174348332347297
137100 10.340334565489892
137200 8.72852996360719
137300 8.783223789426492
137400 9.76662393258134
137500 8.233115465645183
137600 10.641915990032848
137700 8.910533602674123
137800 8.030696889468796
137900 9.125428697063704
138000 4.942918778750882
138100 6.905339485770771
138200 9.118102862349996
138300 9.81858621214631
138400 6.604347644412085
138500 9.523142255301327
138600 7.01291439116969
138700 9.416932973596408
138800 9.131951270534312
138900 7.537392086032944
139000 6.431605531681852
139100 9.4185717883764
139200 8.923307960122687
139300 6.198882292071059
139400 8.9595022298255
139500 11.488529268169554
139600 5.212699362112059
139700 11.161170083271465
139800 10.580943764193162
139900 2.133805734939015
140000 8.022775544602842
140100 8.749458020253645
140200 6.413966593692018
140300 7.664458021436239
140400 6.345384675220549
140500 9.76247729823297
140600 6.8442212818774735
140700 8.562606119998097
140800 8.620678952063674
140900 7.089814003214836
141000 7.108730538077051
141100 7.48657950227479
141200 8.869215917764187
141300 11.076240842158187
141400 7.882661487069365
141500 7.869741232770066
141600 7.84279124001773
141700 6.519308003048692
141800 10.599315972435626
141900 11.720352760205767
142000 11.005610900220681
142100 11.921868084004293
142200 7.370351531400931
142300 5.910240415531781
142400 7.5157117716588
142500 9.406984515900792
142600 5.164901884429831
142700 9.90028717113046
142800 12.828320488363959
142900 11.935735124905008
143000 11.210808028902695
143100 12.305912532335988
143200 8.753492046305777
143300 8.142173320223346
143400 6.58454396489913
143500 7.210064642555899
143600 10.78516880160982
143700 5.269877193991861
143800 8.42679549409563
143900 4.283401739705499
144000 7.611802479862075
144100 5.667094107079618
144200 8.094808797019077
144300 8.531225619826326
144400 9.706689332632985
144500 4.171019654677664
144600 5.073483713808073
144700 8.608063763255121
144800 10.932748490733971
144900 3.500835097825241
145000 6.116112110972496
145100 5.589687759044629
145200 1.9196222686163682
145300 2.9000403070095535
145400 11.639550895601426
145500 6.610420718571469
145600 7.53289204799589
145700 6.645235216397035
145800 9.311521315616378
145900 5.197848976784858
146000 11.288780421969129
146100 5.408802370824695
146200 8.574719603790616
146300 5.821758036161344
146400 11.916656053789856
146500 9.041567513933078
146600 9.869677716554417
146700 5.751625560348118
146800 8.776979691429469
146900 5.897528080554745
147000 9.111882053324479
147100 10.886620099796325
147200 6.364762145971939
147300 11.602510246504306
147400 1.5860923366610615
147500 4.1793225491995445
147600 6.706438705070059
147700 9.346607155149012
147800 10.679287187714
147900 10.137239168028328
148000 6.3373134754202844
148100 6.735761301813978
148200 11.388015071091306
148300 11.963579972603537
148400 5.280628006072227
148500 5.408389338817738
148600 9.016804077776175
148700 11.287325745623804
148800 8.677761796977185
148900 9.320370221771906
149000 4.128160758067818
149100 6.363983502372145
149200 6.398867882380403
149300 9.706244302676955
149400 6.139926967364737
149500 7.506338457628502
149600 10.39838700713446
149700 12.004402392980444
149800 6.843030376284148
149900 11.585084841198208
150000 7.479173269821257
150100 5.345900199371594
150200 5.376914699595631
150300 6.622998166149687
150400 6.9858962319270015
150500 10.447834626469708
150600 10.476882938505103
150700 7.785170363675823
150800 8.238536075454459
150900 9.224828026254713
151000 4.075920764986343
151100 8.056687222389534
151200 10.265256609471905
151300 6.413792192923901
151400 9.587466272279848
151500 7.432279561309062
151600 7.947272242483544
151700 9.298541240017649
151800 11.866672048821897
151900 9.53330028497501
152000 10.904278665919161
152100 9.03131431474366
152200 9.781026470438231
152300 6.200979975949869
152400 12.061393071170468
152500 9.59433747652159
152600 7.932757154583394
152700 6.107377350605937
152800 7.470366340900334
152900 12.949529319508896
153000 9.60047317413936
153100 8.254160476641884
153200 6.368177220047327
153300 5.158231782353286
153400 8.08230297120269
153500 9.766337073778049
153600 7.840368793251708
153700 11.280160462660156
153800 6.496236039798471
153900 12.768062434718491
154000 13.932316703983066
154100 3.6778911553429903
154200 4.300041783414711
154300 7.26062083500591
154400 7.108359436217313
154500 6.460304605860532
154600 10.120442432075624
154700 3.4237249443666564
154800 6.686161638545456
154900 4.611215592299253
155000 9.222331260842829
155100 11.569898464230448
155200 8.649728055566051
155300 5.383120068867785
155400 7.066600522477207
155500 8.132789713568144
155600 8.970558651004215
155700 7.947457691290032
155800 6.74150165732539
155900 6.357991511422325
156000 8.16403058051853
156100 12.982490377945554
156200 7.041863928002937
156300 6.7503653525390135
156400 7.276177035634429
156500 5.1678081883744635
156600 6.59723308496784
156700 6.276597158847752
156800 9.888766701474767
156900 7.2141263814005505
157000 6.803892047189222
157100 7.617236660851447
157200 9.237063113286093
157300 6.825250580830021
157400 5.8264266529936
157500 4.31162141363515
157600 6.639380193427881
157700 8.04625552865757
157800 6.8225108921885855
157900 9.91067963963661
158000 5.656899961898791
158100 7.025594748527027
158200 9.303962756156247
158300 6.190411476791935
158400 7.10523172928813
158500 9.785304363130605
158600 5.649124214751819
158700 10.256030472149108
158800 8.354823654622736
158900 6.123590889580646
159000 12.648529108561892
159100 13.362218610787671
159200 7.705750767718582
159300 7.069092568082266
159400 10.704409536852326
159500 8.081009216549413
159600 7.581719914729428
159700 7.823534490288912
159800 3.702573658680517
159900 7.494237359522082
160000 7.752688933527121
160100 9.355997331216235
160200 14.492965493781945
160300 8.462078584514066
160400 10.867541613058599
160500 9.516641924124364
160600 9.36944992953197
160700 11.698982737986578
160800 8.461187372474686
160900 8.53073691953698
161000 4.920253079011816
161100 8.460525520846536
161200 7.385277293522256
161300 12.365171295033006
161400 4.06924116346323
161500 7.279740311660577
161600 8.385026919836134
161700 6.188802506261137
161800 13.025437877815548
161900 7.106547071892587
162000 8.529374760234957
162100 10.96286387013587
162200 9.087530272153659
162300 5.476440889724789
162400 11.778943162200356
162500 10.714536758230317
162600 5.136072858396533
162700 8.822381137573837
162800 9.980658337525574
162900 4.906756437970307
163000 6.30414595683974
163100 6.098509633812721
163200 7.2833496541247404
163300 7.631219406368684
163400 10.56470033079661
163500 3.561804588476297
163600 11.4939973005186
163700 9.700183401483885
163800 9.761515824404299
163900 9.058591091682837
164000 10.195312800046251
164100 10.62912692016098
164200 11.029587069742162
164300 10.792248085877814
164400 8.341065538535524
164500 12.115662743469791
164600 8.452941505379703
164700 4.993082032412782
164800 9.626238799649062
164900 11.02991378000746
165000 9.047475263597748
165100 12.197898258581414
165200 11.248913818785988
165300 9.49972008484827
165400 9.176216722837053
165500 5.50000681142093
165600 7.600050099851129
165700 8.349291202589631
165800 8.43748396412675
165900 9.837913124501073
166000 6.042580284339287
166100 6.149977381799284
166200 2.3349484629915542
166300 11.589113728387302
166400 8.413380035862165
166500 6.922680843167361
166600 6.608933257005595
166700 7.987003495436905
166800 10.27427754639982
166900 7.2704860824157755
167000 8.405966966316718
167100 6.262660128426264
167200 9.50030526061523
167300 10.307661450983543
167400 9.037986137795752
167500 8.22896923783283
167600 2.6550156964572653
167700 5.486238855755943
167800 6.972148806201937
167900 8.61301410798211
168000 7.4089690087896285
168100 9.70216359475319
168200 8.880406111334015
168300 5.155542463092223
168400 10.361229107748592
168500 9.776291448709076
168600 12.614886009148426
168700 10.477406947670785
168800 8.979074506676266
168900 7.517932031234352
169000 4.4317690635210445
169100 11.041144930457751
169200 13.420009227099868
169300 10.207358434215577
169400 5.151814141748023
169500 8.92912913053949
169600 10.19373834232715
169700 8.4938590517426
169800 4.59258740777401
169900 8.727012481628412
170000 9.443739771043106
170100 5.125996209123871
170200 6.051249092252077
170300 12.652418009005768
170400 10.390926941527724
170500 9.44806157729451
170600 9.299021220991756
170700 7.525035527392747
170800 10.610684175095491
170900 8.78435467704583
171000 6.065986727921258
171100 9.839363101426933
171200 11.27882149743934
171300 5.869206064033666
171400 8.7486684273859
171500 10.681355825742292
171600 7.982611258812409
171700 9.530645663801293
171800 7.526070305640204
171900 10.678697138828047
172000 11.305352377980942
172100 5.518848473107925
172200 9.474560739661458
172300 8.487918159618348
172400 10.800090012917833
172500 9.661060430375306
172600 13.255711380349329
172700 11.460640769084948
172800 9.706232607856833
172900 9.886385029227851
173000 5.666826277320428
173100 12.31770327319058
173200 3.962842009154403
173300 6.640652563583641
173400 9.061869181291987
173500 10.417348022231831
173600 9.952207242092072
173700 9.881923748262404
173800 8.664015462208136
173900 10.161973080659594
174000 10.977280691488035
174100 10.253049819970027
174200 12.20059429888834
174300 11.823802063184663
174400 6.6825456660606015
174500 11.235716037415202
174600 7.126181545354427
174700 4.492849065555425
174800 3.2122304055063373
174900 10.13249593800326
175000 13.736441874385628
175100 5.140945819673455
175200 12.929954852873992
175300 8.43059956050309
175400 6.4228971915941
175500 8.306053810361067
175600 8.22722348208688
175700 9.679670564079737
175800 7.257688968059022
175900 5.615251592140128
176000 10.775964955989911
176100 12.74054384654358
176200 11.502447460973334
176300 7.552309920567768
176400 5.923960118406772
176500 5.4248181078011335
176600 10.426630298093746
176700 5.883990452998606
176800 7.491523151201191
176900 9.345778860022913
177000 9.592681408469366
177100 10.015915567910472
177200 7.286647485183131
177300 10.62221241609973
177400 7.091994739293887
177500 9.529303207044883
177600 7.080406057119174
177700 7.9325864401304695
177800 1.5717143480070717
177900 5.225273597323639
178000 12.561200360958857
178100 5.571800478986016
178200 7.776990209320745
178300 8.62578726444045
178400 8.764180629910854
178500 7.824877079790719
178600 3.0160670295636147
178700 5.070049585561413
178800 12.880334798661032
178900 7.378888112081897
179000 9.290247010314904
179100 8.167321155668219
179200 15.659263897946104
179300 11.032448654934353
179400 9.949264681148012
179500 11.663416392882185
179600 8.203360652510474
179700 5.794935837795617
179800 11.422248250377844
179900 8.116281814809197
180000 7.254034686524962
180100 7.081042460594125
180200 6.560493019337992
180300 8.50615953637594
180400 9.630871738916307
180500 9.20806654622723
180600 10.884282083957055
180700 9.769989390805229
180800 10.785937889063499
180900 9.731326825272761
181000 8.857170406196834
181100 9.09150222016004
181200 8.386320982640674
181300 9.620884940013386
181400 8.121492487406414
181500 6.608432635173929
181600 10.09920916561379
181700 7.921684003590503
181800 8.431235157122426
181900 13.334395009677603
182000 12.933859745051077
182100 11.183497538229721
182200 10.794291288902542
182300 8.041358765438643
182400 9.592897186265134
182500 10.002506496168964
182600 10.069844782865863
182700 7.151334718908291
182800 8.436636034933858
182900 7.942202348421686
183000 8.172059548804938
183100 12.14815606108737
183200 8.974438805071017
183300 10.397162090973856
183400 7.219904112752033
183500 9.472687727538444
183600 10.03229226707601
183700 9.432098261336527
183800 9.725930125753214
183900 7.149380404503274
184000 6.950829683454428
184100 9.47251770908815
184200 8.949119519016229
184300 8.10795333719594
184400 14.399579786990005
184500 8.782411585469514
184600 10.018612433936255
184700 9.662099485666305
184800 3.1722076178782093
184900 9.72439274892911
185000 6.676742114824513
185100 9.488571137295374
185200 9.155803695119882
185300 5.055238455382985
185400 5.6318691492364685
185500 7.278517857593439
185600 5.9017377035821195
185700 8.129542158078241
185800 6.480665118664308
185900 3.5326980310225395
186000 9.84863038896518
186100 3.99283688586753
186200 13.436719944959721
186300 7.50688165984267
186400 8.799140933788946
186500 8.690889800070575
186600 8.864786247555937
186700 7.115389862929481
186800 11.12447318085545
186900 9.119444912077716
187000 12.871295936422682
187100 12.879137934908615
187200 9.792676169189491
187300 8.620707827170467
187400 11.120104460403486
187500 7.985878144132618
187600 7.936007025788762
187700 9.522170988923309
187800 7.754976407326078
187900 5.562796839073165
188000 12.912913723290364
188100 10.39260914146988
188200 9.844461676069844
188300 9.66629004002897
188400 3.0056133304956467
188500 8.81658566132061
188600 9.519245001913978
188700 13.604802594343656
188800 11.150391337378515
188900 10.94018330512675
189000 5.395052545457576
189100 7.763702472075012
189200 7.291004832478538
189300 10.218292501608987
189400 13.293538781205253
189500 5.475060291118545
189600 12.73174169019527
189700 11.175196977594005
189800 8.021314471847257
189900 7.824010466624299
190000 6.54077098039143
190100 13.413729520444894
190200 11.037634194040859
190300 14.940543644701453
190400 9.880617849026013
190500 12.245129456642442
190600 6.3497164189906865
190700 7.1142757091552475
190800 10.712063307736697
190900 8.72324890453615
191000 6.614532306111155
191100 10.886571597082742
191200 10.230030268171818
191300 9.650265590920425
191400 6.803833051242299
191500 10.660883654018637
191600 6.060788391976278
191700 8.810506381937042
191800 14.044860160613307
191900 5.485152456813775
192000 6.166606104128265
192100 6.949217423646213
192200 11.23902143257787
192300 13.072375109401614
192400 8.787071443269953
192500 5.547189546104431
192600 6.160131321519323
192700 11.4484946045588
192800 7.620247405268513
192900 14.411641786843731
193000 9.505021660849131
193100 8.848298726836882
193200 9.406473108843139
193300 9.328105561051213
193400 6.457436109128498
193500 14.581711545176594
193600 12.819605323329867
193700 11.747444824257206
193800 5.530298588812641
193900 12.448613032643879
194000 6.516142564534554
194100 7.257027285428933
194200 6.549614122593894
194300 8.447341815533123
194400 10.087520954505722
194500 6.3112802590932695
194600 7.801079094261922
194700 7.575864656544234
194800 11.566295003076773
194900 9.394992819130803
195000 11.92883940494551
195100 10.537235270215342
195200 10.400625543667733
195300 6.961132012416418
195400 6.909300266064828
195500 10.96642581403649
195600 8.564201199070267
195700 12.494532129483051
195800 5.927343560772733
195900 2.3275391541562485
196000 13.092049807390977
196100 10.257050057148321
196200 8.544152475052934
196300 10.661694328997614
196400 8.899026348121494
196500 7.053873680902326
196600 8.68447975906604
196700 8.988324478717116
196800 9.086301413881984
196900 12.357593648964123
197000 5.083964120845138
197100 7.9639540475415584
197200 11.912010103874294
197300 9.421445597440131
197400 7.069845132910912
197500 11.638485976354538
197600 12.107224956082778
197700 7.0949994042710935
197800 9.861329287165365
197900 9.93081683043613
198000 8.46764550547879
198100 6.580747234883886
198200 9.261081905472993
198300 7.580596364633809
198400 8.52320551675697
198500 2.308816171014781
198600 11.255750203906537
198700 11.031672430154712
198800 7.594440692389226
198900 7.984581706247541
199000 10.997036985429398
199100 13.261731961592726
199200 7.52153067614222
199300 7.597329135186838
199400 11.85854234155811
199500 6.8526050408710235
199600 8.041429302968455
199700 11.041825483230598
199800 4.402492811807257
199900 2.913003643301014
200000 5.722536820153111
