# Model = DQN.shrink.(9)-8-8-8-(9)
# Num weights = 272
# Learning rate = 0.001
# Env random seed = 111
# Start time: 21-11-2024(01:35)
100 -22.155753146757807
200 -22.90747042336566
300 -25.811732302571002
400 -26.10431860100215
500 -22.74953245957368
600 -22.49839613567411
700 -21.525381130987373
800 -24.549500652748705
900 -24.02264819924573
1000 -24.1383359270277
1100 -23.371815179637924
1200 -24.42407882097468
1300 -25.087854578583425
1400 -24.44337604884573
1500 -22.181517628947052
1600 -25.99883161293461
1700 -26.72526921826745
1800 -27.590435699953765
1900 -24.29240529866551
2000 -27.165308510088607
2100 -26.973744184031027
2200 -25.364584856980507
2300 -25.460974710934412
2400 -22.694931191370635
2500 -26.38223549876462
2600 -22.225131892112515
2700 -23.616131139854517
2800 -25.303169932396816
2900 -26.210807239278843
3000 -27.39471198492927
3100 -25.05983190233007
3200 -26.34923716469473
3300 -22.848403817905012
3400 -25.470356303774402
3500 -26.10413623910171
3600 -25.622788663498458
3700 -27.823083847708634
3800 -24.908844425471884
3900 -25.74828117992332
4000 -26.34881150029829
4100 -24.28038283332487
4200 -26.952954562144026
4300 -27.610020845583403
4400 -21.99727686993287
4500 -23.599472956423604
4600 -24.955206732194
4700 -24.340175551082915
4800 -25.632368449980913
4900 -21.402234473334875
5000 -23.779437069831427
5100 -25.055464404867415
5200 -20.770060326484014
5300 -21.21652746701958
5400 -26.242700511126976
5500 -24.444678646124203
5600 -22.562097740287204
5700 -26.946048564434957
5800 -23.41487841251785
5900 -26.04728778233209
6000 -27.19245244991974
6100 -22.486539761960575
6200 -25.530187344116513
6300 -26.66182533585368
6400 -24.194750289558627
6500 -25.195752679501936
6600 -26.501664845294513
6700 -19.418627939831506
6800 -25.157763212188954
6900 -23.304573843544947
7000 -21.482076329228846
7100 -23.19857899064205
7200 -23.945446215297295
7300 -20.58048838939
7400 -22.223923160292664
7500 -26.97581284266041
7600 -21.53674943654177
7700 -21.09616835050386
7800 -21.365704988098372
7900 -22.39053098372049
8000 -23.476702562173365
8100 -24.34402055545371
8200 -23.193921737843407
8300 -19.552004870556765
8400 -24.5276942917889
8500 -24.802522262291745
8600 -23.95055783041832
8700 -19.95473106579356
8800 -25.19335703423213
8900 -23.419853259797907
9000 -23.656545993166127
9100 -20.987000660251912
9200 -18.322119669788993
9300 -23.064110659788156
9400 -24.326234832165664
9500 -24.988684987211794
9600 -20.0543158510339
9700 -19.65267057435562
9800 -23.16220083970816
9900 -23.639827895543597
10000 -22.506380557521496
10100 -21.594999701742466
10200 -22.466536167143808
10300 -17.129771917955747
10400 -22.25839388082132
10500 -22.638922819798605
10600 -20.72254247018513
10700 -21.036808299840168
10800 -21.69325806834655
10900 -21.87840199449448
11000 -23.342658110194055
11100 -22.55558590377676
11200 -23.3471214337425
11300 -24.103600707351895
11400 -25.655721179180098
11500 -23.07358962685737
11600 -22.66478243286112
11700 -22.397410380423295
11800 -25.03071634500626
11900 -24.020197280934557
12000 -23.424509043535693
12100 -22.374812078992584
12200 -22.18483183630757
12300 -24.19790392552598
12400 -18.925283959580632
12500 -24.622370700550047
12600 -21.30853292937077
12700 -20.494095869002823
12800 -21.621698417442996
12900 -22.741081041133338
13000 -22.503774261243983
13100 -21.94937290506222
13200 -23.62965816703195
13300 -25.699951149810822
13400 -18.050896652630875
13500 -22.96383376015225
13600 -23.30759263481568
13700 -22.529999187359316
13800 -25.15751815796757
13900 -21.116458680575178
14000 -17.626213327241338
14100 -23.92390018049826
14200 -25.433086901137596
14300 -18.89169097599416
14400 -20.964077970763437
14500 -21.51417881738519
14600 -18.16849328819101
14700 -18.661521311930308
14800 -19.83719044064538
14900 -23.013702631320506
15000 -15.693328015486735
15100 -23.948151707578333
15200 -20.4490793950415
15300 -22.70857920094816
15400 -20.444360099605
15500 -25.482509076182954
15600 -22.66415386806063
15700 -19.180340871169815
15800 -22.42189826490101
15900 -21.73066247296219
16000 -17.97679187066537
16100 -25.589439266052143
16200 -23.080907594793302
16300 -19.004172254187385
16400 -24.478071524517546
16500 -16.038131674800884
16600 -19.21476714988881
16700 -13.951471380113379
16800 -21.91810023294241
16900 -19.8535081586231
17000 -19.060675746724936
17100 -19.558220969244168
17200 -18.638835896459856
17300 -22.758975392202608
17400 -18.71519487283648
17500 -23.16419777643289
17600 -21.179823957318728
17700 -18.07576653814378
17800 -20.731955092740176
17900 -17.181095087670325
18000 -19.9266341129916
18100 -23.4156866763418
18200 -21.078777558290376
18300 -18.904410462827148
18400 -19.996777648501027
18500 -17.784538479133705
18600 -20.527139236976236
18700 -14.551050747790173
18800 -17.20689089417646
18900 -16.61349900382866
19000 -13.621298786508852
19100 -17.53099202591516
19200 -17.582587681481627
19300 -15.463558014963118
19400 -17.65084703365525
19500 -17.752466356484234
19600 -9.1420608811789
19700 -11.689082852621027
19800 -11.728820352804401
19900 -6.342589664738043
20000 -1.7876560765394673
20100 -8.457665181326112
20200 -11.84126983274668
20300 -8.153959262058166
20400 -10.192780281915118
20500 -11.111074417464625
20600 -4.727190614255932
20700 -6.57454718842474
20800 -7.350284063459965
20900 -1.216145766794964
21000 -2.9494317742674356
21100 -7.474956391085906
21200 -5.513743585402587
21300 -6.807812436619928
21400 1.6000591095851684
21500 -6.771928343602807
21600 -4.661590734455568
21700 -1.490824863315749
21800 -6.594417984334703
21900 -3.337907599607139
22000 -3.4710443000140754
22100 -2.174964827903825
22200 -1.5680265407193463
22300 3.233050822869485
22400 -0.2760908771964935
22500 -6.043946426385015
22600 1.550335137178374
22700 4.242118584500695
22800 -2.5916134900769086
22900 -3.4532616682893633
23000 2.793438234204904
23100 -1.5459689592837582
23200 2.4166606526261543
23300 5.36958688318404
23400 -0.566473109975317
23500 5.061395572160419
23600 -1.3259000989668952
23700 0.058073532942521155
23800 1.5942054669543693
23900 2.756249680348702
24000 0.5434849150204377
24100 2.144874216913338
24200 -2.1946259609870955
24300 -0.9778935721754011
24400 -0.008592469714918116
24500 2.331557784122576
24600 3.381048200635851
24700 -0.6184255962754827
24800 -2.9188555265175453
24900 -1.0680047189058643
25000 1.0869371600437567
25100 0.9029562510624525
25200 0.29476221579777784
25300 -0.19720794004823916
25400 7.2234408844582045
25500 -1.748863214617871
25600 1.857105113075332
25700 3.345880142831185
25800 -1.589404159546222
25900 1.952348574645927
26000 -2.3616820985524796
26100 -0.4949747401652286
26200 -3.056928032101859
26300 2.3542625747655936
26400 0.696712489995861
26500 3.6027891455345697
26600 -2.8661161278933616
26700 3.582580795598491
26800 -0.3218027542429277
26900 -3.2179061746855835
27000 6.20446793345224
27100 2.9622530731656225
27200 6.234474811118315
27300 1.9208836759297627
27400 -1.217472653386701
27500 6.216590544780924
27600 3.555398231901476
27700 0.7237940756388501
27800 3.8336444290448117
27900 5.669198416685237
28000 -0.4087023058543544
28100 1.8299765931566054
28200 0.47640125948200973
28300 1.5762378502657803
28400 1.720345846359709
28500 3.4409303963855034
28600 -0.24838436670438235
28700 -1.2132943517129529
28800 -1.2583980720730916
28900 2.8588534886057126
29000 0.15598584595189868
29100 -0.5134449363556085
29200 3.070518698174358
29300 2.374967740581756
29400 4.11192455784956
29500 3.7726207407645505
29600 -2.742077291190193
29700 -4.5415936952282046
29800 -3.1220592770536326
29900 -4.968692688895558
30000 -1.2972266986457068
30100 0.30142187942508963
30200 2.109040225888013
30300 2.091671258722678
30400 1.007989290119617
30500 1.1936606631910176
30600 -0.27320312502949995
30700 -1.786045490783449
30800 0.5399796926140601
30900 0.7649807778958511
31000 2.600794505930715
31100 1.1285509220586798
31200 3.2174338818645305
31300 3.3200275797494876
31400 1.032590216323293
31500 0.8595695979745406
31600 -1.4208500436455358
31700 1.4706654344390762
31800 0.7645318265758834
31900 1.5003793097529141
32000 2.6312239326203066
32100 3.5961517870334445
32200 5.369486341301621
32300 -1.5119141322994598
32400 1.0803684748444797
32500 2.1272306147271194
32600 4.893564559571274
32700 3.9504189726187278
32800 -1.2680606959653307
32900 1.1647381871572247
33000 2.3163204986011383
33100 6.008438951333299
33200 -1.7176604456459574
33300 -3.0051509287705165
33400 1.1124203715074223
33500 3.71538081705097
33600 -1.1659654581035603
33700 2.373953435621777
33800 5.304336963267741
33900 -2.9036485596483446
34000 4.706054680981276
34100 -0.634577928410023
34200 -2.0327862286369522
34300 2.747122227922283
34400 1.0646361820492674
34500 0.3020729592797056
34600 -1.9901946428326243
34700 7.783844042108457
34800 4.294685892606317
34900 4.311356207823018
35000 4.41566100286214
35100 6.514196601434166
35200 2.8463891716120107
35300 7.120611374141856
35400 -0.16995505849769366
35500 2.2451394951744263
35600 0.3181010265353632
35700 1.4669058124414454
35800 -3.8528363225591136
35900 1.8313749540995334
36000 5.0061039011610715
36100 7.399381466084772
36200 0.1319791186246581
36300 -1.4203571537172301
36400 1.8036781977354877
36500 2.8892157569859287
36600 3.6593064542695832
36700 1.8947771529371416
36800 0.821430193119977
36900 2.2889049763635874
37000 0.02684868654996353
37100 -0.49342675822497606
37200 1.0720858213889586
37300 3.2977357688570215
37400 4.094155367326524
37500 2.3817280402944108
37600 -0.7705416927848946
37700 -1.4703404938882905
37800 1.1418833812022027
37900 -1.6566962551748965
38000 2.179552690108082
38100 1.5217512679848575
38200 8.299340509599501
38300 8.655208154971254
38400 1.7430224411570507
38500 1.6444798226620922
38600 -0.717116007696994
38700 -2.9453008051521787
38800 2.5065910422992492
38900 4.183755696294552
39000 -0.9416884512506372
39100 -5.717047037205197
39200 0.13439337378534882
39300 4.556959697371046
39400 0.6867115963000177
39500 6.7309255462297894
39600 -5.277879143994522
39700 -0.14690662574785196
39800 -0.3126927410303968
39900 2.263634161797081
40000 -3.510595485252463
40100 2.6948781657677836
40200 5.442436041987038
40300 7.333199719777475
40400 3.540568049880116
40500 1.619708862347256
40600 3.5221526015514546
40700 0.7934380376717849
40800 2.858959157822778
40900 -2.5012756153051656
41000 8.533884755936516
41100 3.8044790581358616
41200 1.461781828723303
41300 4.276198587578743
41400 3.8485210037941147
41500 -0.43397672179324587
41600 1.4344353938145091
41700 0.5960590114626053
41800 -0.016711311960539432
41900 4.0734958273348205
42000 0.8508856329316928
42100 -0.25100285505406694
42200 3.5645529518127534
42300 -0.12754586268516044
42400 2.5153331598229127
42500 -1.4322770089790422
42600 1.5708897961664738
42700 3.4128128391627843
42800 2.6395927075552987
42900 3.025350923537521
43000 6.436057600258808
43100 1.3954579585583202
43200 5.904818974498374
43300 -2.231793023564943
43400 -2.6263282900012657
43500 0.6196876583114104
43600 1.5287928162274758
43700 4.411318472649764
43800 0.2931144424396886
43900 -1.1292076823463686
44000 5.751013169980234
44100 -0.2557218552058257
44200 0.7114599577054505
44300 5.047168317189406
44400 9.541048705842561
44500 3.693154538866066
44600 2.0311137627608042
44700 2.833955721064515
44800 0.6622456231592212
44900 1.077599370864519
45000 0.6557384600381244
45100 6.915497361632121
45200 2.4802929875127586
45300 -3.707318166112303
45400 -0.39636854630330975
45500 2.4734686448096794
45600 4.899214369680758
45700 2.3822592252383883
45800 3.331848775092845
45900 -1.058544182614205
46000 -1.2308726978977482
46100 2.9691327382946064
46200 8.618737479697216
46300 3.8810191351520382
46400 2.150586734796511
46500 -1.662266371697776
46600 -3.274312710430926
46700 6.808416699841469
46800 5.01431764598016
46900 0.8124998553648612
47000 5.091601712283332
47100 3.9895008338169524
47200 6.060578170331916
47300 0.9309145902319069
47400 -1.3740092514360542
47500 4.945340348234376
47600 6.718215708307045
47700 0.7244752849575011
47800 5.194308949833686
47900 10.585861440964917
48000 6.919517171977049
48100 2.243381482439004
48200 5.0498692064333754
48300 -0.9600590324410124
48400 1.3537981573504556
48500 4.195751542676784
48600 2.1420415820426935
48700 1.850267938911966
48800 -0.03333243771829053
48900 3.337026248602136
49000 2.393503104179839
49100 4.209838223292277
49200 -0.3662412189211901
49300 -0.6378922886294522
49400 2.7321417355239728
49500 1.561809892835305
49600 3.790761449208499
49700 -0.005606996241339202
49800 -0.3930498170233365
49900 -1.1326008105314869
50000 6.757930293515238
50100 1.916011248805538
50200 4.224373612391261
50300 2.500452908297954
50400 6.035787634226423
50500 -1.0269707471507026
50600 4.540375996725195
50700 1.2853736965788216
50800 4.970363439155428
50900 2.9398730619058933
51000 6.133608683924363
51100 4.539399432040241
51200 7.788315309574662
51300 3.980069360663021
51400 3.9213758955377287
51500 6.156849276617509
51600 2.640687408144515
51700 3.6791797483288042
51800 2.459891295908096
51900 3.0985252382778308
52000 0.26226754714036615
52100 3.9302626383382275
52200 2.064427805077129
52300 7.259170281831815
52400 7.3806869840371
52500 4.153126889477902
52600 8.972051157163332
52700 2.140527475309978
52800 3.1100739975590463
52900 5.9184409072550626
53000 2.0469041041266363
53100 1.6503791202150997
53200 3.1482227574933095
53300 7.670392111809845
53400 1.7033617418407125
53500 4.6747521166118995
53600 4.865391582761415
53700 5.547829165469208
53800 -1.5589889474899548
53900 6.3611629611726
54000 -2.0454928533443777
54100 3.873286322437561
54200 0.11124733812856702
54300 2.1956511166719705
54400 0.23884144113829509
54500 4.412494552275222
54600 4.58238726849351
54700 3.3078433451869955
54800 8.291862540757508
54900 6.495585384238176
55000 5.089092842576603
55100 0.9774509618004249
55200 2.7079289818455448
55300 5.511818177377953
55400 3.484551551326612
55500 0.5217817766220574
55600 9.688880070360216
55700 4.136425043030025
55800 6.2407731408950715
55900 1.3661123005759033
56000 7.149133793003298
56100 9.725136625656384
56200 2.186261571633641
56300 4.100933099646531
56400 6.835205484671535
56500 6.188991506056286
56600 8.931135507072998
56700 0.5649636234588564
56800 1.6756206100915447
56900 8.144246653539277
57000 4.992193581739616
57100 3.6645405900859616
57200 3.929229401673941
57300 7.744060453380557
57400 10.970248571342273
57500 5.602812576321173
57600 3.081758583551374
57700 6.67213676876744
57800 4.434778820235855
57900 6.773796296342414
58000 7.685232855699335
58100 2.1708698506956514
58200 3.445842695212813
58300 6.220399889611754
58400 3.988974959395397
58500 6.826052934179347
58600 4.606775800357683
58700 7.7628132932373095
58800 7.459720975145352
58900 4.393213064327538
59000 6.780728223524653
59100 7.834023048835361
59200 0.1942572383291803
59300 6.730124564667735
59400 6.664848467297345
59500 2.7645811416473838
59600 6.3831150334741125
59700 10.194877606430529
59800 5.214788875995325
59900 4.169751282302717
60000 4.9633395580858535
60100 0.17418425031263235
60200 4.228331658516195
60300 12.90640042745341
60400 6.499667029895099
60500 8.879464539766985
60600 5.215005263167861
60700 3.57772934752138
60800 5.603847825883141
60900 5.903597338077072
61000 5.1926103080535215
61100 5.056560577352377
61200 -1.0443269240998032
61300 2.0236586658639086
61400 7.875864811200552
61500 10.619217186725102
61600 6.33681441407053
61700 1.073371478343976
61800 8.023788503092238
61900 3.4764748684049525
62000 -0.32055925629625703
62100 2.215575649962011
62200 6.712109180661901
62300 9.942659145813924
62400 5.6279609171847165
62500 2.6483077362034866
62600 9.16529335401856
62700 10.052026185641472
62800 5.412354656909278
62900 9.958147973854889
63000 6.185825319459835
63100 6.168149286396448
63200 7.149558093273965
63300 2.250938706217013
63400 7.442374760259849
63500 3.538317566386212
63600 4.862305508134859
63700 5.472419348506106
63800 6.071328147512368
63900 3.1330107202748194
64000 8.916031721013562
64100 3.653157282980297
64200 6.743226410040592
64300 7.181241630980234
64400 5.716513430334491
64500 5.64921780811827
64600 4.736115115237445
64700 5.047290185928375
64800 5.72073548413685
64900 2.6539810236279315
65000 7.172427119674436
65100 7.647714923099823
65200 7.169842673695799
65300 3.755645916514692
65400 5.207385677445845
65500 8.117682381588041
65600 5.5648732992873935
65700 6.483598040248468
65800 4.255935847245693
65900 3.448703516345739
66000 6.571680914636831
66100 6.38139345526617
66200 4.447046710214016
66300 2.093430010506876
66400 1.5737673957668714
66500 6.892124281710937
66600 6.35424921574272
66700 7.794995096696337
66800 4.163084424901754
66900 8.585977281045954
67000 1.9223966387830056
67100 6.692018731399717
67200 5.575411950642933
67300 8.767207337929522
67400 2.939407875706881
67500 6.217446344389296
67600 6.452243555117646
67700 7.026458803414993
67800 3.371235494981845
67900 6.363564232538255
68000 5.716447399787325
68100 5.005938943201141
68200 6.683536295699881
68300 5.095176457099532
68400 6.699745050588802
68500 7.9237522025519915
68600 7.632965383868298
68700 2.400996334648152
68800 5.572228276234618
68900 8.408726248360406
69000 6.085391318215874
69100 3.4141242595123233
69200 8.083917311574895
69300 1.2040638636242118
69400 5.252936717823488
69500 3.0764708374672822
69600 5.175098275331302
69700 7.495480147971007
69800 5.675956293205891
69900 7.326670630720265
70000 3.036290738315578
70100 4.196624870088594
70200 3.746476797974839
70300 5.379409011425976
70400 9.282295010732742
70500 1.4806132869484228
70600 4.448184422433236
70700 4.035659713124968
70800 6.729619479707277
70900 7.808475835884815
71000 5.688033862625395
71100 7.185428833127206
71200 11.002124098645647
71300 5.574863681635559
71400 7.108211676739088
71500 6.105250260625884
71600 1.001054130278863
71700 3.3282415850969547
71800 5.507057393946338
71900 3.4685046502981054
72000 4.486355173813964
72100 9.85982112972852
72200 8.571443217168413
72300 3.8440696095560556
72400 5.698526711770058
72500 6.703463117413521
72600 6.451105047528913
72700 3.2960884494740017
72800 11.154387681325531
72900 3.652396975343706
73000 3.721266910659694
73100 3.2104917409907103
73200 7.1766777957116545
73300 7.852596008320173
73400 6.031703068730877
73500 6.803102602971859
73600 6.980759879914972
73700 4.6743653054799115
73800 5.824116737267952
73900 3.6374453550563706
74000 2.1304567262598453
74100 2.938173029965003
74200 8.107541022638282
74300 3.8980604024631393
74400 9.442016237303031
74500 6.116455679337321
74600 8.88483707540776
74700 6.115162077258253
74800 6.311196773814091
74900 7.405569510053191
75000 3.7151075783243397
75100 4.739641376370365
75200 9.17733967606354
75300 5.045445495656832
75400 5.79294985459678
75500 4.860667876892485
75600 4.581227098000979
75700 2.9656885290112247
75800 6.053882705382951
75900 5.984837170262134
76000 9.052238176258745
76100 9.261208934463662
76200 5.138511540754443
76300 12.284132701697116
76400 8.772132834749831
76500 6.961903229886394
76600 4.573796187669913
76700 4.392587968993173
76800 11.403910698297967
76900 5.734850274606478
77000 5.902657985890088
77100 10.88858146987643
77200 8.889231093462506
77300 4.409765675915663
77400 4.286612322064921
77500 -4.254184467400336
77600 3.0178624342738023
77700 10.456420524707775
77800 8.272709083162063
77900 4.219364523084712
78000 5.458371140439203
78100 6.743527763526289
78200 5.43786893690468
78300 7.5074817101527005
78400 3.702193996520559
78500 9.75915709567711
78600 7.202630389447469
78700 2.2775919040807397
78800 3.01804084019481
78900 3.8091805301162696
79000 9.616917388030544
79100 6.335932497131604
79200 4.929819528639586
79300 9.49303265232388
79400 9.234756603014986
79500 7.22358590288779
79600 8.708381725425879
79700 8.709253840131089
79800 5.773015728705867
79900 5.357151300394543
80000 5.008415719335819
80100 4.806515432328623
80200 7.350197950886091
80300 4.931962567497091
80400 3.468653260977423
80500 5.0968381728984875
80600 5.4172874008235254
80700 2.0939436245353193
80800 6.399193847928717
80900 7.567944837674162
81000 7.87047815012026
81100 3.6330327412892363
81200 1.3981454292908437
81300 5.634916728700536
81400 6.3166922839718715
81500 7.625475877296167
81600 9.729343224937455
81700 5.347704050479015
81800 6.3845513569908885
81900 2.897718889319921
82000 7.158425807608529
82100 1.1355259286650106
82200 2.8272013854384603
82300 10.330818557526385
82400 10.66134107290313
82500 5.136992663981574
82600 8.199062571199185
82700 5.9759215632939355
82800 5.062367910262777
82900 3.936803322389856
83000 12.251051509894939
83100 11.733456642456135
83200 6.591910713221498
83300 5.364134639767719
83400 10.23452501171226
83500 8.598893718644355
83600 5.537730661213037
83700 5.8393883639711675
83800 8.04842023645944
83900 6.925114236902868
84000 6.267961999604714
84100 3.065217595387795
84200 11.175884510554209
84300 8.003214690134005
84400 7.301113183942958
84500 4.365714382177853
84600 -0.42197788366730793
84700 6.2730835123354485
84800 3.3777940169298706
84900 8.23829473499106
85000 7.729994775128533
85100 5.852157347055336
85200 9.288647753056429
85300 8.06043859785382
85400 5.290532699660034
85500 3.005146350994827
85600 0.6575002979323065
85700 7.321560764602324
85800 6.181825692302032
85900 8.292064522761107
86000 6.1941533886123565
86100 1.2083431830925386
86200 6.713093092238144
86300 9.927970623513353
86400 8.023214088625513
86500 8.723532115776775
86600 8.651789846635802
86700 7.768053897421289
86800 9.647578810137432
86900 5.679131874715965
87000 -1.079397825149595
87100 7.399644342339671
87200 8.91561385707284
87300 9.335227824917158
87400 10.105454871217649
87500 10.812786748956471
87600 5.635502003751708
87700 12.716578416165664
87800 2.590979365694293
87900 9.11274337118358
88000 9.964111470300601
88100 5.907733836266026
88200 2.5077771308697723
88300 9.620383361942388
88400 10.710781572333502
88500 8.694784750377812
88600 7.287859480997372
88700 8.20624515884698
88800 5.349042504573644
88900 4.5278507575768225
89000 7.455213387379423
89100 10.841563048893956
89200 8.045953646821548
89300 7.679877188083402
89400 3.388883640294113
89500 9.58428351615222
89600 7.832128856494741
89700 8.504505942799671
89800 4.906041897885218
89900 8.858484704677362
90000 5.092986932823408
90100 7.83025932249845
90200 7.374506080851519
90300 2.931329774467578
90400 8.135767325879202
90500 8.893249145557922
90600 3.473099956716602
90700 4.599447148771464
90800 4.034910533344131
90900 6.048286596711368
91000 2.5916090484199077
91100 6.0098232571719965
91200 4.901542058259348
91300 10.163704414878302
91400 9.062766885730541
91500 5.340160356694455
91600 6.6168905773134234
91700 6.22351818501292
91800 6.996753428329265
91900 8.278757851476353
92000 7.11397564812811
92100 7.717168569126898
92200 6.669107431339573
92300 10.684073464037313
92400 8.061839203437044
92500 10.825776289998975
92600 7.811691915548451
92700 14.45766765956268
92800 9.495946201990739
92900 4.431592753673909
93000 6.174108678101296
93100 10.814425764703378
93200 2.195659030432996
93300 5.43341372105486
93400 14.967201522495003
93500 8.245102753863645
93600 13.141188667309779
93700 10.354376045228443
93800 13.978076356675738
93900 8.02272165410807
94000 11.508931135411052
94100 7.5782659143674636
94200 5.936195574196898
94300 6.177067954474132
94400 10.154397358380624
94500 3.396924766423044
94600 4.279138743614631
94700 10.954943510696793
94800 9.520735751028957
94900 3.984131264477609
95000 5.973117174781859
95100 11.648990523228406
95200 2.110062019521025
95300 8.320136811399541
95400 3.810567942471361
95500 5.442447859593857
95600 6.911284405293223
95700 11.013517315369706
95800 6.979445229311804
95900 5.973577578170191
96000 7.176450760603642
96100 5.056847852238036
96200 8.849145418946579
96300 4.613219929296997
96400 9.005739322150939
96500 9.63678337061405
96600 8.820153136160311
96700 12.121360853402498
96800 4.417793820182942
96900 3.453104148728009
97000 3.3286209915053018
97100 8.983138293165604
97200 6.290966112553198
97300 6.159452417446893
97400 10.051844705724433
97500 10.34920997718859
97600 7.209351043268853
97700 6.709897582649025
97800 5.721992321673169
97900 8.962840498915925
98000 8.78810129702706
98100 7.818730230965513
98200 7.203399694756003
98300 11.460831486772257
98400 4.735787586996067
98500 14.283105204782451
98600 6.5547723983909805
98700 3.5423585896060534
98800 3.0928149162736123
98900 7.708069176560759
99000 6.575334902219376
99100 5.639258271298759
99200 0.8812168802274278
99300 4.865407122252701
99400 8.728996816972511
99500 3.6565795553103215
99600 9.39129655035132
99700 9.997466027555939
99800 6.148717658656888
99900 6.85623528433476
100000 6.897101027188711
100100 9.532149488134339
100200 5.656224244050943
100300 9.787794326055588
100400 8.162344488485042
100500 10.38409646743862
100600 7.483892433577488
100700 3.7036051361805638
100800 10.72584835468618
100900 6.307545151976903
101000 10.552835105807
101100 9.020789873535893
101200 9.537959851967726
101300 9.869564900089896
101400 10.16292346362199
101500 7.398934973574643
101600 5.359667562701082
101700 10.337150035868195
101800 2.916253900581973
101900 7.536288086748552
102000 9.573509605453443
102100 9.70156757723591
102200 8.848426582702944
102300 8.543926128405085
102400 7.0805775751028595
102500 3.217813956571668
102600 6.407517706602
102700 9.863800898468156
102800 5.176134812315858
102900 9.281294423716611
103000 7.990851170388676
103100 7.8467327377006475
103200 9.888549456516165
103300 8.126510023056845
103400 10.742947260746075
103500 6.114403626088076
103600 7.207354209709772
103700 5.021367811798967
103800 5.663866417442558
103900 5.865765068675268
104000 5.99243898449918
104100 7.878182425680789
104200 9.379092924849393
104300 8.824227806890569
104400 3.1645649085147514
104500 9.725906281192534
104600 4.35489275591395
104700 4.760469501279336
104800 5.937342548422858
104900 11.531404591933095
105000 4.772222286119175
105100 13.734401236927626
105200 8.026143391992157
105300 4.306254579688931
105400 9.941961944823406
105500 6.89767413461359
105600 7.61402446412034
105700 7.982499091160562
105800 11.472963872640353
105900 10.119378820111054
106000 6.0423659954879785
106100 9.344951808282309
106200 7.001240713857648
106300 9.949905170818258
106400 11.811040540328873
106500 8.425713935638626
106600 10.98307034995631
106700 11.40807559111569
106800 6.042360549750978
106900 8.177879535752783
107000 8.232509567578088
107100 8.506977530858968
107200 11.759376879904604
107300 9.35071541244807
107400 7.768678912764911
107500 6.470935332367938
107600 7.042128182106994
107700 3.5351915597251353
107800 5.219933094260431
107900 5.745754658729952
108000 6.412835888412499
108100 12.132955798750764
108200 9.689225422550926
108300 9.443239176304576
108400 14.144984638804253
108500 9.65960269339515
108600 4.795695860909875
108700 3.561133967457971
108800 8.582489919080379
108900 8.430526573661226
109000 7.552843481157459
109100 6.682911953704282
109200 4.1361901013314615
109300 14.118894903365804
109400 10.917065224325011
109500 5.201757112421055
109600 2.1090367712448645
109700 5.587282764991359
109800 8.58456730632013
109900 6.985539076090035
110000 10.110588074777874
110100 9.346247383489139
110200 13.17091444762351
110300 8.672541365737418
110400 9.556124911823487
110500 12.540508712167084
110600 9.724875526350038
110700 12.734547447219652
110800 6.732381822358765
110900 10.9385532298427
111000 7.267999619159729
111100 2.39088948246804
111200 11.98726265783137
111300 5.3762134092095835
111400 7.132529395782566
111500 7.403413069521432
111600 6.961412923663668
111700 7.17583053378016
111800 10.872589883993676
111900 10.478170730176014
112000 8.655680253312502
112100 9.996782233517079
112200 7.519260013526443
112300 12.481052074285824
112400 10.981977581107948
112500 11.314884293931588
112600 10.330633091355285
112700 13.951395765950158
112800 12.477080556967831
112900 11.482120851655223
113000 7.570775532638841
113100 8.858173715723147
113200 9.977642471442767
113300 3.1282299221239227
113400 6.139543310112066
113500 8.662314768901087
113600 3.752471864365419
113700 6.319058352791334
113800 7.496773760408169
113900 5.608302252191089
114000 10.067035313810933
114100 8.933232609269135
114200 8.973367689559225
114300 5.289147195037527
114400 6.34617155420221
114500 8.662823116689685
114600 7.379344363208011
114700 5.3519346626143465
114800 7.299466042940964
114900 10.097048803574015
115000 11.263572644657298
115100 7.808231268993759
115200 7.89337113881782
115300 9.091332425053748
115400 10.374284340125413
115500 5.290138555621386
115600 4.4950895612799995
115700 11.773683551190704
115800 7.538345567995484
115900 8.12355082126284
116000 8.422648698992564
116100 8.289009363908296
116200 5.337161377355594
116300 9.67672175190057
116400 10.821710070816254
116500 5.714291485876526
116600 6.10862993327854
116700 8.109082600948335
116800 7.228741475442987
116900 8.57698587810671
117000 7.68461834317561
117100 9.017185733244084
117200 6.855422006770893
117300 7.754482548295231
117400 2.846332328709526
117500 11.016330612922552
117600 10.589209161221463
117700 8.583486661419489
117800 6.430928301880931
117900 7.58687311580274
118000 9.999713584384523
118100 11.774769410212551
118200 10.289153468286923
118300 4.318415154348212
118400 11.416031828636568
118500 7.597413834449066
118600 8.288401664853083
118700 5.549070586182391
118800 9.258585711791941
118900 5.066540476151804
119000 7.157139375690654
119100 9.986185940892723
119200 13.403970148496706
119300 2.4129927550978603
119400 11.408732061115117
119500 10.406585403633656
119600 8.69378058966395
119700 11.358547979178008
119800 7.871744578478632
119900 5.765561482355782
120000 7.8368630313997425
120100 7.493336691969647
120200 11.498128682014965
120300 4.783574029484496
120400 9.131627719936077
120500 7.296663456080144
120600 7.818534878868918
120700 10.366993279821093
120800 3.8750879334929222
120900 9.715488940635707
121000 7.863305344927437
121100 7.212047417548419
121200 4.911220016149815
121300 6.607024603663815
121400 6.075103663241048
121500 8.607870929602175
121600 8.714835674909537
121700 8.51851621189272
121800 6.417614494598196
121900 7.6434156186963325
122000 8.406937677162572
122100 7.172297557748557
122200 10.013406885800517
122300 6.544421017040255
122400 6.3900972021295015
122500 7.618736127420339
122600 6.876969848891064
122700 9.498456798073192
122800 5.791639170153768
122900 5.942139772531355
123000 7.201175709535405
123100 8.983160386025109
123200 8.184101702474077
123300 6.913489921907539
123400 9.989800510916664
123500 0.5483787623692788
123600 6.606749987908559
123700 10.319166958684644
123800 9.310310374638766
123900 8.1218444399242
124000 7.8947208201798045
124100 7.350529427480593
124200 10.036028829162834
124300 7.106347127013908
124400 4.430409076794142
124500 9.097006578808436
124600 8.179195627804104
124700 2.7849865226591466
124800 4.740340148045369
124900 7.670728508640847
125000 3.179573770986885
125100 11.039049925293131
125200 9.501286906981925
125300 12.624369178818206
125400 9.293700844284613
125500 8.291916744947065
125600 6.403555401443836
125700 11.765016031611879
125800 6.043552809470334
125900 8.821036603404007
126000 10.302253276121723
126100 8.097826504043526
126200 4.710571988237572
126300 9.51887609769003
126400 7.9186167412363675
126500 10.221193056514878
126600 10.85787105843936
126700 11.139756721748347
126800 11.031967894921493
126900 7.633386428032942
127000 6.623753185856116
127100 8.17978926797305
127200 9.837083488598227
127300 8.375247669186235
127400 10.265929914330417
127500 12.305319092310922
127600 9.55808814378407
127700 7.00624914500266
127800 3.489452590989736
127900 6.479111787765954
128000 10.039022826097364
128100 6.099852040910029
128200 5.916718873483187
128300 8.382101209312445
128400 3.9595850164038633
128500 8.162958817341233
128600 8.98639565635732
128700 7.149784196534966
128800 11.561569730341299
128900 11.590916082502156
129000 8.410905297892691
129100 9.18678715565674
129200 12.82741120770062
129300 11.026236700352248
129400 7.834470771784126
129500 8.933761977400502
129600 -0.3252795048739331
129700 12.979453272814006
129800 13.37534649477583
129900 10.691607109265458
130000 9.017386445594871
130100 10.852903259118808
130200 8.6249571708762
130300 8.454706746071423
130400 8.158281381157037
130500 12.76116180270885
130600 10.530483821372153
130700 5.957165155240904
130800 8.725998664541375
130900 6.607955864083669
131000 8.96028214099106
131100 9.834539888899984
131200 11.504930637156376
131300 9.728850983961081
131400 3.5760026341229407
131500 5.092805081015801
131600 13.547795608979543
131700 8.790767109632556
131800 6.952474918583299
131900 10.973931599707864
132000 9.579579072036266
132100 14.033025107254097
132200 7.769861176041856
132300 9.58402323425961
132400 8.12935306339131
132500 7.576562968592659
132600 10.266110751556297
132700 9.03259273679499
132800 6.906246620906955
132900 12.514075889726467
133000 10.66225245825809
133100 8.279066419254978
133200 7.8937982253220955
133300 11.242397935951914
133400 13.30500282886147
133500 7.954988380794501
133600 12.846230612149823
133700 7.7301256470311595
133800 10.495610459732479
133900 7.438350628532423
134000 10.101090966544922
134100 8.796760244574896
134200 7.655343901964274
134300 8.633181917856092
134400 10.60445099603658
134500 7.495816088753348
134600 11.039518681824466
134700 8.442981976730309
134800 13.263876054458493
134900 9.800905832744572
135000 9.16543658238324
135100 9.252333048906172
135200 7.920334914522402
135300 6.848956768421839
135400 10.248935836414294
135500 6.059629134776505
135600 3.668123174152665
135700 9.938194460328864
135800 12.288776698799923
135900 9.545826277949375
136000 11.511734472316355
136100 9.163486539168723
136200 8.405885369089352
136300 11.498613096631278
136400 9.051784537922899
136500 7.68311785539664
136600 8.759841851274127
136700 9.263777408666751
136800 12.499792720172561
136900 8.680238124318791
137000 6.291691953223012
137100 7.703583546772343
137200 10.46232199852056
137300 7.942507375764197
137400 12.11332654454864
137500 11.790827615775951
137600 12.78726287035162
137700 4.140883137981089
137800 8.394771139434962
137900 10.669117974818207
138000 3.760603223134676
138100 7.5207864861512945
138200 6.266645098312136
138300 7.974362090613073
138400 6.403910141032478
138500 11.538609921247957
138600 6.182524760616203
138700 10.22743895469927
138800 10.7551892062441
138900 12.22813240214439
139000 9.751751458403298
139100 13.098277493524495
139200 5.951224547577324
139300 8.630871875845811
139400 11.579963289107955
139500 9.125684173583483
139600 11.680438309559046
139700 8.885527839431472
139800 13.634345941550976
139900 9.523051962584502
140000 10.509532897001147
140100 11.469320700252279
140200 4.633374211441856
140300 8.24049977740536
140400 9.518817580012312
140500 9.216839981137927
140600 12.060124109781462
140700 11.370930497094657
140800 7.592071341901232
140900 11.690541943316454
141000 14.165870039096685
141100 11.524878692525562
141200 7.92375983320185
141300 13.37336861412375
141400 8.613632691886556
141500 9.611827073095295
141600 11.266970691059393
141700 9.779911033513736
141800 9.87137788364156
141900 12.148427071537085
142000 9.079356618335764
142100 9.849226532507567
142200 12.97517322989658
142300 10.44013998238256
142400 7.943176161933982
142500 7.637753099093846
142600 11.57355475427615
142700 11.357751323504587
142800 9.433629652845552
142900 8.966284201555167
143000 11.40775828774305
143100 12.250363629919512
143200 5.337281217773946
143300 3.0011577069209445
143400 5.2413476821487865
143500 7.2400434348635
143600 10.612102199902594
143700 4.130507646848773
143800 7.752754008011235
143900 9.206648874053204
144000 8.497474133638587
144100 9.6866843322332
144200 7.648426982307571
144300 5.365361318733772
144400 12.052830665262205
144500 12.472107946567434
144600 5.943414839050599
144700 10.296440740260358
144800 8.131134470303186
144900 12.94896929195704
145000 9.146988571408361
145100 7.412368542707645
145200 7.648194075193842
145300 8.62376579229193
145400 4.944337317196758
145500 10.999585410520773
145600 7.481330671269818
145700 12.128892668218016
145800 7.72216188227382
145900 10.638145765922042
146000 9.853502803412168
146100 5.436511637037107
146200 3.305399496557268
146300 13.803482456043113
146400 9.823902463533136
146500 6.681823032561098
146600 5.881059619551909
146700 7.861001067123118
146800 10.065271725014766
146900 7.375530480891632
147000 10.485108212438822
147100 7.748260503263302
147200 5.5159116922642015
147300 9.807588937517478
147400 10.122222855638753
147500 6.095327863029102
147600 6.570577561309353
147700 11.336941031605633
147800 11.221575339115525
147900 8.968409112419442
148000 4.972710424501535
148100 9.337698154024917
148200 8.386479679174535
148300 11.435064452133776
148400 10.010709790501332
148500 9.926525253954795
148600 6.465183823731353
148700 7.007076219455617
148800 8.54666906801275
148900 6.675287212055507
149000 6.215504644833184
149100 8.97038586941267
149200 8.47464303775204
149300 8.927170380162767
149400 9.591745155611443
149500 9.033615622821344
149600 6.499300172549786
149700 10.429328100573457
149800 6.806283875845722
149900 7.992386227834092
150000 8.20508524660461
150100 7.997034194357606
150200 9.051519418265057
150300 9.265568454504773
150400 3.5754532292313326
150500 7.032890187655591
150600 9.395574360589334
150700 9.870814185240555
150800 1.2332787547374462
150900 6.145460014986324
151000 10.607647984676627
151100 4.772752238205827
151200 11.89899562071367
151300 14.717378490359991
151400 10.919797399874485
151500 7.315447996241358
151600 8.64165909883666
151700 3.3875331355630984
151800 10.720312765876095
151900 8.310034795382787
152000 5.015138859287798
152100 8.574883001447994
152200 15.00447346315009
152300 10.795173648845477
152400 8.913343233982337
152500 10.498972276821435
152600 6.126384192076179
152700 11.32786860650978
152800 9.190325415904688
152900 6.558889202935716
153000 14.733959913668803
153100 10.648754163862897
153200 3.0175339432987727
153300 5.6129536612274
153400 10.32735844111453
153500 12.357848206366182
153600 11.557436861727655
153700 13.020938552014504
153800 12.103097593296564
153900 11.449238833416343
154000 8.779680991383238
154100 11.65300956129911
154200 13.481255592527969
154300 9.784850805126583
154400 10.597394043011942
154500 7.588120626903671
154600 8.420461284755705
154700 7.863640053100062
154800 2.820298977101266
154900 4.891193793810761
155000 9.109649732635843
155100 10.0444129373934
155200 10.838817652251427
155300 14.465457515220788
155400 6.4985243539632025
155500 12.746134104159797
155600 7.190892432141571
155700 8.306010734125023
155800 8.095065039327453
155900 7.830290033674168
156000 8.987667779423129
156100 10.561690175838729
156200 12.278639860818863
156300 6.838490547974383
156400 8.400815463184644
156500 9.561006694860339
156600 14.159153117909272
156700 10.896913264998435
156800 10.431096435567062
156900 12.724125166785496
157000 10.897145928000482
157100 9.048319232497198
157200 8.968877580097551
157300 12.685862117877507
157400 8.828581615947362
157500 7.169005369910999
157600 8.76623304473602
157700 9.666644696637157
157800 9.287459054429613
157900 6.752831176883604
158000 10.457378473847218
158100 10.044637099921744
158200 9.500294067687916
158300 11.179399696450185
158400 12.065710084256573
158500 6.2643206442440516
158600 13.364059520344505
158700 10.69738533253594
158800 13.509066595536284
158900 4.921911556211138
159000 11.264966641576732
159100 11.88600792217028
159200 9.397091508647481
159300 13.978837507817794
159400 9.989433819638151
159500 8.47249680895885
159600 7.498431146900381
159700 10.53103582108625
159800 12.090441971495785
159900 10.064776570914022
160000 10.175355869368602
160100 11.15294982055137
160200 8.81574685450028
160300 11.823460325979827
160400 10.165815071701514
160500 8.709638573622179
160600 10.752421085711916
160700 11.419152937008006
160800 11.530890223672072
160900 15.63711747171207
161000 9.476641307576799
161100 11.189010772657147
161200 8.807898340246249
161300 11.670910919291902
161400 10.887367289173564
161500 15.896398805375693
161600 10.97652827703076
161700 10.851456365944339
161800 7.623998967617648
161900 7.987789157274338
162000 9.316667042106227
162100 11.291133380883435
162200 11.066600451161165
162300 9.356786860401575
162400 12.933956450764342
162500 7.7945252650219565
162600 15.863634058295462
162700 11.180384742448874
162800 10.90129226604659
162900 12.39347236760549
163000 7.826268432736064
163100 7.932119977351901
163200 6.0713086952808775
163300 8.8945470890323
163400 9.504507583930355
163500 5.203483391490886
163600 10.67858837431878
163700 10.689270585565215
163800 13.474258820099863
163900 9.968391654858488
164000 8.565121046432518
164100 8.516417770453588
164200 7.832165905949248
164300 14.156988104009644
164400 10.904108681822677
164500 15.08554826365804
164600 8.577512504122208
164700 9.93402859115826
164800 12.676093279032715
164900 11.968985033423413
165000 14.190155185212397
165100 13.188971524663087
165200 11.883004379002156
165300 10.146448433644887
165400 13.792592256422326
165500 12.777987606991354
165600 8.850174641307637
165700 9.267723374196278
165800 10.530704149653843
165900 9.245990247235554
166000 12.132066855147718
166100 7.8055655742930234
166200 14.011291039983064
166300 8.863946761496502
166400 13.793588878882405
166500 11.499111106713459
166600 13.474853162908142
166700 8.252759477743204
166800 10.998025326804825
166900 7.6912203658139715
167000 10.470546345173142
167100 8.526254991217634
167200 9.118197971524092
167300 8.410291994587476
167400 7.9152809636656
167500 9.398236659484978
167600 14.016627570573673
167700 10.954511844917143
167800 9.678327108817877
167900 11.396266926322937
168000 13.005957492819439
168100 12.988729394544823
168200 12.257049217211073
168300 11.406498218826012
168400 5.33084639801255
168500 11.659080972106585
168600 15.146855890809825
168700 14.773185667139542
168800 9.375620447962302
168900 13.535432920789194
169000 6.253305067304948
169100 7.1121675129673445
169200 9.01500008272125
169300 9.419595473895882
169400 9.494490995169006
169500 12.523437595937493
169600 14.594660052907392
169700 16.060007982292174
169800 12.467285810367667
169900 9.822091513224656
170000 11.353170949460162
170100 13.387054480506402
170200 11.786024090519938
170300 13.605931505167302
170400 10.425462265430921
170500 12.843294960581021
170600 13.859819104047583
170700 11.345370356253934
170800 11.987230121272393
170900 11.890916840477297
171000 15.529954630738128
171100 11.285954593102105
171200 11.793382474885197
171300 11.340255330031052
171400 11.395255693685655
171500 11.407596676998143
171600 7.109717206746589
171700 8.922331033749074
171800 11.154935975803326
171900 13.747616819950524
172000 10.495155847059133
172100 8.929062365744192
172200 12.072251720124092
172300 12.07850989014015
172400 9.576541451634148
172500 13.923760424388474
172600 12.127900664615797
172700 12.623648492752038
172800 12.101641838913984
172900 13.877794445352848
173000 10.772366984996825
173100 15.32785145376616
173200 10.121324404630121
173300 8.106804298182317
173400 14.00534990166584
173500 14.128386760347402
173600 12.55169694333353
173700 14.662468520182243
173800 10.322883630521185
173900 14.887357152837652
174000 13.774889959219456
174100 12.001084705126894
174200 12.482662700909533
174300 12.330711545861353
174400 8.817397559682046
174500 12.087189199754139
174600 12.298407224944267
174700 15.321080641160902
174800 6.758336807649094
174900 11.979454308528872
175000 10.289854144013615
175100 15.098018990134
175200 13.146778692244876
175300 7.586719272579782
175400 11.87501492491392
175500 10.737879190579505
175600 11.727866804000485
175700 12.93801564851877
175800 15.112303477934105
175900 13.832531718557206
176000 6.508593695757613
176100 9.286560290510986
176200 12.198683278233037
176300 10.255741273657545
176400 10.067612864194501
176500 12.810438023218886
176600 13.932244158565544
176700 10.222937246206858
176800 10.92243821110852
176900 12.218548650152263
177000 11.990487458633693
177100 9.497556613224896
177200 14.872446570334583
177300 14.057529049390892
177400 9.632329940665437
177500 7.49381181851043
177600 11.960632867538365
177700 16.943177013164963
177800 14.436621505690805
177900 12.89431655972894
178000 8.408401571638526
178100 8.820605636602922
178200 7.391847527506268
178300 11.31362875723561
178400 7.311001957682741
178500 11.397348492093878
178600 14.032584016170956
178700 10.217321820368507
178800 10.988339556442998
178900 8.014765807454198
179000 11.86258358632638
179100 9.383908855720726
179200 11.029416862175403
179300 13.758792542626347
179400 16.002969121166213
179500 16.066282211079052
179600 13.185923090527618
179700 10.200585116819148
179800 8.242429298858804
179900 6.3669383500518215
180000 11.369686887177377
180100 10.536809402857239
180200 13.012335102158223
180300 10.844744437871332
180400 12.516224799758087
180500 10.678249763473376
180600 13.042646462088577
180700 10.118350581739938
180800 13.179224296595928
180900 12.283622404276224
181000 10.336216075801367
181100 13.281867784822795
181200 13.206936955728567
181300 14.449645062321801
181400 12.33210917780423
181500 14.332332808500635
181600 12.221868053512791
181700 11.868704802574644
181800 10.061205420103263
181900 13.752833658684878
182000 12.456325887337421
182100 12.905066352316355
182200 12.781769196647122
182300 14.041027728386291
182400 11.90731837196023
182500 8.068959617446488
182600 14.018831074638818
182700 11.76691623889516
182800 12.628191220158124
182900 14.624376768832754
183000 11.87951098262689
183100 9.067061794932288
183200 11.224428814843769
183300 11.024323318884619
183400 12.150164617992171
183500 8.042588214512659
183600 8.070163449034824
183700 13.399257509787269
183800 10.504534618349696
183900 9.280205671134835
184000 10.647057415632995
184100 12.397899395296637
184200 14.179130132423472
184300 13.2993440455082
184400 12.556618527292782
184500 13.78780923057749
184600 9.465874778404842
184700 8.078469156533714
184800 15.02347146101285
184900 8.004133644810192
185000 9.466973634658828
185100 9.757135258038845
185200 11.388296500917884
185300 10.574006618415448
185400 12.934107630985741
185500 13.499016077904807
185600 11.824909398756075
185700 9.088318982536924
185800 10.736161272848758
185900 12.86141158179278
186000 12.620222232016951
186100 10.121241853671918
186200 13.016042902221901
186300 12.128491177546538
186400 14.430765595438347
186500 16.5923075346941
186600 15.41396400705392
186700 11.78095014139833
186800 14.403080781850706
186900 7.414698229493741
187000 15.485196444709675
187100 10.612443621480189
187200 11.287276178033173
187300 12.432814800451848
187400 8.938817177738697
187500 11.144388601019172
187600 17.50779636418989
187700 8.261666146641497
187800 12.101222196579066
187900 11.876198126675375
188000 10.326590478727551
188100 14.619756422825532
188200 11.481419907812288
188300 11.832384188370956
188400 9.61976964200858
188500 13.508711145123089
188600 14.132246041855838
188700 11.387989013025074
188800 17.406570109806434
188900 13.488095613249705
189000 13.168345991513432
189100 10.21891843882092
189200 10.621966618757673
189300 14.03309408677539
189400 12.880194425275088
189500 15.227229210112581
189600 12.46668700771758
189700 12.300443909737606
189800 11.801864097714308
189900 15.530116938036086
190000 7.550210591786858
190100 10.97018075027278
190200 12.954636544754
190300 11.731631336395512
190400 10.658616214082219
190500 15.814610358535452
190600 14.502419659987833
190700 8.393357239617464
190800 12.960204350224839
190900 11.918340508461542
191000 13.60838486655137
191100 14.656348150669032
191200 13.755605648682172
191300 10.385204694652757
191400 14.52775995991516
191500 11.510829612055712
191600 6.7920628351088
191700 9.849668864493147
191800 8.97758607689228
191900 12.394808630468296
192000 10.750340950805015
192100 13.586086616367785
192200 13.602039035795048
192300 14.962950560212107
192400 12.403163722379842
192500 7.921271115908079
192600 14.48441255810486
192700 16.130809297419535
192800 8.587323779156254
192900 13.601555301444979
193000 14.41725325641139
193100 14.286454642170135
193200 11.129816900817008
193300 11.378458577783192
193400 10.820227582401747
193500 13.336086888871591
193600 13.659667441868828
193700 8.949350727165676
193800 11.58578294978067
193900 11.52494268982805
194000 14.525723263964375
194100 15.65410597339351
194200 12.719498622011814
194300 9.001117554993481
194400 3.629620067500087
194500 10.820569080169635
194600 11.006081252291576
194700 12.518000566013725
194800 12.628012835390244
194900 8.710174985410566
195000 10.730056493659934
195100 5.558689824175152
195200 11.746226930986195
195300 17.483067399876195
195400 9.366711800846685
195500 13.159754476556117
195600 8.71579531033691
195700 13.341380695714411
195800 14.112869593259283
195900 13.010958716903648
196000 7.542007076527415
196100 13.774303389563501
196200 16.751732645571945
196300 13.158195486688284
196400 16.07236539450944
196500 14.76974544769377
196600 14.17626354505868
196700 12.015676383742159
196800 13.73305331713318
196900 10.482775833713976
197000 12.550095127675606
197100 8.944183288542245
197200 9.85313135673855
197300 14.282535276138233
197400 12.645257999221833
197500 11.914898786147784
197600 15.002313292891781
197700 9.9368818037488
197800 14.054730839976575
197900 12.20536137098643
198000 16.231414786911106
198100 12.892447521824648
198200 13.871320785799494
198300 5.40694763190281
198400 8.593571204041265
198500 13.549313814842403
198600 12.787659189645435
198700 16.137922376287204
198800 13.342105453549374
198900 9.66392475085229
199000 11.395286529017113
199100 12.842482880257917
199200 9.762288357661511
199300 11.032880141272036
199400 12.130275189746712
199500 12.421741979834813
199600 12.065989516665388
199700 12.000027544002695
199800 12.43114949932946
199900 11.94736558561266
200000 12.398737640535401
