100 10.781324273547247
200 9.302061890146248
300 8.139030587622239
400 8.147779365659796
500 8.956899797922318
600 10.600816128562176
700 4.39528791888723
800 10.501410306986145
900 6.450016671727706
1000 14.906452501324575
1100 15.356583089311437
1200 6.055461917210229
1300 7.353331711069328
1400 10.694477675931402
1500 9.318612767054946
1600 8.63304642015021
1700 8.911679964181747
1800 7.372669723246961
1900 6.411731662380824
2000 3.870267920535737
2100 7.053434376138349
2200 5.2013371600768945
2300 6.016650262018738
2400 9.580296060722786
2500 6.4289828041888315
2600 5.661392064300231
2700 9.87934515658778
2800 6.412430836275497
2900 7.8917464304403175
3000 7.267608212202415
3100 9.14669352246466
3200 5.590461582039248
3300 9.744790248803568
3400 2.329589214493824
3500 6.982816776921202
3600 9.086795241354858
3700 11.718287637079648
3800 9.056193486272212
3900 9.35424112035443
4000 14.02983353855771
4100 6.955030092121273
4200 2.5110789827686864
4300 5.494210415383597
4400 3.640538523028947
4500 7.726964866176274
4600 6.8091060765242855
4700 10.394932955271559
4800 10.201348294745486
4900 13.306458882012834
5000 8.908853973500518
5100 7.930748511474274
5200 5.369635570085629
5300 8.340077362147031
5400 5.216212016081267
5500 1.3896974783875713
5600 9.151201808355232
5700 4.9058174248429225
5800 11.110744392499798
5900 9.058013071239968
6000 9.990823917353806
6100 8.140761182802102
6200 6.895797643218277
6300 10.176705218661654
6400 4.209292968321834
6500 10.57144803695028
6600 3.594028474434865
6700 5.743508329595668
6800 10.130976356912134
6900 10.096960957360025
7000 4.645636183507139
7100 7.267930518856756
7200 10.93935729681497
7300 9.498989664414909
7400 6.462587877171618
7500 5.841113888503626
7600 9.012013062869636
7700 8.890097653225848
7800 5.432615908556981
7900 6.925417577099296
8000 10.832186739928623
8100 7.886252939960409
8200 11.05338573934584
8300 6.518523031208217
8400 12.219854859413399
8500 7.448213524236005
8600 12.57582091716435
8700 7.766126782712168
8800 0.4068064714731099
8900 8.548793299540403
9000 10.00152299820028
9100 5.130453735050709
9200 7.34386977460489
9300 7.075719441327164
9400 10.255765561143358
9500 5.360791362877032
9600 11.02487071114208
9700 7.597582799181935
9800 8.90162479940061
9900 11.947483605979992
10000 14.932859694118685
10100 9.207073869408092
10200 7.642956935964935
10300 5.164122390892278
10400 8.739722479816852
10500 7.938030650796048
10600 8.687004214143618
10700 6.852071733003086
10800 1.3103647320647729
10900 4.692256142150892
11000 6.629047352768689
11100 8.452967245841716
11200 12.517415253737468
11300 9.743539255388526
11400 9.38464782367542
11500 10.687713187847388
11600 10.45141145490929
11700 9.625726973497349
11800 12.542621450888195
11900 8.13239258716641
12000 8.295693311004015
12100 7.740651808231896
12200 8.415704211371608
12300 7.262935817518484
12400 10.265523178913353
12500 9.487778221920228
12600 10.14781734755592
12700 7.464818783734578
12800 4.126584626534688
12900 9.155981807573129
13000 10.32688637635408
13100 7.802645738831698
13200 9.103762643031079
13300 4.774238856818724
13400 4.830731162363621
13500 6.583168479726884
13600 5.263815157480182
13700 9.461718491888435
13800 7.913626863718491
13900 8.515718430117085
14000 8.239710852572463
14100 11.916614625694908
14200 7.073768273183203
14300 6.727859105748665
14400 8.186611874816107
14500 6.224342713058782
14600 12.13197528565655
14700 10.522731408124304
14800 6.090547436620739
14900 9.856308885708469
15000 8.794906556128774
15100 12.54867347233245
15200 6.01177974651543
15300 7.622237812809995
15400 9.239893317795017
15500 7.88716482089473
15600 9.429526341067978
15700 0.0107353221124592
15800 9.845739310574539
15900 8.845866673448619
16000 9.795933589990067
16100 7.498141084098222
16200 8.574877466062969
16300 10.049735040488361
16400 5.20740302038649
16500 6.769057618403364
16600 8.102856936778192
16700 10.299376161804092
16800 5.193650587065411
16900 6.267529670389559
17000 12.9002113215677
17100 4.597137280027429
17200 8.830571526135895
17300 10.0737258213867
17400 8.077610089483473
17500 6.221913094131468
17600 1.0951382438060708
17700 7.4858633777551224
17800 6.428345777916411
17900 9.237348617326365
18000 6.374793083194168
18100 7.949574787680637
18200 4.253333920525133
18300 11.317050799957851
18400 8.28189979551339
18500 4.280584594216641
18600 5.548581356824376
18700 8.361388765226172
18800 2.795209096949815
18900 5.587120014264614
19000 3.1517696171396468
19100 6.425609016044617
19200 5.971669923459921
19300 4.104845290154972
19400 10.69102537544144
19500 5.295189617022739
19600 11.0188929611327
19700 11.726609105439364
19800 9.191997940349713
19900 7.896843196476348
20000 8.94354390865256
20100 6.960344159041922
20200 2.20528362120637
20300 7.6827913606388885
20400 8.868871034945759
20500 7.6939765781002
20600 9.565882794011676
20700 3.969512359915867
20800 7.874242746801524
20900 7.542387747043634
21000 4.274420482964162
21100 9.860433152795402
21200 9.33417081946639
21300 8.10383078304888
21400 5.715792625941619
21500 5.023968286044701
21600 9.920872976101254
21700 7.265416894274284
21800 8.487539103739644
21900 8.847599465621231
22000 5.723218053146365
22100 8.993540208497205
22200 3.9066624050192167
22300 12.640325693387238
22400 3.4052116866181614
22500 10.519936824165194
22600 8.980377754300529
22700 0.9527278228638317
22800 11.193859663014976
22900 4.647269922942401
23000 6.8902128219380625
23100 10.999903774924102
23200 7.408459454140258
23300 6.222690659728944
23400 7.758138426302569
23500 11.223156835917434
23600 11.244573145556434
23700 7.772001375562557
23800 8.840020432605444
23900 7.836633314946747
24000 7.042244244731411
24100 2.254256168486926
24200 10.196559187623334
24300 8.284343612336194
24400 6.4910053489497255
24500 6.164565896796445
24600 8.438933480017182
24700 11.647019853654582
24800 9.147828224533583
24900 15.10336847255321
25000 7.757108809118553
25100 9.976217583232838
25200 7.467622880746933
25300 9.232846882834915
25400 3.7643214180610873
25500 8.108523690046702
25600 7.322882462071391
25700 7.951782190769371
25800 5.686434687570349
25900 1.6073280126903353
26000 5.856060441732762
26100 9.49136730042072
26200 6.6638245102858775
26300 4.627881623231488
26400 9.598456368466854
26500 5.818990934988483
26600 -1.100293580538564
26700 11.149671206143642
26800 6.557376236966294
26900 3.46572848387576
27000 6.778250705781003
27100 6.825457635764888
27200 9.92246799782804
27300 3.925268493297979
27400 2.6203320006179767
27500 8.79875064970988
27600 9.817482458869712
27700 10.330992835256636
27800 6.90137975342811
27900 6.8577355087002445
28000 10.534378196791941
28100 8.070495102875967
28200 6.925374400773546
28300 4.553249311411919
28400 6.96720242992341
28500 7.33905847483487
28600 8.081346272869451
28700 7.044017727132024
28800 4.924298904450399
28900 8.131450294247776
29000 4.996083309868935
29100 8.45877009140832
29200 4.232292089142913
29300 7.001129308379836
29400 8.08446187563434
29500 7.311122395182725
29600 9.999829579570974
29700 8.403657608292463
29800 7.748225676429952
29900 9.209843486012009
30000 10.220981266348911
30100 5.7779291673280095
30200 5.598774785775182
30300 13.006429321869463
30400 5.536412759768152
30500 11.269523744453261
30600 7.165481891711725
30700 10.1232281898783
30800 8.707226432373592
30900 13.491513255405328
31000 11.827490418308459
31100 3.1302399740250344
31200 8.549192067076332
31300 9.239552885579773
31400 5.106902195924793
31500 9.509644520764269
31600 6.453382141235894
31700 7.420918981081828
31800 8.829400045932209
31900 10.313777040164043
32000 3.3566799750130167
32100 5.756627746162859
32200 6.969697824318076
32300 10.321424137730787
32400 2.998707769723923
32500 11.729443319444684
32600 9.526740070430163
32700 7.724604081394822
32800 7.70263505548742
32900 6.814803674569782
33000 8.657069997356814
33100 7.292986699501276
33200 8.713501676353014
33300 7.783405396511101
33400 8.391485952260464
33500 8.848345996721278
33600 9.227652780355289
33700 8.388568877925296
33800 11.864339745359493
33900 11.71190724780144
34000 3.304231192960328
34100 8.707823131537777
34200 9.2394901216174
34300 8.29277777084165
34400 9.98367717746255
34500 7.374342579812134
34600 10.472945069591974
34700 7.750203056386315
34800 5.590234210100887
34900 4.291484421207985
35000 10.730200456744978
35100 4.850385051243848
35200 6.450604674148268
35300 7.0844978697817345
35400 4.861582932227624
35500 6.223069678298858
35600 13.379326483437977
35700 9.4855361617225
35800 5.222836769118839
35900 6.032603901037849
36000 12.908306968378628
36100 6.706617502888657
36200 5.803339175759433
36300 11.36835332376837
36400 9.525696426591193
36500 10.215032899603594
36600 10.692445540224202
36700 7.129180108037873
36800 4.166447568940075
36900 5.542396825051214
37000 2.7783639119025514
37100 12.046599081112841
37200 5.469795718273047
37300 9.469305401829894
37400 8.250110660141988
37500 3.3234777028182934
37600 6.123066572091861
37700 1.044776387830864
37800 4.032818116509235
37900 6.075659202320345
38000 9.684898162771432
38100 9.100362193695966
38200 9.432280718554784
38300 10.586972538514136
38400 8.760241859121416
38500 14.57532180396774
38600 12.70104379499887
38700 8.982345989608465
38800 6.400301940922724
38900 8.774969973670954
39000 4.3174935330733515
39100 5.687108342195649
39200 8.43362746889386
39300 5.065009783677997
39400 7.051112097489118
39500 10.06761780308897
39600 9.341298832385554
39700 10.162401289619453
39800 4.513471363554152
39900 3.7152456254435537
40000 7.510305864294344
40100 8.075736093541881
40200 6.539342433096147
40300 10.049793651895131
40400 11.646525150068339
40500 8.272772925911129
40600 11.447769055296341
40700 10.02950241293408
40800 6.438968470261124
40900 9.258338030605003
41000 11.57376743655473
41100 12.3739626360185
41200 11.129693826848811
41300 2.665562740439596
41400 7.132888573982181
41500 4.952138758163659
41600 9.764967723295998
41700 11.991083237364546
41800 5.722897516216314
41900 7.252038072911443
42000 8.838666188591175
42100 9.416958244295383
42200 9.425604958886671
42300 5.457220809490126
42400 2.683351957139336
42500 4.570063015123031
42600 7.490106466762695
42700 4.607178985566397
42800 9.825484679912202
42900 6.758637206279287
43000 8.137253068857571
43100 11.611062358062966
43200 11.353524819795393
43300 9.336823095717396
43400 9.516624281184255
43500 6.4942653462041795
43600 4.5500973295048714
43700 5.533196696489045
43800 2.0321367298424593
43900 6.129808137615455
44000 10.78477142739784
44100 6.4286965035834465
44200 9.65784879065393
44300 10.953602936288396
44400 3.4251299563213693
44500 9.245838673409454
44600 8.525156822618158
44700 11.581896868580415
44800 7.546158889164313
44900 5.242561414453066
45000 10.351441600194304
45100 5.244500547451741
45200 10.151454175763378
45300 7.503259851703745
45400 2.562739137445069
45500 4.080992507594655
45600 6.561929690101598
45700 6.107413571061418
45800 9.434578313096054
45900 12.263204994469591
46000 4.282717549347806
46100 5.3793852090071095
46200 8.10918425462524
46300 11.85357891395661
46400 9.341013711398237
46500 11.258013046254078
46600 10.270128823077178
46700 8.178999779803902
46800 3.4335550120809066
46900 4.361357874546892
47000 9.439303122501132
47100 9.678829260026337
47200 7.784468079886934
47300 6.961848922798407
47400 7.140881622880739
47500 5.760382296870816
47600 5.841031505517551
47700 8.784641387824466
47800 4.114095593911786
47900 3.7011086761716245
48000 7.627502698120482
48100 12.557772206495317
48200 8.834823198063356
48300 3.308694264135165
48400 7.651901154214229
48500 6.302972905043739
48600 2.391560760372723
48700 4.806338910272206
48800 4.523323469038962
48900 4.673361335474446
49000 6.790914307639953
49100 6.431851688478521
49200 5.834250295333694
49300 7.750535398832123
49400 7.711279057274451
49500 2.937328438214943
49600 9.748405874382705
49700 8.488271633966036
49800 5.533816520153504
49900 6.088472011575842
50000 2.697628095460899
50100 7.366768564566454
50200 3.3970415193140453
50300 8.75055546682158
50400 6.356620633034138
50500 9.899817305399353
50600 8.157493291497012
50700 3.2549544986436407
50800 11.46759877118875
50900 6.283761953364183
51000 7.303757997481105
51100 5.4238316579900365
51200 6.1041645461873415
51300 4.487079033261288
51400 6.537648533993085
51500 7.782814500170432
51600 3.575113411743536
51700 8.206106056952471
51800 0.8409632649606347
51900 6.068147614944586
52000 2.015533481720833
52100 2.2933394433204977
52200 5.686258378504395
52300 5.769139310468942
52400 6.90586863371817
52500 8.612803939831634
52600 8.121990775056885
52700 5.018637836107339
52800 7.17942538234541
52900 4.834021117917068
53000 3.062719514245312
53100 9.503156366990945
53200 5.81458039738337
53300 2.3339116770292394
53400 5.681971376500765
53500 8.316325913847503
53600 4.522292170313115
53700 4.540433581056634
53800 6.7488063597196035
53900 8.260561433685723
54000 2.681865430748286
54100 5.6383164130558
54200 7.2674095963197365
54300 1.643971183294091
54400 5.219854279007123
54500 5.033892793317415
54600 6.295632909558115
54700 8.088770890396319
54800 2.2517993162920518
54900 0.8165806537523255
55000 6.193486061487485
55100 6.207029116286571
55200 7.451702993519317
55300 5.695469487575909
55400 -3.1927940493523614
55500 7.304431215197853
55600 7.639004171198202
55700 11.514776543885892
55800 5.6265595892869325
55900 5.144351980036532
56000 6.868767684279552
56100 3.2490364836402708
56200 7.377440480275842
56300 5.401393517476195
56400 8.478996516617721
56500 6.511207182072649
56600 11.38843245233451
56700 3.7902669094152817
56800 7.147580004058383
56900 3.446880968401336
57000 0.5444065301564964
57100 4.7896686575269465
57200 4.343699162225638
57300 3.313994488925293
57400 2.671846826382663
57500 -0.7494277181041994
57600 5.493166045522328
57700 2.9281663951551797
57800 2.379110421116575
57900 6.846983916874937
58000 0.040144856398753426
58100 5.2309200597877075
58200 0.5139435565465004
58300 -2.8550697513877035
58400 5.462868619035059
58500 6.713643310180285
58600 7.350823253362381
58700 3.9604884046633315
58800 0.3031025494515677
58900 5.042072813317931
59000 1.7480565907650658
59100 3.9317925247836905
59200 4.476500824279693
59300 -2.2506637224812245
59400 4.096250568082475
59500 7.76037024788859
59600 6.487683588431527
59700 4.333481828503103
59800 3.932430541429663
59900 9.082683947599525
60000 2.7897776830634062
60100 0.7142058665596771
60200 5.459177845234167
60300 -2.6596136447131005
60400 10.918806856373484
60500 8.366949297925126
60600 6.597981065781974
60700 2.004000991131123
60800 4.044521438038873
60900 3.153594638800444
61000 4.375615879487285
61100 8.942172607963725
61200 3.286234886772794
61300 5.70404304183987
61400 3.440868625780985
61500 2.3491663125171027
61600 3.598246966899894
61700 4.5181693022368705
61800 9.262461704595745
61900 6.065588544673739
62000 3.7959949006680063
62100 3.4855571583532945
62200 2.6129884700833172
62300 3.2844450207233313
62400 5.624072713844531
62500 1.6475024511970897
62600 9.441397054899937
62700 1.8258487436891508
62800 6.290229764996893
62900 7.353406085564825
63000 3.456555899241611
63100 10.891970402953485
63200 8.709644968552773
63300 5.5910458711135975
63400 7.594791404513637
63500 10.337835957513363
63600 3.5445351700097247
63700 2.262205785693438
63800 7.473058289089967
63900 6.413956596499693
64000 6.769277119553182
64100 5.639841984981804
64200 3.739468658597373
64300 5.539390483185505
64400 6.930260926731425
64500 1.7923076401883606
64600 4.694572740289044
64700 3.170597959111276
64800 7.210017553799761
64900 4.877029039312001
65000 7.401386621865124
65100 6.73003996829732
65200 5.814084937667173
65300 6.144282534251908
65400 1.8361650661283324
65500 5.370158301685208
65600 2.5437886979273157
65700 7.546002076080298
65800 6.37856525992487
65900 7.832112822604096
66000 7.173815484489137
66100 5.232766903757367
66200 4.904559657185797
66300 5.198350076551618
66400 6.745092087576449
66500 0.7734513886546697
66600 1.730581506327916
66700 2.775869768884587
66800 4.091155480487177
66900 3.261869806711365
67000 4.48590730408187
67100 0.46783710944961876
67200 6.485687664318933
67300 5.896126543902064
67400 11.850128678165573
67500 7.982336879203272
67600 4.248906272246436
67700 4.3480700535380326
67800 2.710592436620284
67900 2.03430894114572
68000 3.7892187693666632
68100 -1.86025484798062
68200 6.057666482234334
68300 7.273143670421717
68400 4.425776914180393
68500 3.1671538615604162
68600 8.388794916374628
68700 2.646894704525867
68800 8.777450768286831
68900 11.129240428629142
69000 5.648369087204538
69100 9.527260633486415
69200 1.6331303895568041
69300 7.095436086754877
69400 7.144952155483077
69500 4.512983641033178
69600 4.9909341396249545
69700 -1.5605667051083798
69800 4.316747093901404
69900 7.094475217781725
70000 9.128883682181108
70100 4.013973505425053
70200 5.672632617885152
70300 0.5717029401895619
70400 2.788145013614725
70500 8.99887518696194
70600 1.874896593750187
70700 3.087172302850003
70800 3.784688260514119
70900 2.218661084768577
71000 9.284203138112149
71100 8.807694084984131
71200 9.459857001645117
71300 6.63258446869489
71400 5.564323806398536
71500 5.081470162939077
71600 7.88681124348804
71700 3.757728748547241
71800 9.664167510108728
71900 6.352477899170211
72000 10.343266136910097
72100 9.445890051917514
72200 9.655086333492001
72300 9.388178263861088
72400 6.479355635117842
72500 7.97113443494688
72600 6.025482196600074
72700 3.50434789731169
72800 1.953697006224644
72900 2.036106786937299
73000 5.333406432293313
73100 6.342798691719924
73200 5.529398235727626
73300 9.526902087854012
73400 5.672804502091647
73500 3.0569227775070535
73600 9.612618394574389
73700 4.556710777939715
73800 4.710186284010865
73900 7.124054456888467
74000 1.8235579710562928
74100 1.156449702137417
74200 1.7872545314594839
74300 10.07153872746788
74400 6.781344110943345
74500 8.305523630403119
74600 1.7639301267480882
74700 3.923501406390367
74800 7.422232534729423
74900 7.092473402561909
75000 3.8162743406622224
75100 5.286563700434874
75200 -2.2189777752759845
75300 2.420859370900738
75400 2.4535450690706697
75500 11.675941306991081
75600 7.997251730476345
75700 2.7310057287820007
75800 4.091121163965139
75900 7.658531045343349
76000 1.2260444187846833
76100 5.43041933531791
76200 7.400504560594806
76300 6.415886187647553
76400 7.121367242449377
76500 9.778894547013975
76600 4.095956198546664
76700 3.8070281785499653
76800 8.714542654595787
76900 7.7927488315154125
77000 9.512164448866784
77100 3.634835073571948
77200 3.6092204244204584
77300 4.445627772572422
77400 13.271029349398058
77500 6.90436287783856
77600 9.05900249151739
77700 3.661385878250781
77800 8.748833477532003
77900 5.889281011235436
78000 3.8093394661480584
78100 8.584639500407027
78200 12.65791767802302
78300 7.686452618319937
78400 8.573612347491395
78500 4.545951423540343
78600 3.9934421889350085
78700 3.7591179724886765
78800 6.301712225839235
78900 2.3100776111816206
79000 8.733907566679616
79100 8.3441113446458
79200 9.946522428401268
79300 7.547757830356025
79400 9.548431712645986
79500 8.675725501884841
79600 9.511800086860324
79700 5.867389775962756
79800 6.40530185482443
79900 8.350032496652098
80000 4.34748088506398
80100 12.201757236745228
80200 10.764239826009852
80300 5.591747749274643
80400 7.836891577495788
80500 6.439955680338079
80600 7.985396648144393
80700 6.409990279803454
80800 10.00989962353184
80900 10.510662040280716
81000 6.946966479677184
81100 6.75965244951907
81200 3.180673211865346
81300 4.781794814308072
81400 6.613714285151605
81500 7.104619786474216
81600 9.950775718226659
81700 8.514841813808667
81800 1.7652272481129287
81900 4.992487112289696
82000 5.302147017064758
82100 10.26070874063433
82200 6.100758335405765
82300 7.753348329362931
82400 9.633801916360751
82500 9.25873292862249
82600 4.024561192768955
82700 3.4232486753318834
82800 8.988655365340671
82900 6.819525624971564
83000 9.622495653605007
83100 7.0343294487685855
83200 7.28121692227228
83300 9.654363773696778
83400 5.3016188015524826
83500 10.114388691157338
83600 7.911761080384511
83700 1.815150038776454
83800 10.442057921427482
83900 7.839708388337168
84000 7.14672963892689
84100 6.181356208354084
84200 5.747515163125945
84300 7.5691471284621565
84400 8.495620506591516
84500 6.792887053230256
84600 11.86535730150862
84700 4.670972624074706
84800 7.562774630224901
84900 7.931992206608769
85000 3.903983923431069
85100 5.834811589417462
85200 9.299842787906815
85300 9.902287717399906
85400 12.140240834998691
85500 10.681829245431185
85600 8.78557827729619
85700 4.0806232652522425
85800 12.743032690752056
85900 4.935864705090172
86000 10.763361611815766
86100 4.284126354147967
86200 7.659519496306827
86300 4.752820341066181
86400 3.923927960039549
86500 8.152778291024948
86600 13.47214760470664
86700 7.099456789093411
86800 8.58792282717381
86900 9.097813611757536
87000 9.723819865974189
87100 7.0491604200366575
87200 10.359827609352422
87300 8.293720041449753
87400 10.121036539588076
87500 8.37839214084737
87600 7.254331018242649
87700 9.894665291951204
87800 15.47128469244361
87900 6.824710223210994
88000 5.371444931612886
88100 12.223215138259395
88200 6.393428016851194
88300 6.1148553094209674
88400 9.64281091631797
88500 8.246867103683968
88600 12.03772294617846
88700 6.599780342738424
88800 6.675624836751125
88900 4.948047907780545
89000 9.482722962589165
89100 5.042172104794478
89200 1.8969281002960166
89300 6.004136098982398
89400 4.173841400644086
89500 11.990581673650752
89600 7.473454816825072
89700 5.672712912618769
89800 8.096084547171573
89900 11.261194222258357
90000 9.34072961571909
90100 11.296291712947477
90200 3.6050670813636314
90300 2.330371783926007
90400 8.356566067823355
90500 10.167449109256594
90600 7.0330961784146435
90700 1.183133715383259
90800 5.909166645080462
90900 10.056735359930482
91000 10.337343619480631
91100 9.04621438962263
91200 3.2681986957380706
91300 10.148454311377105
91400 5.094568885838824
91500 5.985666991377519
91600 3.722894300025726
91700 13.001729777294196
91800 11.364936884328806
91900 10.694279539368427
92000 7.473119846714445
92100 11.076905932564697
92200 4.3847753161068805
92300 8.147311762926162
92400 5.760259464908263
92500 8.184773104233651
92600 5.205955045285329
92700 7.58889452839764
92800 10.948428420623838
92900 8.665472192324696
93000 9.402996276964625
93100 8.632563475773697
93200 9.238048686239294
93300 4.028127100403902
93400 11.008035479974755
93500 10.068315385241256
93600 10.157817195952465
93700 8.118010090478075
93800 7.019464040273635
93900 11.506075061746175
94000 2.3415941074720483
94100 5.359869338701502
94200 9.274647621445498
94300 6.063963113021166
94400 10.536731570193309
94500 6.038579823245536
94600 6.347612954553494
94700 7.724822139778381
94800 9.828122051154237
94900 4.797358924175685
95000 8.041956189407092
95100 8.064284947626977
95200 7.228264955051298
95300 5.866923554896888
95400 3.9244628729187045
95500 5.647718221095421
95600 9.896388395497146
95700 3.0743343544061146
95800 3.850363117327047
95900 6.55324118650492
96000 12.59598147413889
96100 7.976529427225749
96200 7.1236663890716665
96300 8.25777204398354
96400 8.355797377749445
96500 13.009541164662451
96600 9.345805490166658
96700 6.6633157963761835
96800 12.267960049141367
96900 5.97199486858541
97000 4.210555364047057
97100 11.036833342665835
97200 2.7146381217505673
97300 1.5988367594809465
97400 7.413915404488155
97500 13.726629025349594
97600 3.8168436212613646
97700 9.100542777383298
97800 6.791749748704622
97900 3.1325184964864103
98000 4.539107683624415
98100 10.933427263733577
98200 6.796723163855402
98300 4.115547971478812
98400 9.829453597836057
98500 6.727408581855019
98600 9.712851377668514
98700 13.257526300605281
98800 5.695189477199358
98900 4.209551419774655
99000 8.381578857259315
99100 5.60210772433127
99200 8.209832138855104
99300 9.784039523810906
99400 9.313172357861314
99500 6.881692162675777
99600 6.878580814141764
99700 10.55641521684748
99800 8.628017316218356
99900 7.933142648761847
100000 8.229196523217098
100100 8.63334578829136
100200 10.724488423620569
100300 9.856614486016818
100400 5.681607429738396
100500 12.717688030756417
100600 8.588160397894205
100700 11.904509327634763
100800 9.013135132802741
100900 9.311131430754244
101000 8.349719965937762
101100 7.4892587583968515
101200 12.882341801269352
101300 7.504636205299821
101400 7.148422255871438
101500 8.846331251526648
101600 6.850787256092086
101700 11.916945865893245
101800 7.383999716264437
101900 7.925695018355207
102000 9.528377503917474
102100 7.900254283202872
102200 10.18551583453046
102300 8.190321064233471
102400 11.96843720351291
102500 4.973238326098748
102600 0.3458711745010964
102700 9.498100044528297
102800 8.529109728087182
102900 11.839864613642678
103000 10.218146156891477
103100 6.915924840912387
103200 8.549697790601828
103300 4.905161115862345
103400 9.575010179000527
103500 5.036592688487246
103600 7.432641728447976
103700 11.074973943810605
103800 6.25065676696575
103900 9.94278349913434
104000 11.201888296783078
104100 7.8631295459613515
104200 10.620095071363258
104300 9.24263436235091
104400 11.5915660951104
104500 7.212592416683388
104600 9.826177835470771
104700 12.621202440887952
104800 11.464709698265423
104900 12.379544875311502
105000 8.552873913360152
105100 4.928695417356529
105200 5.125364792859819
105300 6.103044344569996
105400 5.532976560951566
105500 6.151562266560256
105600 11.662434691078847
105700 4.719290750146062
105800 2.8229273760525637
105900 5.78873172352242
106000 6.8179320859029655
106100 9.997561178445054
106200 8.236919605628371
106300 10.282944249599826
106400 7.725562423719529
106500 6.718769705246652
106600 10.127440561254355
106700 7.8173573217814925
106800 11.23756070902567
106900 10.3852637573993
107000 8.279862498758774
107100 11.50275448195862
107200 7.7488274745978485
107300 9.027992175508809
107400 10.603275134913424
107500 11.200496336834217
107600 6.7274583218844475
107700 7.758304192518823
107800 5.891755595705018
107900 10.763929881867483
108000 5.4765875490352105
108100 8.723578719977773
108200 11.745136207830054
108300 11.419127101951734
108400 4.751828167002236
108500 12.131181046390312
108600 13.347651717666333
108700 9.669851795703778
108800 9.07404691328784
108900 10.563539830174363
109000 5.218327888861535
109100 5.117081746947909
109200 3.847020154523185
109300 7.965677490160452
109400 6.061470138487791
109500 8.703306072300474
109600 12.496412920578662
109700 5.752952992424145
109800 7.511121336773226
109900 8.395269437996037
110000 8.008416070575306
110100 5.539303327265887
110200 3.382731884442119
110300 11.078177140625872
110400 9.634562374128187
110500 8.923835391140276
110600 5.284264911342986
110700 9.386913037705677
110800 11.205641984775522
110900 9.100270560187814
111000 5.828617790702373
111100 9.04250082419715
111200 6.475852737128982
111300 7.3187915152575345
111400 11.189908202731472
111500 10.653406154275885
111600 11.559769059303065
111700 14.674758922102791
111800 10.314487221486086
111900 9.400130517364788
112000 9.164469448559398
112100 8.445224947312543
112200 12.519027827002887
112300 7.757361969852864
112400 4.172399599478396
112500 9.324627328294794
112600 7.59085107090495
112700 8.53090866518338
112800 7.627380345053113
112900 7.246994803530283
113000 6.684833476177991
113100 12.86365940509234
113200 9.163718456116836
113300 10.18417797308092
113400 10.113301420183712
113500 12.66248313880501
113600 8.201503154735974
113700 9.472398482234356
113800 8.260173702475264
113900 5.40971953074823
114000 9.880709024591338
114100 6.559233234746286
114200 10.329026406002942
114300 11.431399820493226
114400 7.697578535687467
114500 5.913749235960331
114600 1.1634487451790263
114700 9.126557398365678
114800 11.44635646774023
114900 11.293908337552846
115000 6.93552942492533
115100 5.663535893981118
115200 11.37731629051248
115300 10.273921493843535
115400 10.294059946828828
115500 3.553555878532558
115600 9.638736813344533
115700 10.444567661051886
115800 7.644086853839619
115900 11.863076206569188
116000 5.64347682730363
116100 10.901013657704395
116200 9.844877960801904
116300 4.0931096241306095
116400 12.944010520330686
116500 5.364423017931944
116600 5.410971764468858
116700 9.436035219856384
116800 6.758210255400993
116900 7.320798218535649
117000 10.600706664323411
117100 11.84463311094709
117200 11.310663191845746
117300 8.670725691761849
117400 8.475207880098578
117500 11.806421119022554
117600 14.127943233430805
117700 9.801177266293793
117800 6.430137882394708
117900 9.483929595778296
118000 7.32187186490215
118100 6.518772794313814
118200 10.986350044643945
118300 9.459914576124952
118400 13.519601226431876
118500 6.503811264761191
118600 9.88127750795202
118700 11.579044987890898
118800 4.734636700795306
118900 5.130062803113276
119000 10.112443405062237
119100 9.455671238945618
119200 8.520520348455115
119300 9.835889174777607
119400 10.753304955524344
119500 8.616139217232229
119600 8.456454550170681
119700 9.345072862201134
119800 8.646397029374263
119900 8.066578997632519
120000 9.51622022339382
120100 14.015724655134239
120200 7.448942509012842
120300 10.32868029244534
120400 3.9122091640054864
120500 9.595846122072434
120600 5.439049721220236
120700 11.363879872561075
120800 8.946630399107528
120900 6.486573906819324
121000 7.794713196618802
121100 15.30259781633653
121200 9.671961972618718
121300 10.168440593173349
121400 5.0211766495438
121500 14.216097406782735
121600 2.7580422778622835
121700 11.943321953589185
121800 13.501025603249138
121900 8.863755804006251
122000 4.890873035354626
122100 5.962602185898471
122200 9.633676484275819
122300 12.195759254444125
122400 9.741541698343417
122500 4.9242346746531105
122600 12.068716758560997
122700 8.075278293192948
122800 12.571955904271935
122900 15.393052447356526
123000 11.328133836210188
123100 6.272399805913892
123200 6.771152318599758
123300 8.411811731879995
123400 11.172021426190732
123500 7.475318608704811
123600 9.597728537111538
123700 9.337088246940377
123800 9.017637822566586
123900 8.077566477083899
124000 10.288840625730893
124100 6.128952024713459
124200 6.785153367470032
124300 12.976658848076738
124400 11.475142592199422
124500 10.341301313017583
124600 9.7526894144495
124700 8.189941252780223
124800 8.573896208824518
124900 12.238416704711257
125000 8.421379723127371
125100 11.92210670962086
125200 10.74371593544465
125300 6.422825592251725
125400 11.791157835608423
125500 9.967902804712267
125600 10.670455757166787
125700 8.06618877825155
125800 3.447909457610904
125900 10.326519386748487
126000 8.66521792304295
126100 8.80235438174447
126200 8.566076579730405
126300 11.990216670894958
126400 10.378828673125003
126500 8.022637190966591
126600 8.370504757785692
126700 9.212637539278203
126800 4.57486960835238
126900 10.690784566607961
127000 9.082201449791661
127100 10.694973734784085
127200 10.584265768192166
127300 9.632215197111805
127400 8.361945146556574
127500 10.011948782597983
127600 8.329278871616305
127700 6.025490050393785
127800 8.985312229247791
127900 8.413627640320183
128000 6.897383889743697
128100 10.005474853926184
128200 8.240279700021217
128300 12.615884866580911
128400 7.60273108872746
128500 9.922886350898345
128600 6.617138905896413
128700 10.580012144893551
128800 7.643981603196615
128900 8.345285392637583
129000 9.293321039498803
129100 12.128926191656392
129200 12.841561880878126
129300 9.57832367683612
129400 8.391614992080521
129500 4.827757017214099
129600 8.49308586742038
129700 9.16117857431903
129800 10.849777957233645
129900 10.787574289067596
130000 14.394616352812456
130100 10.334480780422767
130200 6.405999496690146
130300 7.245960175324905
130400 5.7670050270752204
130500 9.370643219046086
130600 8.199087088590005
130700 4.8269709455787595
130800 9.938192189016362
130900 8.424373505065525
131000 7.698512209867999
131100 10.767316214754828
131200 11.076849609666413
131300 7.268715482900934
131400 7.406111862869257
131500 10.296653823923668
131600 7.049135669113114
131700 4.806566096356165
131800 3.3775645531848446
131900 8.082675025691294
132000 10.056888512688928
132100 11.059026113266725
132200 11.295793725688362
132300 11.757329391373434
132400 8.10589866762954
132500 7.7616785791534575
132600 11.620354157810615
132700 12.016187055483735
132800 11.368809634933184
132900 4.688156702433838
133000 9.148013260642257
133100 6.431807741892358
133200 9.538136334167127
133300 11.34299355933062
133400 13.98589389349715
133500 7.524064339707104
133600 10.925428041357275
133700 10.78192710200697
133800 11.294431182827418
133900 8.76585618977852
134000 5.010906895645929
134100 6.167495547826579
134200 3.259446098213007
134300 10.329051787866138
134400 9.943747835456623
134500 7.658156594709121
134600 7.8902399393385
134700 12.472615078863926
134800 7.692975687792804
134900 12.160581981536904
135000 10.326547474242128
135100 10.934144514971093
135200 6.501976650621423
135300 9.19868781737377
135400 12.040141467492107
135500 7.789032113391204
135600 9.576913943969473
135700 7.017366203894877
135800 11.224098622427968
135900 13.949118261725426
136000 5.633121025315262
136100 6.661870273791692
136200 8.453917800287607
136300 8.561866057314656
136400 10.971781556605036
136500 10.241399512393489
136600 8.448716009609832
136700 11.353092180881035
136800 10.506404439848605
136900 11.69110212234994
137000 10.452674855782872
137100 10.277765868258035
137200 9.331779993960753
137300 10.779378708296727
137400 4.09394797892756
137500 8.306513415438374
137600 3.96909479986587
137700 9.064550779544124
137800 12.448263887343167
137900 6.2128209380169634
138000 5.259497305871844
138100 10.562319748869452
138200 9.23202622254377
138300 15.059020075983899
138400 9.364568944891452
138500 9.139468856248945
138600 7.863145809966979
138700 12.381279004807054
138800 13.4694167543082
138900 6.481286750131815
139000 5.370443790275788
139100 7.524655490669856
139200 14.039877559358354
139300 6.485259658947387
139400 8.10338003556128
139500 7.418677892027105
139600 9.51867970626873
139700 12.125169047557264
139800 10.49236063932478
139900 10.007652998375635
140000 6.806105647865051
140100 11.534726941129206
140200 10.282356346029744
140300 6.072296009042084
140400 10.055823029732299
140500 9.068396217683102
140600 8.585593917355299
140700 10.572492525145197
140800 12.258479134083625
140900 10.596951091098768
141000 5.101593582404073
141100 13.305066480157915
141200 10.687438918793438
141300 11.668627132740166
141400 4.845771110922466
141500 9.229027309603747
141600 13.369208637982258
141700 7.800690468431494
141800 9.506618564214582
141900 5.578063698573063
142000 13.781306578822171
142100 13.236355017151423
142200 8.969710960345463
142300 13.408704058287052
142400 12.625295042839399
142500 9.239624050491965
142600 11.504040338126405
142700 10.91937936790179
142800 9.67332023392539
142900 4.5569669017677334
143000 9.322384153798543
143100 12.755346840524872
143200 3.9143650476323995
143300 9.788885940422066
143400 9.7639578802613
143500 8.460603105668453
143600 10.337867450167911
143700 7.997059148760352
143800 9.09880550474931
143900 7.629567726981968
144000 9.528322488937757
144100 7.422220770309144
144200 8.472982892574814
144300 5.312168421788442
144400 10.079034132779109
144500 8.754625652751079
144600 10.262128808151989
144700 14.485184535270372
144800 6.840398557654917
144900 6.499438027368047
145000 13.628857527687579
145100 12.70988575321139
145200 7.340985529109612
145300 10.314283109780789
145400 7.97136514596568
145500 8.383799235747366
145600 9.494893343811574
145700 12.805144729190362
145800 9.448364134402276
145900 10.082192517860403
146000 12.497916094111554
146100 12.854436816429912
146200 13.115495629322139
146300 11.186641928953593
146400 8.178101238062652
146500 11.424875046226004
146600 6.718981154474724
146700 8.66663711794601
146800 6.441107388636218
146900 12.207114528820243
147000 13.440616122894905
147100 12.1009044253641
147200 10.30952159837281
147300 8.354205919042036
147400 9.20126136624701
147500 8.105894307334257
147600 6.870681602509423
147700 10.704250057833066
147800 9.052570729261666
147900 5.881584733788436
148000 10.988655092193254
148100 12.664973012529199
148200 9.50240685564794
148300 10.11347720158364
148400 12.988135572089826
148500 10.617263324265899
148600 12.518725060829317
148700 7.1483668051493
148800 7.57281440116424
148900 5.395598946013731
149000 7.0319793598348745
149100 10.74979413251691
149200 12.61352325423893
149300 7.938726903268432
149400 11.09279063110029
149500 11.738890980833153
149600 10.943944552020783
149700 5.582963770908142
149800 7.717200397572006
149900 10.73543477797262
150000 7.0739458345046415
150100 9.994086941054373
150200 10.752374139386673
150300 10.12567355248895
150400 9.050034951940047
150500 5.344103514173128
150600 11.490205747130075
150700 5.135654934315467
150800 14.049081296494084
150900 12.94533177422138
151000 12.154867334088411
151100 11.479493329987605
151200 7.6402413226071655
151300 9.754868087888758
151400 16.515943993519354
151500 10.49962511885508
151600 14.333784639524634
151700 11.484960865249358
151800 9.673811509928736
151900 9.92040156435226
152000 14.604032831903648
152100 11.738114439043448
152200 5.8773239430971635
152300 8.687035520431612
152400 12.554027747121479
152500 11.087569222463797
152600 7.371763149145782
152700 13.149135437101823
152800 8.65673407191893
152900 13.587672545173973
153000 9.525061933660382
153100 11.564906184032644
153200 12.690953594998348
153300 7.94091397475814
153400 11.587502750588028
153500 12.681344928246288
153600 10.305089353169357
153700 8.845741938886022
153800 9.996973584778358
153900 7.469921234089966
154000 9.307250929779029
154100 7.329644994914672
154200 14.552129421788889
154300 11.85964643710711
154400 10.702702569674575
154500 9.514482864561352
154600 11.461845854476632
154700 8.497357643753007
154800 11.243209080521341
154900 8.965580683393839
155000 9.568742410743965
155100 10.096055718572163
155200 14.288799006412235
155300 9.354845437256241
155400 10.190194538868788
155500 8.898480882958607
155600 10.854989186500415
155700 11.480075616643155
155800 12.093002321252765
155900 11.869074049501812
156000 12.374132842407631
156100 9.575613249522123
156200 11.457128788868514
156300 14.417146844340182
156400 10.97627370308118
156500 16.18173806132404
156600 6.162969321238987
156700 11.440730517094709
156800 13.01668443899629
156900 11.269320767728285
157000 10.788369516665957
157100 9.585628513765315
157200 9.61633781560841
157300 8.887956745824608
157400 12.979303695336155
157500 8.89649143993448
157600 9.818517187659797
157700 1.802568251577652
157800 7.492611879074655
157900 12.933716115756122
158000 9.820983589283651
158100 8.880969881888106
158200 11.609424616434255
158300 10.796339203231845
158400 11.044240655089816
158500 9.57143031074484
158600 8.901359568917453
158700 8.310846007545718
158800 10.727305297389888
158900 11.71822031641626
159000 9.0308073966997
159100 7.092632058379138
159200 4.4479418800760495
159300 8.5765180787112
159400 10.507677026633223
159500 8.63819340802953
159600 13.14439074509756
159700 10.95310097539993
159800 5.617246917955756
159900 11.010523500408267
160000 12.46337830920521
160100 3.818389577350782
160200 8.420702812862478
160300 11.351607802400967
160400 7.133349306054643
160500 13.788001909298496
160600 11.164799690321326
160700 12.807011971034694
160800 11.164072564436752
160900 10.887622627591556
161000 7.877514065524585
161100 13.481495248445562
161200 10.585871522944464
161300 11.608537090455897
161400 13.96026905867811
161500 9.57352398179398
161600 13.962268566586134
161700 8.553385553690108
161800 11.275781977819472
161900 12.136149360614356
162000 12.63975690500976
162100 8.479521925023153
162200 14.821950268158476
162300 7.832569449480207
162400 12.494441477966232
162500 13.789383919779103
162600 8.673402598344953
162700 8.158639870031926
162800 16.79476112407794
162900 11.706909944943025
163000 11.578893480626107
163100 13.402331181737736
163200 10.836351714417548
163300 10.548683830413124
163400 8.33327462456226
163500 9.598519078500317
163600 10.689039993354532
163700 10.322528598506869
163800 7.653943226563552
163900 12.023163746869498
164000 7.52496470152157
164100 9.70574128233962
164200 13.469783186280731
164300 12.932241936414195
164400 12.374798176065303
164500 9.66752256079205
164600 13.04447222151713
164700 14.025744913724857
164800 10.925241736483104
164900 15.050379751233127
165000 14.06539167730705
165100 6.2923841472758095
165200 12.87546565746787
165300 11.569602953032115
165400 9.00238215200722
165500 11.52492792084956
165600 12.714241226527486
165700 6.742156812945693
165800 7.510711022211815
165900 9.756976170350413
166000 9.229724531795883
166100 9.311419977787605
166200 15.571703315133217
166300 13.521354514369014
166400 13.186300212418733
166500 12.75826313216964
166600 12.027180126458488
166700 12.357330286880401
166800 7.521170305451083
166900 10.760258000538018
167000 11.139163536742103
167100 14.564166840629111
167200 13.49136893950334
167300 10.675806868569932
167400 12.982992025146629
167500 12.585323245003648
167600 8.758486026962071
167700 12.249237177037715
167800 11.835294107669213
167900 10.795830063418888
168000 12.542304044094772
168100 13.642244666055955
168200 12.779128641632292
168300 9.411728993124052
168400 12.237176352541352
168500 11.451789449637332
168600 11.788913523010416
168700 11.039140327440744
168800 14.185965591245033
168900 12.93961254626232
169000 7.489523349413318
169100 12.729891518959514
169200 15.004445111046998
169300 13.627757282695764
169400 13.631061282727831
169500 14.243307661212379
169600 9.789892447872505
169700 13.235508517227597
169800 14.512236279349695
169900 13.280582690164604
170000 10.60149740093571
170100 13.598740614021237
170200 13.882185088044514
170300 14.371542038119772
170400 9.659630070878961
170500 14.941461536607147
170600 16.350617341819397
170700 11.557783178081237
170800 12.57622028837772
170900 15.574048383263191
171000 11.379317394528934
171100 10.637683648571807
171200 12.418262911464996
171300 10.529528994367373
171400 12.129429083425073
171500 10.382118983335475
171600 12.85931515818866
171700 8.033476057321645
171800 14.981047043306052
171900 12.710685690994648
172000 11.560998396263992
172100 12.192090141235045
172200 12.438411911260543
172300 11.410984967015697
172400 15.352378951055636
172500 14.309892051182477
172600 12.084101765083709
172700 9.943245656706265
172800 16.223161916098878
172900 10.079853643093903
173000 12.203430232953687
173100 12.106825009596
173200 14.729220222877153
173300 9.880818466367561
173400 13.034027049437894
173500 12.563127851731545
173600 18.77466605485527
173700 11.131565026237093
173800 11.199537691512965
173900 11.753150039080639
174000 11.510315455802795
174100 14.379947943427949
174200 15.955377613873607
174300 13.457362203568065
174400 12.91070288276628
174500 10.19739415286421
174600 14.20568442091011
174700 13.6416803583268
174800 9.71329150100676
174900 9.636598651728463
175000 8.00388873989137
175100 14.024031573334078
175200 11.519724848270728
175300 9.58295389089884
175400 12.33903016431614
175500 15.269288418330582
175600 10.301862261368015
175700 11.318016796673827
175800 12.957802943216121
175900 11.34971665574573
176000 11.040051816481558
176100 11.29373462767213
176200 9.420761363941802
176300 11.589202819142537
176400 13.561980962635936
176500 11.249769788963995
176600 5.241329498397031
176700 11.266420910982905
176800 13.684237677474714
176900 9.83964392016266
177000 13.209927593112354
177100 13.713192154158644
177200 13.27858207920184
177300 13.389215450377982
177400 11.108299249674797
177500 16.405549228107112
177600 11.17339581059695
177700 10.99922245125758
177800 12.41750030534714
177900 11.006438825832895
178000 12.481376609131786
178100 16.29959325183124
178200 10.632333505201446
178300 10.521092012468468
178400 10.983935271091537
178500 13.64613914590555
178600 13.392972488764467
178700 13.902801191607786
178800 12.347203201032652
178900 12.924145305839586
179000 10.060323834915897
179100 11.011286933029774
179200 11.1352840295455
179300 11.705503531369011
179400 13.394083072546639
179500 13.012373133533888
179600 13.257640802950565
179700 10.256987683196636
179800 11.177782634098486
179900 13.604439142672947
180000 10.380429084190729
180100 10.732724970887203
180200 10.138356674615641
180300 17.279192149810644
180400 14.046590530486695
180500 10.279937361544148
180600 14.971205313039642
180700 9.544402368717627
180800 12.648923706371045
180900 15.672347269894814
181000 9.52014911068537
181100 10.170235035386154
181200 14.45341913828403
181300 11.989749013507682
181400 8.522679103593694
181500 13.26855442552674
181600 14.762976690608593
181700 13.14775341799975
181800 13.149621533901776
181900 10.763606290988655
182000 14.153130177495607
182100 10.634438091158628
182200 10.642030481633782
182300 13.317421333326983
182400 12.572412832484346
182500 13.202423696287275
182600 13.871254767373495
182700 14.186838351963495
182800 16.48444138627681
182900 15.053776902325806
183000 12.255469504240558
183100 10.858677458842445
183200 9.741103716071468
183300 11.99739291130674
183400 13.14419224961451
183500 11.910366160904987
183600 12.749056647146164
183700 13.85109258240984
183800 11.048041709541899
183900 13.812211463240665
184000 9.282623469480479
184100 13.856254446857454
184200 13.589607648230837
184300 11.409106073895218
184400 9.920809063934175
184500 14.110962697334571
184600 14.16823529593631
184700 14.416391838231444
184800 13.685758699544252
184900 15.361587611880958
185000 9.62116777318963
185100 10.050614939356857
185200 13.891886514999014
185300 14.425360438146834
185400 7.478554915579506
185500 12.702341166212248
185600 14.225246144977504
185700 14.874414594221673
185800 15.814869851773327
185900 11.495655417768223
186000 12.921736450294832
186100 15.106917457363089
186200 14.50242114569072
186300 11.721043888659718
186400 10.319953531001197
186500 13.60106095170332
186600 10.672796504967213
186700 14.447742555975584
186800 13.37537631382557
186900 14.73535983471889
187000 12.498798066768549
187100 11.965939837008579
187200 11.230310065068279
187300 13.45661760973736
187400 10.798095995845529
187500 12.673580424916388
187600 10.271937335093895
187700 11.524663870899552
187800 14.128985099738388
187900 10.457525238080912
188000 13.397781198435547
188100 12.090949674661248
188200 13.235977488913397
188300 9.81102475240402
188400 11.516688825593759
188500 12.173176301454072
188600 10.185296806072097
188700 11.65462401717057
188800 10.705690233906457
188900 7.879861491087903
189000 9.690673425143123
189100 16.063028106815953
189200 11.35527796240782
189300 12.793283029840621
189400 10.9148868581613
189500 13.97749836209635
189600 9.296490405565995
189700 13.42738401307236
189800 12.837121814636589
189900 9.793101464911858
190000 14.23992879486174
190100 15.048823462304282
190200 11.272824931361079
190300 14.005107101001126
190400 8.905216635956368
190500 11.17925929568109
190600 14.135579240656556
190700 14.636646866811075
190800 9.734921252016722
190900 9.003043407129354
191000 12.993030761214962
191100 11.727474077465718
191200 9.27515440098446
191300 15.870208334063038
191400 11.875415059351448
191500 13.000231177929141
191600 9.5045837140947
191700 12.787672989707358
191800 11.383268355261919
191900 7.494098537400494
192000 14.260241731941969
192100 10.22774550052663
192200 15.7065881815325
192300 7.687881413527153
192400 8.902247273796895
192500 7.445848709441254
192600 16.211911994046346
192700 11.321785807925972
192800 10.56149308556164
192900 13.38805032015353
193000 11.702932219189755
193100 11.489495940681433
193200 10.354009925133585
193300 1.743984556340891
193400 11.750818828461675
193500 11.985291098954969
193600 11.064819785762817
193700 6.3669901712193635
193800 8.081469737882047
193900 13.8870042126183
194000 8.572795800591345
194100 10.315470416074227
194200 12.291471548184859
194300 10.755745046699579
194400 7.946261399353929
194500 7.242903874948517
194600 11.98739656458099
194700 13.70233836698407
194800 10.688915661482952
194900 4.534663764063589
195000 10.23595680646842
195100 14.565484685836143
195200 10.951004388692976
195300 10.18300168946883
195400 9.964200505719534
195500 6.159103158340195
195600 9.975186642291494
195700 10.65142422249871
195800 11.042828704631168
195900 11.12776067954547
196000 13.968250387647666
196100 15.597241142451681
196200 12.803048969742743
196300 10.883170730188557
196400 10.625988832778653
196500 12.877004837602458
196600 11.712471821003499
196700 6.226965060077578
196800 14.370014231266243
196900 13.067029624201993
197000 9.84954725586854
197100 14.25994355719123
197200 12.107199319555846
197300 9.693593671272358
197400 9.55093543096885
197500 10.081258078674715
197600 11.652953416470687
197700 12.320826210770978
197800 14.679773247646224
197900 12.903225974938374
198000 13.970623803066212
198100 10.52378433427901
198200 8.89049865605303
198300 9.363752873818122
198400 7.048234176449553
198500 8.611456309378738
198600 11.308758259935118
198700 13.223468879751461
198800 11.496465721130756
198900 13.636499471075389
199000 13.053336615498095
199100 12.13470171981164
199200 7.5268370772404385
199300 6.668753578819803
199400 13.40194034059564
199500 12.479780684789642
199600 11.227605330452931
199700 13.756251166178206
199800 12.313171572076941
199900 9.054143311739805
200000 11.20314772500431
