# Model = DQN.loop.(2)-9-9:9-9-(9)
# Num weights = 1134
# Learning rate = 0.001
# Env random seed = 111
# Start time: 30-12-2023(21:13)
100 -22.65560029492666
200 -23.799911499577963
300 -25.087263672282607
400 -27.169563247418125
500 -23.510193258550295
600 -24.59427184745314
700 -25.711527507439733
800 -26.05189518644467
900 -23.736469050517346
1000 -25.580983007983278
1100 -24.92355929599416
1200 -26.564033095927172
1300 -24.095900220052776
1400 -25.60762881753362
1500 -24.741572956751146
1600 -22.58640667377561
1700 -26.016147390321255
1800 -25.38348411291216
1900 -24.385211430387148
2000 -24.565433620572414
2100 -22.087784601721324
2200 -24.04446223197896
2300 -26.01121582719219
2400 -25.17711749354425
2500 -27.4733205299089
2600 -24.139275995934476
2700 -25.69822439726054
2800 -25.41734580272618
2900 -26.385002727097245
3000 -24.664109036367446
3100 -26.834170185277177
3200 -23.902467658754908
3300 -24.796274201773905
3400 -25.250362480652342
3500 -26.790941686816424
3600 -26.785437120276644
3700 -25.47693382096569
3800 -25.813894403741273
3900 -23.588743083595304
4000 -25.3377280757945
4100 -22.008725606755483
4200 -22.005594614173805
4300 -26.47636839959557
4400 -24.651333724942145
4500 -23.646231285200304
4600 -22.59132700147315
4700 -22.29026938593581
4800 -25.426886054403326
4900 -23.565612980299353
5000 -23.34018240273671
5100 -27.54241579375179
5200 -26.932999663803148
5300 -26.854108433165102
5400 -25.877759446386772
5500 -23.959959644902245
5600 -26.034813388438206
5700 -24.73745837456751
5800 -25.01499822105236
5900 -23.600797764806693
6000 -22.268789696393767
6100 -25.52524908123771
6200 -26.43105707675764
6300 -25.99503280874713
6400 -28.1843578076369
6500 -24.33779149721901
6600 -24.86527754267319
6700 -21.263120624915373
6800 -27.878928977333054
6900 -24.63989296519388
7000 -28.265325903310465
7100 -25.389238433143955
7200 -26.315865983921796
7300 -26.081891943486852
7400 -26.42154930426426
7500 -22.977996691126226
7600 -22.53394627841778
7700 -25.118201972364936
7800 -25.339786358860824
7900 -24.730898458025255
8000 -24.604412672409822
8100 -27.272467399402824
8200 -27.77152713580377
8300 -21.1948208776883
8400 -23.07487914930638
8500 -23.30642885973127
8600 -22.51039794370259
8700 -24.88743358360455
8800 -25.15697103737997
8900 -26.541898855693393
9000 -28.20139893970828
9100 -24.811877000143966
9200 -23.592452071387722
9300 -25.807525552497342
9400 -23.486415156365016
9500 -24.03814767073229
9600 -23.264817928831565
9700 -23.551942096041664
9800 -21.31519416672226
9900 -25.200994010773062
10000 -25.375604124510392
10100 -22.351887833716212
10200 -20.663965926966966
10300 -23.176342373394046
10400 -22.210875950115273
10500 -24.324964399436933
10600 -22.44770990252691
10700 -23.76191796983046
10800 -20.647673341363966
10900 -23.11397048980829
11000 -23.231300237022815
11100 -22.047974370560418
11200 -21.953927629872986
11300 -24.060269565951298
11400 -25.70086038571477
11500 -25.17109117479428
11600 -21.721704277604747
11700 -22.52869537923654
11800 -24.575142008672042
11900 -22.70389997010779
12000 -20.124694784059617
12100 -23.52673540826819
12200 -24.54349413474148
12300 -22.370350504972915
12400 -22.945237836331035
12500 -19.69755271800269
12600 -22.255670547844424
12700 -22.003908251933623
12800 -23.319959655907557
12900 -20.922006460999818
13000 -23.94396683504746
13100 -20.30721424007637
13200 -23.751774759892612
13300 -23.22444413317371
13400 -19.36346119703472
13500 -21.60547492733415
13600 -25.004781120553577
13700 -19.43335445277556
13800 -19.05512116634717
13900 -25.689295058501287
14000 -20.094394862952708
14100 -22.886695203775197
14200 -22.809577665619155
14300 -21.98851429236626
14400 -23.428102361621626
14500 -23.11622431245094
14600 -22.235139568532475
14700 -21.18337860629186
14800 -24.85873103401579
14900 -20.423960019459766
15000 -24.24600471729565
15100 -25.096131306226827
15200 -21.56555046930204
15300 -19.77838378641068
15400 -19.629898466654677
15500 -20.603901624619386
15600 -19.381771807040295
15700 -24.2621587926801
15800 -19.44583560442152
15900 -22.69034434888224
16000 -22.571211136296473
16100 -22.239824451612968
16200 -22.508787099573585
16300 -21.765770395001578
16400 -17.890050297589703
16500 -16.18533467238237
16600 -23.135925327013364
16700 -24.63798833235001
16800 -23.91951336859298
16900 -20.956067461845976
17000 -22.82913128861757
17100 -24.29226594988229
17200 -20.410463636428343
17300 -24.382768970271734
17400 -20.903426796077948
17500 -17.751052761406626
17600 -17.668329353413817
17700 -25.187061277714534
17800 -21.867479559690338
17900 -20.472896534097515
18000 -18.390343257731267
18100 -23.51635734811988
18200 -23.667610317701133
18300 -20.83765305468237
18400 -22.808535372537108
18500 -21.747995550939347
18600 -22.094860067082347
18700 -26.52087781587162
18800 -23.191014272936304
18900 -22.859186224905926
19000 -22.975121130486052
19100 -13.914466832075057
19200 -23.21565269352426
19300 -21.586039922892674
19400 -22.468371958475565
19500 -21.167795604118638
19600 -25.566996554479598
19700 -18.3889729349325
19800 -21.036499189427104
19900 -19.499778134270876
20000 -17.79844816506381
20100 -19.529693016054154
20200 -21.25915960599802
20300 -19.870441925001316
20400 -22.850123890960816
20500 -21.26026534104828
20600 -20.77772777629311
20700 -18.54866764341645
20800 -22.628841861218994
20900 -18.480871469266134
21000 -17.630833634506008
21100 -19.966174345300264
21200 -24.13528038959685
21300 -19.482408850253194
21400 -20.52821953274252
21500 -17.3584748049632
21600 -20.122725355988138
21700 -18.93609113220778
21800 -18.801489577938337
21900 -18.74880630384213
22000 -19.29622811823061
22100 -16.712435535598566
22200 -16.531408037801906
22300 -21.568302305290747
22400 -16.689611473206497
22500 -17.906786733858823
22600 -15.303494497942795
22700 -21.079000427916352
22800 -19.216634753524346
22900 -19.343495335592337
23000 -17.204359626952517
23100 -22.821265185074793
23200 -17.390070744193128
23300 -16.2938695451599
23400 -18.841425029944855
23500 -19.14503735616639
23600 -17.13409489300057
23700 -14.023091205971658
23800 -19.26203048214744
23900 -18.896291713715662
24000 -20.930527399423312
24100 -20.46679962849975
24200 -19.887258185960675
24300 -16.99200676041749
24400 -22.222532105139514
24500 -16.332771672182822
24600 -17.968635244038236
24700 -19.230064275160707
24800 -15.559662688653125
24900 -18.396307285622267
25000 -20.713013785691135
25100 -16.769776552875033
25200 -14.089539419042582
25300 -12.627113040355644
25400 -18.604883020117352
25500 -12.07055655753498
25600 -9.393125773873601
25700 -13.409325093835841
25800 -13.099403302167639
25900 -10.436080410677064
26000 -10.014955789171804
26100 -8.221573548431415
26200 -10.841182822228905
26300 -15.934919255700718
26400 -15.671846941987189
26500 -12.38017248122122
26600 -15.958584856056712
26700 -8.866141868329862
26800 -6.647266606803695
26900 -7.067561186335109
27000 -8.68103221734188
27100 -9.099592778689024
27200 -5.839996920714734
27300 -7.378391873749074
27400 -1.376428724383489
27500 -8.363116911965308
27600 -2.6836896130204972
27700 -3.987749044868792
27800 -6.796578396800198
27900 -1.1334936143255328
28000 -1.6636898863424183
28100 5.285296356962142
28200 3.4095164888184395
28300 -0.2613191325395865
28400 -0.7686049716580611
28500 2.631056343531462
28600 2.8104210283396633
28700 -2.2890996873008125
28800 1.596508858096593
28900 4.870366163059101
29000 2.3737304797424783
29100 0.9468252502792052
29200 2.2268115795037473
29300 6.5207458537408955
29400 1.6858699166423925
29500 0.6976210697746361
29600 0.6813413308971425
29700 0.9009564428169803
29800 5.069373388990606
29900 7.798664435283922
30000 6.36239101470284
30100 3.261552209298211
30200 -2.0711258154911296
30300 3.3059249986832038
30400 2.226746340949873
30500 2.653496577431785
30600 4.188627536387042
30700 2.9649507370034387
30800 3.044485842766836
30900 0.02571329567789804
31000 2.1366183830400827
31100 -1.5511655623533152
31200 3.1982360210975957
31300 2.503578197396323
31400 7.806100214381358
31500 4.60886646734535
31600 7.402182610908541
31700 6.623779940762932
31800 7.101525596057499
31900 8.775169847954919
32000 9.583650466974198
32100 2.6848845493525766
32200 5.023409112080136
32300 9.296293817257801
32400 6.32866017832176
32500 4.846910822560206
32600 7.7398911917479305
32700 11.221553561192442
32800 7.58228125306239
32900 6.218682059094287
33000 8.459498472994078
33100 0.22237798888013777
33200 2.908410813101111
33300 5.75021042992824
33400 3.317185289732962
33500 3.350118121645219
33600 6.048170007306448
33700 8.520454361507868
33800 8.415493653655108
33900 11.186035783799207
34000 3.3452895538126683
34100 2.0896002610520825
34200 8.506236298674935
34300 5.822048652219616
34400 7.998440164083161
34500 9.43497452957789
34600 9.875876511351171
34700 9.726828155595744
34800 8.710089289412695
34900 12.453689287675049
35000 9.00836302826899
35100 6.390481510474368
35200 2.8278003764425974
35300 7.831955115119504
35400 8.980000671843747
35500 3.355353897700368
35600 7.601123142230236
35700 6.910742838102795
35800 6.361470080333884
35900 8.832283007698276
36000 7.726079577508155
36100 6.1851683247581
36200 8.258049404237923
36300 10.673174190748501
36400 7.157515746606653
36500 1.7632594507140098
36600 8.26857914846287
36700 10.107485599529658
36800 7.477355523206384
36900 8.64264680517705
37000 4.481510890821912
37100 8.149916663494153
37200 6.621655890644739
37300 4.707544042646466
37400 7.530240002737366
37500 1.6015632002685996
37600 10.181177152732237
37700 4.364002581237695
37800 11.001677430223793
37900 4.606044651513346
38000 6.967812315181775
38100 10.26330789596179
38200 1.3895389032560117
38300 2.651853808326785
38400 7.658351270435531
38500 8.63689388792281
38600 7.7427248820788
38700 8.534342819335317
38800 6.937537015884644
38900 9.501861240478998
39000 0.9694820494628402
39100 0.049797867703798904
39200 6.482871359474456
39300 6.3736900108140455
39400 6.520719384950425
39500 8.347335966292754
39600 7.017715296388909
39700 4.17034871154889
39800 8.603825393024229
39900 5.406997758008438
40000 9.376268308217595
40100 12.633002318908455
40200 9.791624343293723
40300 9.593947808482293
40400 4.603959527699601
40500 8.630321864604666
40600 12.426711243883961
40700 8.635824233950416
40800 3.7429289096856206
40900 8.176755320200048
41000 7.771233336350847
41100 2.965309962864473
41200 3.956947409091712
41300 2.551771682547792
41400 5.639228769967044
41500 3.9096767445088765
41600 9.34656307785653
41700 5.142800691970044
41800 6.168245517594317
41900 7.022998115221147
42000 8.09865698811723
42100 12.110010566685075
42200 7.9182273006437
42300 5.1963615703425035
42400 7.420518684389935
42500 5.539135474027764
42600 9.010323247660011
42700 7.652619410978269
42800 4.8495089439642385
42900 4.376293874268464
43000 10.501558497556793
43100 8.906979272528208
43200 1.203016157656732
43300 7.476215503085682
43400 9.855457173581659
43500 9.393645219444323
43600 6.8795085107497735
43700 6.8696721502963065
43800 11.707687119021964
43900 3.510697307992087
44000 8.194310545385907
44100 8.665580648836803
44200 4.303721210535121
44300 6.443843596352883
44400 8.505460280443053
44500 9.833326028204139
44600 6.5160581140656895
44700 5.3498791517147115
44800 7.734378352010979
44900 7.276597675987078
45000 2.936906175060298
45100 3.73123316438228
45200 6.056520112970773
45300 7.720458150865201
45400 2.593682340246473
45500 2.908305896967435
45600 3.0431621858974287
45700 5.5639604239108325
45800 9.50658528453096
45900 11.041555159796598
46000 8.988726986912114
46100 4.5485946651594915
46200 6.707672763807995
46300 4.3750994862319095
46400 6.159745479457731
46500 9.00248270964958
46600 10.979600406159603
46700 5.797402716776996
46800 5.1537888363029065
46900 2.4048428814071796
47000 8.340552260131556
47100 13.349307980574489
47200 9.04191062837031
47300 9.986651197609657
47400 5.734427676213297
47500 4.458167972087281
47600 9.30245071255432
47700 5.9646673614058505
47800 10.289461514300742
47900 9.439010684301314
48000 4.857754656653281
48100 7.18377539550346
48200 7.114676353644792
48300 5.071739089911077
48400 8.936962453311265
48500 7.78768353617222
48600 7.314059400393645
48700 7.214621601627554
48800 5.6339945733697085
48900 10.64974598862591
49000 11.18471605040934
49100 11.972192286052852
49200 12.793913752782707
49300 6.745525732943877
49400 7.249191716614899
49500 3.592845871284919
49600 9.50448760557138
49700 10.93266672526178
49800 6.1013045506980195
49900 10.183484038098358
50000 11.041774601678025
50100 8.166987193202193
50200 6.544390009182459
50300 11.680333280623623
50400 5.367545459376434
50500 3.884034733435412
50600 7.1039413604860995
50700 13.845672175482116
50800 8.381034824423978
50900 6.75659566078218
51000 9.362819054318534
51100 7.218015362880518
51200 9.377366362796877
51300 13.092957809600044
51400 6.319815424987061
51500 8.344108280889097
51600 8.8164990559445
51700 6.839467223322732
51800 4.308185356313765
51900 7.527487442481546
52000 10.710773675242065
52100 5.138819472483494
52200 7.296664035444955
52300 13.32177204843147
52400 10.97274459061819
52500 12.588131283019406
52600 8.352726523177731
52700 8.738037116415098
52800 11.502472346367634
52900 9.044558003870794
53000 4.305589402830902
53100 1.555795040109694
53200 7.0283292443954934
53300 10.43442782515191
53400 7.906321598466617
53500 9.773456038371874
53600 7.249311730380762
53700 10.073075245621467
53800 8.657695397894374
53900 6.852724492640957
54000 7.1031934633328015
54100 9.602394788292159
54200 10.095857807789493
54300 5.716979966664281
54400 12.123507095590398
54500 11.059007660721145
54600 9.29981973840317
54700 10.984206021244907
54800 7.735611885577553
54900 7.052753513918604
55000 5.523659786046813
55100 10.389852103980774
55200 8.85438323947988
55300 6.685894925205904
55400 5.852140713590933
55500 12.207494475114748
55600 11.058401449748299
55700 8.415219580945074
55800 11.459739042789916
55900 14.271313920420473
56000 6.570761031445323
56100 13.492313115700904
56200 12.40830187257921
56300 9.226968065943742
56400 9.356347003383089
56500 11.76768328945054
56600 9.292773601116174
56700 7.0064680501106045
56800 9.610043806148061
56900 10.349347927695064
57000 7.898751196117519
57100 13.675653168599434
57200 10.987366959855919
57300 7.345821369526385
57400 6.451577699904435
57500 10.27866884879737
57600 8.503877816623396
57700 6.941433872330014
57800 9.574482679364424
57900 13.05084925605267
58000 10.455579281136378
58100 11.657908141235708
58200 7.007205363213183
58300 6.522443544104611
58400 8.299215507198937
58500 9.906859396528793
58600 6.767160175029776
58700 8.618971925288532
58800 10.121010214342247
58900 6.769660340339955
59000 4.120971567897648
59100 6.201598015421317
59200 10.294619813913338
59300 6.491434872410195
59400 7.614175589543411
59500 10.934846798066204
59600 5.1319555020237395
59700 11.105364524127442
59800 4.210957864345454
59900 7.391130980629885
60000 8.758280299148414
60100 5.723735136390308
60200 4.914455746068424
60300 10.022551159686344
60400 8.038415240332506
60500 10.503188455653284
60600 8.979906329870548
60700 5.807421227999865
60800 3.9129736641083928
60900 8.539103602807687
61000 9.16075334615233
61100 7.951235406629423
61200 10.237421321663154
61300 11.131466071146852
61400 8.13911872644826
61500 12.3324529081804
61600 7.693919777958923
61700 5.571535876320219
61800 10.154975587807622
61900 10.263328835894642
62000 5.172456827437831
62100 9.606276670231846
62200 8.030975705664552
62300 9.339046222226285
62400 7.3709302164047115
62500 11.71995758130357
62600 14.205823902637016
62700 14.26192129078328
62800 7.7315066470061
62900 5.574463635146259
63000 10.849910966306057
63100 7.353945942055277
63200 8.311724881936225
63300 9.06154555855471
63400 9.888130936028546
63500 5.845625866061425
63600 3.2106225133784747
63700 9.344019053390946
63800 10.758751000369806
63900 11.391299580383373
64000 13.15590519421197
64100 6.557712834610426
64200 6.1322990288906185
