# Model = DQN.shrink-SymNN.(2)-9-9:9-9-(9)
# Num weights = 1134
# Learning rate = 0.001
# Env random seed = 111
# Start time: 26-12-2023(03:55)
100 -25.650068803764924
200 -25.396857298328996
300 -27.662053855086594
400 -25.437425387355532
500 -26.759351391910375
600 -24.604586656395814
700 -24.569652196777643
800 -27.14979138369561
900 -26.658389706623744
1000 -27.17751665983045
1100 -25.398183384245403
1200 -23.823255826172886
1300 -23.368575234924965
1400 -25.285838131555927
1500 -26.88784221041657
1600 -25.723893577723583
1700 -20.949093375651803
1800 -24.091666189860632
1900 -25.824620999184024
2000 -26.9214303030006
2100 -26.1470491675274
2200 -24.031031855463056
2300 -23.334178380594736
2400 -24.39681150218946
2500 -26.115753128981588
2600 -26.639665470500713
2700 -24.729665948916306
2800 -25.967107704962938
2900 -24.38745538644198
3000 -25.241678507083044
3100 -23.1709955375775
3200 -23.826597853285186
3300 -25.68848513123361
3400 -26.102567304505854
3500 -25.078769190258782
3600 -24.031147839301113
3700 -26.07605039059368
3800 -27.545586318386828
3900 -25.640486715754683
4000 -25.343463027165082
4100 -25.465905826335405
4200 -24.145362296690735
4300 -23.55218727062199
4400 -26.439899366929662
4500 -24.090235203618796
4600 -27.755246245837856
4700 -24.398731695088472
4800 -26.41539935184419
4900 -25.312758847161103
5000 -25.55311781901131
5100 -22.770049634468915
5200 -25.640607159411406
5300 -26.61978760382343
5400 -25.956661957638463
5500 -23.542725024249773
5600 -26.896111404032446
5700 -25.635012300637726
5800 -25.496911116119747
5900 -24.148582071032088
6000 -26.511857078165885
6100 -22.5036219827412
6200 -27.448417694470127
6300 -21.0064546213618
6400 -23.522975815973812
6500 -26.021815993068984
6600 -22.34457904639097
6700 -24.880991998757153
6800 -25.99542068976455
6900 -24.0416146627753
7000 -23.580583042795027
7100 -22.19052929930677
7200 -25.13688775636216
7300 -28.239297954258266
7400 -24.829586337057734
7500 -28.126542683839542
7600 -26.540337987909286
7700 -27.115120153551615
7800 -25.16795479041207
7900 -27.38194215516278
8000 -26.142863504114906
8100 -25.67096747194121
8200 -25.38497797707491
8300 -26.57488383678298
8400 -26.552510667761773
8500 -26.685465990884527
8600 -23.421473760031166
8700 -25.095665422903124
8800 -27.561350520151247
8900 -26.71424150239877
9000 -26.710803886753347
9100 -28.498948174166514
9200 -26.525275888518344
9300 -23.967270670604147
9400 -25.178461110595784
9500 -27.851234755052648
9600 -24.227838227304883
9700 -25.688366117879895
9800 -25.06345378091312
9900 -22.83342163850836
10000 -24.006871493074645
10100 -23.372708693316582
10200 -23.47153642524849
10300 -28.847522696626005
10400 -26.08268609304422
10500 -23.477644683834086
10600 -23.674739876608605
10700 -21.56996019063472
10800 -24.499796670415982
10900 -23.151132561425285
11000 -26.012962043889647
11100 -24.771664053407612
11200 -25.289711310143094
11300 -28.770582191022548
11400 -27.960529986562157
11500 -26.0413269559096
11600 -23.553478412711936
11700 -23.531144389439138
11800 -28.395275777759636
11900 -26.201976409276046
12000 -25.468289671457306
12100 -24.996367656478405
12200 -26.54909687461423
12300 -27.17440830442064
12400 -28.33421204390963
12500 -26.089733945156958
12600 -25.853736432577055
12700 -23.32947730338732
12800 -23.58402592260535
12900 -27.315343374600435
13000 -26.152299878377146
13100 -25.30150441714091
13200 -25.366732728587277
13300 -22.946589183258013
13400 -28.18752570529205
13500 -26.106192153108925
13600 -25.83044639813553
13700 -22.82816789429249
13800 -19.71783274556929
13900 -24.262101804799773
14000 -24.076539426478746
14100 -24.446952146484282
14200 -25.36506507440505
14300 -26.419063059812284
14400 -27.95418828981289
14500 -25.056091797562562
14600 -24.93889341518002
14700 -26.44656047426517
14800 -26.0041911225046
14900 -25.44026747138724
15000 -24.992573444492677
15100 -26.86379028337567
15200 -27.519358129909822
15300 -25.96636002348383
15400 -24.710174207332223
15500 -25.51245130831866
15600 -27.643087046080794
15700 -24.587325812914393
15800 -23.28709002462007
15900 -25.78441917008912
16000 -26.87420607413481
16100 -26.617944737882482
16200 -24.29617365977865
16300 -27.399643742272453
16400 -27.14629656104246
16500 -21.354588858065156
16600 -26.196462317870687
16700 -25.837802276253914
16800 -26.754627226280988
16900 -27.432069124411132
17000 -26.66406836166646
17100 -21.638348842729595
17200 -23.064995524778816
17300 -26.777176453830954
17400 -27.547794058923056
17500 -24.27746203775438
17600 -26.80910253608154
17700 -23.641816775238958
17800 -25.655401438577403
17900 -26.88019153206859
18000 -22.258844475919496
18100 -26.79856431578547
18200 -25.50917040173323
18300 -25.24279095009159
18400 -26.95456469547672
18500 -26.371817941752017
18600 -28.767533205440724
18700 -23.00780811376714
18800 -26.27651627885963
18900 -26.800255591487584
19000 -28.052569233965947
19100 -23.91156411823013
19200 -24.536964005020142
19300 -27.65545306563135
19400 -27.668194335864097
19500 -27.857275853977434
19600 -21.259704976838318
19700 -25.70225206603649
19800 -26.37852611876291
19900 -23.385437576268945
20000 -23.1816695265416
20100 -25.7528672200045
20200 -27.02198497261378
20300 -24.138207207237375
20400 -23.190053382848127
20500 -24.926028686527346
20600 -26.541001890494126
20700 -25.34588791801738
20800 -23.52580956413858
20900 -26.44732589103513
21000 -27.714169610076624
21100 -27.95410293829331
21200 -23.657867340246263
21300 -24.051403737109855
21400 -23.19647691502817
21500 -25.42688668625677
21600 -26.488261255424547
21700 -24.190841499594434
21800 -22.989103754404407
21900 -24.874956432413633
22000 -26.956104995149687
22100 -26.268981400279838
22200 -25.14095870450341
22300 -24.73803432152103
22400 -26.52859329863403
22500 -24.450436582586658
22600 -23.962366048243993
22700 -23.71453781309594
22800 -25.405014578006316
22900 -24.422066954337136
23000 -26.151843223548084
23100 -26.84704224860619
23200 -27.009745215950726
23300 -24.063492940145338
23400 -26.45356759555436
23500 -25.42399253173341
23600 -23.3034164636789
23700 -26.077702878585335
23800 -25.783867214153755
23900 -24.491182325487582
24000 -24.668504905061745
24100 -26.010735879795206
24200 -24.183191451936842
24300 -20.424810996973115
24400 -25.23075071924825
24500 -22.686212552655675
24600 -23.49098437897232
24700 -25.272261303710778
24800 -23.968221806749707
24900 -21.37973413683779
25000 -23.735821182614124
25100 -26.040848690315677
25200 -24.116466803293658
25300 -26.557366082136966
25400 -25.614663950981992
25500 -22.598916890518826
25600 -20.373934129338338
25700 -24.849897718693363
25800 -23.806767152688526
25900 -24.530779734388716
26000 -19.743399801551135
26100 -21.771340649268573
26200 -19.888153551484073
26300 -26.336479935844192
26400 -21.228942702272516
26500 -23.83156011783695
26600 -21.47301030520327
26700 -23.38656502294993
26800 -21.577263109162004
26900 -25.406236240446916
27000 -23.979289077020866
27100 -25.480833982990266
27200 -20.61421199440537
27300 -27.39036633866544
27400 -26.846461533311203
27500 -27.29826351802391
27600 -24.23159058733912
27700 -21.941774425769385
27800 -24.617452676381035
27900 -26.066323590232475
28000 -23.099581321117636
28100 -25.34493478918108
28200 -21.727663902722963
28300 -19.820593166222043
28400 -20.629025329649643
28500 -24.729974531056975
28600 -26.234404380081035
28700 -23.331924790896363
28800 -22.408754430125807
28900 -24.046383716288616
29000 -26.342169060138907
29100 -23.658402671621392
29200 -23.052101984888136
29300 -24.218936125459646
29400 -24.895222341750706
29500 -25.230435548626758
29600 -21.410599158608942
29700 -20.46493096107576
29800 -23.924834206582254
29900 -26.09450883905893
30000 -20.967685241001746
30100 -24.440012653694563
30200 -24.346357693994413
30300 -26.344597377914177
30400 -23.843374541175752
30500 -20.518775971310216
30600 -25.545514250549253
30700 -23.047782386304345
30800 -20.52409610012737
30900 -25.110796121752063
31000 -23.717306231680766
31100 -23.919193932554847
31200 -21.762206948315768
31300 -20.95311847025097
31400 -22.3608750313379
31500 -25.93285758365439
31600 -24.968244071285806
31700 -23.192618069047843
31800 -25.243373409262365
31900 -23.776501048062933
32000 -27.04897796460752
32100 -25.56200193774908
32200 -24.484602638185173
32300 -23.30607741684985
32400 -25.809975625497557
32500 -24.20391323599012
32600 -22.8953781778212
32700 -22.916272961846953
32800 -20.82716692904527
32900 -25.685594335167323
33000 -25.756216050904413
33100 -25.7573813195065
33200 -23.648520594277997
33300 -21.92027331075228
33400 -23.865269267486358
33500 -22.343469859069923
33600 -24.667339093055187
33700 -25.08810349308677
33800 -23.137282870384116
33900 -17.894648369305692
34000 -22.505324665503675
34100 -20.572549444908027
34200 -24.418897579856917
34300 -22.70064082328906
34400 -22.026746009363464
34500 -27.004405633561785
34600 -23.28351308451286
34700 -23.78371205215717
34800 -25.023469801772006
34900 -21.22840823591558
35000 -20.4889092997878
35100 -17.37427161497627
35200 -23.71484058845736
35300 -24.648416530242553
35400 -25.024033924248442
35500 -24.605709193678766
35600 -26.76902056011134
35700 -23.51304234554997
35800 -26.25268838269188
35900 -22.68326183690641
36000 -24.384583029692767
36100 -27.435131261809573
36200 -23.28800475023348
36300 -20.71312240338278
36400 -22.270488839035462
36500 -19.900776520598697
36600 -18.994981891869227
36700 -19.09297293367257
36800 -22.42415190025036
36900 -19.56143292704757
37000 -15.04333051050567
37100 -20.047606011853297
37200 -16.70036899893631
37300 -17.2688475691211
37400 -21.013168708460345
37500 -20.447380719289207
37600 -24.754486047896513
37700 -22.201283913911812
37800 -18.83586312778942
37900 -23.442246320723633
38000 -24.366977673778916
38100 -21.011378587619973
38200 -20.751515565621563
38300 -24.44926527053694
38400 -21.51037256272357
38500 -21.84758366304042
38600 -23.37828386306339
38700 -23.252979001819778
38800 -22.895506852931632
38900 -20.960364957400973
39000 -25.950821241889184
39100 -27.031481726637693
39200 -23.959439839083462
39300 -18.394840409281723
39400 -22.523565390722972
39500 -23.50716583779306
39600 -23.038959838393115
39700 -22.295550106499366
39800 -21.2927485225039
39900 -19.10296464625074
40000 -17.154927069817123
40100 -22.14878118545775
40200 -18.68974177190767
40300 -19.90774101397979
40400 -15.613813507218365
40500 -21.988086394166505
40600 -19.191476538965528
40700 -20.579215260751948
40800 -22.559689337057705
40900 -18.01497249227506
41000 -23.056383734434025
41100 -19.723656967961826
41200 -15.762040518391267
41300 -11.199654139399215
41400 -15.230816177014804
41500 -15.398824215065632
41600 -10.850691740339983
41700 -12.289569888147774
41800 -16.97282138002156
41900 -10.358516466468442
42000 -6.713386560943134
42100 -10.771508813373602
42200 -7.762159397453971
42300 -6.976515276815899
42400 -7.514436053252124
42500 -9.890926528493058
42600 -9.108535993119517
42700 -6.7393034627178885
42800 -4.559704025027873
42900 -11.312624763497332
43000 -8.599325753874012
43100 -11.340946155415052
43200 -2.84770513664403
43300 -2.9744797697117282
43400 -10.671543903508205
43500 -7.526666799292437
43600 -11.977720752141645
43700 -12.759314158006603
43800 -4.933706714664689
43900 -3.1292563830733244
44000 -3.8242908634939385
44100 -3.029269298322384
44200 -6.9621058137633085
44300 -5.583366942956644
44400 -5.826676395199652
44500 -4.661515336892805
44600 -8.002797300081529
44700 -1.0584620647755072
44800 -4.52001668251934
44900 -4.20005137446549
45000 -5.19541814868376
45100 -6.699482359987083
45200 -2.7757664820363477
45300 -6.9737368370440915
45400 -7.502744404259136
45500 -1.2011018576116963
45600 -2.231528403605282
45700 -2.03085747479081
45800 -5.959838802646297
45900 -7.525366415316048
46000 -4.2768786075877046
46100 -14.446330312016341
46200 -1.3579896506813485
46300 -3.288713440374284
46400 -2.7207363062444827
46500 1.044293697395803
46600 1.9253158751990171
46700 -2.190379045710305
46800 -2.477428553007403
46900 2.4751114242799646
47000 -5.449214310546758
47100 -11.015641488560318
47200 -0.37180597133724713
47300 -0.7154369528885537
47400 -1.1282156179776404
47500 1.788634645324307
47600 1.301713618400007
47700 3.98628871860028
47800 -1.948313241998627
47900 2.234464014288741
48000 1.890255620627284
48100 3.387906481181859
48200 3.4941474645570345
48300 3.8813846203156888
48400 1.7062750127375663
48500 2.7801138499323352
48600 -2.1197384162096067
48700 6.572914109457955
48800 7.379858180300216
48900 5.109416708127884
49000 -0.8653385840299302
49100 4.383510311122537
49200 4.058484789376241
49300 1.2829950683088884
49400 3.97203955090977
49500 4.788608927714247
49600 4.467967625245924
49700 3.713467893604731
49800 -1.6187509613024929
49900 3.818191987236989
50000 2.9579407086718037
50100 6.248129695113423
50200 2.1504307660074495
50300 4.619868918115566
50400 3.111415450925806
50500 6.128019885336397
50600 2.666532850228361
50700 -0.406756721433383
50800 -1.6404771142719614
50900 -0.325150854602972
51000 5.514283045592554
51100 0.0283341552401829
51200 4.687449811294735
51300 -0.8125300767969136
51400 4.693601387858761
51500 5.465831645618659
51600 2.3207378379789136
51700 1.2101318872084392
51800 2.442302794039542
51900 2.3267768807184974
52000 5.753160367960949
52100 1.3540348889031302
52200 9.379936778337918
52300 0.29424564050674906
52400 0.07638936548835018
52500 -2.247267109935179
52600 2.655793326071693
52700 4.717924510528301
52800 1.6239137711617007
52900 4.289101317352195
53000 2.297308640603795
53100 1.7161378408793158
53200 3.453367795941051
53300 8.10502928510068
53400 11.308817818037165
53500 10.142394794446613
53600 7.30349192891333
53700 1.5264131731584365
53800 4.448032628554795
53900 6.317817362291699
54000 2.959914363950431
54100 7.85903737118116
54200 5.691503859088851
54300 7.094597755399466
54400 6.120848904755791
54500 4.859519898730918
54600 7.052764814374731
54700 3.9529768402832595
54800 5.098056929648378
54900 9.81724404986909
55000 9.203100482818554
55100 4.572584090144986
55200 6.719498831390849
55300 6.6088415465368735
55400 10.16448520648578
55500 5.308421720475536
55600 0.6727819458838036
55700 3.221215796392654
55800 9.01806736975745
55900 6.270655749537209
56000 5.917821445926072
56100 1.630353830597108
56200 13.487206423419842
56300 9.659461362721514
56400 6.354042572030099
56500 9.947437273074645
56600 12.843929009970426
56700 5.2197985926297505
56800 8.259357281153695
56900 8.215003962598674
57000 11.297162019806034
57100 11.88823105194431
57200 12.985447215938224
57300 10.113638655330345
57400 12.86608812270475
57500 9.321957190155427
57600 6.165736799860664
57700 7.296353109637522
57800 7.730473553150601
57900 1.8885635565634433
58000 -17.094450430168635
58100 -19.012238178953893
58200 -25.72080883712039
58300 -24.55760164444287
58400 -24.499552322261525
58500 -22.938844802704015
58600 -25.98176528980332
58700 -23.14503934671419
58800 -24.941756581786983
58900 -25.36917010751165
59000 -23.161696469172693
59100 -23.20087057635505
59200 -17.371346213599836
59300 -23.1374575219501
59400 -13.713112049973562
59500 -16.06917107663487
59600 -20.527285884661694
59700 -18.660563920484453
59800 -13.182276028614124
59900 -15.708385098176887
60000 -18.6319524729797
60100 -21.092313697635976
60200 -21.827749262148743
60300 -22.613923101280648
60400 -13.176136162001551
60500 -12.82498943498834
60600 -9.119942134890096
60700 -14.224853974077961
60800 -19.35857134638297
60900 -16.790601512963054
61000 -20.595365852169007
61100 -16.489175851985667
61200 -22.37349027399231
61300 -20.64547900446195
61400 -20.113101920383716
61500 -16.89455946300461
61600 -18.727534818710254
61700 -14.658243181558882
61800 -16.69078328161196
61900 -17.76629721920609
62000 -18.979509293401705
62100 -20.277015658649205
62200 -21.753685838139994
62300 -18.783057478190628
62400 -22.405240780085077
62500 -19.351837942010977
62600 -25.114200557779743
62700 -22.468808424236546
62800 -18.654856266507807
62900 -23.151190981858875
63000 -26.001388827046515
63100 -16.46361461391417
63200 -22.71420507410652
63300 -22.997033140197125
63400 -20.843954693522306
63500 -23.8081597129996
63600 -20.952000215476446
63700 -20.332664111940552
63800 -25.579109242395866
63900 -21.675505499945587
64000 -19.376905248806757
64100 -17.49935254519001
64200 -20.432757760330862
64300 -17.516145853408922
64400 -20.341699287051398
64500 -14.495920090923322
64600 -19.366734419274785
64700 -27.72043685818629
64800 -28.687571658705405
64900 -28.24413979629047
65000 -28.368606188201422
65100 -24.617205175076965
65200 -17.031399232847246
65300 -25.268773722205946
65400 -29.076362129924778
65500 -28.89331947955569
65600 -29.381221316574667
65700 -29.415625102786198
65800 -29.37504327035749
65900 -28.233295503849842
66000 -28.371508673925607
66100 -21.413389388423802
66200 -17.33332880565581
66300 -14.53860229333349
66400 -18.711639010939933
66500 -14.783795389204686
66600 -22.570419800606803
66700 -28.881343949076815
66800 -28.550282808475774
66900 -28.87106566880654
67000 -28.67306229912024
67100 -28.943455220663235
67200 -29.26432618407476
67300 -29.221594999879866
67400 -26.12787990033518
67500 -19.042078732478316
67600 -18.648840875376237
67700 -14.368589144764835
67800 -11.75811803888843
67900 -19.951703203966613
68000 -16.47699722137855
68100 -11.561192400312583
68200 -14.118169034318838
68300 -12.782509261249396
68400 -11.27987134055574
68500 -9.141539219397336
68600 -15.845472121670847
68700 -13.843348310318284
68800 -5.847421739226954
68900 -11.59313901860614
69000 -10.263990176454659
69100 -17.44516873799263
69200 -9.755922760611801
69300 -3.877013682779296
69400 -2.0716739040268584
69500 -1.485029767216226
69600 -14.804863572943303
69700 -17.861722846745625
69800 -0.9736073377645897
69900 -3.2481598755610928
70000 -11.31498615661991
70100 -1.0720884600867173
70200 -3.702729611589024
70300 -2.5061875812185286
70400 0.9503511593624308
70500 -6.894435999887499
70600 -1.5191308569627933
70700 0.2930968621672416
70800 0.6208407228580013
70900 -2.785716915687217
71000 -3.4359059278324176
71100 2.4583971962195976
71200 -1.3272458003064154
71300 2.842878760291529
71400 -14.400912697151474
71500 -3.375072801259971
71600 0.4811152349059564
71700 -1.7376726316609812
71800 1.3087819165542953
71900 2.335457410129851
72000 4.453643497067382
72100 1.3639021780375375
72200 3.6976960990183305
72300 -0.11617854370198899
72400 -0.29162923405443353
72500 -1.2967591101217555
72600 0.6915148708613046
72700 1.9893551101543698
72800 4.5986306358952085
72900 0.05504164618474594
73000 2.129701933218341
73100 -1.7857154844276635
73200 1.0002389666413078
73300 3.999883840980603
73400 2.150276240921893
73500 0.14635950137709308
73600 -1.6123544571559272
73700 2.957172590974054
73800 2.3574988137679522
73900 -0.7781601429690974
74000 5.726631624814331
74100 0.3278637400784212
74200 -1.2506088817307108
74300 2.127387409290245
74400 -2.6150633626095496
74500 0.33547315938019295
74600 5.957722133575135
74700 -3.264985617556963
74800 -0.17788550441812323
74900 -1.188561699516804
75000 1.5566575439439228
75100 -0.6244726584253045
75200 -1.8813160217966671
75300 1.4374297748949902
75400 0.8124074718584603
75500 3.5788133680642336
75600 -6.833538272459309
75700 -2.4215481107441237
75800 2.3693716839627728
75900 1.2960160964559582
76000 3.15607617117611
76100 4.165896595255431
76200 5.423193913207555
76300 1.3480147221692103
76400 -0.8804658723784353
76500 4.381729864413402
76600 2.0881568933561896
76700 4.312449210692632
76800 0.6603320621219615
76900 6.215544737777578
77000 -6.082061312525218
77100 -0.9670860170235803
77200 0.39966570405041546
77300 -0.8449179195148698
77400 3.584227370967655
77500 0.28867799199596167
77600 6.568797316011397
77700 6.287652239664271
77800 -0.2475906312769992
77900 3.5845000333514467
78000 1.9829873356759429
78100 3.050175957165255
78200 4.241518759520196
78300 3.0240342567909595
78400 -1.1080429621267927
78500 -1.3343217930156117
78600 -2.3879893982531217
78700 -0.3090999107984306
78800 -0.9216301686282383
78900 0.3639591599975798
79000 1.1249222200053282
79100 0.20559097306702168
79200 3.230426163718627
79300 1.0101167107146438
79400 2.4818533308954955
79500 5.857103871216979
79600 5.875783463506375
79700 2.718853276219267
79800 0.05923415689779643
79900 -2.774351415304039
80000 3.1676898819143924
80100 -1.2212228429980976
80200 4.1882447897809145
80300 3.2342645007828272
80400 2.661158680710497
80500 3.7517548659502933
80600 6.792916884501724
80700 3.6724212105070757
80800 1.086045602813931
80900 -4.151973593145636
81000 1.4513059263319008
81100 2.3500847044428896
81200 1.1543859930284492
81300 -1.1341980442612787
81400 -1.5241038539726612
81500 8.613216919600772
81600 4.2935930121706924
81700 2.994324764197073
81800 2.414665468048861
81900 1.0219227085923066
82000 6.794797336118594
82100 2.139702188633211
82200 0.17941764358986778
82300 3.285597008507735
82400 1.0153345593024299
82500 -2.443086875575261
82600 0.6095720805512312
82700 0.4211578181173731
82800 1.2030369495379305
82900 -6.003167424807028
83000 7.794213576264252
83100 -4.698735255787129
83200 -0.9218611603488152
83300 -1.4793977754591863
83400 -0.9194102574998427
83500 -0.988835710718105
83600 4.026642710551665
83700 2.94507490749624
83800 0.2281717093580371
83900 -5.671152969987579
84000 0.4500600417113948
84100 6.721808948276892
84200 2.5010271850555386
84300 -1.6646199649044564
84400 3.9325514605052128
84500 6.520623497684735
84600 6.728728071831917
84700 5.521608992013985
84800 1.7156965041405314
84900 -1.6621797425729414
85000 4.17499048635633
85100 6.86574233691725
85200 2.3435496746395077
85300 -2.274987444357928
85400 -1.9972425131567904
85500 -5.5626724214951615
85600 4.450007288824521
85700 2.2676186358045256
85800 5.910847677531027
85900 -0.15291807707888838
86000 4.825413191764111
86100 4.109420607535678
86200 3.1800690141025734
86300 9.338188243418129
86400 0.03875159556481933
86500 3.8083516540118354
86600 2.3892998946359083
86700 -0.5899085616643379
86800 4.6206483243960195
86900 6.386199682458046
87000 2.264723932959359
87100 1.6835026923310852
87200 3.4434354603073825
87300 2.7399027376888445
87400 4.553634067179137
87500 -1.2146179132436732
87600 1.8188802484131337
87700 -6.013206067754519
87800 -1.5342269554027939
87900 2.0155761194285704
88000 2.2792105476688445
88100 2.7080705072789986
88200 2.473083196497709
88300 -4.016102090235744
88400 -0.8293814419400412
88500 -0.9401883410957171
88600 -1.3718207081643115
88700 2.8597050997309745
88800 5.443182935362351
88900 1.9751615644846905
89000 2.9092836597355807
89100 2.744048740426911
89200 -0.5558438604496704
89300 4.591317124362426
89400 2.8824633378079927
89500 6.5830108510879395
89600 -4.202397576886479
89700 0.8064143096346457
89800 8.27284252849136
89900 2.506595001312327
90000 -2.550772119037477
90100 -2.527133672853441
90200 4.173024727699435
90300 2.735168320775943
90400 -1.6776738835003222
90500 -4.200516328209206
90600 -0.6454199914605914
90700 -0.5641199675515555
90800 -5.1149920617477775
90900 2.963863860944677
91000 6.05581607170231
91100 5.76802526021587
91200 -1.4440987632842153
91300 0.5347808606123745
91400 0.5795486843200746
91500 -1.0346600232317924
91600 0.7915970347099528
91700 3.496441960033125
91800 5.0960992726898455
91900 0.336248520243489
92000 -1.041234601517099
92100 -1.0922611609828525
92200 5.36105033232541
92300 0.009985494906429637
92400 -2.5593190049479473
92500 -0.7951219453506123
92600 -2.102426049494702
92700 0.8069207613673283
92800 5.23967568201165
92900 1.907804333886994
93000 8.4601498093053
93100 0.06105784417162197
93200 2.383795407163441
93300 -3.192761984275001
93400 -2.4607362585001864
93500 -1.194153029318917
93600 0.13786343985130767
93700 4.897353747491953
93800 2.6713839262164156
93900 1.2221345187613273
94000 2.319502670111912
94100 2.4388836625741495
94200 6.629365459155111
94300 1.289983343832616
94400 6.990931010157384
94500 0.9191885152700157
94600 3.1513233152237503
94700 3.9129560073335283
94800 3.0255348512604296
94900 0.27789736703451307
95000 1.995464433289298
95100 -1.9343997735368081
95200 3.3108642096287597
95300 4.981138710765975
95400 2.9880208660884815
95500 6.168361733222651
95600 1.6763523468555785
95700 4.084009510258711
95800 2.4155867144152214
95900 5.05880703980513
96000 6.660781620353774
96100 1.68228934890013
96200 4.724585833443316
96300 2.3517115070782744
96400 3.5549900827424605
96500 4.249302853659042
96600 1.5761064053256355
96700 -3.385492530506805
96800 2.193097416983349
96900 0.1675487971915271
97000 2.379039948021665
97100 4.077561081507826
97200 2.163689437397976
97300 1.4249861048441117
97400 6.645953034703899
97500 -0.29423206131048096
97600 1.979130056357484
97700 1.5655325106352764
97800 1.7630871401414758
97900 5.291695567642204
98000 3.4405492627102454
98100 5.344093490830295
98200 0.8098207133249233
98300 1.0133293018277607
98400 2.8986723233279688
98500 3.210601102549986
98600 -1.9798771042082677
98700 0.05985583380739368
98800 1.938947019374805
98900 4.390567450970222
99000 1.1768993051760317
99100 0.6555774719708065
99200 0.9194071879326469
99300 2.9240725139982686
99400 4.228195307822758
99500 3.193392006636385
99600 3.591271128050711
99700 0.9989289141072084
99800 8.455295469496793
99900 1.0962420499888983
100000 2.4413676151484034
100100 3.5270438551268417
100200 3.8294668079472496
100300 -0.4726677963967594
100400 10.156447294623518
100500 3.2121511072817848
100600 -0.3450212121621703
100700 1.361173769285395
100800 -2.594439197738817
100900 2.877489802792018
101000 1.9350571687365705
101100 5.462819343354314
101200 5.71370158716403
101300 5.475031900836103
101400 1.159658668508765
101500 1.5367049998092925
101600 5.152624931983606
101700 -4.655164817172331
101800 4.603154701963271
101900 2.473646536721077
102000 4.2755200450598645
102100 4.045512547455923
102200 9.580303050654134
102300 1.328329237413869
102400 3.489889933645432
102500 -0.4007381442230945
102600 3.784721983709769
102700 -2.0530008394710264
102800 -2.212805187631976
102900 3.3333237676009912
103000 -1.9984280916799138
103100 0.8642043602763387
103200 1.4530999663781894
103300 5.43606809925195
103400 -2.2665973569136053
103500 7.854880824198474
103600 2.3266926090409354
103700 9.481715055287683
103800 3.456011260459205
103900 4.419809040944647
104000 -1.0987156020652842
104100 0.25130575701729985
104200 2.4309712799963985
104300 3.3951228518650125
104400 4.909144874902957
104500 -1.2222740814555264
104600 1.8158584385213277
104700 7.107840374814265
104800 7.129956287612601
104900 2.2058034844981345
105000 -1.8289399788521825
105100 1.432268955561373
105200 1.7164231288204372
105300 -2.5503348975171196
105400 -0.07927446885210321
105500 -0.5716954408429992
105600 2.4316984491130254
105700 0.8806874754582834
105800 6.585413720445343
105900 3.8476983535747737
106000 0.9867920171164217
106100 3.2734307301744052
106200 -6.254841348923097
106300 1.941633057937127
106400 0.444662492071916
106500 -3.286980443772363
106600 4.88021922465971
106700 -0.8324733178688695
106800 -1.7063703059245252
106900 2.9492960133341786
107000 0.10243886635828892
107100 -0.6846013828469866
107200 3.8366094467504306
107300 0.5934071124401543
107400 1.5698468978320572
107500 3.567232287461371
107600 -1.2277473077320205
107700 2.576959696634675
107800 -1.7742780080192997
107900 2.578935672622561
108000 1.6433198319538813
108100 -0.3108098062738701
108200 5.049330916755401
108300 1.0897930219571563
108400 3.510951098803144
108500 1.1667447192534275
108600 2.4231414246023295
108700 4.613291327161596
108800 2.3782012852963983
108900 2.7470266894307076
109000 0.24734109080306776
109100 2.767698317224337
109200 1.8137375490234566
109300 2.210602069743979
109400 3.899790236820943
109500 -3.1176553483346177
109600 8.71110819731841
109700 3.1087911060902313
109800 3.143060066041214
109900 3.2902385097148548
110000 3.7678259365133724
110100 0.3167173734692976
110200 4.49099650593859
110300 6.555773941023492
110400 3.974009082063665
110500 3.6974041392318466
110600 2.152947782601902
110700 2.4131229121164472
110800 0.5759574229674138
110900 4.809265935161568
111000 6.263667603163325
111100 3.7669448370260077
111200 2.4751409973226037
111300 -3.5900578091065
111400 5.847805598197884
111500 0.7193195416180174
111600 -0.3682056472597842
111700 3.8045194554607575
111800 0.9322068348588575
111900 3.8531105553413796
112000 6.709987421285057
112100 3.3500169879108586
112200 2.1938205681643423
112300 8.152625831183792
112400 3.6188096977765576
112500 3.754127546988474
112600 1.1602874267906766
112700 6.4660028337075754
112800 3.830467806892875
112900 11.064403151753156
113000 3.377528864349665
113100 2.48195030063394
113200 4.418571814072725
113300 0.6879983095263751
113400 5.154972417345323
113500 3.1259842627106385
113600 1.026933362380145
113700 7.768284775026116
113800 2.5110425656503574
113900 2.4263167892049684
114000 2.2713152686699836
114100 1.6252693014039594
114200 4.759584810268094
114300 -0.519124201041384
114400 5.699745278085295
114500 -0.419899797137559
114600 4.403143274228182
114700 1.6734380731199883
114800 3.206309662197069
114900 0.057022115342736046
115000 5.972805056344
115100 4.488474125261737
115200 5.541459979770125
115300 3.8284291124503467
115400 1.2845432210181649
115500 -2.849893220933465
115600 -2.162917910333726
115700 1.7953829039949167
115800 5.255609772232042
115900 4.472749738464814
116000 -3.507540906824898
116100 5.089900239081507
116200 -3.8375107944512394
116300 -3.588252197287292
116400 -3.3507335561362823
116500 6.278145152120097
116600 5.472123643903159
116700 1.1459338460259456
116800 -1.025130748013863
116900 2.860805162922563
117000 3.3780763574427497
117100 1.5042433598112444
117200 2.42572047733837
117300 6.079750312257668
117400 7.037482629404532
117500 3.5893966534223427
117600 3.640383080835837
117700 0.7111834416795224
117800 6.545296872854331
117900 7.086953957981713
118000 5.472656173425186
118100 4.078277652907005
118200 -1.476848658388402
118300 3.9556449114234966
118400 0.10164130651272418
118500 3.245327559623919
118600 6.543844756380566
118700 1.6798712747163318
118800 5.830197033022213
118900 4.6942696514926086
119000 0.4957352133714601
119100 1.9704040687740085
119200 5.027358083048797
119300 3.6108954232539907
119400 2.816356484872567
119500 2.375621918236286
119600 -4.252353041566299
119700 6.6026595947996976
119800 5.004075906070757
119900 7.378746168701977
120000 0.3042055580562925
120100 3.661891878335311
120200 -0.799674276227455
120300 4.557981298457428
120400 4.096151848178299
120500 2.821190106063055
120600 2.0682719042375655
120700 2.734753256155002
120800 4.650243515307227
120900 9.557885637295986
121000 -0.5191105075165391
121100 3.1198518105355064
121200 0.6903148882385935
121300 -1.1646149685791212
121400 0.6988792529208849
121500 -2.627179393821131
121600 1.2818901873239201
121700 1.8841542359428933
121800 3.8186032402890637
121900 3.7936143159483025
122000 -0.39970156870574736
122100 4.85796034819741
122200 3.3250418452810506
122300 -5.92169753487928
122400 0.5841189896412387
122500 0.48115676121833073
122600 3.1836264955456737
122700 4.397939322806472
122800 2.622411762373459
122900 4.890814053858799
123000 2.628105182440741
123100 4.9000134270068125
123200 6.017888175443904
123300 2.7766437431440987
123400 0.5801745827722179
123500 4.742515639422607
123600 6.44574881960238
123700 0.7262179123217709
123800 -1.3884326708188426
123900 -0.044101291789459096
124000 6.1739994994348155
124100 5.536078447914243
124200 4.183413950480649
124300 3.5826323853103976
124400 -3.7033536092298265
124500 3.9636678135963788
124600 4.643221603327902
124700 4.033745569375916
124800 -0.7237730496323509
124900 1.9903507831780867
125000 8.523032753709634
125100 0.25949296578359515
125200 1.1325826946779884
125300 2.927496586487888
125400 5.83362518118561
125500 7.336325996378888
125600 7.321593682217847
125700 7.794970184169392
125800 5.26831332150894
125900 -2.5320407978010016
126000 1.8430878509927107
126100 3.709572756482886
126200 -1.308727824284108
126300 1.6562994604308479
126400 4.174649199514241
126500 -2.1775612453087705
126600 1.145348383079439
126700 0.120183549865573
126800 2.140066728390413
126900 0.9860032190683532
127000 -2.210815222517351
127100 6.277042161727257
127200 3.670207575811653
127300 3.6059473339173724
127400 2.0878414447719553
127500 2.601858882034749
127600 -1.0789858536067336
127700 -1.084700573676499
127800 -0.3093762804117781
127900 1.1281204162362375
128000 3.534229948698585
128100 7.382209619323423
128200 3.2241828873788427
128300 6.104839397619889
128400 5.359745492212832
128500 1.9504298514277685
128600 0.5747231871671769
128700 4.22928621137647
128800 1.4489364047753057
128900 -1.505680126331539
129000 5.32501575455373
129100 9.012956283348396
129200 6.01466626460694
129300 2.6316942567153814
129400 4.175767468862616
129500 3.0030671007838077
129600 2.087915411758283
129700 2.861017634702067
129800 0.28232694560264754
129900 3.854843193651394
130000 -2.9313903352064714
130100 4.129111229421282
130200 7.567272142947196
130300 -2.2030716464609212
130400 0.1801008558758183
130500 -6.577231284444997
130600 3.0248155515925843
130700 2.382773780798738
130800 2.2867888251019974
130900 -0.04180186381621942
131000 0.6400512377716568
131100 1.4949833920367925
131200 3.333942878718448
131300 4.261431735161417
131400 2.260616756068927
131500 -0.9932411172898655
131600 1.5396968977392875
131700 -2.162830835131475
131800 6.7430003884821375
131900 2.4777071322042876
132000 1.2377009502629543
132100 3.9697783526006196
132200 2.400375004379074
132300 0.4944019481089559
132400 6.472024554051693
132500 -1.0951205983758552
132600 -1.352295310638782
132700 0.399537075188107
132800 5.326001152315406
132900 -0.1484242917096139
133000 0.3868395181297326
133100 4.2457364473488735
133200 3.1650803596199055
133300 4.199852778694288
133400 5.453139625073253
133500 3.7969515756577583
133600 5.283723005819021
133700 2.0278913952451814
133800 3.705865146214963
133900 1.1402389784882296
134000 -2.047380538141758
134100 0.5091904947436764
134200 -2.297080716270173
134300 2.8199763333491257
134400 0.3241147194865327
134500 4.014590567601056
134600 2.8005253814476014
134700 3.544597217826375
134800 -0.5977548973716659
134900 4.206669750368355
135000 -2.085105026970103
135100 -3.4123774323458034
135200 1.971186965745098
135300 1.1110591643909333
135400 1.842670791012425
135500 6.60462619821063
135600 4.063046983491188
135700 3.369484925732247
135800 1.7328499848259717
135900 1.4147320790370026
136000 0.3161061019086615
136100 4.462362650881589
136200 7.577279970721507
136300 1.951132046621702
136400 1.3504202802913183
136500 7.319672415599893
136600 1.7120871218839837
136700 2.3349250814838363
136800 3.4752432897329677
136900 3.1584922716045023
137000 3.725604409489972
137100 -0.9511635967287908
137200 2.13299674820904
137300 -1.1442244401981547
137400 6.509844444211021
137500 7.0987616225468
137600 2.0375212584062634
137700 -1.14906285276495
137800 1.9438594802621676
137900 -0.20708420397951766
138000 1.7961585696891174
138100 -2.304246894184059
138200 0.5329681467039571
138300 6.3473581093965405
138400 4.086291130144787
138500 9.357058066847033
138600 3.5456036930205825
138700 4.927791317614178
138800 3.08138533944788
138900 3.6267459062412506
139000 4.236364276669049
139100 3.939379704769434
139200 8.399856568489259
139300 6.325009114061137
139400 6.218526398012166
139500 -1.7569071721195242
139600 -4.641483047980815
139700 6.194320829925028
139800 2.674914071967983
139900 0.07106556483783766
140000 1.8234126732691536
140100 -3.403286669210272
140200 2.4105164011299394
140300 3.1771036258885834
140400 2.4194534288189122
140500 3.128211840421957
140600 3.509966149033323
140700 1.8897023425816157
140800 5.896939634270883
140900 2.2276754698753445
141000 0.2767088586827042
141100 1.7722564437569681
141200 0.9018195684563588
141300 3.4450480410399873
141400 -0.8723971868326489
141500 2.3739190174349827
141600 4.859732927449095
141700 1.3258638186970249
141800 7.30244593232112
141900 -0.3384972283962985
142000 2.863218681929824
142100 4.809533402857547
142200 2.5396548410407163
142300 -2.743226758979696
142400 1.9647765586659238
142500 6.584009378009641
142600 1.1350221334313733
142700 2.7733398723451606
142800 0.3834800150706054
142900 1.0525365906764887
143000 3.090875785845153
143100 0.8121340239805526
143200 3.2573957971381207
143300 0.6276573541493957
143400 1.9552734393448308
143500 -0.6879020145187952
143600 -0.45438536283662023
143700 -1.0237755435274742
143800 4.239011767650897
143900 1.732128252824901
144000 2.8879847512514405
144100 5.812039604670266
144200 1.1635360834263146
144300 3.536490006667816
144400 3.1757036214548617
144500 9.129985427380516
144600 2.0753344172894925
144700 6.004728237352436
144800 3.5502053663972815
144900 3.854264309951766
145000 3.0830040128712106
145100 7.410958395668006
145200 4.529560715235019
145300 1.0402597586734812
145400 2.1953174391792447
145500 6.6630710382601235
145600 -1.091463366492384
145700 -1.0854952026374713
145800 5.921365662615256
145900 3.842798505709909
146000 7.036765818421323
146100 4.326922953721077
146200 3.273676596786353
146300 3.1568734844539477
146400 8.224018165515762
146500 1.4656706492282616
146600 -0.2826186117597339
146700 8.607675714994993
146800 5.789252275744774
146900 5.31512598923701
147000 0.9941896457541362
147100 3.3605194816978607
147200 0.7523745515624032
147300 -3.5357264818283443
147400 1.1927911968281326
147500 5.5874823616504905
147600 8.009974380200692
147700 2.7286095110983113
147800 4.440974208598043
147900 2.0217343902463054
148000 5.106217433995411
148100 7.1004701701194035
148200 5.872300732904268
148300 7.437921340717374
148400 4.946444818560123
148500 5.1864837284241565
148600 0.6069707976269214
148700 0.21177348222315717
148800 1.4676827061237996
148900 1.9186062085004467
149000 4.843054547462296
149100 4.75444933147999
149200 7.884425402708654
149300 5.78224500791928
149400 1.9787446362361965
149500 -0.7128966551102439
149600 8.160485540315598
149700 1.0624478599544096
149800 2.635934567688799
149900 6.08994259185139
150000 3.9190012524779925
150100 2.1008099491549332
150200 3.3522054839650006
150300 1.0864427370158325
150400 2.946067104617153
150500 2.6760893584668928
150600 3.3185541451554874
150700 2.361837734777621
150800 6.551592385551047
150900 0.8380795209108031
151000 3.0463678149965623
151100 -0.31886845615639003
151200 1.641686712752763
151300 3.145923592447447
151400 5.931066765732673
151500 1.4649842563126856
151600 7.542963873597344
151700 3.9753689144616042
151800 3.483992473698171
151900 5.010589947417713
152000 2.5564146028856367
152100 0.4057495864342924
152200 1.1152676156264278
152300 8.247972757514455
152400 -3.750213943644343
152500 -1.84816133980853
152600 4.193110069538031
152700 0.9318158909392426
152800 -0.07068592951038233
152900 3.0820312033861086
153000 4.195491343559054
153100 4.724936645573032
153200 1.7084027904584667
153300 3.539369019292606
153400 2.4468101307324894
153500 3.9208238914087095
153600 -0.5790068110138583
153700 1.4355151651383182
153800 1.9668465094453116
153900 5.980407755389743
154000 1.8836265573614304
154100 2.033948866683175
154200 2.0493407364854326
154300 1.029896612541605
154400 3.631291028352261
154500 7.690842299692838
154600 4.029965980863632
154700 0.918625319131001
154800 -1.170881245858286
154900 3.3792333833065396
155000 6.16602413010825
155100 7.664833316293672
155200 0.2252469948701144
155300 -0.4642851428521458
155400 2.1521246985431177
155500 3.343551805849137
155600 -0.8983324790529826
155700 5.398489786018507
155800 7.349907445817234
155900 -1.9309046631444242
156000 7.7492603205944715
156100 0.6418770917435118
156200 0.566650978395549
156300 4.033633034078266
156400 -1.0916584729415633
156500 0.9581601141105338
156600 -1.3557284493811221
156700 0.5790362648063068
156800 0.6031897083355869
156900 3.738986921021233
157000 8.546318576737763
157100 0.9112901936333737
157200 -1.6954832331814174
157300 3.7517827944892215
157400 4.579694895915633
157500 1.096154283031877
157600 3.8839346341727103
157700 -2.396247077593239
157800 1.5159857498102554
157900 3.891435104053871
158000 7.681951801294701
158100 6.348721275413146
158200 0.6373679650896615
158300 1.8600329854607227
158400 4.1798782206690275
158500 -3.264361554280805
158600 1.6843246549060762
158700 3.4138168330216643
158800 -1.2888092320139788
158900 7.41691346316593
159000 -0.5529786988179363
159100 -0.5662477927323153
159200 -2.3658161722025817
159300 2.274038787676373
159400 0.18470088289247866
159500 -0.6268435649920404
159600 5.8970352104684025
159700 -3.3489333084046105
159800 -11.337262613629255
159900 -6.449728317364588
160000 -6.68015292738377
160100 -8.821066925182892
160200 -4.144788773085852
160300 -7.796634580209277
160400 -2.955607794056005
160500 -8.34336936933114
160600 -1.0124005812836492
160700 -1.4424454662193178
160800 4.430082290253418
160900 1.2283710417698201
161000 7.30882380473479
161100 1.2877333534377908
161200 -10.88256681067667
161300 -10.968101052850882
161400 -0.10227416137716816
161500 -0.02849553929832449
161600 5.342897978349834
161700 4.554662300824716
161800 2.3019036565960995
161900 0.9556264495559137
162000 1.9335627680708942
162100 5.117480900092573
162200 1.6281781791355097
162300 3.2265365072549868
162400 6.721380115961589
162500 -2.105530062819098
162600 -8.42378584411233
162700 -7.586131771058584
162800 4.432694598628714
162900 6.915192587989375
163000 3.621961562105527
163100 -10.862643526999936
163200 -12.475128253974578
163300 -3.912759948732201
163400 -9.516530634088538
163500 3.5796743197910637
163600 5.844887954330309
163700 4.5396700446965665
163800 4.007786437451051
163900 1.3239271142942814
164000 3.4436260679536725
164100 2.052236678273734
164200 -3.0123555597413376
164300 -2.4399620842308867
164400 -3.4956967048938847
164500 5.253695830787056
164600 0.41853188119016815
164700 2.1642337988510434
164800 3.107412862604209
164900 -6.6777794967854955
165000 -11.521454988633884
165100 0.9387937590832606
165200 -0.4019902375480643
165300 1.2258639085548149
165400 0.8238384073204505
165500 -3.8865200608961303
165600 -2.2938319398976468
165700 5.336208986031442
165800 1.0793247301985518
165900 2.174467493209719
166000 3.498268644315934
166100 5.3645912995302485
166200 4.784526707120849
166300 -2.1930612642216003
166400 3.347314437931732
166500 2.632397604012577
166600 -1.5467327632229442
166700 -4.52258429826025
166800 -0.2767266688452926
166900 0.4007405381817921
167000 -2.6937495899491917
167100 5.014054512252248
167200 3.2413446723072505
167300 0.7986465399078768
167400 7.163864457943933
167500 4.177165198234193
167600 -5.73846898630701
167700 1.7847322289516696
167800 0.08241963201407321
167900 0.4037998582698614
168000 3.4048715951643236
168100 3.497071599178901
168200 5.475481360730207
168300 -6.002482545242756
168400 -0.6767156695706927
168500 4.989820013915482
168600 1.9339682092317885
168700 0.07837737071599715
168800 1.2262889449761851
168900 2.69134132606751
169000 0.6861243691256315
169100 0.1608430073306153
169200 1.2736905958116997
169300 0.6483346710415663
169400 1.2691293656859957
169500 2.886018598186752
169600 0.2196005968029091
169700 0.32916787341662657
169800 -1.0337057949318509
169900 3.356680151588123
170000 -6.963363438406197
170100 4.17590549103428
170200 2.9212488128681344
170300 3.027672817835112
170400 -4.491691138021799
170500 -0.10730427356478689
170600 2.9939643359882018
170700 -4.37166035845987
170800 -3.9823068536067443
170900 -5.510487790708721
171000 -6.396545161925353
171100 1.669350357595849
171200 0.4033001125982141
171300 3.784695396184795
171400 3.550465906798625
171500 -2.3196175745405037
171600 -4.016867520495557
171700 1.7405199882120495
171800 -5.758791713052725
171900 3.3073195048461694
172000 3.639906082306185
172100 4.283752924516216
172200 -1.5395124649098815
172300 1.691605396870107
172400 3.94241301002359
172500 2.8467027832701275
172600 4.070612132237036
172700 1.0292387991692717
172800 1.518570799074448
172900 0.9010839555694367
173000 3.465510131462705
173100 -2.879507703547988
173200 2.894343316572826
173300 -0.9261719213603764
173400 0.6900319053021838
173500 2.7507829718090084
173600 -2.913132175058625
173700 -9.100099770870182
173800 0.9159562486522899
173900 -2.314596657367263
174000 4.0861064304111805
174100 5.252479306932271
174200 -0.3352593818985299
174300 1.0782106910190534
174400 3.5779431681625975
174500 2.6771278231927087
174600 -2.4879333541434128
174700 -1.2708030616942554
174800 6.732271203024279
174900 0.5528914707696477
175000 0.09689763836928411
175100 -0.8810230420350557
175200 2.5617354555086482
175300 0.9906618624281596
175400 6.368983687707405
175500 3.4638051016163773
175600 0.2172109613670224
175700 0.6622541989179547
175800 2.0445258934293746
175900 1.162442695738978
176000 4.610388322873738
176100 1.4180794884993069
176200 -0.18906630866172525
176300 2.2114146784531767
176400 2.455072628098556
176500 -3.9693372312800594
176600 -0.29401209190345534
176700 2.4112573546825247
176800 6.553344579694522
176900 4.071713388797074
177000 1.4489263443331684
177100 -2.057741214663289
177200 0.5440911413730365
177300 1.181618746397104
177400 -3.3374082565401637
177500 6.512727526463847
177600 -5.142804012347508
177700 3.4869642628951585
177800 -0.06696932644447628
177900 -9.9133446478842
178000 1.6834914813912853
178100 5.084798837290785
178200 1.005586783465445
178300 -0.19708382360103416
178400 4.024459838185767
178500 1.8992883894505206
178600 1.8646994668024246
178700 6.71429933271808
178800 4.261276240757796
178900 1.2286529483384898
179000 -0.7731974446313696
179100 4.364430705208079
179200 0.9260832202434375
179300 -3.516208201352651
179400 0.7937268219021163
179500 -0.3133404403924739
179600 3.875626180537881
179700 2.367528756943934
179800 5.67148345328048
179900 2.3624603172923617
180000 2.374347229228904
180100 1.2098049017684436
180200 1.150774148610994
180300 2.394576182901825
180400 6.67148684308686
180500 1.3728555385357455
180600 4.229336781823388
180700 3.2732224365888416
180800 0.5772006353280894
180900 4.607179797870066
181000 -2.6784182105320125
181100 3.2620675562698995
181200 -0.48333328886101184
181300 4.430548121267021
181400 0.0743986626872507
181500 1.1300153181080126
181600 1.7296862238655648
181700 -6.111605377576918
181800 4.378316319716172
181900 2.095995811987879
182000 2.2364470443152946
182100 2.532756745761955
182200 1.5964717430842645
182300 0.30146809848571426
182400 1.836249412462391
182500 2.736453827391527
182600 -5.647064608505893
182700 -1.9236989139344118
182800 -2.2687193203895566
182900 -3.207471885070984
183000 4.954238944763618
183100 3.0281516362324976
183200 3.95075189529383
183300 3.822748396451796
183400 0.49413546412177395
183500 1.3561580557516355
183600 4.747309312844594
183700 1.8838798507852785
183800 -1.928743643559346
183900 3.8676934530610745
184000 -2.627161680068642
184100 2.151870500548042
184200 4.679644287969345
184300 5.62324127164006
184400 3.6969956623901252
184500 3.175823725706405
184600 -0.6673708147956571
184700 -5.004711937282808
184800 3.309859830173631
184900 -1.430565992201955
185000 0.38138035171375345
185100 3.9598976332263884
185200 1.8438952123561227
185300 -0.5011827202077145
185400 -1.346142177080061
185500 -1.7466328260873285
185600 6.958050218561011
185700 4.394156645333204
185800 0.15028814010587965
185900 4.576363000200113
186000 0.11311298879903153
186100 -2.1686784965034587
186200 3.778675989395368
186300 3.714754556904531
186400 7.959498752792875
186500 4.820088814069342
186600 -4.467486656669926
186700 1.1521741495582543
186800 2.0260774169100815
186900 0.23562918213221873
187000 3.1738999673508306
187100 1.8950845158559289
187200 2.774654087287531
187300 2.0288337533195193
187400 2.413999657267351
187500 1.955410848163683
187600 -3.2978693208595997
187700 -0.9764897917097468
187800 5.209924991494214
187900 4.6085921636777165
188000 2.668995868553138
188100 1.0860167118056423
188200 0.9543720249185527
188300 1.716085129590021
188400 -1.5247741037737388
188500 -1.6033915353797326
188600 4.569992120638586
188700 2.166211650678575
188800 1.077074697831247
188900 1.1475543685035698
189000 -0.09508149642120323
189100 4.665385164766299
189200 3.3083742167747645
189300 3.4348598482621067
189400 4.6792723988990526
189500 0.39346983527497614
189600 -1.83603705256852
189700 0.1077094036512023
189800 -4.501471112459553
189900 0.17339526116809695
190000 2.1450215055714454
190100 4.863067632997601
190200 2.4423401843363233
190300 -1.0608994297711374
190400 -1.2599396938689749
190500 6.515535590669094
190600 5.58161243530591
190700 -0.6498928878602044
190800 0.9495864675877925
190900 0.48726906202606535
191000 4.717721831431083
191100 -1.9769106521697344
191200 -2.718835242884437
191300 -1.9492939833237382
191400 -0.3820952700827077
191500 5.674101495387591
191600 3.465890186718095
191700 -2.2979678120872853
191800 4.669920186260481
191900 1.1362918592513966
192000 0.14693035355319872
192100 0.6740675983286961
192200 -0.11288541096917293
192300 1.4512019885277274
192400 2.80910328463989
192500 4.4239046439556535
192600 -1.386199341614159
192700 5.941953266382718
192800 6.151132527377807
192900 1.1589112610918293
193000 6.8175684720191185
193100 5.384711709900918
193200 3.118955722410935
193300 1.1037757148393377
193400 2.212985186359133
193500 0.11177434122230112
193600 -2.4360537638828763
193700 5.237209576657511
193800 3.137869148415562
193900 -0.9785398452305799
194000 -1.777485341664337
194100 5.2430313567897855
194200 0.7527005364209001
194300 -1.4361646882820915
194400 6.6951390703302485
194500 -1.7855191895462714
194600 1.8583433727736889
194700 0.6213040187356589
194800 1.2332059424537873
194900 0.7929020309951715
195000 3.4064326343710163
195100 2.45100262394879
195200 0.2159205799074051
195300 4.905913671548315
195400 -0.8459299254591212
195500 -0.7830692732735663
195600 5.782115436171791
195700 4.649253377343417
195800 -2.7458619315100505
195900 -7.657088660553933
196000 -0.7020572790760549
196100 1.5725627430172016
196200 2.1841781481337397
196300 1.5619831335453198
196400 -0.48650341631387906
196500 -0.40883075949011805
196600 0.6832674592046015
196700 2.4270610795385994
196800 -2.9382720130361513
196900 1.0362892336715699
197000 0.8493005550290731
197100 1.434288607501669
197200 4.328877513035302
197300 0.6053320276388894
197400 1.241816647756011
197500 3.0578716275222724
197600 7.497572808518056
197700 2.8980103787218154
197800 1.244948629440731
197900 -0.5858208258491858
198000 0.4590120740346132
198100 -0.94042278804342
198200 1.4637415062172354
198300 -3.008128590259301
198400 1.3386212043197339
198500 1.4927803432257334
198600 3.950877157036451
198700 -3.546852157005574
198800 -3.8412235934564323
198900 0.7755824844062689
199000 1.10875266349119
199100 1.2817702534099293
199200 6.671222101827046
199300 0.10752948382161698
199400 2.8263191504151837
199500 3.184632120056014
199600 0.0030233395862376833
199700 2.153986810653889
199800 -0.721225145763753
199900 -2.1893454308237734
200000 3.910334793323065
