100 9.429860835341518
200 8.436465776325925
300 8.631091419327612
400 6.604788225549909
500 5.1300732238441125
600 6.812058866566139
700 8.261088345097688
800 9.316537298041403
900 9.332025704228496
1000 7.494823228639296
1100 7.189498421513823
1200 5.868464798321356
1300 5.293638541988554
1400 5.3368604354294344
1500 7.526297572690542
1600 8.327393728068543
1700 8.585071897793716
1800 6.771430403746101
1900 5.978952735193165
2000 6.782257123201638
2100 5.788846234474144
2200 6.600687776857345
2300 8.865611834995407
2400 7.441925457226375
2500 6.26544605492289
2600 7.958307008375336
2700 9.378807324178526
2800 8.131621038452112
2900 7.455924332166796
3000 7.297707475693578
3100 9.566735247627083
3200 8.817810873844591
3300 8.98861516955728
3400 8.383494030474381
3500 7.2883557449604535
3600 5.321060450426909
3700 6.502794716568835
3800 6.928343696710391
3900 8.501731193719278
4000 7.099336890271951
4100 7.5508187572215855
4200 7.011744140256377
4300 7.338466582531697
4400 6.682925730691862
4500 7.689330182156828
4600 8.615074886931014
4700 8.574767818587706
4800 9.436264566022057
4900 8.883368545094697
5000 5.015257035501288
5100 7.578548629336187
5200 7.077859860506763
5300 7.8265714877279295
5400 6.6833181912430675
5500 6.153149412933412
5600 7.503972152364774
5700 6.5803515325366275
5800 6.777605392035718
5900 7.113835538005001
6000 5.557676746163916
6100 7.85116154952168
6200 7.343432865936462
6300 7.02815572778403
6400 5.0918131112626535
6500 4.081098948605423
6600 9.872090972117565
6700 7.974457832451441
6800 8.942817924881007
6900 8.313736447239675
7000 8.045880813323688
7100 8.32552867612176
7200 7.10357440384805
7300 6.805087201664733
7400 8.116966993992838
7500 8.132277804227819
7600 7.0204187294325395
7700 7.633158749129105
7800 8.710392775532826
7900 8.685405571999949
8000 8.598390391048044
8100 7.161529588952914
8200 6.795056140571256
8300 8.791693591875434
8400 9.327800077650569
8500 8.740981538915014
8600 9.330544445024426
8700 5.102236147641367
8800 6.761799707502012
8900 4.728679712403661
9000 7.020603460322956
9100 6.271231656700722
9200 6.178138915491808
9300 8.457611268409565
9400 8.57260872235615
9500 8.982094141554194
9600 6.655464286757741
9700 7.5082555937223106
9800 7.169379493907811
9900 6.589454269763705
10000 6.823760142884704
10100 8.41877603910387
10200 8.011834130834815
10300 6.376525094602317
10400 5.746677529663609
10500 6.456774993282152
10600 7.075572156616704
10700 6.370831691630796
10800 6.759077092738113
10900 7.647738781442596
11000 6.644437825789116
11100 4.514373617309853
11200 5.74775207198093
11300 6.908516800244591
11400 5.799899737317181
11500 6.623633244826053
11600 7.960937803175051
11700 7.259938852837125
11800 7.242448555087334
11900 7.796368453758125
12000 5.790142403422649
12100 7.138014385502581
12200 7.505715642481587
12300 7.779915487879846
12400 8.170776932085964
12500 9.046566792248456
12600 6.677904937792046
12700 7.139573743343195
12800 5.286211720837455
12900 4.785123355195134
13000 6.8653887277911405
13100 7.523529679336395
13200 7.893607005019978
13300 7.947765649276264
13400 7.212524552589945
13500 5.169140283721902
13600 5.204000157987531
13700 8.37552457310751
13800 8.00937625577431
13900 7.363743419715477
14000 6.8070294498174055
14100 7.672074651387955
14200 5.693050809128288
14300 5.290570633235177
14400 7.687139842982197
14500 7.634166922468554
14600 6.743001174543291
14700 7.800830410362369
14800 5.799541522092195
14900 7.378897050133253
15000 6.226108653931954
15100 7.155416586597761
15200 5.972001524375549
15300 6.890295220261976
15400 7.784470656699236
15500 8.225500729904248
15600 7.353354103760186
15700 6.026885159886885
15800 5.853102528604993
15900 7.089361349107037
16000 7.9519493877376775
16100 8.012696938185572
16200 8.992187685206561
16300 7.637605690383212
16400 7.5356479834018675
16500 5.2375304562716565
16600 6.9372071230531365
16700 4.712459671365697
16800 4.50497271621943
16900 6.253598747248089
17000 8.293933594608895
17100 8.023598284924434
17200 5.852556323275743
17300 6.259057490013698
17400 5.637244074593588
17500 7.119994502718143
17600 7.294695398222111
17700 8.828268023840387
17800 9.134452541196515
17900 8.161212098790111
18000 8.126857663720001
18100 9.452294885992746
18200 8.85119637352436
18300 8.327397691308215
18400 7.685941901714769
18500 7.403415653584202
18600 7.12894948523637
18700 7.728086528297358
18800 8.616177788291504
18900 7.744977241173919
19000 8.307003393699235
19100 8.939184319802235
19200 9.13636772523989
19300 7.07262306864566
19400 8.255663375245748
19500 8.157456437241008
19600 6.811032727191223
19700 8.71964288171645
19800 6.118505917212872
19900 5.954197614184368
20000 6.154210728880757
20100 6.738196432894442
20200 6.064662506737411
20300 6.7432521811667945
20400 6.836334526570006
20500 6.487294841967919
20600 5.944247584651084
20700 7.02391085157284
20800 7.30277004102411
20900 7.258177148035928
21000 8.275647942034956
21100 6.327907812531685
21200 7.628222741292441
21300 8.096653189614168
21400 8.712366627160623
21500 6.576511237455795
21600 7.28136958767993
21700 8.796695748825263
21800 7.417371050353311
21900 6.313025778575269
22000 8.34442626006304
22100 5.700812575386258
22200 6.23662305384326
22300 8.833217135909823
22400 7.35108098576763
22500 6.13365476269907
22600 8.310841801392407
22700 8.505403163162919
22800 9.245368021777011
22900 7.926375334329452
23000 8.546986494535318
23100 9.191110170389457
23200 9.074562583700237
23300 7.8447872763490345
23400 8.118608480251869
23500 7.588976735495739
23600 8.100615260722382
23700 8.079418496844893
23800 8.28623175906937
23900 8.029440379191064
24000 7.5291474948825
24100 7.963210509006028
24200 5.950020947788082
24300 7.7717151251910375
24400 7.807244310325468
24500 7.531010755808283
24600 8.356271680527504
24700 9.309116858797585
24800 8.543924715539104
24900 7.855479951540262
25000 8.362374994936083
25100 5.69425482261793
25200 6.2297585419901464
25300 7.092940666469022
25400 8.351102979391966
25500 7.5619976349379066
25600 5.909365109367966
25700 6.854866916948838
25800 6.691859509481453
25900 7.638977117347988
26000 6.392352830825873
26100 8.961280381730148
26200 5.8632059560325915
26300 7.653303625697862
26400 5.309577605569494
26500 5.631645547138178
26600 5.893471118504811
26700 5.010036747533969
26800 7.231346078244257
26900 7.814784312249409
27000 9.013603491133894
27100 7.866041969137053
27200 7.257409059578147
27300 8.070932046044875
27400 8.76992636105775
27500 6.811425704823327
27600 5.774732591046205
27700 8.505679789843139
27800 7.616812814590964
27900 7.041103389538283
28000 6.8447209093980295
28100 6.7033509042188495
28200 8.30165283811723
28300 7.468044568808258
28400 8.139552734336524
28500 7.372200154936054
28600 7.449657430724684
28700 8.372022341144566
28800 7.940444348261476
28900 5.9042463349301695
29000 7.559787454271705
29100 7.823153507237132
29200 9.721002299234735
29300 10.058068247476356
29400 7.806157178493589
29500 7.5674597190440505
29600 6.874103667603261
29700 8.249862437589378
29800 7.1701712743644235
29900 7.982962519446246
30000 7.177089180861162
30100 5.699681572344662
30200 7.187961004523641
30300 7.343610362811537
30400 8.738187504473137
30500 8.500744661848326
30600 7.896763942665057
30700 7.759250629969083
30800 8.71631658554617
30900 8.939612469478943
31000 7.233127133102907
31100 6.7168536860498
31200 7.092769016692098
31300 7.024735485103269
31400 8.457833193362045
31500 7.4217160620971585
31600 8.645714860379785
31700 6.204046829048585
31800 6.6299062474329755
31900 6.602303745705054
32000 7.567056321266782
32100 9.17230752110092
32200 6.209773091356486
32300 6.036501334198475
32400 6.283693805844226
32500 4.911955174595338
32600 6.504841245300252
32700 7.507480653262633
32800 5.432715611965256
32900 6.460865955471354
33000 7.268158071555217
33100 6.152369364471882
33200 7.590024286455026
33300 7.799628434162735
33400 9.68357819357549
33500 8.265997834123105
33600 7.824356900476203
33700 9.226574545458798
33800 8.973003142473914
33900 6.0826025123933025
34000 7.621191257717984
34100 8.950406699293517
34200 8.686284150408532
34300 7.762283931487462
34400 9.076534032158511
34500 8.848666208001008
34600 7.034412078930266
34700 7.4608076284098175
34800 8.000077557082628
34900 5.381641407021763
35000 7.338009187750644
35100 7.69678336882398
35200 7.50130597350372
35300 9.31137209416571
35400 7.827281154045474
35500 7.228210899761187
35600 6.80829683220087
35700 6.646398683879479
35800 8.866980748816829
35900 8.71232169087222
36000 9.535623363878203
36100 9.338410421334384
36200 7.2184284874341795
36300 7.899989196014549
36400 7.773305760053221
36500 5.904231657123165
36600 6.41053807057276
36700 7.7549604981447295
36800 5.786874935449341
36900 7.496603907978779
37000 7.713838433360574
37100 8.733066034836732
37200 7.07208536751531
37300 5.79685346565483
37400 6.586372745428938
37500 6.589287093830219
37600 8.236474583243767
37700 6.6540625805374
37800 6.153199008920527
37900 5.950988211973942
38000 7.203925777458519
38100 6.229635072770111
38200 6.338680100191855
38300 7.600279457770759
38400 6.334843006018495
38500 7.152131909013999
38600 8.220765475210193
38700 7.995955145219566
38800 7.690072894532281
38900 7.607302538398043
39000 7.327649021424221
39100 5.674254952419047
39200 7.786383640798588
39300 7.870423922421161
39400 8.768720381321533
39500 6.56674502807885
39600 6.48479052522062
39700 6.912383436950538
39800 7.053176160059814
39900 8.279118063281956
40000 6.399880493841672
40100 5.04784040767716
40200 8.501006473573879
40300 9.253947717335194
40400 7.390444167951122
40500 7.150583212912129
40600 7.493042020247393
40700 6.2947614726694
40800 6.83571329170675
40900 10.078911565869307
41000 8.062254987206275
41100 8.564442282210965
41200 9.162598349819207
41300 8.722056809527388
41400 9.188237939849147
41500 7.92255105042621
41600 8.818130944861233
41700 6.576505186518284
41800 7.2131539482955445
41900 6.28953122823969
42000 7.249469363336738
42100 9.071244843923512
42200 9.212641133720416
42300 7.927425781978948
42400 8.442179928775104
42500 7.785434055815301
42600 7.51155415488806
42700 5.883838758629861
42800 7.5436681329533775
42900 8.351238999954866
43000 8.779595766770779
43100 8.846946689244696
43200 6.394003318724378
43300 6.92150660709596
43400 7.431609991183265
43500 10.361540356826294
43600 8.420127587955893
43700 6.778105344780373
43800 7.641382181423948
43900 9.933487274038194
44000 9.87567606217569
44100 8.654792218376807
44200 9.037901018726961
44300 8.711053980367508
44400 8.51651493963737
44500 9.433202867221455
44600 8.082560595202445
44700 7.765337072720524
44800 8.862662682144165
44900 8.658142399462292
45000 7.516745617666489
45100 7.954453814528101
45200 4.965228843634394
45300 5.919741474644562
45400 6.835221082196243
45500 8.511810704941885
45600 9.048375794551264
45700 8.592686351221259
45800 8.131578523648079
45900 5.5849759805884185
46000 6.402212398060807
46100 7.081485763197956
46200 7.8608582090065635
46300 8.363819642895937
46400 7.6928054006122215
46500 6.841435839206619
46600 5.159358638904186
46700 6.90450061276474
46800 8.275963044070219
46900 7.917571081064713
47000 8.276288269948694
47100 10.020996106248413
47200 8.181129335982439
47300 8.995418432699186
47400 9.007217780714992
47500 7.6794926329311295
47600 7.569100038372984
47700 7.3062760263711635
47800 7.107555889181175
47900 6.483712320035354
48000 5.688367595651792
48100 6.620936488220962
48200 6.430893788690349
48300 6.515031633287947
48400 6.532985182519445
48500 7.65368650822346
48600 6.76795788491668
48700 7.196313547712101
48800 3.784386595840579
48900 7.213201620103898
49000 8.970498441753197
49100 8.821550064666186
49200 7.752675793305353
49300 7.859123561062002
49400 5.748341024289348
49500 8.679116240941541
49600 8.248566274183004
49700 7.73314536853002
49800 6.743009172271707
49900 8.990758333193327
50000 6.302820877792901
50100 6.186400910343088
50200 6.1075864016497
50300 6.161281978542195
50400 7.6531441270772795
50500 8.400673690813045
50600 9.35881445917327
50700 6.266972755260115
50800 6.203584650768474
50900 7.642495175169433
51000 4.788795272361852
51100 6.701761683525991
51200 6.354593999940211
51300 7.9505871466154865
51400 9.7960237247093
51500 6.432879389840343
51600 8.160096885049969
51700 8.573861563081895
51800 7.696761509582767
51900 5.397284048352614
52000 6.376810108698581
52100 4.516130383660418
52200 7.003783807435918
52300 6.895507017551425
52400 7.987837333895357
52500 6.421088962869444
52600 6.528099816620943
52700 7.806294035537119
52800 7.710631869294628
52900 7.309932977689237
53000 8.636125124603517
53100 8.23486704137804
53200 9.546708640794836
53300 8.310103606889847
53400 9.529474593178046
53500 9.168724157483089
53600 9.641406318839575
53700 7.751049834375073
53800 8.437024801823522
53900 8.947435717746222
54000 7.541435359844878
54100 9.501159083968918
54200 9.903927013588362
54300 7.958459542443952
54400 7.417616207621123
54500 7.3527620540087355
54600 7.5924604503030695
54700 7.499541356875306
54800 4.690574691725149
54900 5.9707875156647425
55000 6.472950918590229
55100 8.001629408485611
55200 5.628787685818007
55300 8.026629121320429
55400 8.939288882561293
55500 7.35027889017839
55600 9.301586844063992
55700 8.353007657369247
55800 5.25007267683474
55900 6.796085021179301
56000 7.0896004658426985
56100 5.961305292969248
56200 7.51682305473414
56300 7.972344586797143
56400 7.480394074576131
56500 7.556998402476931
56600 7.296041029465655
56700 6.832564238253654
56800 8.53760467199021
56900 9.04780919563043
57000 8.526824257252235
57100 7.5177023271712695
57200 6.152503102298337
57300 7.843532072490499
57400 9.647508692082798
57500 7.0367559758345894
57600 6.735853366345892
57700 5.052331611479229
57800 6.806925115394277
57900 6.6086389908671554
58000 8.16808148776638
58100 8.04105929401603
58200 8.108702152053732
58300 8.48267915673563
58400 6.108384249435605
58500 6.823187537456447
58600 8.462064649415236
58700 7.532181830435676
58800 8.615661474588567
58900 7.8963788823024395
59000 6.734993650354815
59100 5.575830799596848
59200 6.072666015151051
59300 7.610709703573516
59400 7.605443135721109
59500 8.15662277378936
59600 8.40085386710021
59700 7.195190378127954
59800 7.096507302416375
59900 5.643910438433958
60000 6.479512752009604
60100 7.6440084918330795
60200 7.8716839904727705
60300 6.438948797851437
60400 8.889296391321494
60500 8.414346297011065
60600 8.892770285927421
60700 7.358050178203137
60800 8.126532883446227
60900 6.493576853876553
61000 7.642676243016251
61100 5.9695928353251855
61200 7.708300338434867
61300 9.814422526904725
61400 8.45094958076891
61500 6.037044752079469
61600 8.11937804494431
61700 9.236076740823684
61800 7.329648244012839
61900 7.812973698049171
62000 7.627653954174386
62100 7.727105669769721
62200 7.878774751931467
62300 6.973361673989381
62400 5.56864001810352
62500 5.849758083298543
62600 9.412665010467085
62700 7.336659786201322
62800 6.619102582794578
62900 6.84883728719164
63000 8.048355055747772
63100 7.640498695734605
63200 9.203361848232312
63300 8.187908022361132
63400 7.9042712331778775
63500 6.475378862487313
63600 7.866094449733504
63700 5.891155855094401
63800 6.283573111963449
63900 5.8283470510649105
64000 7.234654953935945
64100 7.815772457180057
64200 7.731464285450616
64300 8.235233037532863
64400 8.029786581413388
64500 8.805859016684968
64600 7.248608675221962
64700 8.669326233469224
64800 7.602741413817566
64900 6.6437161431511775
65000 8.622110999766546
65100 9.262747614937567
65200 8.630498640968968
65300 7.614388461342048
65400 7.434240399162393
65500 6.624263181179969
65600 6.365820732878484
65700 7.539111126986489
65800 6.827011789582941
65900 8.930473048093239
66000 9.506490928534413
66100 7.85313518882401
66200 8.55531625108851
66300 7.410494321634478
66400 7.661150966827676
66500 7.487568774130082
66600 6.949881315237842
66700 6.978280309188581
66800 7.098538232052281
66900 7.629220630775329
67000 6.7283287209805565
67100 7.359725307437298
67200 8.33527247225271
67300 6.858996819977325
67400 7.929478515346142
67500 7.844997161778591
67600 8.441030691594422
67700 8.668250757248746
67800 7.548601644703369
67900 6.062957354978355
68000 5.694150293624483
68100 6.587870808263771
68200 5.189241919000981
68300 7.502360713299617
68400 6.883251281251681
68500 8.583871768149853
68600 8.272979537976427
68700 8.615850440912459
68800 5.546682242612067
68900 7.486329900220355
69000 6.945727013450247
69100 7.426829893287773
69200 7.396652480081388
69300 6.651056547070923
69400 6.928518332740678
69500 9.455221665059522
69600 8.544315349127132
69700 8.07429182595681
69800 8.118302885444304
69900 7.982950617033347
70000 7.472098062693726
70100 7.71771063866215
70200 6.032644756002029
70300 8.133170378332382
70400 9.376154137820205
70500 7.573006296358005
70600 9.2971213981196
70700 8.031969230410434
70800 6.862787710481168
70900 5.961217422987933
71000 4.999555639955973
71100 6.938631384859372
71200 7.3775162395027625
71300 6.727758035767818
71400 6.442375140466739
71500 8.792372986890975
71600 9.965613313008681
71700 9.255886113724186
71800 8.581042810386245
71900 9.175142907342483
72000 8.648435379554906
72100 7.058122753961583
72200 8.097090959270824
72300 8.75910464244754
72400 6.758469737719295
72500 7.350418482467906
72600 5.657596271527268
72700 5.908680024921014
72800 7.952137711751834
72900 7.089760045440558
73000 6.531180767140164
73100 8.39618411820052
73200 9.250563683021793
73300 9.13832447597822
73400 6.9695754928035
73500 5.95852067425482
73600 5.734766228937368
73700 6.27502873636779
73800 8.01180239199877
73900 7.0369651345093995
74000 5.66693025292097
74100 6.200469565350526
74200 5.065103484425056
74300 6.9496264705502515
74400 7.8055081388523275
74500 7.8357499711733
74600 6.529280928864927
74700 4.722671939008724
74800 6.596610205635533
74900 6.027232934104464
75000 7.19696226566478
75100 7.980715771655987
75200 7.360704989550444
75300 9.500496679817912
75400 8.992267805024554
75500 7.143768458743658
75600 8.575826588927642
75700 7.954644320429686
75800 7.944282807809661
75900 8.948323342309216
76000 8.52142617346714
76100 8.329886874677706
76200 7.506815935411514
76300 6.082699094413448
76400 7.4298896312751035
76500 7.509910137118761
76600 7.84112434832051
76700 7.463415977790213
76800 8.87377832577316
76900 9.92636083446272
77000 7.6293025725366155
77100 7.874144895081519
77200 7.40484051442357
77300 7.938319771442367
77400 6.361501677161898
77500 7.2740823571402355
77600 6.707702133517433
77700 7.885539487483045
77800 7.979936875303111
77900 7.853752953158119
78000 9.382391313082305
78100 6.261191624898302
78200 7.7545210427865365
78300 7.490562995189081
78400 6.908884743196255
78500 7.957957584972895
78600 8.490286190976297
78700 8.974817552963477
78800 7.384986731950004
78900 7.2605527761933555
79000 7.68697919431822
79100 8.209595341276533
79200 10.508595247738226
79300 9.749908357338093
79400 9.457795057309538
79500 8.508328532320338
79600 8.55804690097418
79700 6.944714942038665
79800 6.855590385086161
79900 7.493196232768558
80000 8.233901457490388
80100 7.941658872542357
80200 8.0775563577704
80300 8.324169824013895
80400 9.561350489037364
80500 7.692917697020822
80600 8.065873274023332
80700 7.069009867313319
80800 6.59736819448595
80900 6.097770973046258
81000 6.8405364316366
81100 8.16922838901635
81200 10.126601227275243
81300 6.744212641091645
81400 8.922798930235503
81500 9.34292471713082
81600 8.482217712113874
81700 7.522665950553342
81800 8.889530989209096
81900 7.5071954448649585
82000 8.193617805435467
82100 8.738320686012736
82200 6.505223974869637
82300 6.406740628513386
82400 6.168511008432806
82500 8.150785378809717
82600 6.956223405218305
82700 6.064104915746195
82800 4.242582312160826
82900 5.218286468111554
83000 6.1688507720224175
83100 7.298685756897975
83200 8.172866108633004
83300 5.913625444845331
83400 4.77388455668749
83500 7.360861305763545
83600 6.393779085913429
83700 7.779944345678943
83800 7.948030946750616
83900 4.962319417464786
84000 4.938297794328175
84100 6.331926431080578
84200 7.133455090454554
84300 7.71065251187451
84400 9.840174245996325
84500 5.769392882356043
84600 6.190525950733341
84700 6.437898549063252
84800 8.212372409080219
84900 7.274970963646992
85000 8.888645261079443
85100 8.427072812193762
85200 8.048963812306965
85300 7.602708506095844
85400 9.894944197085724
85500 7.897128841395361
85600 7.690032124876863
85700 9.951380976540635
85800 7.969961060002035
85900 7.198538228230686
86000 8.536862103546879
86100 7.228475534652796
86200 6.903056679646609
86300 7.305252401935154
86400 4.230898913080156
86500 5.6474964784761434
86600 6.067356442194726
86700 6.724768467376581
86800 7.254485785286152
86900 7.548064027043102
87000 8.216844066597826
87100 7.453076304443924
87200 8.233372812550135
87300 6.932902402776054
87400 7.75226524443422
87500 8.022738227450986
87600 8.81248360491668
87700 7.914144721740768
87800 6.513120587023865
87900 8.633816510960244
88000 8.35685679933853
88100 7.517884528735867
88200 8.788854011309772
88300 7.042283800865069
88400 8.124775393108557
88500 9.080472535038432
88600 8.821245093030337
88700 5.9863198255740135
88800 8.13546889210915
88900 6.035654362397879
89000 5.863943528748092
89100 6.197470612369233
89200 6.910292156624179
89300 6.127759915210224
89400 6.749190109059707
89500 8.048036770239793
89600 7.651161081463048
89700 7.795617717563391
89800 8.764174140014335
89900 8.475312993828696
90000 8.399986359101701
90100 8.419455524812658
90200 7.7588077512798534
90300 9.893970150478616
90400 8.365117717432769
90500 9.22132678569804
90600 6.889653078408801
90700 7.477499736639922
90800 8.578545715638766
90900 7.115524766339889
91000 8.353793581561067
91100 6.065256260953594
91200 6.49668657225301
91300 6.086379143011421
91400 5.9378576282753945
91500 5.263822174677518
91600 6.3589501274604965
91700 7.165257877990972
91800 6.99191192449312
91900 7.636805028923699
92000 7.615615230062844
92100 7.046279185880207
92200 6.894787488486907
92300 7.690901562788974
92400 7.858076729531501
92500 7.507194249883361
92600 9.298877903624499
92700 10.018423356885751
92800 8.061289777902422
92900 9.208647882720165
93000 10.012345519512142
93100 9.93695267656261
93200 7.790216179963829
93300 7.4008257646495235
93400 6.756554548387804
93500 7.005961775652773
93600 7.783931263814886
93700 7.652331190574548
93800 7.37044425525171
93900 7.760136008857163
94000 6.234789328759249
94100 8.028667596598398
94200 6.6730187751834755
94300 7.072281120997407
94400 6.7065836910157355
94500 8.011620579527532
94600 6.415740948492113
94700 8.796443439367861
94800 7.678510642127234
94900 8.53072583626803
95000 7.541158059445841
95100 8.561363350002136
95200 6.7549037677654775
95300 7.322739417163346
95400 7.062570784013083
95500 9.197531742441534
95600 9.239225666329988
95700 8.678899771195315
95800 7.616561765988392
95900 7.201139581598115
96000 7.713194836081389
96100 6.938706126583994
96200 7.744011758012022
96300 7.005470082791138
96400 6.188724696601884
96500 7.467239582723279
96600 8.62321631691368
96700 8.260531601660661
96800 8.818437935980354
96900 7.742752298367503
97000 6.570705494697576
97100 8.063640681413288
97200 8.586564798979335
97300 7.486185505236492
97400 6.250337281979898
97500 6.409949555517295
97600 6.385221354401226
97700 7.500425358652872
97800 7.295338388379487
97900 7.891410550040728
98000 7.060365064303225
98100 7.242274056800707
98200 7.762815719467636
98300 6.194422935329077
98400 7.04572152626357
98500 8.324107941710073
98600 6.728425503010168
98700 6.76727256787497
98800 6.726985462889947
98900 3.9080760477339007
99000 4.748752598336674
99100 6.945664631121121
99200 6.889197649048377
99300 7.279324826505968
99400 7.244943904395074
99500 8.25596300198799
99600 6.099683583328577
99700 5.478929958885559
99800 5.121791059048441
99900 7.4566804517161875
100000 9.549323492564108
100100 8.061377065124795
100200 7.533148385005269
100300 7.4182087858039605
100400 7.134205523374464
100500 7.529514199065934
100600 7.6799865562000855
100700 8.223942125586552
100800 8.632498443506087
100900 9.513481490760167
101000 7.380138727952968
101100 7.393224998972647
101200 7.161915207614372
101300 8.347757843318057
101400 5.314475400804949
101500 6.2942692420015165
101600 6.47165278622341
101700 7.584124818931648
101800 8.578504300439777
101900 8.170456746651674
102000 8.53591976961203
102100 8.28647140260789
102200 8.833573035397833
102300 9.802519515033124
102400 9.913581415648489
102500 7.261370248572696
102600 8.492521917525131
102700 9.420345907659986
102800 6.98370735064669
102900 7.364843328829235
103000 7.9264716074100505
103100 7.229670487870518
103200 6.807589744999169
103300 7.199900823367335
103400 7.793011249850068
103500 8.321645553603643
103600 6.807247083549372
103700 4.929275156441378
103800 7.256099128127885
103900 7.099220756959643
104000 7.576138995218195
104100 7.044091622461327
104200 7.702553716597308
104300 7.682668711632907
104400 7.326600478308633
104500 6.5565087159821935
104600 6.63225029979449
104700 6.514300107177565
104800 7.1482833646902275
104900 6.491718951309796
105000 8.79385930055886
105100 9.041507324532832
105200 8.79427813347772
105300 7.057545279749395
105400 7.220666703048254
105500 6.269735394633951
105600 7.2124071460486086
105700 6.301723761369164
105800 7.829858562035551
105900 7.230174289357832
106000 7.9558991226163664
106100 7.385673119922303
106200 7.597106104370065
106300 7.822807754290471
106400 8.354266355029631
106500 6.761154179833694
106600 7.16757531876935
106700 6.751888793323581
106800 7.230164939430489
106900 8.080980691009891
107000 5.584127541969212
107100 8.426786844942114
107200 8.412808049788095
107300 9.772715710554314
107400 9.69274948523171
107500 9.228995389270915
107600 5.709439735249389
107700 6.565400278310214
107800 7.994915447509969
107900 7.473969927690334
108000 8.269715022482567
108100 10.320441804223336
108200 9.489263990038365
108300 8.042991395000676
108400 7.8391260164037115
108500 9.82332702651826
108600 8.066375422813474
108700 8.868994417552623
108800 8.883724567923524
108900 8.040450431271386
109000 8.26428748901025
109100 6.69404409374109
109200 7.317533414697081
109300 7.14295395771222
109400 4.112039124977083
109500 5.666182170970519
109600 7.385837944326613
109700 6.788739690471384
109800 8.234218885962667
109900 9.447338192479299
110000 7.68903053492125
110100 8.290994726973766
110200 8.660603351666097
110300 7.709160749579185
110400 6.485388825830291
110500 7.715777542899788
110600 7.8807634842325855
110700 9.490752584950034
110800 8.076301832928817
110900 6.314788106228739
111000 7.54902124499884
111100 7.055465188948076
111200 8.54969083430988
111300 8.170842336103421
111400 8.27047909898584
111500 6.595174837315946
111600 5.478024856432593
111700 5.713337037547909
111800 5.602830726380206
111900 6.211398574541011
112000 7.541385004996914
112100 7.940951381757049
112200 6.962678703419331
112300 5.851281985103458
112400 7.680718020837322
112500 7.1628010107954365
112600 6.611127035732919
112700 7.100781972322557
112800 5.885600220655919
112900 7.208579965873343
113000 8.045700518746917
113100 7.625016838465584
113200 7.629768379832607
113300 6.539147776891025
113400 8.67129254783831
113500 7.882253557881281
113600 10.148228274488831
113700 9.36759364963286
113800 9.60561912336191
113900 7.305638801028835
114000 7.354067629551546
114100 6.264103284524231
114200 7.099063475822234
114300 8.526927258154641
114400 9.849250828098668
114500 9.53445250288131
114600 7.707432240147093
114700 8.99481917961615
114800 9.29298760945634
114900 8.265296273564312
115000 8.2245219166582
115100 7.272842601315611
115200 6.675674585256349
115300 6.289086158204383
115400 5.424066496528479
115500 4.294290498127979
115600 6.993897913622056
115700 6.107162865900118
115800 6.890778779365283
115900 8.513869099954345
116000 7.785256372776581
116100 8.064570338930178
116200 8.673567628077537
116300 8.134882741147175
116400 7.62342219055357
116500 5.926894359384153
116600 2.8592582474068893
116700 6.077060704396753
116800 6.99442827529377
116900 6.337626676517903
117000 7.67410656976625
117100 9.121833660836286
117200 8.598343217825834
117300 8.847085025521297
117400 8.097358756128475
117500 8.325716577741444
117600 7.87617463189718
117700 6.826142219587119
117800 6.982966847737679
117900 7.521506375639671
118000 7.908213962010128
118100 7.272892449546952
118200 7.977714103537029
118300 6.6078546096863535
118400 8.304920179817632
118500 7.746974057878864
118600 6.9609183429728905
118700 6.642440799894267
118800 7.061865935731343
118900 8.884381133495962
119000 5.820734010493219
119100 7.120768024375229
119200 6.25399964073943
119300 5.420114978418985
119400 7.228180907409233
119500 6.098269570790297
119600 6.69640196895329
119700 7.812073536487505
119800 6.188671359948139
119900 7.842629168930495
120000 7.447902585209295
120100 9.249853390608944
120200 7.662854780677217
120300 6.79870299568657
120400 6.146142878777265
120500 6.53342333359146
120600 8.768404961404716
120700 10.058501439396661
120800 9.479523762085384
120900 7.626069651687628
121000 8.247129298371314
121100 6.42080073981525
121200 5.90296330898694
121300 7.671563380795923
121400 8.554618343391327
121500 7.163218630468135
121600 7.181587193352591
121700 7.302662527346877
121800 7.746563413394077
121900 7.3514356017562354
122000 9.398169763863066
122100 8.03054058730251
122200 7.098816264413481
122300 8.103236784225315
122400 7.0240798000880105
122500 5.884225979282228
122600 7.355930529442093
122700 7.1988749217993036
122800 7.787878739188434
122900 8.129707421768595
123000 9.352519189322864
123100 6.721099727648912
123200 6.879926281491478
123300 6.939566455134071
123400 7.0498465033160755
123500 6.597862221771767
123600 7.421537311877049
123700 6.728382090938535
123800 7.556044299719584
123900 7.091455967150013
124000 6.637915406060302
124100 7.502956053971295
124200 7.567063385894899
124300 8.888056891232957
124400 6.595488747145531
124500 7.936273393723029
124600 9.12409874198637
124700 6.894451202278459
124800 9.058141355044691
124900 9.025783314121611
125000 7.625755987118258
125100 7.620974461947417
125200 6.601536013858065
125300 4.855905434038759
125400 5.970675617963007
125500 8.110349697245491
125600 9.253069722001335
125700 7.481719125894946
125800 7.0841924289795255
125900 5.590179784529732
126000 6.903456113363327
126100 7.173722115731247
126200 5.625506465552828
126300 5.855769900253589
126400 5.993525572132679
126500 7.766478652029581
126600 6.970751660403932
126700 6.3812395544749485
126800 6.291205875276845
126900 7.105036685111081
127000 8.503991431260351
127100 8.39581461203503
127200 8.859990619825217
127300 7.9462727379944935
127400 5.827671267543528
127500 7.480339790387515
127600 8.765253709653246
127700 9.532023286023612
127800 6.664401732867957
127900 5.5990422874728
128000 7.974877430965574
128100 6.867903280879891
128200 7.853680121362909
128300 7.498777710576526
128400 7.742566066753637
128500 8.619018704027427
128600 9.074513842443503
128700 7.5639093642048705
128800 7.87901522991311
128900 8.460010128137975
129000 8.255671898328348
129100 7.636055448226963
129200 7.020269020535529
129300 9.109337419725183
129400 7.119474609388678
129500 7.097149658245543
129600 8.668119423698222
129700 5.932071409312801
129800 8.518984847503098
129900 10.22341289484996
130000 8.901162884746077
130100 9.227776221709545
130200 8.841278992194246
130300 7.039493851664075
130400 6.844970143895038
130500 7.809193426998656
130600 7.614411609691851
130700 8.35001804440838
130800 7.234399738909999
130900 7.62767622863512
131000 7.3552208856855
131100 5.9582895002934775
131200 7.887722042966856
131300 7.631669960358721
131400 6.701039286408266
131500 6.376218349474742
131600 5.297251383739868
131700 7.771433952563082
131800 5.727016589924571
131900 7.721787880063065
132000 8.601683216356946
132100 8.01239541024701
132200 7.630968762561854
132300 7.148626959970644
132400 7.160543667397094
132500 6.197318251084898
132600 7.296346421747985
132700 6.0752529533331545
132800 6.957250972873786
132900 6.770142420840584
133000 7.98027876393395
133100 6.919388619337859
133200 7.689804100324391
133300 7.552690434116813
133400 7.2626304395467045
133500 6.091212084986099
133600 6.202465690406872
133700 7.06831750798814
133800 7.400622705433051
133900 8.166980302732036
134000 6.298514996863669
134100 8.078166243046379
134200 9.151753324907284
134300 6.463279490368656
134400 7.535651187249085
134500 7.170992171899091
134600 9.818438561462395
134700 9.356494888301242
134800 7.93928863175508
134900 7.213112496857722
135000 9.357593152300037
135100 6.5220232252182235
135200 8.673136637897244
135300 7.793474270858688
135400 9.727651228343955
135500 7.48429320907213
135600 8.069731044455
135700 7.286713531439054
135800 6.057559561945141
135900 6.109359727687478
136000 6.35470573693068
136100 3.3456383700563657
136200 7.1729433378496195
136300 9.832785394478089
136400 7.9014821210223145
136500 6.4450443130146615
136600 7.627803705282681
136700 6.375696258103526
136800 6.528087108826039
136900 7.386394241217854
137000 8.377454803808655
137100 9.183750972417142
137200 8.48832267947089
137300 6.012712015160964
137400 8.6318182569604
137500 8.240579359162599
137600 7.596301598298466
137700 7.838456114569212
137800 7.540021394114645
137900 8.47578364635344
138000 7.657223310591906
138100 7.1998902190983225
138200 6.3838778303796335
138300 6.41076446082878
138400 7.125617857093321
138500 6.0989209356544185
138600 7.525886837021557
138700 9.528064270698275
138800 7.001743643079755
138900 7.159914951788758
139000 7.000413626751886
139100 8.77420072111893
139200 8.49666075185567
139300 7.841092489060988
139400 7.427861468677379
139500 6.558431316112182
139600 7.691207041756579
139700 8.722526292476596
139800 8.125900771955811
139900 6.903363683210783
140000 6.943743447270932
140100 7.32990913005966
140200 9.006365007501872
140300 8.663505346922214
140400 8.913721950272958
140500 6.9495468949504104
140600 7.366418816325024
140700 7.5457891983572205
140800 6.617162938460932
140900 9.72285058419472
141000 7.9608747266099105
141100 8.658316197708405
141200 6.217135510278952
141300 5.702344412946582
141400 7.684404993385431
141500 7.071439427481215
141600 9.486328209676223
141700 8.169059307997067
141800 8.354378412911215
141900 7.581255768076519
142000 7.665307986736521
142100 8.87862757222621
142200 10.081348895299167
142300 6.1393734734904335
142400 7.24533524425675
142500 8.822758617253571
142600 9.694538069948603
142700 6.972037732691402
142800 8.401082685842983
142900 7.562594240417876
143000 8.110333459608526
143100 6.5349210835887925
143200 5.741238733447562
143300 5.842986859426055
143400 5.786176343284245
143500 7.2687912637296055
143600 8.068818843595219
143700 6.842274484716267
143800 6.129272111275837
143900 8.822024825216893
144000 8.868433507842626
144100 7.9194492986187255
144200 7.932050858892356
144300 7.305650402583402
144400 6.171381929459192
144500 4.981201491540889
144600 6.954808603424727
144700 6.584740660228016
144800 5.801276574877427
144900 5.861973404679672
145000 5.710608003328906
145100 5.964890297489728
145200 7.925978177942352
145300 6.452410229155814
145400 7.823618232102624
145500 9.365816221575828
145600 9.605547346970575
145700 7.168975101900274
145800 5.703558932698541
145900 7.217623395970749
146000 8.001336612174828
146100 8.113809234089398
146200 9.496560654131152
146300 7.776744391574938
146400 7.984353582377449
146500 8.832387036227667
146600 7.137518104450776
146700 7.04862942292536
146800 8.20096338136132
146900 6.070634993603249
147000 7.422864058381595
147100 6.346070594721697
147200 8.927950276488879
147300 9.185700747871174
147400 8.533684831072673
147500 4.790316003171482
147600 7.636303724877335
147700 8.657682721789833
147800 7.547809864300493
147900 7.192063134787083
148000 5.725979021822601
148100 6.095868414307269
148200 7.568600038702156
148300 8.729913013639852
148400 7.252778644615229
148500 7.431986842040929
148600 5.7869694987547735
148700 7.379505095363322
148800 7.2611493347255225
148900 7.356890103419953
149000 7.316681471803127
149100 5.947299991185081
149200 7.856633300296854
149300 6.156445781672237
149400 6.901696639502167
149500 6.475775470147998
149600 7.992002317137249
149700 7.7096271944794355
149800 6.224258577585224
149900 6.232590692121439
150000 7.589257389454853
150100 6.707807104246161
150200 8.067314485507268
150300 9.884480748022796
150400 7.244761851698431
150500 7.657320622953817
150600 6.341566177932416
150700 7.762355108594164
150800 7.557148642739833
150900 5.675557566671957
151000 8.606992457884566
151100 7.950828072345338
151200 7.68820725298449
151300 8.03608898497967
151400 9.72532421146609
151500 8.172031360844683
151600 7.941475714819225
151700 6.636659546138397
151800 7.23939104158556
151900 6.488363153491891
152000 8.153329831949788
152100 7.436612123597649
152200 7.228008285349069
152300 6.20058206087753
152400 6.367451450091983
152500 7.049210656980331
152600 6.802349587751531
152700 8.234007627149026
152800 6.575596815339092
152900 6.675263115109481
153000 6.0510822643073015
153100 7.579860052985457
153200 6.908512614565645
153300 7.365137941645451
153400 5.593532625090095
153500 6.062013896861012
153600 7.02580219946863
153700 8.393315054633577
153800 9.18040302321766
153900 7.976138028221635
154000 5.237666045517722
154100 6.356773358834065
154200 6.602905746819732
154300 7.762055438679118
154400 9.826311884565781
154500 6.744150851087266
154600 7.990111523002793
154700 7.98415459497514
154800 7.361464007607313
154900 4.512790449209191
155000 6.124975596845686
155100 4.30319336238196
155200 6.690423275154414
155300 7.612264803952066
155400 8.265037615172872
155500 9.159479986642104
155600 6.648735909443185
155700 6.5546808566120935
155800 7.2224776217617634
155900 7.473419030371599
156000 8.106761537243855
156100 8.15777835469803
156200 6.995290230023076
156300 8.002233310115551
156400 8.696494090879073
156500 7.413324070118604
156600 5.400289920379045
156700 6.913260721513156
156800 4.52173831036998
156900 7.233985315779785
157000 8.826713639582003
157100 8.916564218166682
157200 6.964535890394519
157300 6.200792596636216
157400 8.568217554996359
157500 8.636447879817212
157600 7.0802782791228935
157700 6.9616585595794165
157800 8.721622845671156
157900 8.766865215320736
158000 7.576595004928767
158100 6.28096835420888
158200 6.747882852272303
158300 8.035415924399707
158400 9.718290812186055
158500 7.145515080268032
158600 7.464314610207656
158700 8.200350589282149
158800 6.6706293411759034
158900 9.087035859806106
159000 9.06747481828382
159100 6.9150010168019795
159200 7.575139494433237
159300 8.813535001595413
159400 8.807829592918058
159500 6.315914068626159
159600 6.047752595558217
159700 4.348446446479345
159800 6.811433197485144
159900 8.39324749510552
160000 5.93300304424694
160100 5.995173343799306
160200 6.980175650108376
160300 7.925502435437172
160400 7.485368758261894
160500 4.822413069955278
160600 6.464495953093689
160700 8.232784348202209
160800 9.191638746761356
160900 8.202894262080278
161000 7.89602472877964
161100 7.2149196371475615
161200 7.279890462327319
161300 8.170333979364814
161400 8.416538261527704
161500 9.409959352455843
161600 8.477784562356481
161700 8.66734354428019
161800 5.065682725491595
161900 4.579438418529969
162000 6.107137322469462
162100 7.264164990918951
162200 8.636450614669855
162300 8.230940483707395
162400 8.833928664734678
162500 7.688738451854776
162600 7.3211957950227795
162700 8.791301902425358
162800 8.010813216385877
162900 6.933323008702431
163000 8.591830467512276
163100 8.488453860383713
163200 8.028108042842414
163300 7.754138737126697
163400 7.365210116215831
163500 7.104118923841679
163600 7.502943091965487
163700 8.109295277649338
163800 8.279213971167565
163900 5.555560380864716
164000 6.816611312929729
164100 7.377859045405565
164200 5.748296314370577
164300 6.3541955313265435
164400 5.22841366489285
164500 8.35255940527791
164600 8.592655815093597
164700 7.112603274898111
164800 7.481744998798495
164900 6.081177419963844
165000 7.494835418043006
165100 7.364178392101745
165200 7.098052319296402
165300 6.1410316600886095
165400 5.643886421061951
165500 7.679931628198037
165600 7.452154965715174
165700 6.7257051027674155
165800 6.075764386365569
165900 6.381954900162061
166000 8.421327729803664
166100 9.27622171697797
166200 8.031731101039155
166300 7.019760740720613
166400 6.700094614473977
166500 6.55115933491782
166600 8.189374608637111
166700 9.025885729114426
166800 8.683729819470173
166900 8.814128246679198
167000 8.400049851723065
167100 8.768270117209955
167200 8.220591750109035
167300 9.513303110669002
167400 7.034620155095621
167500 6.950509064405385
167600 6.59703068771083
167700 6.334823879780394
167800 6.237061956775323
167900 6.785894591682757
168000 6.642273104427484
168100 7.510896938433778
168200 7.884601417448894
168300 9.840404293986776
168400 7.081556788843125
168500 8.571421002482998
168600 8.833195749795182
168700 8.654318384148361
168800 9.047681012228544
168900 8.242698342831007
169000 6.988050473991492
169100 7.35073738928253
169200 9.00201874711775
169300 8.147261911795319
169400 6.371970021237785
169500 8.998689013578435
169600 7.009503305213676
169700 5.697600237025722
169800 6.496138016090419
169900 7.074180540950196
170000 9.02303430232886
170100 8.536765133124934
170200 7.912310053139675
170300 6.111732474540816
170400 7.235595428009312
170500 7.637625736186551
170600 8.763525536629677
170700 6.744037392211374
170800 9.105378406637719
170900 8.474782402193023
171000 7.1584416107169
171100 9.979277412168921
171200 9.072548119878492
171300 7.150884771260574
171400 6.727737648755852
171500 6.18781345554423
171600 6.850910535189464
171700 7.051230333616075
171800 6.736879858076208
171900 7.240498179553432
172000 6.447907844752605
172100 7.658876393536983
172200 7.323028544436543
172300 8.107588855621943
172400 6.401653469655657
172500 6.147879264861019
172600 7.054113062483032
172700 6.408959269198823
172800 6.97356194368582
172900 5.176923993090225
173000 5.434168449502777
173100 6.312715757517546
173200 7.447167985405582
173300 6.6746858483945015
173400 7.739175634723275
173500 5.3936398916226835
173600 6.492050096050086
173700 7.840456449260558
173800 6.531210173920437
173900 8.306912318309212
174000 8.121487549381968
174100 7.531663779171459
174200 7.58704443377434
174300 7.120954597125005
174400 7.360701530441677
174500 7.004175009774267
174600 6.6099109016137705
174700 4.695883161133532
174800 6.763185308198294
174900 7.44031292746831
175000 8.471551574286668
175100 9.043682663134843
175200 9.011818442329744
175300 7.89289428965568
175400 7.075685545029098
175500 8.049727433677011
175600 7.849677814470802
175700 8.678946699013883
175800 8.037157130392055
175900 9.459430871907555
176000 7.296007811307545
176100 6.496116360345102
176200 7.328538260358296
176300 6.194497595608775
176400 7.142693187669141
176500 8.959247456772468
176600 8.632804789747707
176700 8.112795548808045
176800 7.351651407658295
176900 7.5344966812376954
177000 6.612012986332618
177100 7.388510632333692
177200 7.5660111983851985
177300 6.903385440485807
177400 4.306628658100527
177500 5.513127990907355
177600 4.781087475654469
177700 5.099523986115519
177800 6.330457804396749
177900 6.577841924737848
178000 7.178880353762943
178100 5.881971581062896
178200 7.176724613529012
178300 7.345673113711919
178400 6.299926685099908
178500 9.038549618587677
178600 9.327497622162522
178700 8.120394081759875
178800 7.813127959060865
178900 7.588931106183364
179000 6.944369987474392
179100 7.235593718036191
179200 6.291564764451341
179300 6.755651332870365
179400 8.086921240132941
179500 8.717906210342337
179600 6.293261212480155
179700 6.33060163424214
179800 8.717654251129618
179900 8.44202444351088
180000 7.363786256805811
180100 6.336491084950768
180200 6.818335059548598
180300 8.02726895493251
180400 8.069731704189822
180500 7.726831514758031
180600 7.833612231255557
180700 6.739578538435884
180800 6.142735566246735
180900 5.020042786270138
181000 4.900506369068632
181100 6.172171320825674
181200 9.209237576483511
181300 6.7835890330391395
181400 5.093784377181561
181500 6.273608763979457
181600 6.314440097675817
181700 7.258417247311278
181800 7.887412654168638
181900 7.597578726589047
182000 5.404186219147645
182100 7.46511934532001
182200 4.53177782424874
182300 6.3605241000838495
182400 8.1703492313441
182500 6.271642161371705
182600 5.286550697115418
182700 6.814136237803805
182800 7.526537383475291
182900 9.462173400828274
183000 8.756955148926949
183100 6.613278321122719
183200 8.48913260337343
183300 8.970173924271315
183400 8.081496797172115
183500 8.048817078064282
183600 8.125926507427343
183700 9.09820178611042
183800 9.29581456229743
183900 7.476819533076504
184000 8.433721443192558
184100 8.530304964291643
184200 8.745042185760282
184300 7.261496761780835
184400 7.040006293039101
184500 8.085242067002941
184600 8.15187821203353
184700 8.197887411176639
184800 8.15827593574626
184900 9.700208095840905
185000 9.02279877534822
185100 9.655923930030948
185200 10.207748540241175
185300 7.109250695691469
185400 7.515598349265898
185500 5.7863354881111135
185600 5.874216892147494
185700 7.350534784554247
185800 4.031511624048984
185900 6.62286912873275
186000 8.268178592764329
186100 10.64369892415672
186200 8.118345092426084
186300 9.149061434264645
186400 6.307843544044456
186500 7.266686496680611
186600 7.020803140313194
186700 8.496150266710233
186800 9.00674664636952
186900 7.595756294846019
187000 6.5589152363514724
187100 8.855596444471146
187200 9.592399297454088
187300 9.700700360568568
187400 8.181147211407497
187500 9.255872360582998
187600 7.359042189658289
187700 8.718984981724686
187800 9.202460524544172
187900 9.464640522822709
188000 7.944429558423019
188100 7.294818584967945
188200 8.954050621997563
188300 8.401753147979019
188400 6.905904394725925
188500 8.204426866961553
188600 9.46616891836826
188700 7.166359276616766
188800 7.447365946017974
188900 7.844079983126226
189000 8.415300867909341
189100 6.114850097350431
189200 8.557573871306063
189300 8.093802012887883
189400 8.745341187387355
189500 9.230778890833006
189600 7.502869337977738
189700 7.21466543245758
189800 7.640930249741127
189900 7.815646856648562
190000 7.503176727467947
190100 7.109342478899439
190200 8.963978421938933
190300 6.069356283959519
190400 5.6841028210551485
190500 6.69925185208299
190600 7.858207667227297
190700 6.9584210623046285
190800 7.740876908526976
190900 7.320200872142301
191000 8.674800032763695
191100 8.905232965307782
191200 7.392382444138852
191300 6.620151653488839
191400 8.186302628100385
191500 7.4974738362297915
191600 7.871068568846066
191700 8.034750574463578
191800 8.114355478561704
191900 9.127798803587877
192000 7.2681575623753245
192100 8.844842949339455
192200 7.794063834880718
192300 7.309654497578698
192400 7.572515496141289
192500 5.922857516431006
192600 7.2515425926030215
192700 8.427471652580428
192800 6.736896570145759
192900 8.408769579727219
193000 6.789905043035974
193100 4.791107992292435
193200 7.482003542197659
193300 7.539992925931833
193400 9.577980333872235
193500 8.77435790321414
193600 9.165265222812986
193700 8.26042640636902
193800 7.358294777440486
193900 6.705091785874124
194000 6.6689329045955255
194100 6.859400325909917
194200 7.73319322525654
194300 7.956801908370102
194400 8.729166692513328
194500 6.8905086501204496
194600 6.644746358455605
194700 6.224689619045759
194800 6.350861533297259
194900 6.978491981350158
195000 8.8315659930044
195100 6.13792153810618
195200 6.319026598174662
195300 5.333712203925486
195400 7.2663031144573305
195500 6.182645288389359
195600 7.2823436279433515
195700 7.664415930457406
195800 6.992913360852353
195900 7.792361774780751
196000 7.281955748218022
196100 7.220992105591549
196200 7.258971743948938
196300 6.216663194387483
196400 6.372419853004631
196500 5.319095532316223
196600 5.514948070789716
196700 6.871363626374764
196800 5.508406742823308
196900 5.537066802245505
197000 5.894289810440421
197100 5.659203477381471
197200 4.8916349597246205
197300 7.774639400381302
197400 5.079100731062054
197500 6.682703561761558
197600 9.031128610640028
197700 6.984144328023594
197800 6.974290147312094
197900 5.705385241941415
198000 5.951171769805816
198100 5.584952140477578
198200 6.276333863553741
198300 6.812364592731963
198400 4.535427718836323
198500 5.410360429907064
198600 6.4126905738749205
198700 7.374007814452697
198800 8.19656860051064
198900 5.687106741400471
199000 7.300828460772248
199100 8.962087962830891
199200 7.675990483122931
199300 7.527040436480988
199400 6.999100231911329
199500 9.550452471772747
199600 8.3740277497666
199700 5.781037551286778
199800 5.785907795356749
199900 7.096489249206479
200000 5.879073904970326
