100 14.200114012158496
200 14.152958849523698
300 14.296262637040881
400 13.039662707987757
500 12.65093090840251
600 13.236930504361238
700 14.982612899793669
800 11.874193736431653
900 13.524953266153178
1000 11.431182199972671
1100 11.283005055845834
1200 12.767772402091058
1300 11.096160777514573
1400 13.72437219715698
1500 14.542468719006811
1600 14.276205194715155
1700 13.147837161808999
1800 14.606946558297073
1900 13.741997217627587
2000 14.928588477521522
2100 13.479943554518552
2200 12.501923989652727
2300 11.987661362141058
2400 10.980042116552568
2500 12.525334899521154
2600 13.505745636133378
2700 13.095055336233642
2800 12.841677156948217
2900 13.168667758753376
3000 14.019465342534318
3100 13.467821667537473
3200 13.843618428022953
3300 13.139053961120426
3400 14.558870869434768
3500 13.52681777522751
3600 13.890121304833665
3700 13.64612474107546
3800 13.246829641528725
3900 13.229999395258094
4000 12.466551631033335
4100 12.401382606077625
4200 13.80288105101338
4300 14.438216619101723
4400 13.597472322957447
4500 13.826618414823617
4600 15.19237278134325
4700 13.857177838483334
4800 12.479370454042993
4900 13.306850766262757
5000 13.350474463534221
5100 13.190067128045628
5200 14.167818562162255
5300 15.041494486185421
5400 13.38171571095901
5500 13.124632783155654
5600 14.151784544395106
5700 13.04228370777829
5800 14.941889332201301
5900 13.755018760348996
6000 13.808855535159845
6100 14.154319194790519
6200 13.879998978411923
6300 13.37827752237074
6400 12.923158278061502
6500 12.682665186149302
6600 12.660175925705799
6700 13.727601991612131
6800 12.941656301820563
6900 14.312005903843477
7000 13.203473096499415
7100 13.31129394826508
7200 15.21227937119016
7300 14.721672562858732
7400 14.626274987736073
7500 13.359281986039193
7600 12.524488436728062
7700 13.511176729500809
7800 14.088920753946368
7900 13.482853616906603
8000 11.136813413606948
8100 12.0729451982159
8200 12.008152616665878
8300 13.543081536542342
8400 14.06771064003044
8500 12.835514187934823
8600 10.62191133680781
8700 13.55795297113077
8800 11.148439672493739
8900 12.306698499916271
9000 12.473367245659249
9100 13.183860234591403
9200 14.807422966436667
9300 15.216697008680944
9400 14.14894714537011
9500 14.181159101371836
9600 14.024429019709986
9700 14.916022364626139
9800 13.75254983103785
9900 14.15075288150347
10000 12.271008048612924
10100 12.373929062166093
10200 13.345310940058896
10300 11.252549338134662
10400 12.374980113489041
10500 14.224754147838222
10600 13.617758654784705
10700 12.338746383858469
10800 12.316546285109888
10900 11.065663823155958
11000 11.609276877580074
11100 10.1327144311689
11200 11.863653629903295
11300 13.775082350180657
11400 12.555040683254887
11500 13.351389352447264
11600 13.928939533787336
11700 12.859968608363927
11800 14.216099762046596
11900 13.879031716083421
12000 12.416011587345722
12100 14.096779267812078
12200 13.680466616004232
12300 14.513094524362169
12400 12.468871399266094
12500 13.635474790939778
12600 14.957228086956837
12700 15.360295000398157
12800 14.493967872641187
12900 14.697736247546331
13000 13.16321017187968
13100 13.359856091108334
13200 13.712977413840894
13300 15.189240510206194
13400 14.080334766805503
13500 13.470137740876796
13600 14.067376581071834
13700 14.669049442014305
13800 12.232320192210516
13900 12.899977149199874
14000 12.782337339205887
14100 12.116291245512837
14200 13.646946972497872
14300 11.90196348745213
14400 12.189212609023432
14500 12.467400318363978
14600 13.690753727259224
14700 12.843901369051943
14800 13.36191916064183
14900 13.62742959930042
15000 14.067408126006834
15100 13.155949109636731
15200 12.338585058416244
15300 13.525069375820175
15400 13.033507630809174
15500 13.573110007671684
15600 14.407712347982278
15700 13.751070137435795
15800 14.335123798997113
15900 13.560240208880833
16000 12.232991874031784
16100 13.473029511411003
16200 14.15124243836832
16300 13.322746081768813
16400 10.632648811793121
16500 10.532150719105006
16600 11.843116629093256
16700 12.00947961061557
16800 12.476482784054802
16900 13.49041983257877
17000 13.306415119604662
17100 14.282065157267123
17200 13.18291181190517
17300 13.054230824240275
17400 13.88502023307037
17500 13.921088688023817
17600 13.827271550573428
17700 12.941833644210325
17800 12.880647148047519
17900 12.489346958282292
18000 12.102508629844676
18100 12.721959098726101
18200 13.757190568640844
18300 14.069517394084583
18400 13.465353661983354
18500 12.238513933358798
18600 12.18538001031001
18700 13.497410804720772
18800 14.742432752159237
18900 14.824706338426424
19000 14.573534893842721
19100 14.712964473802225
19200 13.728834002955606
19300 13.862882456758562
19400 13.263661214315004
19500 13.543919872105283
19600 12.58363968340841
19700 13.43331563795061
19800 12.583639233703888
19900 12.769802483451347
20000 12.23830862654301
20100 12.667244998385447
20200 13.237887049734995
20300 12.108611297621675
20400 12.289824787168794
20500 12.470355317604366
20600 14.044919436660207
20700 12.45095896577684
20800 12.689159436855656
20900 12.10393571549709
21000 10.029093576658651
21100 12.118898384690771
21200 13.5605103611284
21300 13.21064309000022
21400 12.755090239981431
21500 12.266078990504312
21600 13.354421754565404
21700 10.364129157704609
21800 12.823339236617095
21900 14.496963042914903
22000 15.293420785156185
22100 13.327844534309364
22200 11.762646722900175
22300 12.690339060159097
22400 12.679582613770744
22500 13.834539327418879
22600 13.524993372433018
22700 14.854328831286875
22800 13.02009916433281
22900 14.141418130170658
23000 14.065069622499164
23100 14.158346106913736
23200 14.348596012053235
23300 13.631334601807614
23400 14.702838067645944
23500 13.336186536260255
23600 13.46633096563444
23700 12.862900330110309
23800 12.998580425257742
23900 13.507423125789765
24000 14.203478062492277
24100 15.296093004841765
24200 13.32009137115117
24300 12.777810645987243
24400 12.660085529198712
24500 13.03890638615421
24600 12.54347343990918
24700 12.810441942028106
24800 11.657063077265876
24900 12.54049350051044
25000 11.994101933053528
25100 12.706244931555455
25200 13.398418026618973
25300 13.267356985264657
25400 12.212578644187575
25500 12.539603643523657
25600 13.846040156679038
25700 12.832538464633998
25800 14.41478783976891
25900 12.03801268296016
26000 12.14528878602892
26100 13.758970979548415
26200 14.138506752678204
26300 13.958878596956154
26400 14.944111834974885
26500 12.680487072823974
26600 13.905745588686417
26700 12.55357013302914
26800 11.211433525145633
26900 10.228433222295216
27000 12.251365971648166
27100 11.68786649360133
27200 13.873668189747189
27300 12.756194120820412
27400 12.93071913655372
27500 12.731653552363992
27600 14.051372576217085
27700 12.620670372567146
27800 11.795550719503574
27900 12.431806384022742
28000 13.554896854048078
28100 12.44033019894963
28200 13.667848716329278
28300 14.932020781443141
28400 14.327740635315276
28500 12.648004696390846
28600 13.801150564234218
28700 15.319206513958397
28800 13.09478715871385
28900 13.240656141032755
29000 13.506600481579511
29100 13.997605361560316
29200 14.629292030500126
29300 12.84287866708285
29400 12.044527121090399
29500 11.427666569671688
29600 12.591860274818583
29700 12.104476951274666
29800 12.556751347042038
29900 11.849426054989625
30000 13.47126844908107
30100 13.43529589613426
30200 14.59044134310961
30300 13.46506576387774
30400 12.664700079799964
30500 12.908412313654066
30600 13.505069113718523
30700 14.70703223608242
30800 15.24562748002568
30900 13.753178594420573
31000 13.63439272421476
31100 13.50484688549909
31200 13.198301960208129
31300 11.897076579818659
31400 12.233870033476363
31500 14.130553000339036
31600 12.948174363024185
31700 13.907133120327456
31800 13.765666292584793
31900 13.653978908793281
32000 13.72106915272891
32100 14.64832090600392
32200 15.61160358980105
32300 13.511743413960092
32400 13.329181515560263
32500 13.400791553668114
32600 13.986690185815219
32700 13.938444837452277
32800 14.786720430046701
32900 13.92889417570092
33000 13.269864415154784
33100 14.279147101446517
33200 12.750327273358163
33300 14.073246037094814
33400 12.590154782102502
33500 13.613512067268566
33600 14.053162067266982
33700 13.517213919636244
33800 12.711738037774266
33900 13.60321498023521
34000 12.370870464338068
34100 13.618989862615896
34200 13.353906311550757
34300 12.308491569481523
34400 12.45429725874651
34500 13.669414093671932
34600 12.953129997871457
34700 12.86034532925447
34800 12.681204624242309
34900 13.644665649826148
35000 12.651016720200111
35100 12.133130717687202
35200 13.828480585967576
35300 13.801186897115347
35400 12.966977709537899
35500 11.985484978560153
35600 11.07357348307599
35700 13.25397200974652
35800 15.418130656150845
35900 14.988474199859786
36000 14.807563297914667
36100 13.17098611720883
36200 14.007187411163013
36300 14.348989937521374
36400 14.327405592621828
36500 13.466538952458741
36600 13.048910429273294
36700 13.525774052378416
36800 12.23272878734118
36900 12.211048808266579
37000 12.553972086959273
37100 11.699631836052042
37200 11.885167147074323
37300 11.293845997650386
37400 12.326408483602194
37500 12.676644207897924
37600 14.237037022793372
37700 15.087498439737324
37800 13.933317134189723
37900 12.883561485436719
38000 12.845833236822147
38100 13.045562541759976
38200 11.743430335162698
38300 11.648142389562553
38400 13.359989393298944
38500 13.435283912608826
38600 13.224777341395459
38700 15.286118776705901
38800 13.476299854745285
38900 12.866075927903434
39000 14.055422917212592
39100 12.515997898823606
39200 13.36838581942209
39300 13.170539774495255
39400 13.684506018815927
39500 14.431819477506775
39600 14.751769251370709
39700 14.443521421228967
39800 14.094235477811255
39900 14.31127317017026
40000 14.37599036039513
40100 12.921603145452213
40200 13.482749311282957
40300 12.595768223612342
40400 12.774321122750031
40500 13.17578785970942
40600 13.276635923496064
40700 14.146436316735324
40800 12.88289667157247
40900 13.88803343013411
41000 15.057271145931267
41100 14.358042057516327
41200 14.06714721701263
41300 13.135752720979026
41400 11.04816281565116
41500 11.573043422914632
41600 13.31218219769639
41700 11.0655146591559
41800 12.952137300796947
41900 13.800591430339907
42000 13.004937745684016
42100 13.47810094217619
42200 13.136540345749477
42300 12.214590982437825
42400 12.185388469666746
42500 11.354186557982704
42600 13.083742293584288
42700 12.765700363538846
42800 11.98645946947119
42900 12.109244156754789
43000 14.321883124426632
43100 13.593722818017419
43200 13.975032326033633
43300 13.011070749297389
43400 13.06495782970837
43500 12.457172141466042
43600 11.966336552380708
43700 11.527322235612623
43800 12.381360347367725
43900 13.343005600924226
44000 13.349339683350705
44100 9.514220070135597
44200 12.025977465136105
44300 13.157860295537338
44400 13.023774665628045
44500 14.729337990022103
44600 14.024786457893986
44700 13.135081635286843
44800 13.528844006746558
44900 13.123801507885647
45000 10.456052350835042
45100 11.86996236293988
45200 12.855902155595295
45300 13.002439819042745
45400 13.505994433674417
45500 11.626695046640396
45600 11.555268042260591
45700 10.2896142156993
45800 11.597241003296869
45900 12.192261749987452
46000 11.34261924069295
46100 12.420205186323408
46200 13.3294610510285
46300 13.654244000423256
46400 12.92380825059059
46500 13.047769226419701
46600 13.371501299068319
46700 12.881805734334565
46800 12.752031489247988
46900 13.639655244053207
47000 13.456856579603684
47100 14.673421396993612
47200 13.977188601445409
47300 13.909440960257848
47400 15.307112306191442
47500 14.973629203267068
47600 12.652347175535109
47700 12.221823232129228
47800 12.566756024453984
47900 12.407528966837388
48000 12.700966267978187
48100 15.470836551050345
48200 15.015694717683875
48300 12.819266270829305
48400 14.372895433384965
48500 13.651631023854002
48600 14.132628393575338
48700 14.390931848080552
48800 13.28485774140088
48900 12.493311019786928
49000 13.767120083744338
49100 13.66397485892128
49200 13.433598014384998
49300 12.815305314735845
49400 15.642201126740304
49500 13.24917068003921
49600 15.039128176868191
49700 14.838350984493534
49800 14.057864234327152
49900 12.88327287035345
50000 13.555656339296993
50100 14.77371669139966
50200 12.436636513499286
50300 12.019032425931398
50400 12.591853084110413
50500 13.282440998453806
50600 13.550013089186312
50700 11.255403920454889
50800 12.344762057446314
50900 12.840780092464867
51000 12.761742501421754
51100 14.03322194892622
51200 12.722680106959944
51300 13.370829080587091
51400 14.734999255264999
51500 13.927954911425346
51600 13.563315901865574
51700 12.674047367127182
51800 12.56067377601189
51900 12.747585250512135
52000 13.713914570967583
52100 13.565531501405852
52200 14.89584204803765
52300 13.978838657184497
52400 15.750451124561263
52500 15.994309646004034
52600 15.037827651297217
52700 13.663033605380667
52800 12.231150240227404
52900 13.622569544089993
53000 10.99514775824641
53100 13.004294842546072
53200 15.119253584901273
53300 13.587304851487303
53400 12.987405923520482
53500 14.243235513591479
53600 12.764095569370522
53700 13.024499226918694
53800 13.379130508851398
53900 12.585468194072526
54000 14.813049085621
54100 12.707591630572752
54200 13.462570439601935
54300 14.330193057629018
54400 13.37648806605158
54500 11.59374252327613
54600 11.588397629077091
54700 11.2294562547
54800 13.392770102988594
54900 15.265509288876785
55000 12.117945777698717
55100 12.62864578079034
55200 13.305004389331089
55300 13.72597495887192
55400 12.866802963252578
55500 12.731261049309422
55600 13.136781531566285
55700 12.692239018300368
55800 11.703173349653909
55900 12.06724231610969
56000 13.276097584751655
56100 12.490409682016088
56200 14.121684403196614
56300 13.5845024167086
56400 14.743934237058848
56500 12.820969635554224
56600 13.129621504701595
56700 12.424456165865893
56800 11.390644308654373
56900 12.174622492553738
57000 13.868628120329419
57100 14.410592182496057
57200 13.56726256012486
57300 14.079538253333247
57400 15.179629414580145
57500 15.211577602053543
57600 13.741038558968103
57700 13.627730767301225
57800 13.208992636795491
57900 13.384442975672867
58000 14.308449640637111
58100 13.84910629096863
58200 13.626344069595527
58300 14.913098409994662
58400 14.144542856282177
58500 15.04614516144912
58600 12.813513654220335
58700 12.500404616994208
58800 13.687806070182434
58900 13.146739674331547
59000 12.957666303152243
59100 14.29166791014817
59200 14.41506874114329
59300 13.963030298112923
59400 12.367361066144024
59500 12.222298448820473
59600 13.329646674239493
59700 13.563565857840985
59800 13.72829732404853
59900 13.40716748407152
60000 12.369779799609203
60100 12.816498680856965
60200 12.614107059388159
60300 13.095682356834985
60400 12.138642088357242
60500 12.91714684097533
60600 14.522955889387818
60700 13.43813528998814
60800 14.709271315493694
60900 12.585141053312293
61000 12.926355028202572
61100 12.981195589132696
61200 11.560059111250235
61300 12.838808028562015
61400 13.230559529100118
61500 12.88810132281394
61600 13.576290751786033
61700 15.019845707662974
61800 14.980501048177814
61900 15.553413118614023
62000 12.881925979555442
62100 13.483138448685834
62200 13.6115798781751
62300 13.609516873479308
62400 13.889595579327292
62500 13.850870337284737
62600 14.6587299676833
62700 13.49648562250997
62800 13.666766195139704
62900 10.630307098560325
63000 12.393270490029643
63100 12.543163898333942
63200 12.699002626567207
63300 13.178094928216048
63400 13.681045661356368
63500 12.516013436237916
63600 11.63404100492002
63700 12.376544051338758
63800 11.871589057540618
63900 12.277036303135164
64000 10.371772729613651
64100 12.552766221438725
64200 12.223095075223915
64300 13.362046460102105
64400 12.484935957333592
64500 13.991454310169043
64600 13.760437121447882
64700 11.28858017364648
64800 12.58467106056977
64900 12.437494729094695
65000 13.005811037924053
65100 12.756398723712943
65200 13.85444416576628
65300 14.674056063736632
65400 13.869068660350237
65500 14.51046801958828
65600 15.261193980825917
65700 13.928537107202896
65800 14.322332442676739
65900 13.587910579148476
66000 12.769135815085704
66100 14.90622965766119
66200 13.320523297070835
66300 13.189519393473265
66400 12.178767200564458
66500 11.789129065031652
66600 12.785970220609897
66700 10.160094506143874
66800 12.66343769451902
66900 13.819710281876102
67000 13.244543562920686
67100 13.912399304497727
67200 13.242175993845072
67300 14.492405539154921
67400 14.022595420323652
67500 13.778203929657547
67600 12.370943670440877
67700 12.968920159760884
67800 12.098183240228261
67900 11.403632117387389
68000 12.05247364034238
68100 12.833012256403405
68200 13.53044039273382
68300 13.803706451692605
68400 13.790210573250071
68500 13.672467262379119
68600 11.844617907337492
68700 13.063948924753397
68800 14.138755875588274
68900 12.944792406370256
69000 10.996141409617165
69100 13.36878133205604
69200 13.572044667925379
69300 14.344763629145607
69400 15.288402570432618
69500 13.961221404018884
69600 14.44734151154479
69700 12.540345292194644
69800 12.712109663483265
69900 12.387084172264487
70000 12.786212411039783
70100 13.350259386215878
70200 13.5802164629656
70300 14.001370583229777
70400 13.224715927586573
70500 12.185925590745113
70600 14.14507608446205
70700 13.49897365423473
70800 14.13033604969424
70900 13.814679019859025
71000 13.600108620093945
71100 13.888081526763441
71200 14.373111584065711
71300 14.217493321746993
71400 13.901242493718806
71500 12.748005852915762
71600 13.651298839933219
71700 12.795582287053485
71800 14.417957521066452
71900 12.818474932074809
72000 11.749185399392925
72100 11.218537700188417
72200 12.75678721257827
72300 11.291905475685304
72400 12.066853355450924
72500 12.245160525011197
72600 11.544492340793266
72700 12.127578002680641
72800 13.75218638200107
72900 14.034103699270025
73000 14.968099342203182
73100 14.052054321657474
73200 14.317119849147671
73300 13.178426953138603
73400 13.911096626612078
73500 14.189875319397492
73600 12.520612320375411
73700 10.75335451879643
73800 13.432935957827961
73900 14.309089730738481
74000 14.937586192706727
74100 13.42790596174425
74200 11.108727849233846
74300 12.763094092572175
74400 13.03150324218078
74500 13.090704698139074
74600 12.23292421635346
74700 12.308202348962467
74800 13.787424544632636
74900 13.514774607410073
75000 12.106261524508307
75100 13.302071951247674
75200 13.289277684148558
75300 12.372409865681036
75400 13.268705738473994
75500 13.526043530505321
75600 13.242534289432175
75700 14.01441171421313
75800 12.52451569254631
75900 12.800286578290503
76000 13.49149252167672
76100 12.735788130049064
76200 13.26422335450355
76300 10.270123211382368
76400 11.173963635627482
76500 13.829331228874073
76600 11.717137340521692
76700 14.003513106026451
76800 12.830558082478714
76900 12.689605167852555
77000 12.010292534118971
77100 12.050746377410087
77200 12.08209885145487
77300 13.274535834648809
77400 12.742045559809368
77500 14.154991573004859
77600 14.976634376123066
77700 14.956437990153068
77800 13.279299705657483
77900 11.87195836949132
78000 11.254567010089826
78100 11.619793283382135
78200 11.651887827384035
78300 12.704705171291653
78400 14.363541747767101
78500 15.285890185914377
78600 14.226834761833704
78700 12.959585161630956
78800 11.33299549844917
78900 12.559910226386064
79000 11.678913875173269
79100 12.480087110102229
79200 12.851014545999757
79300 11.802148104889506
79400 11.58575376038141
79500 12.768664889866438
79600 13.22714713242769
79700 13.345921956122114
79800 14.412956398759116
79900 13.003988426370377
80000 12.94175497778869
80100 13.740746661667568
80200 14.281467617627415
80300 14.588798991471883
80400 14.588016491061934
80500 16.15078663373933
80600 14.025475373042102
80700 14.718221685436948
80800 14.489524791896315
80900 11.405062235932865
81000 11.972475014897633
81100 12.324684457762093
81200 14.440925223606111
81300 11.771877527715088
81400 13.01781271263565
81500 12.90511139559824
81600 13.57372096850815
81700 14.10650192255913
81800 14.540973669835777
81900 12.48574846851756
82000 10.46390725130135
82100 12.037601401670317
82200 12.03554169470235
82300 12.720445128571864
82400 12.020630803789228
82500 13.735799541016874
82600 14.570153604440636
82700 14.387357892833831
82800 14.26651427622927
82900 13.967439405024953
83000 13.108313679212381
83100 13.630998333408396
83200 11.43222908423104
83300 11.960537726843244
83400 12.757401919314509
83500 11.800334935981114
83600 12.794100798948634
83700 13.466102952415065
83800 13.529771264830263
83900 13.858406536148934
84000 12.382148246996053
84100 12.789405970778482
84200 12.971570209273077
84300 13.205523119300842
84400 12.896211603825906
84500 11.571070689962891
84600 11.504067829415652
84700 11.213054958285012
84800 11.079661062651793
84900 14.213657784386344
85000 13.51619140789099
85100 14.099872338146083
85200 12.862742689174373
85300 13.33598701745858
85400 12.608765471021023
85500 13.145174158168755
85600 12.175205436271423
85700 12.99667164362267
85800 12.186877938616288
85900 12.075829942318217
86000 14.374800790430498
86100 13.018614219819378
86200 13.394665776950239
86300 12.297023712089183
86400 13.195490005342029
86500 14.82628633560837
86600 12.661074900398617
86700 12.185895442960815
86800 13.675017895342414
86900 13.526507256321176
87000 12.470312733994856
87100 13.56061389891072
87200 14.307116520297665
87300 12.570247566851492
87400 12.671232844044209
87500 12.847959370711136
87600 11.512816341526621
87700 12.471537812774177
87800 13.53867276774233
87900 13.063702055590314
88000 12.311247894428266
88100 15.437209651912916
88200 13.055573903656596
88300 14.528077040641696
88400 12.500550414308034
88500 13.082762258053828
88600 13.727624937140792
88700 13.854377586814776
88800 13.520503064046213
88900 14.073577408983347
89000 11.718129615388284
89100 13.855876365017949
89200 12.912510931651987
89300 14.596814863745239
89400 12.82518511100758
89500 13.386894542361928
89600 14.005623879445713
89700 12.085128991991473
89800 13.174479782805637
89900 14.621957094039264
90000 13.045058562602392
90100 12.475253841283644
90200 13.226259645313919
90300 12.922343874976876
90400 12.599506559010226
90500 10.994199371910542
90600 10.678901813894019
90700 14.543427017843568
90800 12.601997491461177
90900 12.847578719355369
91000 12.529831799598556
91100 11.002439244019588
91200 10.87249621054972
91300 13.660375765112237
91400 12.161479163266922
91500 13.07238122545907
91600 13.161559150786628
91700 14.036347470425358
91800 13.44989085071349
91900 14.0287934456657
92000 14.276333620456446
92100 13.77756417298289
92200 12.507813378056836
92300 13.279988029827965
92400 15.290504262878223
92500 14.446881324688619
92600 14.663872054267177
92700 13.901089634385452
92800 13.957992183987626
92900 13.917205845218218
93000 13.027977376328657
93100 13.599947963404487
93200 12.31111311204484
93300 13.773957287577803
93400 12.959391995896011
93500 11.573241495608773
93600 11.638875931770059
93700 12.502882243044773
93800 12.96671816292826
93900 13.852535308564766
94000 12.530645130924569
94100 12.459967545832214
94200 10.79341090119089
94300 12.072268163531767
94400 13.486671023173871
94500 13.097547400209343
94600 12.175162465895058
94700 12.755890219866918
94800 13.365572819578391
94900 13.998172832797307
95000 14.406428476577078
95100 10.999767754307193
95200 11.503869640028901
95300 12.2815514638504
95400 12.246190987776151
95500 13.476882650018913
95600 14.868122855756047
95700 14.101885677854195
95800 15.010734586267906
95900 14.4544771976451
96000 12.142614772573337
96100 12.373977172401082
96200 12.400741165092104
96300 13.42820574574232
96400 14.464248618955182
96500 14.112317838054947
96600 14.410087162445377
96700 13.791708901043805
96800 13.301133056495035
96900 12.500323117130725
97000 13.962623925801754
97100 14.001095166973949
97200 12.98717600615232
97300 13.31277205293833
97400 12.182894212620756
97500 15.016174728399742
97600 15.10894588412873
97700 14.250294068027095
97800 11.665760892699398
97900 12.45220840322331
98000 13.681371328622848
98100 14.075573987106546
98200 14.289068276618263
98300 13.229916575612547
98400 12.447034145308569
98500 13.35700883775483
98600 13.583836510329425
98700 13.461185721332507
98800 13.784163165786078
98900 13.104005971742714
99000 14.469156302221018
99100 13.158978421347001
99200 13.197871779648448
99300 13.309031280586348
99400 11.886541170245279
99500 11.629922456003225
99600 13.452092704530225
99700 12.263861018727885
99800 12.992874454783044
99900 12.67617173852568
100000 12.571655852457368
100100 14.450283838605953
100200 12.931699980727243
100300 13.895749950004152
100400 12.932373805037864
100500 14.650220508809078
100600 13.713849102874775
100700 13.20504239572792
100800 12.25699530458236
100900 14.945877705326343
101000 15.4508266448202
101100 14.073302015160232
101200 13.448293640246323
101300 13.437240936482368
101400 13.245337065102948
101500 13.725437820089295
101600 12.94687475961194
101700 14.016721450295178
101800 11.62866072084129
101900 13.59555959863848
102000 13.818077685613744
102100 14.35569379446493
102200 13.805464067301104
102300 13.87176406877054
102400 13.323364751363961
102500 14.041445237781772
102600 13.181235973199675
102700 13.81759081774971
102800 14.023451200950943
102900 13.575145437023888
103000 14.146553827683276
103100 13.722682414157664
103200 13.258841894053184
103300 12.647825986520559
103400 13.546645486710762
103500 11.193942279218495
103600 11.163163286890386
103700 11.373549385814822
103800 12.883530132760153
103900 12.976747101670918
104000 14.031133014234861
104100 11.501427839004444
104200 13.60355216902178
104300 12.62065967605875
104400 11.724637616119292
104500 13.293529132357222
104600 13.732737133146697
104700 13.786320702516116
104800 12.229941551793292
104900 12.352383961268956
105000 12.963320155060535
105100 13.292326147809316
105200 12.312725127348546
105300 13.274016208077159
105400 11.66822639446555
105500 11.720453697245224
105600 12.923760148761197
105700 14.671616601773371
105800 14.217777446590155
105900 14.072002983447598
106000 12.20459442143979
106100 14.002795396225736
106200 13.366687904724643
106300 12.264662447711627
106400 14.201267929995506
106500 11.947081000101651
106600 11.051362295235531
106700 11.648756397566626
106800 11.828588275472177
106900 12.441191412489808
107000 13.474960127975224
107100 13.145083473045913
107200 13.542827837100873
107300 14.412874845683179
107400 12.658410956442289
107500 12.429156151289165
107600 9.141122944323454
107700 9.534964928816295
107800 12.508899118970145
107900 11.92872138679403
108000 13.228831465791695
108100 12.667142705336003
108200 13.567240409676668
108300 12.97458422635085
108400 12.470351688270096
108500 13.40813346997028
108600 11.666377185084183
108700 12.26954281005558
108800 13.52429496795221
108900 13.416355053407017
109000 15.413664819511219
109100 14.531813846184955
109200 13.64602332148823
109300 12.376514266758173
109400 12.635479826662676
109500 12.73444108516277
109600 14.186625681439395
109700 13.296153923899086
109800 13.590789984858887
109900 11.981343971707979
110000 12.746459830327765
110100 13.725102042441412
110200 14.308537879376814
110300 14.254792634183175
110400 13.808283226064015
110500 14.282697406662756
110600 13.548036071015561
110700 13.793833314984456
110800 11.730752671233178
110900 13.64511263706673
111000 13.771385548537767
111100 13.673685224286237
111200 12.023242833823495
111300 12.776965113208309
111400 12.177275940431711
111500 12.493176342318765
111600 11.851071534658537
111700 12.33199252906525
111800 13.268890335141178
111900 13.055041179248198
112000 11.782549328221263
112100 13.667008652262416
112200 14.197677483502492
112300 13.40743775857282
112400 13.321547742544801
112500 13.967403205169472
112600 11.741615820006734
112700 12.499536048009317
112800 15.507905614934492
112900 14.184132389540494
113000 14.496838049114007
113100 12.812823194027796
113200 11.925195830439996
113300 12.123840385219102
113400 13.060225603352212
113500 13.250425517744885
113600 13.118072212947206
113700 12.763923246419777
113800 13.782553238156364
113900 13.422731356035614
114000 12.579304777048867
114100 14.367676018136288
114200 12.995599125198842
114300 13.825884071952443
114400 14.135752504651466
114500 14.202050142551746
114600 10.971548507718083
114700 12.204831232405366
114800 14.133488279956342
114900 13.346752137321465
115000 12.687765042437091
115100 14.315927272581847
115200 12.582083126287998
115300 12.063902641018233
115400 12.355924156031474
115500 12.914755473195584
115600 13.66054663312368
115700 12.389588559062519
115800 12.402508555844724
115900 12.144797608042024
116000 13.383262423109601
116100 13.448053345779076
116200 14.768752840818943
116300 13.014807492815214
116400 14.034925353599156
116500 11.630163445026957
116600 12.399515106121308
116700 12.029652387186822
116800 12.318476925115334
116900 12.499815534624036
117000 12.658017072329242
117100 14.112892643772922
117200 13.90937017776875
117300 14.696715328878119
117400 15.025740237184214
117500 14.30926682502097
117600 12.473982535018862
117700 12.006846857617923
117800 14.54077536546176
117900 14.433486010374068
118000 12.959181640166015
118100 12.38634288066294
118200 14.377191378669966
118300 14.103281617212915
118400 12.682157723407153
118500 12.948722980148338
118600 13.786263760707183
118700 13.636263145984826
118800 14.224551612131249
118900 12.124231615110588
119000 13.369258152325944
119100 12.830494118716237
119200 13.499381649490047
119300 13.247877417119438
119400 16.04716845914342
119500 13.62725942612188
119600 13.091320221829198
119700 14.073730229599263
119800 13.623802012313316
119900 13.370379852980182
120000 12.524113253703101
120100 13.164992431335328
120200 13.147341354641178
120300 11.519536379276278
120400 13.698998595262175
120500 12.848332748218978
120600 13.241358559053731
120700 12.238962475050142
120800 12.168752120997388
120900 11.97497014467149
121000 13.545286520994987
121100 12.910286495730233
121200 12.597254980736784
121300 14.946914902504366
121400 12.44864259373236
121500 13.339267344257415
121600 13.303353876665426
121700 15.132650997648904
121800 12.190571208333656
121900 12.877363151119692
122000 11.93248347758644
122100 12.834485723086534
122200 14.083128215713113
122300 14.40557039553397
122400 14.621895514142803
122500 13.067085664385933
122600 13.127666703859848
122700 13.010697984246086
122800 13.898102511844117
122900 13.313076803329999
123000 13.836259944250235
123100 12.507562139685302
123200 13.7332421518023
123300 12.991120064577348
123400 14.666767247423769
123500 14.199504184127168
123600 14.185073094164771
123700 13.898108198798658
123800 13.263179703682448
123900 11.043790760762645
124000 12.804168324060157
124100 12.163713917132288
124200 11.929913236664715
124300 12.080602918765845
124400 13.216827113889
124500 13.681213081956106
124600 13.91168131167539
124700 13.729401478190757
124800 11.553847810288772
124900 12.928562121679866
125000 14.522897619750891
125100 11.455499780872787
125200 10.966898443933713
125300 14.248294083550956
125400 14.475513041782191
125500 14.015835211976308
125600 14.130894540698169
125700 12.845200345340386
125800 13.183647839032703
125900 13.563131071070382
126000 13.02379859442722
126100 13.257068970294482
126200 14.17119721377581
126300 15.336160676920965
126400 13.255815374414125
126500 12.64494783938007
126600 13.75989165340697
126700 14.467353731702572
126800 13.342162408753579
126900 14.653426592601667
127000 13.036657786231713
127100 13.83031032404876
127200 12.992793660865487
127300 12.617194020644773
127400 11.446269160162041
127500 10.808910543385242
127600 11.383833136261073
127700 11.230218963120004
127800 13.603281418826644
127900 13.411109174513511
128000 15.072294838240316
128100 14.485524921200707
128200 12.949362980800725
128300 14.182763896397322
128400 12.899712977920958
128500 13.159991141151885
128600 14.285147755275515
128700 14.480075544536849
128800 12.963622444888905
128900 14.31757205076512
129000 14.305146099828487
129100 15.294450668109207
129200 13.655003856422804
129300 11.642167085430616
129400 12.700935106177413
129500 13.549018447734717
129600 12.883014901014285
129700 11.89291874723454
129800 12.660942843939566
129900 11.7823466475523
130000 13.859951668536926
130100 13.09552795537925
130200 13.589249656286809
130300 12.719932309859479
130400 12.844076710612315
130500 12.658848660866322
130600 13.87166820310098
130700 12.61197823974377
130800 13.764319365206719
130900 12.572613585086419
131000 13.063675453018567
131100 11.812987773875545
131200 11.963053064870955
131300 12.90161873491683
131400 12.504118452900409
131500 13.00056463824962
131600 13.216272141839548
131700 13.062939452656721
131800 13.932905770336209
131900 14.433969316115192
132000 13.727308213552318
132100 12.155802399868412
132200 11.572149809394082
132300 11.598282937195405
132400 11.648578107279707
132500 12.500856896681224
132600 13.029349854425265
132700 12.539300203437763
132800 13.714706808544618
132900 13.362846967136857
133000 12.08655957987343
133100 11.696830530677008
133200 13.37136752241258
133300 11.826064462228338
133400 12.459536924033122
133500 13.634950367441665
133600 14.041672344462906
133700 13.593076384809358
133800 14.223523519065186
133900 13.231537673765292
134000 12.012738205747198
134100 12.58887101106567
134200 14.646724921549398
134300 13.390525992136054
134400 13.949026578017712
134500 14.367208594377342
134600 12.580206526502138
134700 12.36877881399341
134800 13.855005427130282
134900 14.806775454517611
135000 15.39349073901888
135100 12.16760628429281
135200 12.654247512818204
135300 12.917440811710842
135400 13.153862838694648
135500 13.590843572042932
135600 12.447923440540904
135700 12.764818290711686
135800 13.736867850971025
135900 13.774600889702826
136000 12.483117313104572
136100 11.954249775454606
136200 12.994936915409928
136300 12.673150202356341
136400 11.635582817524291
136500 12.550650738576348
136600 12.760394258835646
136700 14.317959146307535
136800 14.922985806500098
136900 14.136795201337463
137000 12.712716632426371
137100 12.11545703610259
137200 11.257412568877672
137300 13.593823813161444
137400 12.20515433733288
137500 13.425218923964085
137600 13.956461276537725
137700 14.332344661699894
137800 13.213131187024727
137900 13.325149017870093
138000 14.067775326240383
138100 14.29740521853417
138200 14.164765791737075
138300 14.960485033270377
138400 14.740665307363631
138500 13.643914222436818
138600 13.904067170477516
138700 13.564388158183398
138800 12.861403487399953
138900 13.221818269139822
139000 12.7330613620783
139100 12.684852824761675
139200 13.569080639843287
139300 13.454177649693898
139400 13.0805851210351
139500 12.70890797739397
139600 13.55101301801969
139700 13.270617162715432
139800 13.497590942113257
139900 11.590360738756821
140000 13.188299906836077
140100 13.120673834997689
140200 13.6986802850161
140300 13.895495789865764
140400 15.286254287111236
140500 14.473190643451046
140600 13.45109896195316
140700 13.708746428649054
140800 12.801510630170597
140900 11.958855444951576
141000 13.28894799824498
141100 12.845320619241818
141200 12.040286669845504
141300 12.48129601881979
141400 11.801959370646466
141500 12.218702950531348
141600 11.481544978560192
141700 11.485981474510107
141800 11.723182801479116
141900 12.83428825803741
142000 13.484616316927566
142100 13.411239554640666
142200 13.335895734915068
142300 13.433951170524875
142400 13.81548984486561
142500 12.758219303917107
142600 13.224789269976744
142700 13.316392827490214
142800 11.556352536451804
142900 12.485111078497525
143000 13.214586808651811
143100 12.528187392939385
143200 11.209248784924855
143300 12.593026036900135
143400 14.037344016259764
143500 14.803617207757735
143600 13.669911517637223
143700 13.161125205009416
143800 13.646120038119884
143900 13.243622958637124
144000 14.764973064910112
144100 12.758373118139197
144200 14.002790512343402
144300 14.845066524021275
144400 15.949579801806617
144500 13.317061233592302
144600 12.742592912466488
144700 11.983209224673852
144800 12.593653262787823
144900 13.884391037589936
145000 12.930423294648612
145100 13.064320389753798
145200 13.74097311342041
145300 13.9057382864963
145400 10.984386385990469
145500 12.693388371963911
145600 13.511677022385967
145700 13.073405942937546
145800 13.233527935181277
145900 13.653507095950019
146000 12.501331412925412
146100 13.558316194898099
146200 13.636287604231313
146300 14.511319875856282
146400 14.153847420521746
146500 13.314127107292023
146600 12.798815626301739
146700 12.380055999472676
146800 12.88041100140312
146900 14.28579284186493
147000 12.314629657831203
147100 12.979175579113102
147200 12.958983490361469
147300 13.791279194869912
147400 12.282018444508083
147500 12.699243004453987
147600 11.801221434088193
147700 12.391670263421018
147800 12.961929686390258
147900 13.407926019990382
148000 11.774404269292807
148100 11.119129216614018
148200 12.94493655442719
148300 12.696378230191412
148400 12.433960638301022
148500 13.435522226351557
148600 13.907995249273197
148700 12.94911458872768
148800 14.127262671958057
148900 13.344066594566906
149000 13.597556362991908
149100 13.421048540108943
149200 13.256255142034133
149300 14.283378067674626
149400 14.444482575552495
149500 13.706071755383887
149600 14.939632168220621
149700 12.851732594020511
149800 14.955531532666951
149900 13.628219379325062
150000 11.806216583355765
150100 13.91081128884948
150200 14.260263275324363
150300 14.571159945952788
150400 13.549927819209849
150500 12.980493397705521
150600 13.714290925930438
150700 10.979178231222425
150800 11.091053843158985
150900 12.282429709669605
151000 14.594225868614192
151100 13.090430034136444
151200 12.465460226740316
151300 12.633767424312579
151400 12.082622786836849
151500 12.787836464912857
151600 13.56537563393287
151700 14.101570816681877
151800 13.57582924132191
151900 13.55562532603186
152000 13.336043359506434
152100 11.741511557975643
152200 12.103940236511477
152300 12.278369556966519
152400 13.77084409794113
152500 13.923218901754245
152600 15.130438173540785
152700 14.596914804128394
152800 14.824984640174803
152900 13.670484170074984
153000 13.470723876728506
153100 13.406510853640551
153200 12.837190655758116
153300 12.361512836770732
153400 12.021194068763425
153500 12.465769740572382
153600 13.250749227022425
153700 13.23457277616088
153800 11.493669972848254
153900 13.479747040116587
154000 12.895454195314791
154100 12.103528357103333
154200 12.347479733440547
154300 11.97821794495236
154400 12.107810397987597
154500 12.766575608548555
154600 13.776963344265303
154700 14.642205081760899
154800 14.408206900083682
154900 14.614602703604795
155000 14.595902003992382
155100 15.059546537623385
155200 14.11173923094765
155300 13.74705796229999
155400 13.368601212463355
155500 14.307205711630935
155600 13.59342600022283
155700 13.419166480196075
155800 13.612769636722343
155900 13.13154733463585
156000 11.481127065555803
156100 11.239428157054277
156200 12.626454045042223
156300 13.486654711541421
156400 12.972771688591305
156500 13.62091765233075
156600 12.378749434780982
156700 12.058796516696304
156800 12.064204848410485
156900 12.90228316115292
157000 11.827300843638946
157100 12.866556025535779
157200 12.161886502389335
157300 12.329616149504243
157400 11.812349539634045
157500 12.845129424252123
157600 12.584092072142516
157700 11.754624735716622
157800 13.097726609819071
157900 13.028503787294964
158000 13.599470248610162
158100 13.212008770050097
158200 13.056082654689888
158300 13.37948737822891
158400 13.42987133720718
158500 12.017771997105873
158600 12.822200156351741
158700 13.26356152168056
158800 15.025458531979519
158900 14.23819752830127
159000 13.469708711410343
159100 13.208573509369316
159200 13.441284062710151
159300 12.815684945613711
159400 14.10400736369785
159500 14.291246518208107
159600 15.205154633008979
159700 12.360592053210013
159800 11.738820228873319
159900 11.746672166316332
160000 12.551813796165794
160100 12.784168101924346
160200 11.697613279403136
160300 12.109611861896687
160400 11.73410764675783
160500 12.641092878754602
160600 12.806182985565247
160700 13.565856700611162
160800 13.574270513324008
160900 12.580012298396433
161000 11.605056093091138
161100 12.78762378669568
161200 12.483449492276602
161300 15.072942110388373
161400 16.35225420942638
161500 13.05549783577629
161600 13.811994131528513
161700 13.598244066410082
161800 12.118852114072876
161900 11.419282057844432
162000 10.39739821812406
162100 12.417116973738066
162200 11.622579635228622
162300 11.543005582218841
162400 11.601938173559578
162500 12.141547635502135
162600 11.251615325190413
162700 12.544074645331142
162800 13.692287784578369
162900 12.391139924104332
163000 14.372339012983149
163100 14.389848710638105
163200 12.571843172262584
163300 12.517628784783215
163400 12.600046583506927
163500 12.931961590377218
163600 13.516450323022198
163700 12.764596794427298
163800 12.931911384083602
163900 13.2639224819011
164000 12.593061564826646
164100 13.059225797599103
164200 13.09284523890455
164300 12.746099498862485
164400 13.609913946715642
164500 12.414815287908473
164600 12.452829990083181
164700 12.60937021834791
164800 11.919049357989282
164900 11.830553975748161
165000 12.237669740888075
165100 12.333919596865234
165200 12.381779521867236
165300 12.24580673559271
165400 12.706945567926228
165500 13.513250465733412
165600 14.203389639369577
165700 12.777296377995611
165800 11.6175889179466
165900 13.78659900571371
166000 13.992515501597213
166100 14.21514895941208
166200 14.24273766434386
166300 12.959480727428815
166400 14.077740159440635
166500 12.493100880486384
166600 13.566257999823492
166700 13.964645263366835
166800 12.945812177332451
166900 11.631796894443443
167000 12.216303828563339
167100 11.53821733169905
167200 11.625318079567053
167300 13.58002522633188
167400 12.933030633601275
167500 12.597095745054009
167600 13.43158695801647
167700 13.77866037165371
167800 12.696218254611434
167900 13.736088153128351
168000 13.137902200536523
168100 13.20935566399585
168200 14.115936067884533
168300 14.724097748213103
168400 15.923246082599869
168500 14.060629685621032
168600 12.981388032643052
168700 12.281039543834261
168800 13.341167420028645
168900 13.904860485141514
169000 13.102354028252638
169100 12.913453274381615
169200 11.768888518333116
169300 11.681274299598222
169400 13.871552944190483
169500 14.275623171508549
169600 15.226231305588657
169700 13.767369449820213
169800 12.449309880279515
169900 13.094381256622224
170000 11.959633969415286
170100 12.818112379940398
170200 12.002791745124068
170300 13.317970721808676
170400 14.278265155220717
170500 13.385370436030126
170600 14.569090063871286
170700 13.871074828086881
170800 14.523394543448275
170900 13.587293677934722
171000 13.123962772703171
171100 12.483926433452366
171200 13.31870393814097
171300 13.117183691565348
171400 12.087006642287442
171500 12.071410821654002
171600 12.995189892731421
171700 13.648061950150172
171800 13.636491752806073
171900 14.03745062029059
172000 14.028038393996654
172100 12.99731504282148
172200 13.99939529168602
172300 13.112743113634249
172400 13.169766569046681
172500 12.540890291346662
172600 12.308868624934988
172700 12.841962528488633
172800 13.21355574316161
172900 12.848485442052864
173000 14.666389132716981
173100 14.306764155801567
173200 12.963309279882528
173300 12.723065767261247
173400 13.069670196680569
173500 12.670230654926527
173600 13.057613879598184
173700 13.585619909875508
173800 13.443437624311999
173900 12.755738400687612
174000 13.260406549014627
174100 13.983546493829984
174200 11.672267708078008
174300 11.965093104468068
174400 13.258465695302018
174500 13.128227564233162
174600 12.149025207695649
174700 11.42511866264313
174800 11.995884614970679
174900 12.178496667193965
175000 14.669218485915682
175100 13.459954296295058
175200 12.783400951186353
175300 12.943308039682082
175400 13.410524804537797
175500 11.924131591415271
175600 12.34532824394667
175700 12.52925000778978
175800 12.415256044403947
175900 12.105090030141834
176000 10.879180378988558
176100 11.4411754222583
176200 11.285890863821688
176300 12.745475135969398
176400 12.304482235947306
176500 13.734884595448776
176600 13.18438403485195
176700 15.904186530197356
176800 14.693750870096792
176900 13.410684750772464
177000 14.943450871103204
177100 13.80574631973303
177200 10.310716222360748
177300 12.331469931011956
177400 12.151214926429274
177500 13.425841337621875
177600 13.468002931011554
177700 13.024215921601883
177800 12.324214081444051
177900 13.990537095431034
178000 14.01016028114882
178100 13.611078844109512
178200 12.89131265361127
178300 13.268916423945472
178400 14.166389179717816
178500 12.136903814002762
178600 12.237961968711398
178700 12.40730941971808
178800 12.69402347501765
178900 14.424921441530339
179000 12.771927424355153
179100 13.548061168312943
179200 14.209481198038091
179300 13.35132952179016
179400 13.516586026541816
179500 13.888891503692205
179600 13.032035073930942
179700 12.785613028284109
179800 12.147669652485167
179900 12.641599377145559
180000 13.283258926778045
180100 14.14864225253263
180200 12.010675384933513
180300 12.662819014921629
180400 13.927379775375842
180500 12.769461406583172
180600 11.798104181845872
180700 11.462955463264409
180800 14.07976074010716
180900 13.859789927749242
181000 13.537442612630475
181100 12.535916225616667
181200 14.416625930740537
181300 15.032719667122215
181400 12.66032407638584
181500 12.901389035769212
181600 13.635728731018089
181700 13.085490935150858
181800 11.97446008014767
181900 12.263493982052694
182000 13.571049133145692
182100 13.733764141624947
182200 10.848540102897124
182300 13.14249719002699
182400 12.756572267649796
182500 12.25200739280642
182600 13.467431566203642
182700 14.190000586268908
182800 12.873731852693599
182900 13.13357823272985
183000 13.246242066434924
183100 13.69236080240195
183200 14.56721072442906
183300 12.872491258764887
183400 14.90512746637893
183500 13.35485608955146
183600 13.609828295082224
183700 13.258536960197116
183800 13.96519450539263
183900 15.280166446118406
184000 14.871758584746948
184100 13.585923099917803
184200 12.238482914867209
184300 12.632662934110453
184400 12.199294986026443
184500 13.14307702305075
184600 13.537043519330323
184700 14.805904565933911
184800 12.628832159371443
184900 13.05122975310059
185000 13.912837162732584
185100 14.539041711875495
185200 12.763521214414693
185300 13.820776855668337
185400 13.826945855897321
185500 14.150779553131965
185600 13.369670128556018
185700 12.969970624996707
185800 14.265543387598228
185900 13.120450248775684
186000 14.201690373283128
186100 14.968193235290503
186200 12.34810947738666
186300 13.155633790589311
186400 13.848056647719996
186500 14.750721942162974
186600 14.468788770185387
186700 13.867490635827203
186800 12.110654833704853
186900 12.936193454085537
187000 12.962473175822351
187100 14.326488373213232
187200 13.681316017481851
187300 12.2212407716512
187400 13.485572233643476
187500 13.387152080225514
187600 12.8280882694094
187700 12.974947575911186
187800 14.201499071445024
187900 12.893527792844917
188000 14.292421369514065
188100 13.561022457098762
188200 12.725620495266316
188300 13.559508698603588
188400 12.929879325404883
188500 11.651279563683191
188600 12.557983667077965
188700 14.054366572745424
188800 13.979560191414008
188900 13.294899889500737
189000 13.31804988856725
189100 12.018840132813269
189200 11.500232462314303
189300 12.100090503253526
189400 11.745941032537786
189500 13.510133758794861
189600 13.924012038405895
189700 12.292734857468087
189800 13.480324954624678
189900 14.870838048945377
190000 13.308072176975019
190100 12.850222841407291
190200 12.756959844140892
190300 12.965608902160325
190400 13.66197285042813
190500 12.369447827925526
190600 13.153159401043764
190700 11.763910444424546
190800 13.400049695091516
190900 13.237894519377576
191000 12.58804752667342
191100 13.543724912640458
191200 13.12534222512008
191300 13.893169398885412
191400 13.42939677303329
191500 13.894579921282507
191600 15.491054717624467
191700 14.303938279356247
191800 14.391119033367032
191900 14.703181976052063
192000 13.710227092242123
192100 13.844867885438685
192200 13.863337745239289
192300 13.150315157184709
192400 13.325493970191479
192500 13.611040342432272
192600 12.190418500861899
192700 13.375014339569075
192800 12.480497840828939
192900 14.014171862246325
193000 12.449204188399175
193100 14.34129536892861
193200 13.718359372896305
193300 13.534728436579437
193400 12.989114645670924
193500 14.485098598924194
193600 14.538951112476056
193700 13.799822892124787
193800 13.373492779911693
193900 12.204730729524938
194000 11.263507644104742
194100 13.34614921502421
194200 12.706420015656262
194300 14.042260798931208
194400 12.089552190669568
194500 11.870294629207672
194600 11.462463112480721
194700 12.85005223705698
194800 14.51421313360993
194900 14.9376952120923
195000 14.37809620001646
195100 13.70277428322117
195200 14.152697397176873
195300 12.930167697882464
195400 12.732724849219508
195500 14.530034477473174
195600 12.131344477212172
195700 11.768812784949215
195800 13.162234020192885
195900 12.35490130489298
196000 13.55721158730509
196100 14.340086526730234
196200 13.366594810364695
196300 13.13325311254114
196400 12.047460899461488
196500 14.173961686271676
196600 12.300597437350955
196700 12.913513975995476
196800 13.021927058747597
196900 13.492631427942468
197000 13.368894627300977
197100 13.571699374698468
197200 13.613050474095076
197300 13.417820960957492
197400 15.007950830603287
197500 12.881599715179822
197600 11.979421512496106
197700 10.75366145462502
197800 13.188072027225989
197900 12.379493762500523
198000 15.008643099287532
198100 13.86704799394726
198200 13.084339453047868
198300 11.187163258529099
198400 12.065041142518659
198500 12.44237789370355
198600 13.048156516970552
198700 13.345270032090486
198800 13.131962157935934
198900 14.948970378738542
199000 14.109717354877404
199100 13.05158011817584
199200 12.400032103488398
199300 11.32744399967395
199400 14.821927886393901
199500 14.979574398795428
199600 14.095797389288675
199700 13.159650565427922
199800 11.662688178746944
199900 12.3328858156538
200000 13.360955265617097
