100 18.15214216978473
200 18.428656923870573
300 17.7165604569184
400 17.91100553991283
500 18.742351351720913
600 17.785018959018885
700 18.20250376977965
800 18.66395171615877
900 18.245265442982106
1000 18.387029469164634
1100 18.51569981376211
1200 19.04240232833231
1300 18.514422976821088
1400 18.729465376344155
1500 19.433402782976135
1600 18.848361775683433
1700 19.164770409143184
1800 19.426676567292265
1900 19.749092504215554
2000 18.940824988898637
2100 18.885617394059693
2200 18.431556698496767
2300 19.475883928339634
2400 18.75859208855312
2500 18.587909319350242
2600 18.13755058979652
2700 19.02413808865891
2800 18.56404440572944
2900 18.913541865880912
3000 18.305872167219448
3100 17.192286542938803
3200 18.452040458425643
3300 18.79907959310358
3400 19.17269454137644
3500 17.507891899469655
3600 17.5809314023223
3700 19.070899401104562
3800 18.189295486177695
3900 18.647772275917966
4000 17.572489077825228
4100 18.50808977262984
4200 17.852124618301996
4300 18.34079165267228
4400 18.221437357524493
4500 18.431714357384255
4600 18.687475668377086
4700 17.84930409278874
4800 19.035162549422086
4900 17.800487804221692
5000 18.301606418179983
5100 18.56121858147913
5200 19.415995583196878
5300 19.11873065900784
5400 18.597541294711625
5500 18.588665816195565
5600 17.218467168239965
5700 18.468006297729346
5800 18.362197877186567
5900 18.37860239618565
6000 18.763981916619606
6100 18.802366117981414
6200 17.950088076919027
6300 17.989860187500128
6400 19.316768322673163
6500 17.562792894672903
6600 18.881837576878745
6700 17.515237080472936
6800 18.858830283255948
6900 18.874714084130733
7000 16.70614802178407
7100 18.890609528589305
7200 19.145500884409696
7300 18.719644686741756
7400 19.030655711448574
7500 18.241498867407298
7600 18.724537053416682
7700 17.88169245729769
7800 18.722784407982374
7900 19.84055883601686
8000 18.37195659718939
8100 18.889017157050635
8200 17.33460990036052
8300 19.433879961904864
8400 18.74223125656754
8500 17.60255069669792
8600 17.907502343856656
8700 18.16394438793882
8800 18.927773371388298
8900 18.006014278885093
9000 17.52092932585625
9100 19.254648585416096
9200 18.62057403143197
9300 19.210484270737787
9400 18.023925440080333
9500 18.822479669255664
9600 19.168055308355832
9700 18.6912030156576
9800 18.459372622618226
9900 17.749540057244896
10000 19.13931060224066
10100 19.49006302695854
10200 18.93955597131274
10300 19.420893147859704
10400 17.384041439823708
10500 19.125835609492015
10600 18.591500699056446
10700 18.041475159207117
10800 18.319589258475354
10900 17.356412095640373
11000 17.912326976790407
11100 17.901074740478666
11200 18.613922377699797
11300 19.014476714428778
11400 19.068651278517095
11500 19.3218569143116
11600 18.130360390588695
11700 16.604821338404356
11800 17.78108450400537
11900 18.754170098188922
12000 17.958060625661233
12100 18.284100305899
12200 18.411925778366776
12300 19.041615204684373
12400 18.45761674456032
12500 17.83786830451424
12600 18.478510201556468
12700 19.310162740921047
12800 18.95028936406252
12900 17.473591745815863
13000 17.474672058909874
13100 17.679612579246434
13200 18.65886727680003
13300 18.606376831908058
13400 19.423820803055655
13500 18.660612505449777
13600 17.374177891404727
13700 19.33795016162423
13800 16.861473593990414
13900 18.15706594722695
14000 18.537366988611392
14100 18.785000643181316
14200 18.527716739360915
14300 16.5089732214068
14400 18.518676057071815
14500 18.954469747984916
14600 18.04922268523128
14700 17.48035367877443
14800 18.644502793457782
14900 18.000711539926055
15000 17.299374804722824
15100 18.78220214992468
15200 17.558573740067246
15300 18.28181964829579
15400 17.240897118747945
15500 17.915442112135008
15600 18.851529127222783
15700 18.5286040945246
15800 18.60983809550685
15900 18.28081219231366
16000 17.314426514196853
16100 18.467274562415973
16200 18.71993221390206
16300 19.380673086495722
16400 19.222775055029512
16500 18.46632072697712
16600 18.87874119437646
16700 19.49974213170557
16800 17.98261600965943
16900 18.929791893832345
17000 18.76073759293013
17100 18.282628080292007
17200 16.657482858739343
17300 19.07878498406082
17400 19.39078352368131
17500 17.457315070872713
17600 18.659509063270256
17700 17.17339603716448
17800 18.43264206427999
17900 17.584388867586842
18000 16.76556084529021
18100 19.50405679645219
18200 18.63188245611275
18300 17.731121837206782
18400 18.858193389575874
18500 18.418511442332267
18600 17.47157260732483
18700 18.397699806636
18800 18.84319895205012
18900 18.391653429596925
19000 18.377352281967
19100 18.48033067324247
19200 19.504438088604108
19300 19.21820532873339
19400 19.14672532373224
19500 18.83226176300028
19600 18.41241957824626
19700 19.247649409318505
19800 18.27328154236873
19900 18.73021495789716
20000 18.451367100602535
20100 18.22758634922409
20200 18.1162652857763
20300 19.61848816349962
20400 19.01701507058643
20500 18.42187434119503
20600 18.547221153003882
20700 18.858571539110315
20800 17.690479390693707
20900 18.694468172164655
21000 18.999277256109185
21100 19.209575662940857
21200 19.227781034674244
21300 17.999618712083773
21400 19.160149629452214
21500 18.46663909538525
21600 17.62120473084456
21700 18.94000837412647
21800 19.309164911635985
21900 18.228239731046447
22000 18.790257798371094
22100 18.59264438029836
22200 19.23901031986186
22300 17.789757076985037
22400 17.057592567715837
22500 17.46399745129752
22600 18.711090258501834
22700 18.58006623675243
22800 18.446025839597038
22900 18.48241275255925
23000 16.99127417335379
23100 18.84985934874968
23200 18.222475178245496
23300 17.635180949942136
23400 18.7456746567632
23500 17.58131048673396
23600 19.12493660561483
23700 18.743820559551967
23800 18.804287448568683
23900 17.940774029302037
24000 18.328796177238488
24100 17.58486182757973
24200 18.48320619674579
24300 19.129995458973298
24400 17.477944277424097
24500 17.45076345815331
24600 18.653699628690426
24700 17.745108166511184
24800 19.328756872534633
24900 18.719999069268425
25000 18.19556675444616
25100 19.007653250339516
25200 18.17345932153826
25300 19.013885572308293
25400 17.526602145979883
25500 17.78524560186231
25600 17.956434580375554
25700 18.62461164121248
25800 17.993755232029358
25900 18.304893735766278
26000 18.413460443392008
26100 17.80503707057366
26200 17.909900505020392
26300 19.1307067344183
26400 18.752239311316135
26500 18.136871490153
26600 19.211839673783466
26700 17.654879862842055
26800 18.634417893015723
26900 19.24380626947964
27000 19.132248123762416
27100 18.825736811707266
27200 19.228496326610873
27300 18.437383058489466
27400 18.243017766712445
27500 18.03673682061374
27600 18.29631062711686
27700 17.53156975268446
27800 18.218894737810523
27900 19.26687471369604
28000 19.370257760940557
28100 19.353716649460736
28200 19.21684896852658
28300 18.49880404351851
28400 18.402877639587086
28500 18.073704606890487
28600 18.358581209871215
28700 18.961328995029277
28800 18.44871877064306
28900 18.893921463730965
29000 18.81689094052876
29100 18.1476529979993
29200 16.78115836962461
29300 19.25975635042003
29400 18.343604142640395
29500 18.243956054112683
29600 18.522565904839578
29700 18.40807250043459
29800 19.186812366625066
29900 18.168899583594595
30000 18.64206509104971
30100 18.530824178288633
30200 18.238455369937377
30300 17.428169333090302
30400 18.73983705603982
30500 18.756124746444176
30600 18.711486954504668
30700 18.768046986784082
30800 19.096667005881443
30900 18.729194587164212
31000 19.17646839191523
31100 19.242577353264554
31200 17.470504275635694
31300 17.84775179699876
31400 18.212712896204245
31500 18.464617063929346
31600 16.958631047985175
31700 19.353151883608067
31800 17.330127702010152
31900 16.5304279786187
32000 18.78581142574125
32100 19.386868567290755
32200 19.743658517539018
32300 19.07090778779348
32400 19.158316623188593
32500 17.920152673277123
32600 18.631343338124417
32700 18.726714634482704
32800 18.685898685972315
32900 18.71035279509174
33000 18.64748867191214
33100 19.059828139031353
33200 17.309743958841743
33300 19.356895613414668
33400 18.261373839917333
33500 18.93124884085709
33600 16.525806195230153
33700 18.924383218543316
33800 18.769068403474904
33900 19.2816260825821
34000 19.08574222047076
34100 18.883266526118508
34200 19.193526685641043
34300 19.2260440457556
34400 18.83049950745347
34500 18.389928855004023
34600 18.427150801989114
34700 18.47955791871787
34800 18.932902314630635
34900 17.38367549557374
35000 18.803099578505382
35100 17.891965313981967
35200 19.310278068737627
35300 18.11820536180932
35400 18.79560766691896
35500 18.729156619534166
35600 18.73719039519537
35700 19.02904976012267
35800 19.30971829071959
35900 18.20122880406872
36000 17.863731886264166
36100 16.614812960523327
36200 18.964446764692592
36300 18.7543598233434
36400 19.26739693780444
36500 16.93775410629919
36600 19.406327103032574
36700 17.65972522852051
36800 19.354905251443643
36900 18.41755379006011
37000 18.58782041072037
37100 17.62746178954796
37200 18.817439351563593
37300 18.5595680735074
37400 19.22112591481537
37500 18.809076763791868
37600 17.78721180294703
37700 19.371830101937604
37800 17.553193908286172
37900 18.50296771008966
38000 17.458176613283783
38100 18.872586113429037
38200 18.352572374605188
38300 18.98511621797768
38400 18.19291021593239
38500 18.553126590092308
38600 18.96164674327325
38700 19.098111657057693
38800 17.831709088169532
38900 17.840612523211444
39000 19.120683582441437
39100 18.22071233069982
39200 18.37554829700966
39300 17.656838170479503
39400 18.39492158277829
39500 18.902884309382838
39600 19.61593955227889
39700 18.493896316936794
39800 19.041493574917062
39900 18.15943885662173
40000 18.332857675476642
40100 17.100934532275545
40200 17.729590122287757
40300 19.376346472232797
40400 19.593215180537754
40500 19.510738210263533
40600 16.803697233545453
40700 18.998269999214887
40800 18.874055776601114
40900 18.184924451472526
41000 18.11574937471829
41100 16.50687828905307
41200 18.363353675769208
41300 16.65474796880168
41400 18.862962565657785
41500 18.43775954195844
41600 19.0732931810813
41700 16.85279813278502
41800 17.94441076741276
41900 17.664405003996354
42000 18.429049060000086
42100 18.338286315090755
42200 17.52941239022225
42300 18.43936801249559
42400 19.50569964265242
42500 17.25507235350373
42600 18.655368536957376
42700 19.44285855948787
42800 18.022165159761183
42900 15.890887071930651
43000 18.058539583229717
43100 19.135018870222254
43200 18.176085463194614
43300 19.073147566854985
43400 18.731015741389296
43500 18.156836598579307
43600 17.62963466457975
43700 18.241174259597607
43800 19.226087325214277
43900 19.25856862259134
44000 18.39426302493691
44100 18.820929000987775
44200 17.52920419560692
44300 17.628817162459782
44400 19.02131402833428
44500 18.27141837668118
44600 18.106780178173135
44700 19.028387412485223
44800 17.607867493156512
44900 17.393360435486553
45000 18.60646757064408
45100 17.60873676174414
45200 17.73926371557183
45300 17.777873646386066
45400 19.097241749711543
45500 18.15044305401693
45600 17.786294245906483
45700 19.007013859172634
45800 18.55264690702446
45900 15.533430886568981
46000 18.67828620522659
46100 18.638568970839092
46200 19.33933634200412
46300 18.45861020962568
46400 18.458285916251448
46500 18.74822884875189
46600 17.971759133104868
46700 18.762251196714054
46800 17.45183140526479
46900 18.428866242386146
47000 17.792874128978703
47100 18.795493210091617
47200 18.87769895762712
47300 18.89307609530426
47400 18.14834473498253
47500 18.717629861926245
47600 19.10035987431356
47700 17.712668738312203
47800 17.579260397194858
47900 18.991026356279143
48000 18.732677216013037
48100 18.949620069324297
48200 15.025008060188657
48300 18.389473232687212
48400 19.121219505398756
48500 18.97171163695392
48600 18.973984667545132
48700 19.384896119939857
48800 17.8138435991975
48900 18.272917122633896
49000 18.858831176267262
49100 19.263477609744598
49200 17.763190335862095
49300 19.219530290753806
49400 17.758232786051508
49500 18.10437602674908
49600 17.602658867504434
49700 19.160023448642587
49800 18.632334089248133
49900 19.47042581639566
50000 18.56692735261497
50100 18.79568917704488
50200 18.617006885228488
50300 18.341336364951726
50400 18.942594028584576
50500 17.158748817446163
50600 19.27797899286809
50700 18.50874940030977
50800 18.588371068179196
50900 19.025085726940908
51000 16.39027348511274
51100 18.776706063155444
51200 19.38710809623662
51300 18.959222733570435
51400 16.855925657611927
51500 18.91217840657287
51600 17.03694301448005
51700 17.77582168852146
51800 18.90725139427295
51900 19.252519345726306
52000 18.899726222644404
52100 19.529928386652152
52200 18.36765453968811
52300 17.861050004817436
52400 18.135977000299047
52500 17.58214494604091
52600 18.253859638040808
52700 17.889820949562345
52800 18.023370082692306
52900 19.080837368378976
53000 17.704708402918072
53100 18.184753894315772
53200 18.13550650757702
53300 17.789989741687112
53400 18.27531196696514
53500 18.880550424027515
53600 18.926833474510854
53700 17.40015392598271
53800 18.981532900692066
53900 17.87915590172726
54000 18.388021290756583
54100 16.854330394990537
54200 17.99073793612459
54300 19.070316612584158
54400 19.089003950947937
54500 15.906180935157407
54600 18.615345361254537
54700 19.346670594660598
54800 18.4816730680687
54900 18.66664907639542
55000 19.11024069948073
55100 18.22401318144589
55200 18.07743186256849
55300 17.531152415098816
55400 17.685586816807387
55500 19.002790869790015
55600 19.02667039591066
55700 18.62749335350972
55800 18.55733306120484
55900 17.655108477812938
56000 18.505476709638124
56100 17.730697133626254
56200 18.29330781046885
56300 17.116410083413438
56400 18.39746210620175
56500 18.31198602449307
56600 18.636614299557973
56700 18.402315404064765
56800 18.26535817519311
56900 18.823929315859367
57000 17.7431395459832
57100 18.17806730010618
57200 18.513496265404488
57300 17.77785850820124
57400 18.992949056580333
57500 19.199679348357677
57600 18.763019889176
57700 18.298510391226017
57800 18.833689216835218
57900 17.23720731626543
58000 18.624105767730967
58100 18.799311842832335
58200 18.830451972832865
58300 18.812644431401118
58400 18.19590473136952
58500 18.460746897834632
58600 18.685090607141294
58700 19.518243839355737
58800 17.667381504287043
58900 19.293698323689718
59000 18.08820665236522
59100 17.793134009145877
59200 18.252162791056232
59300 17.93323336115633
59400 19.454505988588437
59500 18.885033913023165
59600 18.484768519652448
59700 17.50181842841074
59800 19.115601685169374
59900 18.451597509689247
60000 17.926975934542245
60100 19.157920631870212
60200 19.26838886771978
60300 18.132734356560835
60400 17.536828736544045
60500 18.491210380945365
60600 19.22233310887115
60700 18.895847562603446
60800 18.601624152320223
60900 18.331998324278793
61000 18.45418621534634
61100 16.993793529394264
61200 18.23534131322346
61300 18.98043497306482
61400 18.77630355648877
61500 17.076263881023348
61600 17.7753292717036
61700 17.898039004720257
61800 17.664821934091915
61900 18.54280197911557
62000 19.263972046485456
62100 19.107264905700614
62200 18.923975876986443
62300 17.886879398583826
62400 17.405195701831406
62500 19.18473931352122
62600 18.226039814164906
62700 18.75107332844483
62800 19.04793398202514
62900 18.17052506154837
63000 18.595362611228936
63100 18.657045715934892
63200 18.60748207894253
63300 17.99142033901897
63400 18.178737232391995
63500 17.968856847226945
63600 18.1378371634117
63700 18.53471496305919
63800 18.20836806035826
63900 18.797792836289776
64000 19.10161562322376
64100 19.098612424749554
64200 18.117366046516686
64300 18.575544282156287
64400 18.162126447277455
64500 18.723497727834356
64600 18.47067609519347
64700 18.39107862615359
64800 18.649469961969128
64900 19.303494886160433
65000 18.047084734409456
65100 17.993348232343497
65200 19.111052933415756
65300 19.056302546887057
65400 16.641013889726565
65500 17.0754631625154
65600 18.390955503182607
65700 18.944622888322698
65800 19.2845616056789
65900 19.130079345812756
66000 19.166819985271452
66100 18.655308774164276
66200 18.282467707959274
66300 19.162426274536035
66400 17.56915249792408
66500 19.500920122985196
66600 18.866566412462834
66700 17.99232720213485
66800 18.472808176141648
66900 18.589793564340077
67000 19.409985752265797
67100 18.12291555820375
67200 19.475040757491758
67300 19.56683703969327
67400 18.082015735136434
67500 19.01865439628907
67600 19.162579628139735
67700 18.3700676159822
67800 19.044760109240666
67900 17.66686394383194
68000 18.72463354339303
68100 19.100842870216088
68200 18.473304729789056
68300 17.37529714599277
68400 17.3226427309552
68500 18.97845641092668
68600 18.844312697559886
68700 19.268655082712854
68800 19.071346937281934
68900 18.89144207575908
69000 17.870532007994324
69100 19.264699642092864
69200 19.42616573845296
69300 18.269656505004406
69400 19.25505866653056
69500 17.84530849268206
69600 19.304555796554247
69700 18.447482776961966
69800 18.785311413956546
69900 18.989355503246813
70000 16.95615317543835
70100 16.57169858411649
70200 17.365211786481662
70300 17.84574977813681
70400 19.30772403561041
70500 17.704052343556917
70600 17.597702178369047
70700 17.477725241915447
70800 18.855931949695915
70900 18.550894060210226
71000 19.152057927899097
71100 18.477702524614898
71200 18.919962455901832
71300 18.526799823767067
71400 18.732100250023056
71500 18.96054674536076
71600 18.140017011869595
71700 17.94559299734344
71800 18.583134881649105
71900 19.05457211047145
72000 16.259762075828828
72100 17.282444255715117
72200 18.890926967904036
72300 18.735816952912597
72400 18.064802467800362
72500 18.65637346235595
72600 16.17280587973443
72700 18.889347923001154
72800 19.026843473584172
72900 18.259249912726485
73000 18.910047864208714
73100 17.981284833849028
73200 17.630337863337026
73300 18.38516440045588
73400 18.60005257434944
73500 17.411083961568565
73600 18.714564123535244
73700 18.320763533516494
73800 18.683193059758178
73900 16.9994744753291
74000 19.168023782347152
74100 18.877804483277007
74200 18.717230973429064
74300 18.74464027441635
74400 18.02166758390445
74500 18.415387028168947
74600 18.36234445044356
74700 19.054797389257633
74800 18.9672410669646
74900 18.66095674136317
75000 17.274436650035824
75100 18.68415879112088
75200 18.831540854206803
75300 19.017683701216857
75400 17.4063574134951
75500 19.170602781230073
75600 19.051195492988274
75700 18.68255877553193
75800 17.510443580685763
75900 17.437722453905614
76000 18.05629508520091
76100 18.891464096537014
76200 18.69856814520354
76300 18.47878866620478
76400 17.38094722640297
76500 18.41452371681094
76600 19.063066932591024
76700 17.81050061094324
76800 18.535616441367836
76900 17.387284093895374
77000 18.74849951631534
77100 18.66640498916403
77200 16.991436419188428
77300 17.43931514062577
77400 18.204970579861694
77500 18.590998524449503
77600 18.91303952004137
77700 19.22097865255629
77800 18.83932704242052
77900 19.242396833316274
78000 19.176322046267334
78100 18.26648216706236
78200 17.950334492184783
78300 19.20542072337731
78400 19.249026093724453
78500 17.721321979090536
78600 18.478681277189516
78700 17.31914947683933
78800 18.834061949127854
78900 17.742131181774454
79000 19.291629872540017
79100 14.703041154741939
79200 18.555934890921385
79300 18.374309854743576
79400 18.309608053673205
79500 15.989958017135512
79600 18.09922443048143
79700 18.140690033930948
79800 18.701904890297147
79900 17.695948174393674
80000 19.17016985337665
80100 19.03590799998897
80200 19.09608867408774
80300 18.659335205051697
80400 17.94982594860872
80500 18.823088255870278
80600 19.089247997367018
80700 18.389809467085065
80800 19.249033606079653
80900 17.918289856078736
81000 18.151902297677907
81100 19.15521785597819
81200 17.972990193291245
81300 19.43203724738603
81400 19.26072081368537
81500 18.10382293479638
81600 18.899171290325448
81700 19.531937851267617
81800 18.65510430636162
81900 18.316437302421967
82000 18.670690142382416
82100 19.146237806259837
82200 18.58755707066304
82300 18.695402768736994
82400 18.218480771727144
82500 17.392885478829783
82600 17.99949627934987
82700 18.498338760198802
82800 18.697963105051905
82900 19.47027804835166
83000 18.642074005462643
83100 17.907148636611467
83200 17.601504977184796
83300 18.104513838263525
83400 18.72584944379208
83500 17.168878322786544
83600 17.762507735841748
83700 18.569963404149462
83800 17.448322922010018
83900 18.11211158973698
84000 17.73253960061449
84100 18.221391308038
84200 17.181716628442924
84300 17.413167898791745
84400 17.906165549307712
84500 17.95868836209227
84600 19.734455077647176
84700 19.51907574691597
84800 17.566715912796155
84900 18.65535624376415
85000 18.97889077428384
85100 19.36849354486119
85200 17.91841552820393
85300 18.046336947693103
85400 18.595073074025933
85500 19.39504146020746
85600 19.256838291623957
85700 17.79530797990237
85800 18.280045263042926
85900 18.912093201509617
86000 18.32506503588921
86100 17.5443072112172
86200 18.882402673751006
86300 16.16411460986734
86400 17.747983164672327
86500 18.470378670216256
86600 18.14552946695853
86700 18.365676100540554
86800 18.843058674804762
86900 17.29228740128594
87000 18.073817718288623
87100 18.152589491766324
87200 18.27715541183123
87300 18.55547284400057
87400 19.399396740711925
87500 19.002121352707082
87600 19.236853384412427
87700 18.011535428792847
87800 17.98190303955609
87900 18.664431901719468
88000 19.379478424806184
88100 18.886229122077324
88200 18.03003955478421
88300 17.246056684882863
88400 18.64261912959444
88500 17.197474069138668
88600 18.55481713597636
88700 18.58384249546514
88800 17.950784229206555
88900 19.173145720207202
89000 19.1776750924309
89100 19.098154735202638
89200 18.224255697546795
89300 18.126094372376272
89400 17.157454833978015
89500 18.824318947763047
89600 18.21049741967344
89700 17.8818736151427
89800 17.969053783580815
89900 16.81197579516551
90000 18.436215033522448
90100 17.866721665087244
90200 18.90088082655649
90300 17.848252141041677
90400 19.56490940778541
90500 18.139374641277794
90600 17.444733288327825
90700 18.22757269976788
90800 18.128375839683116
90900 16.987083592930816
91000 15.720962484219058
91100 18.47456595773594
91200 19.416738326670718
91300 18.01134989697842
91400 18.871596898693852
91500 18.834433226903503
91600 18.14851099457696
91700 19.354693101518638
91800 18.405025871245225
91900 18.513719188916586
92000 17.934306976411683
92100 17.93420431577702
92200 18.19710475180535
92300 19.031232233667716
92400 17.783429784876066
92500 18.919527079787727
92600 19.37024286410135
92700 18.809178172169037
92800 19.031110397415326
92900 18.147427015016888
93000 17.862822765727657
93100 17.611371710710618
93200 18.61907353782914
93300 18.11417723653316
93400 18.02438315620231
93500 18.654177010608546
93600 19.022141626288008
93700 18.39160850559741
93800 18.281140341912586
93900 18.343525984030627
94000 16.675822601593737
94100 18.752350101234374
94200 19.069782065021116
94300 18.99525037910223
94400 18.930563738045993
94500 18.399027298868937
94600 19.016169139387305
94700 17.90349331148391
94800 17.734945554095912
94900 19.235935760486733
95000 18.995767392015964
95100 18.7672722274579
95200 19.102776809114335
95300 16.32223742049272
95400 18.901881613619445
95500 18.511699813541917
95600 18.821195346439687
95700 17.0917366121893
95800 17.514550493401295
95900 18.27611044694749
96000 17.830237371453673
96100 17.78886654707971
96200 18.95568219807733
96300 18.663680501696312
96400 17.701431802928344
96500 18.964802109846172
96600 18.331146035144645
96700 19.141011286585375
96800 18.23291497770561
96900 17.569007065825218
97000 15.306653813856766
97100 18.85854543298074
97200 19.51385374358149
97300 17.45985044942409
97400 17.286982292878978
97500 19.32888997128023
97600 19.138148264897396
97700 17.594252622679598
97800 18.803928584440865
97900 18.066006185044003
98000 17.39684257473027
98100 18.0602542575179
98200 16.225604454873714
98300 17.83357363799947
98400 18.653420812400462
98500 18.700398698819793
98600 18.453776249053806
98700 19.11915751842711
98800 18.87478004204299
98900 18.26213154210561
99000 18.823613190973095
99100 18.579061592916805
99200 19.294034714930138
99300 18.36789759897945
99400 18.717957795410197
99500 19.547339845980957
99600 19.18371138811048
99700 17.917384846264444
99800 18.92755719212442
99900 18.2619491131156
100000 18.81980403486712
100100 18.215289445897564
100200 17.036697376122245
100300 17.831169723740196
100400 19.328321260810338
100500 19.015582920241226
100600 18.203583556176063
100700 19.51057230128094
100800 18.559428859179615
100900 18.829384984781903
101000 18.738265445072965
101100 19.02493947703556
101200 19.417449005610962
101300 18.308695062419954
101400 18.507213086240625
101500 17.186001753750414
101600 16.0207684599356
101700 18.598670926000196
101800 17.872176525568225
101900 17.144172483814824
102000 17.3044249005437
102100 18.81287199108632
102200 18.59480202245669
102300 18.639517721734855
102400 17.42739920668945
102500 18.887479742037552
102600 18.000819496770056
102700 19.019160779313715
102800 18.174723177613174
102900 18.077702860828513
103000 18.238658859550995
103100 17.266361600118913
103200 17.921310087930017
103300 18.57960324201033
103400 17.833021282965397
103500 18.93214775503275
103600 18.22388264649565
103700 18.234405960832873
103800 18.53165519524978
103900 17.862117278300413
104000 17.87073726695747
104100 18.80664408161077
104200 18.274654526506396
104300 17.58483416973396
104400 18.430396946086358
104500 17.786294530781007
104600 18.5343369548128
104700 17.695273231595095
104800 19.07799068195337
104900 17.348847855976903
105000 17.453461346367682
105100 17.699363611631618
105200 19.01866235749199
105300 18.891163343288376
105400 18.66080836945807
105500 19.124281255452033
105600 16.8128526663349
105700 16.837952792682163
105800 16.553185523243172
105900 19.29653828005109
106000 19.109249212283736
106100 18.99891531446985
106200 18.103308414657654
106300 17.83910372288536
106400 19.075328625535587
106500 18.31325388208917
106600 17.332529320745273
106700 18.866096820724927
106800 16.24524830368549
106900 17.75853124870929
107000 18.38943691196964
107100 19.209406617911164
107200 19.267817479987208
107300 17.890306906589778
107400 17.6840844836493
107500 18.752965098805436
107600 17.121028742372587
107700 18.372652364702134
107800 19.43448045909163
107900 18.9987868696563
108000 17.45041885356613
108100 18.78175337410489
108200 17.906743670390938
108300 17.505217451470276
108400 18.667058494266506
108500 18.608008022349754
108600 17.977864439857733
108700 18.922104457410768
108800 18.948990525925833
108900 17.794457156262105
109000 18.22211586614551
109100 17.180474652054087
109200 18.44935681772593
109300 18.674432182783264
109400 19.084791474978196
109500 16.868908805846548
109600 17.002773698859755
109700 19.288876682349215
109800 18.14706116163322
109900 16.614960842503873
110000 18.606980326499755
110100 16.25329965154815
110200 19.094397475339996
110300 17.83779057013257
110400 17.934324925608845
110500 19.11993924099046
110600 18.77651271247399
110700 18.022468816233594
110800 18.39332364269836
110900 17.983663981432024
111000 18.585027374972874
111100 17.754952877670178
111200 18.642701945133926
111300 17.68089871326339
111400 19.067653234950086
111500 19.25064264052015
111600 17.75938224475713
111700 18.785506866788044
111800 17.64929648250241
111900 18.691522977147773
112000 18.259333944959042
112100 19.2207750345941
112200 17.710960710724336
112300 18.824657240393634
112400 18.922411157575485
112500 19.370583622413204
112600 19.606050614136777
112700 19.261242177076372
112800 17.8651143765442
112900 18.237038288343385
113000 18.78322567421439
113100 17.70804655606043
113200 18.71342922796755
113300 18.992914093819554
113400 17.495721008343217
113500 19.21168207667953
113600 16.417344137464237
113700 19.019917551613673
113800 18.85872557301428
113900 19.48382314700081
114000 19.01094589026118
114100 17.147649781267276
114200 18.263309058296485
114300 17.267549168517604
114400 18.046246145861094
114500 18.325838089122495
114600 19.09738133993752
114700 17.667618583656083
114800 18.71896154649107
114900 17.71100812150831
115000 16.860528979631844
115100 17.77548686954645
115200 18.216217273696266
115300 17.95398234027195
115400 18.90611094006883
115500 19.3139603516036
115600 18.741184431375572
115700 18.526937665466807
115800 17.087827858911844
115900 19.06133127009137
116000 18.698915879395535
116100 19.111061122126408
116200 19.845514179171822
116300 18.67505198846571
116400 19.046206337887256
116500 18.4179163155905
116600 17.8881722922914
116700 15.327638428620576
116800 17.430513605636552
116900 18.198741620478554
117000 18.485569461683298
117100 18.196888753509807
117200 19.26635937956654
117300 19.708702823190926
117400 18.43566036296552
117500 18.89332303298973
117600 18.912473757863502
117700 14.571253290655443
117800 19.47688545816271
117900 18.030731401810208
118000 18.540540040711534
118100 18.343151482091997
118200 19.525660589942078
118300 18.608039865281082
118400 18.299213121172308
118500 17.516775925779804
118600 18.93861064902025
118700 18.427764469205076
118800 17.400057593566594
118900 18.772014806996633
119000 19.186209093637114
119100 17.934405378220383
119200 17.69601595405716
119300 17.738454336983512
119400 17.948042988764918
119500 18.017331880381317
119600 18.903770101426606
119700 18.414960938735174
119800 17.4001667779225
119900 18.651936319665076
120000 18.101491839463606
120100 19.104702414383304
120200 19.597886241593248
120300 18.501251737954732
120400 18.18268466066059
120500 18.97746989343922
120600 18.87201228465984
120700 18.774491594319468
120800 19.033438533020803
120900 19.291181848640186
121000 18.320753957968606
121100 19.443681231345778
121200 18.91798068121849
121300 17.18240818704632
121400 18.91937268248898
121500 18.025352808987765
121600 18.550097625174814
121700 18.77869369773253
121800 18.90373151366216
121900 18.87171271471537
122000 18.880675505755615
122100 17.114631700815785
122200 19.50646584735784
122300 18.663201120150973
122400 18.744946759772112
122500 17.87974484336716
122600 18.375466628540572
122700 18.24075844681801
122800 18.608644198867736
122900 18.72818667366499
123000 18.096473268974247
123100 19.498647992969467
123200 17.32894016554853
123300 18.838848373908057
123400 19.080560042584377
123500 17.458683445842194
123600 18.744754419850032
123700 18.54451731761226
123800 18.63997290021194
123900 18.343341386392936
124000 18.545843231811553
124100 16.609600321849125
124200 17.954954725481265
124300 18.27949254804204
124400 17.802039183171367
124500 17.752450221154938
124600 17.379759029380793
124700 18.90003424470147
124800 19.535930357898486
124900 18.805773364961965
125000 18.749325297898526
125100 19.089623564951204
125200 17.71084588960578
125300 17.215446223111915
125400 16.918744023866427
125500 18.937733352137016
125600 18.058703357289318
125700 19.23264861243582
125800 16.64742635712015
125900 18.34581281412558
126000 18.527482375520016
126100 19.49135658581505
126200 17.737967173661705
126300 18.802715013572023
126400 18.5719942766066
126500 18.671052729354056
126600 19.452240720419443
126700 18.010054558148568
126800 18.616194785153983
126900 17.962495006670725
127000 18.775014545213622
127100 16.30701295798857
127200 19.133087875967828
127300 19.25584488689494
127400 18.771065959669965
127500 18.701535887573417
127600 17.421254538395196
127700 17.686446827545367
127800 18.611120008037734
127900 17.980285279956544
128000 19.34699477043268
128100 17.675841201501534
128200 18.056220657831236
128300 17.5640778749754
128400 18.684983894653627
128500 18.03463573269504
128600 18.47369047651226
128700 18.486965331442303
128800 18.520412642814247
128900 17.89512714764178
129000 18.70257958276006
129100 18.6963662732929
129200 17.980555044369556
129300 18.53343660124534
129400 18.47576192819197
129500 18.272231609563065
129600 16.406127696817716
129700 18.732757684714784
129800 18.847672180450136
129900 17.950862987397056
130000 18.29293151563799
130100 17.738074899469904
130200 17.31644641243087
130300 18.513145617893045
130400 18.944129762731592
130500 19.209707940494756
130600 18.201534739547675
130700 18.95965916961276
130800 19.450204051408058
130900 19.08023249057166
131000 18.841067432578875
131100 18.851517454420577
131200 18.039550378554758
131300 18.33204587366631
131400 16.702600531586402
131500 17.183436440985204
131600 18.962452674597035
131700 16.175783933597288
131800 18.57682404990267
131900 17.45917295766799
132000 18.351608740021476
132100 19.029614839597357
132200 17.31363493185759
132300 18.121936290515947
132400 18.329554723409476
132500 18.804092046579715
132600 16.49294554386874
132700 18.329765792936165
132800 19.113220864675814
132900 18.039028410719535
133000 18.907019944270147
133100 18.628098927643514
133200 18.4394031490127
133300 18.68950696123077
133400 18.072867139815553
133500 19.018949715574735
133600 18.85524478717974
133700 17.70801274283033
133800 18.37311302901985
133900 18.463038159360153
134000 17.820813420018535
134100 17.90941185120084
134200 17.66547822253595
134300 18.84341135966046
134400 18.472768105296858
134500 18.50451491954304
134600 18.385798751586528
134700 19.052883426734162
134800 16.506076604810136
134900 18.476308397386276
135000 17.867467054629568
135100 19.27196627666706
135200 18.756317604235495
135300 19.358424428713153
135400 18.824601108846405
135500 18.074530635151877
135600 17.88406318292116
135700 18.98665191601747
135800 19.541935342754687
135900 19.404914279733223
136000 18.38485252274971
136100 16.8818917808971
136200 18.572757835278622
136300 18.888193963998187
136400 18.909238791423284
136500 18.841922709556243
136600 18.008165074071133
136700 18.75509512456268
136800 17.071734730016725
136900 18.981379739845863
137000 18.968649351208093
137100 18.698129325770623
137200 18.152832903497238
137300 17.09086961070104
137400 17.431160469928834
137500 17.574037075836756
137600 17.43118672736322
137700 18.510815507727642
137800 17.960882763014997
137900 17.86654334456966
138000 18.456691654795183
138100 18.831550360858046
138200 18.781120548344767
138300 19.30898626738538
138400 18.681852809099226
138500 19.323521889579713
138600 19.744911504453874
138700 19.317987459181523
138800 18.183883486222804
138900 17.024910721955063
139000 18.42256893277866
139100 18.3903728874678
139200 18.784227180356893
139300 18.83928506181406
139400 18.944584118748736
139500 17.74255338450947
139600 18.601913782842434
139700 19.189751705430275
139800 18.89739534026326
139900 18.674961770979287
140000 18.69382203911941
140100 18.665950391105625
140200 18.0938960781378
140300 18.790149785527507
140400 18.577128838224127
140500 17.7748330116723
140600 17.47030424832451
140700 18.509962000315863
140800 19.045328874719253
140900 18.46627982217476
141000 18.226782670005107
141100 18.82958028718863
141200 18.574159026454875
141300 17.842336486126925
141400 16.959089059913918
141500 19.267035935517832
141600 18.978274068177576
141700 19.306701330763868
141800 17.67286156678647
141900 17.412509724163968
142000 18.656229439943534
142100 18.363990902053438
142200 19.01642182953524
142300 19.056111657056555
142400 18.19836014859351
142500 18.537637324866548
142600 18.13348217793629
142700 17.04032878646246
142800 18.44352131209102
142900 18.41129531127512
143000 18.846335688811006
143100 18.482325188759912
143200 18.387894108055544
143300 19.033129710701257
143400 19.049453441244065
143500 18.03999652300557
143600 18.190916047022263
143700 17.699269944283177
143800 17.41784596666231
143900 18.086626533775984
144000 18.975404034651596
144100 18.496224250320857
144200 18.014348183453343
144300 18.263361250933386
144400 18.8871420149059
144500 18.68375044126501
144600 16.989658680702334
144700 18.348794378509016
144800 18.381728869185306
144900 18.911554254977414
145000 17.98661998864035
145100 18.867540821528458
145200 18.430006344267426
145300 16.96077557451985
145400 18.649566871225353
145500 19.629222451521912
145600 19.124693111565918
145700 18.64234951241683
145800 17.61033668105517
145900 17.835600155711376
146000 17.57599437326085
146100 16.494612734582788
146200 17.32147729148869
146300 18.405859274170986
146400 18.117663744801472
146500 18.385549253716203
146600 18.66759811455771
146700 18.89960131475874
146800 18.989755388121825
146900 16.895511639940914
147000 17.061178770430946
147100 19.101786158091272
147200 18.178126658355648
147300 17.684130435640544
147400 19.426401510361636
147500 19.198845012293102
147600 19.035919001850313
147700 17.255034663061803
147800 17.703652790898268
147900 18.366162578091856
148000 18.865021345025813
148100 19.088803965474913
148200 18.07263815947662
148300 18.198840918558965
148400 17.865851537324946
148500 19.28522225227529
148600 17.99225131488602
148700 18.542751575618215
148800 19.05239503640779
148900 19.358002094794475
149000 19.06366805843219
149100 18.17152305632225
149200 18.997376904939273
149300 17.97794793728413
149400 17.833078647782298
149500 17.327713340528213
149600 18.093635022571906
149700 19.242355528939324
149800 18.11815883951829
149900 18.901672584615707
150000 18.321099406740704
150100 19.380673600432896
150200 17.88487028786783
150300 17.1831794367175
150400 18.6905278535453
150500 18.31919857130017
150600 17.581495613419406
150700 18.73454315268124
150800 18.362143108126354
150900 18.554474237466824
151000 17.459481528304558
151100 15.889669053395126
151200 18.18242869388724
151300 18.173432063450473
151400 19.077710886796844
151500 18.846150602403597
151600 18.328829844261648
151700 17.612370456879248
151800 19.045111158776145
151900 18.62014703075085
152000 17.584796569485327
152100 18.660620722936393
152200 17.28089696477028
152300 19.06697260163413
152400 17.61072011518175
152500 17.583187909822055
152600 18.359737667533473
152700 18.85766081184548
152800 19.16599523001648
152900 18.53667192783586
153000 18.943028156667477
153100 18.212461691615975
153200 18.731382036709032
153300 19.158954608791458
153400 17.39088218735024
153500 18.920113547919122
153600 18.220871085224022
153700 18.197496613137652
153800 18.315780472927372
153900 18.486171372333256
154000 18.055747395839077
154100 19.230637488269597
154200 19.483033633793156
154300 17.58355118478352
154400 18.823738197803763
154500 18.91160587566714
154600 18.988460947138563
154700 19.104590219247015
154800 18.921293273050154
154900 18.17284228052939
155000 18.487773306814923
155100 18.06734053028656
155200 19.35257222907919
155300 18.50156497256905
155400 17.885015538791784
155500 18.683252312316665
155600 17.994575054842556
155700 18.51459986400495
155800 17.4985561708604
155900 19.48642620856658
156000 18.645633725750585
156100 18.25020245385648
156200 18.50802404713613
156300 19.717851005705292
156400 19.551138733188793
156500 18.073767327558354
156600 18.270578760723264
156700 18.995571159976375
156800 18.72444758957327
156900 19.244075934967512
157000 17.79149205461347
157100 18.58591685517489
157200 17.818739139544206
157300 19.056759421380644
157400 18.332441835717102
157500 19.11984121079562
157600 18.88905606476926
157700 19.05676641320026
157800 19.11588614038905
157900 17.995809066843204
158000 17.96891561973316
158100 17.8897664215903
158200 18.553106018781754
158300 17.914628701024288
158400 18.657694720406166
158500 18.58689280384664
158600 17.787038721067184
158700 19.32745187326691
158800 18.298764528375347
158900 18.810356938720016
159000 15.885779158793214
159100 18.642310053087975
159200 18.61658738467474
159300 17.826536578319203
159400 18.613448371976546
159500 18.79392486508446
159600 17.63219562032187
159700 18.72512748446178
159800 18.713408047706587
159900 17.639569682759515
160000 18.950440013002996
160100 19.03151307232334
160200 19.074692198521245
160300 18.961515461290773
160400 18.937674787233437
160500 18.07346573279726
160600 19.22330299674228
160700 18.781224588973576
160800 18.011427994217158
160900 18.96146944890077
161000 18.510398782960962
161100 18.357841439017115
161200 16.714341734677113
161300 18.919223816751717
161400 18.63067831328075
161500 19.159913432877886
161600 17.923309246860036
161700 18.268891458880656
161800 18.81692251409277
161900 18.84497473410071
162000 18.773501064594598
162100 18.398024813610807
162200 18.638529697430325
162300 18.815630744105807
162400 19.12702332853589
162500 18.053552940897344
162600 17.802540004842985
162700 17.972012053663178
162800 17.43158109438719
162900 17.72477896563608
163000 18.541191611527513
163100 18.514479156230596
163200 19.235819397236707
163300 15.888793355437917
163400 17.74866502397611
163500 19.46101945007929
163600 16.61080671253683
163700 18.102889739471664
163800 18.774958084306952
163900 18.6927491904355
164000 18.7982196431425
164100 19.004152314043253
164200 18.771170995627948
164300 19.20461425725313
164400 16.94604775249017
164500 19.14708906588884
164600 17.645014846127673
164700 18.740159588444495
164800 19.306506808563963
164900 19.385103802735216
165000 17.675026876849635
165100 18.077960274868385
165200 19.229685700730187
165300 18.42763980439241
165400 18.66751734948777
165500 18.10264733817358
165600 19.473602822795385
165700 17.15303058752392
165800 18.443731551508424
165900 17.98463777339864
166000 18.466116552888654
166100 19.16706367017532
166200 18.79988668242184
166300 18.060783839885527
166400 15.788397044223817
166500 19.470879682545586
166600 19.324523416274054
166700 19.514049349525635
166800 19.35714796432584
166900 18.668247381948515
167000 17.294846257270372
167100 18.424323383950746
167200 17.686267333282462
167300 18.404607207752257
167400 17.370155101005178
167500 18.993539812370543
167600 18.61610721555688
167700 19.126948342644067
167800 17.85595234633012
167900 17.537329027232357
168000 18.939001146147866
168100 18.630091272635223
168200 17.964014488282515
168300 18.534642638205398
168400 19.41706437007883
168500 18.767577840663524
168600 17.959789611915298
168700 17.544520813140117
168800 18.128299455142397
168900 17.137645730049844
169000 18.845906505297464
169100 18.758895083929055
169200 17.864384569685313
169300 17.995360680760314
169400 17.01588275610695
169500 18.672525943292975
169600 17.308560816848534
169700 15.713094729652761
169800 18.386738809045436
169900 19.281564856250995
170000 18.303232047515184
170100 18.706268730241504
170200 18.850090072563948
170300 19.31186649002872
170400 18.317906950716957
170500 17.954916738979325
170600 17.16325332392625
170700 19.06523346493103
170800 18.498135376320533
170900 17.77973872458087
171000 18.177858375984524
171100 19.200856511767093
171200 19.488057548860827
171300 19.20432823255096
171400 18.382514268231375
171500 19.47438108616557
171600 17.88528530794978
171700 19.63554154228994
171800 17.553494809807955
171900 18.006294500133773
172000 19.12300986411505
172100 18.896817371610695
172200 17.872434390966262
172300 17.97357091838878
172400 18.536820898665045
172500 19.61429548621472
172600 17.752804005634605
172700 18.704356868146753
172800 18.8857421054693
172900 18.801826789010164
173000 18.723974765926858
173100 18.503771932284554
173200 19.132753494869423
173300 18.4834553764153
173400 18.96230134695849
173500 18.78520091689562
173600 17.058212110141
173700 16.63999333652841
173800 17.91655747651346
173900 19.550667932945903
174000 18.81698337991074
174100 18.97443812412406
174200 18.76257318486858
174300 17.591706179138676
174400 17.597780773359116
174500 18.585057346274056
174600 16.975931334154634
174700 18.991236924764955
174800 18.972905090626007
174900 19.809149146199825
175000 19.058744392573413
175100 18.018086453071145
175200 18.178032802382344
175300 19.166680362818198
175400 18.5093922419574
175500 18.33204819815829
175600 19.25625867086355
175700 19.17054663641233
175800 18.958259996065063
175900 18.334927481105467
176000 18.245205835503082
176100 18.97469298755285
176200 18.56176856630085
176300 19.52707853304833
176400 19.16998721013841
176500 17.36904239416812
176600 18.383742315475903
176700 17.414671786102513
176800 18.57622324328148
176900 17.687708986979697
177000 18.981600605113503
177100 18.690417118934654
177200 17.022913788202125
177300 19.441424764096464
177400 18.307000845999795
177500 19.399820600386295
177600 16.97391978223937
177700 17.91123651000514
177800 16.96103548898679
177900 19.14842055102107
178000 18.46672046883568
178100 18.748205248066593
178200 17.97829632593293
178300 19.437998681891564
178400 19.048895282413497
178500 18.92447924290861
178600 18.7998561448696
178700 17.66119862838485
178800 17.189563004440213
178900 18.904782332075822
179000 19.526562712155993
179100 18.73753227399873
179200 17.0671153199521
179300 18.213596481779977
179400 18.017236546173933
179500 18.3426841138712
179600 18.598207377143492
179700 18.137935467144416
179800 18.351692971266147
179900 18.247274093880733
180000 17.77670119718786
180100 18.390053901827862
180200 18.13562588481368
180300 19.450551284369
180400 19.41046604344579
180500 18.369304064211494
180600 18.155785413943764
180700 17.214606668712317
180800 18.03790647430705
180900 17.17917049774228
181000 19.313699551778267
181100 18.952582521927596
181200 19.07829543806855
181300 17.94854621497487
181400 17.072096347679494
181500 18.973834902078295
181600 19.05951755406998
181700 19.036068347481574
181800 18.47159290260774
181900 18.32229859172699
182000 19.383312002632586
182100 18.183654458374605
182200 18.315069129913738
182300 16.7902620463474
182400 18.444871659022528
182500 18.876989035420497
182600 17.094026891643733
182700 18.386782811761776
182800 18.621329616290993
182900 18.2367530409434
183000 18.481153623330137
183100 18.946812599787865
183200 18.797583820993143
183300 17.872212150149178
183400 19.04634988663076
183500 19.631103364227695
183600 19.188240226108014
183700 17.675873573182038
183800 19.15308676933126
183900 19.06258218823775
184000 19.08832982323864
184100 19.022322147047923
184200 18.673819635199063
184300 19.447930366948945
184400 18.402599895694124
184500 18.43583646971618
184600 17.644552973625288
184700 18.559978754287524
184800 18.893390330983834
184900 18.75644840460333
185000 18.313666155456314
185100 18.698674196519033
185200 17.843701468251048
185300 18.191143272164023
185400 18.425260146706396
185500 18.100719006376845
185600 18.45506339148147
185700 19.044686840281702
185800 17.5669410305863
185900 18.854257491023503
186000 18.543368644053853
186100 19.24195485104159
186200 19.49297206166617
186300 18.771152761191583
186400 19.042794595260126
186500 19.49719178642814
186600 17.815344377750367
186700 18.12433780359485
186800 19.11265916424494
186900 19.186387238775886
187000 18.84636090491621
187100 18.90115016932248
187200 19.067824058630116
187300 18.78371525441014
187400 17.720913941699465
187500 18.75005844036279
187600 18.025928325015215
187700 18.9009413875765
187800 18.530106772273594
187900 18.262146937850357
188000 19.034756940485657
188100 18.677686029271804
188200 19.145043989432224
188300 18.360717327260485
188400 17.679064835688308
188500 18.814181335384507
188600 17.95478192113258
188700 18.58181233544377
188800 18.91396615534144
188900 19.468197131125656
189000 18.78993389044168
189100 18.353729562679487
189200 17.989263315757157
189300 14.593450123423327
189400 18.276250675599517
189500 16.868511775202517
189600 17.03962632087898
189700 19.064603793504002
189800 18.894929425286318
189900 19.23022952185898
190000 18.92186369702705
190100 19.081685640762764
190200 19.245825469181284
190300 17.8983289702668
190400 17.859191383144733
190500 18.343552161946757
190600 18.499618820350822
190700 18.08667217773379
190800 18.539215341096046
190900 19.133709640881666
191000 17.693935827000868
191100 18.16013327498776
191200 18.696851729428957
191300 18.64721663250763
191400 17.6634049187141
191500 17.421935134697033
191600 18.065202314885585
191700 18.99956242188361
191800 16.946497579285086
191900 16.44182499602478
192000 18.323567462634067
192100 18.222852876378646
192200 18.63535723535263
192300 17.976144044643135
192400 18.53542391902003
192500 17.782581398051875
192600 17.879714251868812
192700 18.607318355394117
192800 18.950256176256335
192900 19.078347526349265
193000 18.258837486844836
193100 16.930811146231157
193200 17.822054557327363
193300 18.856327796619635
193400 19.19207371092417
193500 18.41884090066537
193600 18.19508518160652
193700 18.416640076231175
193800 19.437991002429246
193900 19.082728694688758
194000 18.928988293213084
194100 19.132131654401583
194200 17.377383045669905
194300 18.89842950678768
194400 18.11460201827807
194500 18.84108458523139
194600 19.345573391564493
194700 19.22008779449673
194800 18.18911649781941
194900 19.125341582012634
195000 19.026790935533892
195100 18.834189057579476
195200 19.200551107036258
195300 19.2906772812779
195400 18.617251194994015
195500 19.107829806433873
195600 18.609000911649165
195700 18.605065667604045
195800 17.35840664658126
195900 19.409337392288982
196000 18.95832546487013
196100 18.880635248690965
196200 19.038889636728975
196300 17.83787159432257
196400 18.149979642753625
196500 19.029633501373013
196600 18.636285121727813
196700 18.996800075283957
196800 16.99502456933435
196900 18.52041469176529
197000 17.576866774625373
197100 19.097116245099382
197200 19.210429640128584
197300 18.896048006940898
197400 18.6944123686458
197500 17.64475801342662
197600 18.42312865374297
197700 18.073017184267936
197800 18.728483375511857
197900 18.136951914966737
198000 19.422557018576356
198100 17.74876935452413
198200 16.694434224846496
198300 19.61851343815656
198400 18.78040363861915
198500 18.843877583380923
198600 19.593138378600734
198700 18.05044485314565
198800 17.784901243705704
198900 16.99077351614382
199000 19.334761637707874
199100 18.37776583021298
199200 19.039768451506077
199300 17.906101351059622
199400 17.111019415755212
199500 18.294647648047548
199600 17.895241278758345
199700 19.376637069766897
199800 17.2220565850498
199900 18.34252520725948
200000 18.48516306849697
# End time: 23-11-2024(00:48)
