100 -10.279004509573687
200 -8.083532510435372
300 -11.467984899947615
400 -11.397233928090571
500 -8.581950539066163
600 -9.670629068135188
700 -8.980259833869878
800 -8.414267893426429
900 -10.190327982196498
1000 -10.217808179445829
1100 -10.32938548849252
1200 -8.036660320493437
1300 -10.552944326126319
1400 -9.057389479829409
1500 -10.043638421611867
1600 -10.549552530806057
1700 -8.820307743369897
1800 -9.49984273601017
1900 -9.014033841950496
2000 -10.186725232546987
2100 -9.783563593962482
2200 -10.72760167985708
2300 -9.766694742807058
2400 -10.869545742092054
2500 -11.710235363270607
2600 -10.132147156014907
2700 -13.619786920817825
2800 -9.82541863599499
2900 -10.822975457998808
3000 -12.069329118203203
3100 -10.390404447397094
3200 -9.904844411813558
3300 -11.019488314719709
3400 -10.97726295225694
3500 -10.886123111540817
3600 -11.168254062716604
3700 -10.309422491864563
3800 -11.08855405101544
3900 -12.001867080025752
4000 -9.276190668053742
4100 -8.914231860731944
4200 -10.23891628126778
4300 -9.513681941172479
4400 -8.310954399458668
4500 -5.053814208204886
4600 -9.934991113570497
4700 -9.382271595043392
4800 -10.437821017649833
4900 -11.415741227212497
5000 -10.180541651831602
5100 -8.636172352323204
5200 -9.413722766174338
5300 -9.31676777286686
5400 -6.748910294910708
5500 -8.983689345717792
5600 -11.395717489125898
5700 -10.624614616707449
5800 -11.526396182066806
5900 -9.724510698122321
6000 -10.117773125553462
6100 -7.4044435906094
6200 -10.39303209036766
6300 -10.614336597341287
6400 -12.076443738054914
6500 -12.175751156307662
6600 -10.18065375156947
6700 -9.047452194128175
6800 -9.647822981524065
6900 -12.47327839398739
7000 -11.652649193161382
7100 -10.370082960557015
7200 -11.866247350977355
7300 -10.340667033363477
7400 -11.81285902938058
7500 -11.903214821266374
7600 -11.640348395900835
7700 -11.944268157729969
7800 -12.458579636929057
7900 -10.887071314479483
8000 -9.800967461201322
8100 -8.449394670180007
8200 -10.270224874840656
8300 -9.773804739918164
8400 -8.995429074633108
8500 -11.755281079478923
8600 -11.056149858342765
8700 -9.961405024146496
8800 -9.82055720838135
8900 -9.531287011331267
9000 -8.686881927751823
9100 -8.02550790112378
9200 -9.556968070360295
9300 -8.23000029591511
9400 -9.564299986877156
9500 -8.757827035965754
9600 -8.535804118933367
9700 -11.091500377293741
9800 -12.16898030866402
9900 -9.887372818213953
10000 -12.25697776679679
10100 -9.746518668158075
10200 -11.620143838443362
10300 -10.083235255091042
10400 -9.703659161148753
10500 -11.636705077889625
10600 -9.907749478273676
10700 -9.584713488246905
10800 -6.698179492313978
10900 -9.266632151069409
11000 -8.006461472824858
11100 -7.919202880145191
11200 -9.519071228730839
11300 -10.495795024079914
11400 -9.677691565511715
11500 -10.342123477045421
11600 -10.376849838024308
11700 -10.178261334298684
11800 -9.591621172120869
11900 -10.94652295454575
12000 -10.867730884573094
12100 -9.726190837085936
12200 -10.442500744331406
12300 -11.784852590573713
12400 -8.598363837782305
12500 -9.994459797621177
12600 -10.898214544970676
12700 -10.894745842761914
12800 -10.555189200419631
12900 -9.733456357716037
13000 -8.859689305016987
13100 -7.5221859657043755
13200 -9.998941932362063
13300 -8.335128274940141
13400 -9.673692684191353
13500 -9.617121818054285
13600 -9.31381530746615
13700 -9.768201037922017
13800 -10.167009116088234
13900 -6.858056219625889
14000 -10.230086593459278
14100 -11.165555196025549
14200 -10.731710908985539
14300 -8.898813262216771
14400 -10.490794301167986
14500 -11.458971773530479
14600 -10.82463085146157
14700 -11.14213135280278
14800 -9.521439335583338
14900 -11.014652476663192
15000 -12.308213214101059
15100 -10.26140614732875
15200 -10.593660083429564
15300 -12.746848756515762
15400 -12.489157549862153
15500 -12.93955507876652
15600 -13.897097434045804
15700 -11.458863340376753
15800 -10.846462651650201
15900 -11.723646836150195
16000 -12.794393057085037
16100 -12.067509256630702
16200 -10.759280672896233
16300 -10.336139149799978
16400 -10.215081306891133
16500 -10.785408844462417
16600 -11.772107775060167
16700 -11.505260765042227
16800 -10.610770685895114
16900 -10.452490891901885
17000 -9.108514548956139
17100 -9.987350691365146
17200 -9.909406152884774
17300 -9.525262335183262
17400 -8.294462114356408
17500 -10.065185403158225
17600 -10.107217238062951
17700 -9.216878608627582
17800 -10.575450822939008
17900 -11.833396028903366
18000 -12.406005269417635
18100 -11.43327533193309
18200 -11.291406803382527
18300 -9.598300560527809
18400 -10.65733454396669
18500 -9.942836569998878
18600 -11.213951328514476
18700 -9.020416452502776
18800 -8.52980940507178
18900 -12.137766211993982
19000 -13.263451228696944
19100 -10.534999270335438
19200 -7.966464087957966
19300 -9.101966719062359
19400 -7.9465375451435625
19500 -9.99100440165725
19600 -8.331087351295869
19700 -8.918243771365068
19800 -9.887353848067804
19900 -11.011391398493734
20000 -8.608351009768601
20100 -9.253476885023783
20200 -10.24518706434865
20300 -11.792647984678865
20400 -10.363387918325252
20500 -12.019266776673312
20600 -10.116010681437054
20700 -10.37663761685101
20800 -8.306160934340983
20900 -7.948078443833744
21000 -10.90798071655789
21100 -10.148310202578516
21200 -10.319149590764036
21300 -9.3299959743083
21400 -10.427787660649509
21500 -11.710753136225518
21600 -10.123866113960373
21700 -10.04554861552135
21800 -9.827819650254568
21900 -11.22885883446127
22000 -11.347066751791685
22100 -10.59258434712327
22200 -12.524707856133906
22300 -11.27883391698656
22400 -11.655009179339972
22500 -11.338050758778195
22600 -10.882334367604848
22700 -8.698144306711397
22800 -10.024399181967414
22900 -10.656673988051
23000 -10.21295785077463
23100 -8.917577424073846
23200 -10.335929309213386
23300 -10.304639910980102
23400 -9.691453648392736
23500 -10.070685631038891
23600 -12.26834070644436
23700 -11.709223400002815
23800 -9.285513666895035
23900 -8.86228115967641
24000 -10.306695602188556
24100 -9.26297454582088
24200 -11.151156946739526
24300 -12.32382523906339
24400 -11.579334592722445
24500 -10.364113515927802
24600 -12.969037753004317
24700 -11.488907730870803
24800 -10.502140919570778
24900 -10.447904345067533
25000 -10.697669234430156
25100 -9.78880411387062
25200 -9.99863367335324
25300 -10.796183412637923
25400 -10.90611125392674
25500 -9.44864444921561
25600 -9.68001900730847
25700 -9.60089873903472
25800 -9.97338177751255
25900 -9.574689495201179
26000 -11.42263050853476
26100 -11.450051078455823
26200 -12.403793772876329
26300 -9.973927449413214
26400 -9.204273333543835
26500 -9.59212575593054
26600 -9.280693715248223
26700 -8.747244820025504
26800 -10.840108626414025
26900 -11.004162715051969
27000 -10.518754847690353
27100 -10.614652194382797
27200 -11.127096742817747
27300 -9.746981615015418
27400 -12.116023903473446
27500 -10.131645027377424
27600 -11.303980028281385
27700 -9.973028487280148
27800 -9.3340150229218
27900 -8.022271213989955
28000 -9.89457456796096
28100 -9.820575172475023
28200 -9.088299229610726
28300 -7.834157349906101
28400 -10.616393868056035
28500 -9.417927998413393
28600 -9.891453859645658
28700 -9.348561889683879
28800 -11.729657746242285
28900 -7.093479206989639
29000 -9.394825168774284
29100 -10.746157936388158
29200 -11.119289826171347
29300 -12.470634607517189
29400 -10.55161777130798
29500 -8.220292866901042
29600 -9.110853768342071
29700 -10.365002925266984
29800 -9.146435825919994
29900 -11.203451178378204
30000 -11.586496676310047
30100 -10.314421698824981
30200 -8.686410563971982
30300 -8.370617575747449
30400 -10.096574574618844
30500 -10.480583837950915
30600 -11.657895511476468
30700 -10.554405436588805
30800 -8.029181048437477
30900 -11.331097534948773
31000 -11.415134468385045
31100 -11.212978263862004
31200 -9.072785704631546
31300 -9.733833122710408
31400 -10.007190090988095
31500 -10.540555120358304
31600 -10.23935892687983
31700 -9.405860116015054
31800 -11.055600314614555
31900 -11.729024435136717
32000 -7.982826107878792
32100 -11.38193493466537
32200 -11.694038294715366
32300 -11.09170448825313
32400 -9.78018948581051
32500 -11.231261348574778
32600 -11.89958492831937
32700 -9.673576892114983
32800 -10.74996359092196
32900 -10.378882198121204
33000 -9.192176453080465
33100 -8.585963297195736
33200 -8.63670078768413
33300 -11.742911516254173
33400 -13.242429046624471
33500 -12.844591971659906
33600 -9.304326835355756
33700 -8.369420201167056
33800 -9.03974970746232
33900 -10.236947387476862
34000 -10.830130702213701
34100 -7.9383261278439425
34200 -9.433644985822227
34300 -10.428149627960476
34400 -9.6021082492571
34500 -10.929426633593636
34600 -11.312524121260905
34700 -9.684285936081594
34800 -9.872226551335887
34900 -10.93398446276588
35000 -10.529346731906983
35100 -12.129717411071024
35200 -10.970140436079204
35300 -8.544118088013844
35400 -8.952863615975831
35500 -10.439179283330693
35600 -11.197821652140188
35700 -11.293353923559396
35800 -13.035158355400066
35900 -11.7731047367294
36000 -12.339936337902978
36100 -9.831081401250398
36200 -12.193975037713237
36300 -11.712320329799628
36400 -9.262060863795986
36500 -12.582966040158894
36600 -12.39103838381638
36700 -9.990923402673618
36800 -11.096774200169696
36900 -10.355670128208237
37000 -9.806193018837325
37100 -10.639863149591605
37200 -11.487286321296915
37300 -10.054956138153175
37400 -9.963950388379804
37500 -10.968507175820598
37600 -11.688013508279475
37700 -12.95866029946947
37800 -12.641638958844807
37900 -10.31517075880181
38000 -11.797803840247537
38100 -11.508814726122768
38200 -12.051915811857445
38300 -12.627476968173342
38400 -10.428925927376286
38500 -11.015649261647098
38600 -9.871263871184091
38700 -10.671763162339401
38800 -10.530235888744755
38900 -9.029252961296256
39000 -11.395131080277316
39100 -12.87531143485408
39200 -13.039672940103696
39300 -13.358295261610055
39400 -10.297740645858642
39500 -11.140523755745896
39600 -10.541737807932762
39700 -9.920560246464744
39800 -9.37382467062269
39900 -12.066937755667624
40000 -11.271275454301389
40100 -9.67246652439948
40200 -9.285250069680556
40300 -10.774021656392687
40400 -9.807247082383789
40500 -10.640100520295086
40600 -11.568821856764021
40700 -9.70590755190854
40800 -9.8494106572106
40900 -10.805717884217568
41000 -8.224596984614912
41100 -11.399788146288431
41200 -11.505721197163732
41300 -9.018090547791445
41400 -10.496039943658976
41500 -10.834701827440945
41600 -11.637046888659501
41700 -10.560358586114171
41800 -9.59013001395336
41900 -9.83563189760457
42000 -10.914665856434533
42100 -10.39833892680943
42200 -8.241599150311993
42300 -9.728303771121338
42400 -11.740056132840285
42500 -10.009754601217653
42600 -10.142802095362422
42700 -9.725200143410945
42800 -9.612577059181994
42900 -10.30333563871709
43000 -10.041642929621151
43100 -12.949397123968946
43200 -10.047311856218924
43300 -11.489679460195854
43400 -13.216972712690323
43500 -10.943373014720107
43600 -9.441236750788581
43700 -9.862254756830751
43800 -10.72604614853945
43900 -11.967895147522468
44000 -10.497836108694923
44100 -10.557333467982467
44200 -10.303714368655825
44300 -11.755045002540397
44400 -10.594458815873239
44500 -9.678321909144577
44600 -12.253268642645184
44700 -10.087110168948493
44800 -9.685016838626858
44900 -11.347012936100082
45000 -13.020040179287413
45100 -9.994976706781456
45200 -9.55190686110164
45300 -9.578575945735654
45400 -9.061456727418625
45500 -10.196642365253604
45600 -8.809854678625406
45700 -9.522420461407773
45800 -9.561592983726124
45900 -9.714050575148367
46000 -11.676780757299753
46100 -10.10547264574082
46200 -9.35085881495041
46300 -12.390283025862825
46400 -12.191630110982599
46500 -8.149201586998078
46600 -10.045780993168906
46700 -10.925944671865432
46800 -10.860538702438358
46900 -11.323653763435415
47000 -10.233334430971633
47100 -10.6855203818065
47200 -10.204925249678165
47300 -10.942437378885696
47400 -12.276327712061152
47500 -12.35921191618279
47600 -11.720349446156119
47700 -11.526261912113048
47800 -11.43365132324946
47900 -11.419080182216513
48000 -13.47673733358682
48100 -12.508028488339308
48200 -10.079918660874348
48300 -12.294469490700589
48400 -11.389666092011092
48500 -11.857959589661666
48600 -12.713878364853088
48700 -10.369655675181908
48800 -10.448244310096214
48900 -11.683540642837961
49000 -11.005224735575286
49100 -11.092099396118805
49200 -9.138734555576939
49300 -6.531693846517949
49400 -8.306472677558398
49500 -10.959277390412327
49600 -10.838857754758799
49700 -9.757821279778351
49800 -10.762692232898475
49900 -9.523185846106482
50000 -10.084950689565542
50100 -11.54645563884725
50200 -11.481343236902882
50300 -12.205735858939656
50400 -10.254978562292667
50500 -9.251670061931963
50600 -9.621742916808813
50700 -10.068787863748781
50800 -10.6144833158516
50900 -8.91016404727375
51000 -9.795172034812847
51100 -8.354171310536433
51200 -9.806486558954989
51300 -10.344712923717621
51400 -9.756686285711668
51500 -9.926874798912497
51600 -10.67886926688947
51700 -9.488288165811575
51800 -11.033675825083346
51900 -10.474430478493398
52000 -11.79370413011716
52100 -12.89194257641575
52200 -11.042494507591524
52300 -11.714956055848011
52400 -12.357645512047743
52500 -11.490904148854064
52600 -11.097838062872096
52700 -11.977972728078885
52800 -10.586368004552051
52900 -10.037938613673495
53000 -12.216378863489817
53100 -12.515884826104308
53200 -11.27271953473376
53300 -10.787061392647773
53400 -10.800937840041613
53500 -9.012509297606533
53600 -10.24386785209135
53700 -11.778383331488707
53800 -11.048365635600645
53900 -8.313703321992374
54000 -10.314470051710503
54100 -10.417734026278266
54200 -10.486293020216168
54300 -9.388818847551635
54400 -8.50657826270116
54500 -8.798854333096134
54600 -9.584751182827603
54700 -7.078659670914121
54800 -10.07497977514595
54900 -10.131260569608685
55000 -11.886551791826749
55100 -12.363141784053846
55200 -11.758686550764976
55300 -11.62743704074208
55400 -11.04778375554405
55500 -10.575259962872535
55600 -10.862601962409524
55700 -12.780098522593901
55800 -11.819499926634036
55900 -12.137176863774135
56000 -11.508244693912781
56100 -9.268153577154534
56200 -9.69213598502982
56300 -10.97947172821414
56400 -11.002724406715586
56500 -9.45356573410817
56600 -10.289173269875114
56700 -12.25234348099183
56800 -9.64438228387585
56900 -12.014067435545236
57000 -10.296647975280505
57100 -9.07620404567034
57200 -11.779175184456331
57300 -11.523700627148932
57400 -10.311527189508446
57500 -11.336124639418278
57600 -11.576608556702558
57700 -12.07232240777124
57800 -9.385815284415276
57900 -9.858980494436915
58000 -10.00976825073206
58100 -10.776202118438112
58200 -9.81823858372557
58300 -10.328227913038214
58400 -10.9516229423312
58500 -9.827367258725456
58600 -10.823800052379822
58700 -11.585739989304079
58800 -10.95662884629677
58900 -9.462262696034552
59000 -10.262700769217208
59100 -11.236543521799849
59200 -11.546985080511014
59300 -10.056676825854575
59400 -8.916424809556602
59500 -8.883743544497046
59600 -11.009867871844348
59700 -10.615122252852698
59800 -12.92426598849769
59900 -9.640135571241892
60000 -13.067774443098205
60100 -11.05360601258369
60200 -9.080781396792913
60300 -10.43317418968835
60400 -10.889266642100283
60500 -10.34853958579226
60600 -12.186249732460295
60700 -11.582881949878796
60800 -13.420465505446913
60900 -10.358950818799586
61000 -9.849582602983821
61100 -11.905198703894156
61200 -9.624369916358878
61300 -9.560538030210992
61400 -9.941388703776932
61500 -10.104807991129498
61600 -12.599447099760182
61700 -10.885231114884764
61800 -12.245206227335771
61900 -11.08223458876193
62000 -10.143664899301402
62100 -9.851545904189283
62200 -10.231392472633114
62300 -9.266163093789304
62400 -10.227605251808809
62500 -9.631693438738841
62600 -9.837731463141697
62700 -7.395552774741138
62800 -9.952605421865806
62900 -9.0234804437478
63000 -9.507904516787685
63100 -11.52979468209038
63200 -10.704283121418127
63300 -10.75978737841326
63400 -9.037682582285914
63500 -9.875540041312352
63600 -10.191082137502855
63700 -10.304662798766802
63800 -11.072296323272488
63900 -11.781766912211259
64000 -10.306040621931036
64100 -10.296436728342881
64200 -10.443580815667783
64300 -8.553020461220498
64400 -11.345311569516884
64500 -8.264686172479541
64600 -8.766484526667334
64700 -9.481810918518395
64800 -11.76914445841856
64900 -11.112805253526158
65000 -10.526387731984446
65100 -8.073723491857326
65200 -10.284157035065785
65300 -10.61535344071473
65400 -12.106703601589219
65500 -9.41828504019428
65600 -9.930741502524107
65700 -9.907026499485633
65800 -11.561662793861778
65900 -11.12019416604635
66000 -10.661305184344542
66100 -10.43176431346912
66200 -11.637828711477026
66300 -10.851174073376685
66400 -9.97769901407744
66500 -9.922444883495094
66600 -8.485811060856758
66700 -10.011189753087486
66800 -10.887353986055283
66900 -9.552187272791056
67000 -9.922696532390361
67100 -9.482137580086947
67200 -8.208608582950665
67300 -8.79821444887349
67400 -10.976741696165092
67500 -11.581989091881681
67600 -8.981746264770008
67700 -9.632291974816479
67800 -10.841087788008652
67900 -9.750207903348178
68000 -9.68791072102049
68100 -10.936194623318084
68200 -11.784609291135997
68300 -9.560946329297964
68400 -10.299508203212243
68500 -8.810402938923005
68600 -11.310361254621492
68700 -11.19204510099734
68800 -10.455705007381647
68900 -10.363150265747493
69000 -10.600585760568267
69100 -9.790492498359926
69200 -11.096381681342711
69300 -12.363910444254941
69400 -10.13372895183379
69500 -10.093459321957933
69600 -9.254271930601748
69700 -9.824951022012746
69800 -10.11502506217801
69900 -8.5045176263524
70000 -9.526957694144729
70100 -9.578096561425554
70200 -9.725957651802993
70300 -9.520206004362663
70400 -8.794810075340415
70500 -10.13956133542594
70600 -8.061501224195315
70700 -11.391752168055872
70800 -11.75118281820601
70900 -11.855743009605126
71000 -11.66260256322786
71100 -11.238008269566476
71200 -9.221494087519341
71300 -10.218742575323606
71400 -11.572831209770769
71500 -11.502123224205079
71600 -10.947955809650507
71700 -10.441668510675154
71800 -10.013361220101594
71900 -10.732852599963666
72000 -11.871397580948368
72100 -10.680241367949813
72200 -11.381562256843662
72300 -11.12914517339955
72400 -11.40646929234263
72500 -11.030737119084758
72600 -10.5863894318153
72700 -11.768648845106968
72800 -11.733430828958314
72900 -8.722769024751845
73000 -11.320732954795728
73100 -11.034935036191333
73200 -12.027933852893806
73300 -8.591305869620909
73400 -10.547802462555632
73500 -9.588143226382272
73600 -9.33444651299595
73700 -11.586704129643856
73800 -7.894876001705272
73900 -6.968351883125561
74000 -8.99186787254849
74100 -9.181002246612719
74200 -11.186360833732218
74300 -9.558903536815228
74400 -9.103189160667673
74500 -9.275406161904668
74600 -9.40460586660387
74700 -9.414064758900656
74800 -11.130417418394869
74900 -10.1339515350358
75000 -11.645485015681794
75100 -12.709041876215279
75200 -10.63567322864295
75300 -12.024395635501426
75400 -9.783714359702548
75500 -10.310652934916844
75600 -10.103576317355321
75700 -9.12994937070636
75800 -8.591271139908951
75900 -8.12605368348238
76000 -11.117802592857396
76100 -12.08476589783311
76200 -12.213428713180372
76300 -9.508617718407118
76400 -8.979157814455515
76500 -9.70253463680802
76600 -9.839629565342532
76700 -10.197831153905913
76800 -7.893366678049159
76900 -9.014921783947125
77000 -10.554322709542971
77100 -13.509799604008256
77200 -10.823150157341457
77300 -10.996446922030612
77400 -8.597534718751104
77500 -7.472876402065965
77600 -7.416996784550431
77700 -9.7297883059432
77800 -9.652862655618183
77900 -8.960539115079916
78000 -10.151085439535729
78100 -8.74250882197357
78200 -6.286636866229068
78300 -7.69849461188298
78400 -8.822737816743599
78500 -12.270865856239736
78600 -11.589461629507404
78700 -11.777581682846133
78800 -10.620002790831055
78900 -10.477769190140672
79000 -10.154905960166579
79100 -9.487562567471096
79200 -9.33972637800124
79300 -11.756016361633721
79400 -9.720600572815439
79500 -9.588766846972094
79600 -9.188823149744229
79700 -9.365922163293565
79800 -9.297926316812779
79900 -11.96352045925437
80000 -11.878080386843486
80100 -10.074809502748424
80200 -10.147282804949677
80300 -10.311734622493217
80400 -9.864581475868125
80500 -9.24489041222972
80600 -9.380323275653733
80700 -11.63831949795044
80800 -11.195130036758883
80900 -11.195479395789077
81000 -10.696417382467088
81100 -9.784047511097254
81200 -9.092300656837876
81300 -10.069160564000896
81400 -9.420398442359998
81500 -11.798827065718616
81600 -12.546440678651477
81700 -10.307333418937004
81800 -7.413964413654176
81900 -8.209600178067474
82000 -8.758309540516468
82100 -10.471666982988415
82200 -11.300151979934736
82300 -9.436975110824362
82400 -8.420156257992241
82500 -7.910635156398712
82600 -7.963491613960684
82700 -8.942586141001009
82800 -8.555111583017974
82900 -10.664617283423746
83000 -11.770387397544674
83100 -16.16052150755741
83200 -13.0111092310621
83300 -11.50638463281252
83400 -11.537245756261315
83500 -11.809870983730614
83600 -14.085288801433716
83700 -13.162771626952866
83800 -11.08116517841165
83900 -9.809537806041677
84000 -9.05934955232858
84100 -9.127806510822337
84200 -11.575268749424875
84300 -12.3379143874292
84400 -10.139773861088015
84500 -10.20682214304758
84600 -10.705187779940589
84700 -11.137870804825393
84800 -7.759477432567758
84900 -7.9010477514775035
85000 -9.516714901975941
85100 -9.724984686126216
85200 -8.557767362417522
85300 -10.282783674948499
85400 -10.24298959173236
85500 -11.099306557232822
85600 -10.304276502333758
85700 -12.942495657743631
85800 -11.953521016682432
85900 -10.462823828123982
86000 -11.065180874385504
86100 -8.850665862341495
86200 -8.354123049720256
86300 -7.701827398557987
86400 -11.383185516435935
86500 -10.97891201827
86600 -12.256956857409108
86700 -11.505710087016295
86800 -11.322641054715854
86900 -10.096285811030777
87000 -9.632908862578484
87100 -10.96635772718525
87200 -9.685498059655583
87300 -8.805064894049977
87400 -10.52068915327013
87500 -9.71208130568165
87600 -10.841292098984487
87700 -10.572806917697477
87800 -10.35938354522585
87900 -8.636135262084192
88000 -9.313066583217761
88100 -11.299652417488323
88200 -9.271780126271937
88300 -9.636484395021121
88400 -10.769911591099596
88500 -9.171196037987523
88600 -8.891650373988218
88700 -10.249689778193414
88800 -11.00092907222737
88900 -11.414782536969968
89000 -10.665169862646348
89100 -9.899634224277886
89200 -10.643457899964293
89300 -11.252443814474809
89400 -13.016286526209738
89500 -12.123701104971628
89600 -11.151869595538466
89700 -11.15175499978753
89800 -11.148875725385128
89900 -9.168301242053566
90000 -10.98087561661738
90100 -11.818369361700952
90200 -10.422467900170963
90300 -12.041045778622134
90400 -12.133676762644985
90500 -10.039359564453571
90600 -11.434814406880994
90700 -11.285468498327369
90800 -11.268751914071549
90900 -11.168856670628314
91000 -7.708122136637174
91100 -10.106683066398677
91200 -9.787489530938846
91300 -10.216938691475058
91400 -11.758875734902917
91500 -12.574343234785369
91600 -11.006817329553492
91700 -11.31863671339566
91800 -8.936369673350843
91900 -10.555558537519769
92000 -8.896752310823828
92100 -8.478236424573003
92200 -9.70200072767288
92300 -9.509053754135836
92400 -9.486995128452254
92500 -9.78568006257216
92600 -11.974381224083654
92700 -11.895833933483742
92800 -11.246308582138747
92900 -11.364936546439292
93000 -10.209231621492421
93100 -9.705641041580309
93200 -10.470611888136066
93300 -12.184200974126432
93400 -11.863151271606334
93500 -11.16407701031013
93600 -11.493872879658575
93700 -11.023926803127782
93800 -12.597998611179174
93900 -9.077456867455167
94000 -10.56964236462938
94100 -10.866177174914501
94200 -10.468596186486453
94300 -9.85252369410991
94400 -9.548886146480667
94500 -9.719719037499031
94600 -9.763860656975144
94700 -9.248023400371109
94800 -7.807804821881912
94900 -9.031831978313402
95000 -10.426031832272344
95100 -11.837365218497157
95200 -10.143652445945257
95300 -9.586213335280556
95400 -9.034531180632294
95500 -9.170310104286164
95600 -9.212512559161919
95700 -9.81329729571342
95800 -10.891327465619627
95900 -9.48678858200211
96000 -11.134657822386583
96100 -11.079350691593614
96200 -10.433773221154159
96300 -11.575436011186445
96400 -9.216216782919405
96500 -11.077941439893824
96600 -8.469667013893888
96700 -8.643411915467697
96800 -9.20450899281505
96900 -10.532262298246613
97000 -7.833094056834489
97100 -9.425742540475879
97200 -7.885319688624144
97300 -7.246542504443839
97400 -10.257015717379591
97500 -8.90671839908505
97600 -9.1640795077421
97700 -7.451791006675203
97800 -9.61300369354278
97900 -10.042017836924732
98000 -11.524640990580002
98100 -11.055197498163492
98200 -9.26666179861159
98300 -8.986735918596576
98400 -10.809441420785184
98500 -10.706389020539044
98600 -12.01194207056886
98700 -10.363831421384061
98800 -8.84020683951115
98900 -10.448453083892177
99000 -11.243368488820874
99100 -10.66497483140407
99200 -8.567090772809383
99300 -10.250584054054482
99400 -11.551174622635582
99500 -11.634461545716194
99600 -10.059366310338653
99700 -10.345682877374134
99800 -11.482428054254443
99900 -9.233210218190479
100000 -7.445728582069128
100100 -9.363584836187796
100200 -10.59099706505752
100300 -8.52004272953687
100400 -7.308641719687779
100500 -9.042829966757452
100600 -9.967872771905757
100700 -11.997136273611146
100800 -10.368900012031352
100900 -11.075613521697043
101000 -8.429318350166763
101100 -10.345866679471621
101200 -9.99293670963941
101300 -11.92609169538157
101400 -9.813619211979255
101500 -9.324120048896413
101600 -10.13839502744182
101700 -8.704997518089025
101800 -9.255152164923159
101900 -9.52984384202885
102000 -8.03026660178633
102100 -8.409071427365387
102200 -9.624777129935067
102300 -12.580054004000546
102400 -11.791691935891373
102500 -10.84990836799602
102600 -8.856194130451433
102700 -10.429799054971236
102800 -12.020674693779359
102900 -10.544535792329471
103000 -12.516171277206233
103100 -11.081046175887268
103200 -10.758218935284637
103300 -9.32787671116691
103400 -10.956408796542947
103500 -12.229380154051693
103600 -12.746877200990253
103700 -11.755261207355709
103800 -11.749513935323286
103900 -11.462260086571982
104000 -13.699627426742664
104100 -10.053238173920143
104200 -8.94679420358665
104300 -9.99549560368175
104400 -8.611521144669682
104500 -10.128264598806732
104600 -9.950710253585255
104700 -8.621687148274077
104800 -8.90166410759436
104900 -9.132500764537262
105000 -11.836411840245495
105100 -9.908594919183443
105200 -8.014898141652807
105300 -9.915724408152004
105400 -11.821094579592138
105500 -11.191707977075364
105600 -10.045362186584189
105700 -10.334805070981698
105800 -10.100916067897776
105900 -8.884526517864378
106000 -8.412570960132868
106100 -8.998090598260067
106200 -9.462275385411635
106300 -10.432322627847324
106400 -10.076514600023163
106500 -8.470400135079158
106600 -11.232558103098427
106700 -8.006699389243355
106800 -8.391993645460373
106900 -7.737667607621965
107000 -9.223701919624483
107100 -9.216955255226821
107200 -10.586416867425566
107300 -10.921679374976646
107400 -9.45794124976124
107500 -7.84609903434004
107600 -8.66478480184435
107700 -8.890201712460634
107800 -10.323655009862138
107900 -9.35265003138691
108000 -9.910666348688702
108100 -10.6184260679745
108200 -12.031549861947461
108300 -11.919710796166674
108400 -11.106709789454046
108500 -12.641855722809634
108600 -9.800893765290509
108700 -11.480245081175507
108800 -10.37566775880049
108900 -9.642191996245751
109000 -11.051730560194526
109100 -10.037793594339524
109200 -9.183456716529781
109300 -8.672493139923885
109400 -11.412606322793092
109500 -9.226608480708295
109600 -11.25244777197369
109700 -10.998983976237241
109800 -8.926478441565584
109900 -10.943839450143052
110000 -9.698151024255823
110100 -8.61434354665306
110200 -10.228204902396637
110300 -11.181443879229217
110400 -12.344127144605256
110500 -8.862602071677456
110600 -11.465020781834712
110700 -13.569084804449071
110800 -10.975105908476163
110900 -9.2129978979394
111000 -10.864615991313944
111100 -11.539508029237048
111200 -10.732156798381109
111300 -8.723510865324249
111400 -8.129035363770688
111500 -7.33393305262997
111600 -11.044765313619829
111700 -11.682406546842522
111800 -10.150138522365063
111900 -10.193626090841965
112000 -10.616887024403932
112100 -10.13423328775365
112200 -10.604032098924288
112300 -11.54067482290155
112400 -12.923644805610468
112500 -12.094894166619511
112600 -10.875979200692228
112700 -11.495663297244537
112800 -11.391311588670264
112900 -11.444007666870585
113000 -10.069680189047231
113100 -8.988112507484228
113200 -11.147156382543892
113300 -9.851267117291833
113400 -9.244800375371156
113500 -10.51034819192303
113600 -11.353209245387385
113700 -10.150644334455011
113800 -8.883681636495064
113900 -10.530308338342433
114000 -11.789884124965099
114100 -10.094887193789564
114200 -11.105744946817632
114300 -10.466552933533729
114400 -12.156531248880919
114500 -12.079039614173574
114600 -10.124162336610265
114700 -8.801823898075266
114800 -7.889993633282153
114900 -9.075164509902738
115000 -8.939856752279466
115100 -10.895991548012505
115200 -10.91051509530532
115300 -11.243091416018663
115400 -9.583465566187185
115500 -9.759231422556095
115600 -11.818002493679387
115700 -11.222649856868225
115800 -11.230918068307991
115900 -10.282566678911937
116000 -10.469159248261526
116100 -10.77559042166067
116200 -8.173319859959825
116300 -9.657000354138907
116400 -10.549029787637645
116500 -11.535936501460407
116600 -10.501480968901674
116700 -11.310401291230097
116800 -9.769071228839843
116900 -9.939905201646159
117000 -9.33642425098888
117100 -9.100077044949384
117200 -11.358064501163675
117300 -12.207225942977747
117400 -11.119171168921767
117500 -13.06967720686464
117600 -13.275718785589829
117700 -13.160688031445632
117800 -12.327705904307363
117900 -11.10066935397369
118000 -9.955837393786153
118100 -7.3812509812532525
118200 -9.602433867676108
118300 -11.935682520317519
118400 -10.167691869004566
118500 -8.733208009375733
118600 -10.128004038633131
118700 -9.582153385531589
118800 -9.05870999453746
118900 -10.163111999500703
119000 -10.251788827087585
119100 -10.495632975958314
119200 -9.959233986192583
119300 -11.956609904123503
119400 -11.088616095569922
119500 -10.167641497100396
119600 -9.982673922049399
119700 -9.894715383359346
119800 -12.416468445154514
119900 -8.724116870893253
120000 -10.090639653380642
120100 -9.473937375277558
120200 -9.180577525713831
120300 -8.087298854093506
120400 -8.712046378657035
120500 -9.809602203880154
120600 -10.650251942529879
120700 -12.386990758321414
120800 -8.834683700809668
120900 -8.386867214913948
121000 -10.208702437557315
121100 -10.447128152308657
121200 -9.538457555444097
121300 -9.32570642830851
121400 -11.815871937330536
121500 -9.21641798573384
121600 -9.670735123313154
121700 -10.22467362164805
121800 -9.914549197933397
121900 -9.772660093343635
122000 -10.919305667707468
122100 -10.990402096794792
122200 -10.404957422505236
122300 -11.45652160922457
122400 -10.681425826154426
122500 -11.943212316711717
122600 -11.6181962745993
122700 -10.240876872088512
122800 -9.192686888992032
122900 -9.903736661720943
123000 -9.415239805228174
123100 -9.505142624542076
123200 -10.152185715408338
123300 -10.892959718069543
123400 -10.603038252177068
123500 -10.977957364376403
123600 -11.721058450182923
123700 -12.206577490197068
123800 -12.394109458529032
123900 -9.848575429657018
124000 -10.916342432652009
124100 -8.708532919573537
124200 -10.063332133821822
124300 -9.542402000375725
124400 -11.737165425616823
124500 -13.48511095497199
124600 -11.905374299979991
124700 -12.645688395220764
124800 -10.45234637236703
124900 -10.330238198250017
125000 -9.304479772045328
125100 -8.057113475055976
125200 -9.367426535778788
125300 -10.767171368920941
125400 -11.017208770565556
125500 -9.649791262634574
125600 -10.528106707857928
125700 -11.273190843649006
125800 -10.167409183517496
125900 -10.106551640436399
126000 -9.71052525303994
126100 -8.694792879066355
126200 -10.389313715505743
126300 -9.79409767419163
126400 -9.375417238963935
126500 -10.128933089783157
126600 -9.684363628782746
126700 -9.87897587945283
126800 -9.59654569609444
126900 -9.007612870060168
127000 -9.491406520066926
127100 -8.847582721876886
127200 -9.5455662442017
127300 -10.753876958434352
127400 -9.512376145911716
127500 -10.922302396521285
127600 -10.965287652935446
127700 -10.610315195521583
127800 -12.600260891715957
127900 -12.242277523767676
128000 -12.866465852502614
128100 -9.713885452898687
128200 -10.945879498100537
128300 -11.139605277780895
128400 -8.63840128347026
128500 -8.735060685495762
128600 -10.983021209058542
128700 -10.758408385586645
128800 -11.360121867893048
128900 -11.773040140748115
129000 -12.18805550842233
129100 -12.110061530817786
129200 -12.289275126846247
129300 -9.743041238342824
129400 -10.627060696673833
129500 -8.872856214800514
129600 -10.501235645845101
129700 -9.579929589048096
129800 -11.18897777130363
129900 -11.546280038499436
130000 -11.423221821136444
130100 -11.130494866707096
130200 -10.466455324874804
130300 -10.67447013486963
130400 -11.150270600241225
130500 -11.404342187477964
130600 -10.627488029062272
130700 -9.624347196187125
130800 -9.793577720636305
130900 -12.408035107726262
131000 -12.214641223397516
131100 -12.123174405103008
131200 -11.816047203002359
131300 -11.151027023493567
131400 -10.470637436652844
131500 -10.048050656834336
131600 -6.841104532025977
131700 -9.231206821453213
131800 -10.152110223485742
131900 -8.055336444389878
132000 -8.416287577044333
132100 -8.485763778491608
132200 -8.665603579446534
132300 -8.643097102818777
132400 -7.899876428432707
132500 -9.993883108451561
132600 -12.85660059482741
132700 -11.879220195085614
132800 -11.567096896491687
132900 -10.376023437769142
133000 -11.82708657870674
133100 -10.223748573986363
133200 -10.02819115537343
133300 -11.596549154756856
133400 -12.087560989014111
133500 -12.305084124750504
133600 -14.238108202925355
133700 -11.820938460155892
133800 -10.242878352169686
133900 -7.877012944867331
134000 -10.526674582328177
134100 -10.398231668879292
134200 -12.272452704186898
134300 -12.552992331887825
134400 -12.75564292524117
134500 -10.857703267554736
134600 -12.176267949016056
134700 -8.981942030450165
134800 -11.127687607845427
134900 -11.183855125367334
135000 -11.44830637097317
135100 -11.470666941459386
135200 -13.305517014043012
135300 -10.625732432097864
135400 -9.874435294913269
135500 -9.577686230074052
135600 -10.1742890250162
135700 -10.922963293264653
135800 -9.893527944736263
135900 -11.685723999357457
136000 -12.220221205252251
136100 -12.08722781245639
136200 -10.177834012995193
136300 -11.179668162968719
136400 -11.9442710569903
136500 -11.844701896689953
136600 -10.072503686788902
136700 -10.668509180530515
136800 -10.359352392662029
136900 -10.11412548882024
137000 -10.619532387366238
137100 -10.791459295243815
137200 -11.418772058006432
137300 -11.760686328764066
137400 -9.862860209197732
137500 -8.748859467838226
137600 -9.77518614908891
137700 -7.469197003437811
137800 -9.656262334541497
137900 -11.19752141739082
138000 -10.106667180394902
138100 -11.130280320620345
138200 -11.368292235678156
138300 -10.559480416849391
138400 -11.444490925977126
138500 -10.017528952220122
138600 -9.103602314089919
138700 -10.850382417261176
138800 -11.126549511921509
138900 -12.43517461829002
139000 -10.439930516202013
139100 -11.55027989114887
139200 -11.649524774454541
139300 -10.657348033579693
139400 -11.425012817159832
139500 -9.85078716924256
139600 -10.0847609853575
139700 -9.559541008865333
139800 -11.359742201261643
139900 -10.190070578819046
140000 -10.37814357074428
140100 -10.924481515256453
140200 -8.25900147906475
140300 -10.379688966978637
140400 -11.471310786245803
140500 -10.318526435488687
140600 -10.008609478752541
140700 -10.777983001940916
140800 -11.876301820931554
140900 -12.91582139652991
141000 -11.915062446433838
141100 -10.68941955346393
141200 -10.134238832505329
141300 -11.008768785538686
141400 -11.970454787646485
141500 -10.041931733655478
141600 -10.629063007574583
141700 -10.330722048818592
141800 -11.754427040356328
141900 -13.224110985570103
142000 -10.125550425195328
142100 -10.25437489086914
142200 -12.283003875477988
142300 -11.037915682280442
142400 -11.27072255954362
142500 -9.832906726280626
142600 -9.599620237714152
142700 -11.77456926331821
142800 -12.006436635122148
142900 -10.107394216208315
143000 -8.88260381677432
143100 -11.41221018004217
143200 -11.170636357400463
143300 -11.684803150037594
143400 -10.71845668589396
143500 -10.63314282112324
143600 -10.838904463287887
143700 -8.654202778247605
143800 -8.63390652656454
143900 -11.010110506540979
144000 -10.389871516891624
144100 -11.316107635560673
144200 -10.777933016567044
144300 -8.521920858865538
144400 -11.58401451678289
144500 -8.904604500772919
144600 -8.456556392087654
144700 -10.463225880694706
144800 -10.203031377950916
144900 -9.853685662520688
145000 -9.098296614922237
145100 -7.41563432744944
145200 -10.78976419961257
145300 -12.255190154647368
145400 -12.148209727787819
145500 -10.538276723553802
145600 -10.636531817758787
145700 -10.428695129804382
145800 -9.407940756162366
145900 -11.272386692178566
146000 -10.992689161604584
146100 -11.85409529310714
146200 -10.244958335408828
146300 -9.191432868198758
146400 -10.165856550812878
146500 -8.848615747456291
146600 -10.75093672693511
146700 -9.647687114907376
146800 -9.768408498149752
146900 -10.348793947386678
147000 -9.726697593493089
147100 -8.624774352258067
147200 -8.307812507500678
147300 -11.925096942655456
147400 -11.689828091214874
147500 -12.707391832509947
147600 -9.829008751022256
147700 -8.884985311235646
147800 -10.080826920563284
147900 -8.243365932966965
148000 -12.515720486428872
148100 -10.300340571464796
148200 -8.95237791564126
148300 -8.597855779533147
148400 -7.92014996504085
148500 -7.892818523187518
148600 -11.608686658699504
148700 -11.864051486157814
148800 -11.736100987787985
148900 -10.44657136198286
149000 -10.65874623601103
149100 -11.453806115764342
149200 -11.915126782491862
149300 -11.186121375655457
149400 -12.98093578776104
149500 -12.512354141315088
149600 -12.6880590559978
149700 -11.847587843137866
149800 -9.95385046559239
149900 -11.236339580728403
150000 -11.72205828849227
150100 -10.423130982854754
150200 -8.730520117617017
150300 -9.577217032750294
150400 -10.008873963128966
150500 -13.011054072404438
150600 -10.759197825411434
150700 -9.785780658049275
150800 -9.994508585996574
150900 -9.477832854627101
151000 -10.297709153999264
151100 -8.642746933650065
151200 -9.897968455122784
151300 -10.361627490071367
151400 -10.679112362643885
151500 -10.372443445256106
151600 -10.206142673134668
151700 -10.347125260185823
151800 -10.503247808245638
151900 -8.926634268815839
152000 -11.228870839997326
152100 -9.20509193359647
152200 -10.346250060772922
152300 -10.143735011643159
152400 -8.983144717378053
152500 -8.686355506413946
152600 -10.152383484760081
152700 -10.04192031976234
152800 -8.920605399531123
152900 -9.106830008723252
153000 -10.27180066198382
153100 -10.280870090501432
153200 -12.426105003264475
153300 -13.350578122303467
153400 -10.816049513609975
153500 -11.802993164124802
153600 -10.825970296112782
153700 -9.212647530346935
153800 -10.549374834158174
153900 -11.887416759649154
154000 -11.976213244692106
154100 -10.13313206638276
154200 -10.11197284661778
154300 -9.89019526603886
154400 -10.128408169305086
154500 -11.141032517263252
154600 -10.602846500290616
154700 -12.344441676178521
154800 -11.87468900248296
154900 -10.545045212305059
155000 -10.71862653799348
155100 -11.731462170419878
155200 -10.323283734681375
155300 -12.085967372624063
155400 -11.210361876324319
155500 -10.435190889833228
155600 -12.695080251256494
155700 -13.408569670269838
155800 -11.630481141102699
155900 -10.567800149774074
156000 -9.917215255276654
156100 -7.073285103117635
156200 -9.472527961491027
156300 -10.918945370933159
156400 -9.2823257995483
156500 -9.066936684396318
156600 -8.581708032587173
156700 -10.419986463492608
156800 -10.502534256316611
156900 -10.74404852066421
157000 -11.520263497508893
157100 -11.83015444010836
157200 -9.173182129987225
157300 -9.036662556192685
157400 -10.649160571616603
157500 -9.758454561384665
157600 -12.019000573419557
157700 -10.60373150104584
157800 -11.030118239653364
157900 -10.592981843258414
158000 -12.74262503242273
158100 -11.02131996410103
158200 -9.997936437580966
158300 -9.62270234060833
158400 -11.203917494696485
158500 -10.721580960438585
158600 -11.011311037372234
158700 -8.908544818397127
158800 -11.069913912930113
158900 -10.13760854446349
159000 -11.67956296810665
159100 -10.870727980913413
159200 -11.242692975148138
159300 -10.698411534772927
159400 -11.399019662833965
159500 -11.40004923155408
159600 -7.809608186113661
159700 -8.455466657050971
159800 -10.083859810865624
159900 -11.807266360353152
160000 -11.315083688246322
160100 -8.954535525539722
160200 -9.984024852235743
160300 -11.363530162026702
160400 -10.088531397911671
160500 -7.88336474384354
160600 -9.830184129853796
160700 -11.975234863401989
160800 -11.685295749098252
160900 -12.335270527104322
161000 -11.854017396134484
161100 -10.037713530843641
161200 -10.196888946890294
161300 -11.274319288181148
161400 -12.009433071634467
161500 -9.495909355760839
161600 -9.491215468845443
161700 -9.038003438505969
161800 -10.13297379206462
161900 -10.001873311355315
162000 -10.992329589849717
162100 -11.67444929390776
162200 -11.404188347944782
162300 -13.111269893735985
162400 -10.220839097437379
162500 -8.483419499757922
162600 -10.144494926899274
162700 -8.508207622489287
162800 -9.34622841427561
162900 -8.99755245680819
163000 -8.347192946224911
163100 -11.807645290156556
163200 -10.951036009294738
163300 -8.905993541485374
163400 -9.894012219621333
163500 -9.704745298018995
163600 -7.551411189129023
163700 -10.010410194828145
163800 -10.971619348924659
163900 -9.528680174118241
164000 -11.288143552971512
164100 -11.617755024649142
164200 -11.876273213258798
164300 -8.911303628817324
164400 -8.007601646856198
164500 -9.3775917805467
164600 -9.829753793996947
164700 -9.528737218731058
164800 -9.40805009347459
164900 -11.320319275092206
165000 -11.925040173816386
165100 -12.198337665041818
165200 -9.545988940426334
165300 -9.102478419548406
165400 -10.064981207382472
165500 -9.02933981914084
165600 -11.932584297396044
165700 -11.52288774395924
165800 -9.108287463703714
165900 -11.286518931787873
166000 -10.532973111736467
166100 -9.64035008255946
166200 -9.96144122133137
166300 -10.491629033631193
166400 -9.237735258805186
166500 -10.637742488770616
166600 -10.441084783451664
166700 -11.075881461965162
166800 -11.283763521314688
166900 -10.03812376030559
167000 -9.262555847018275
167100 -10.245098366432387
167200 -9.386447416217443
167300 -12.588956084295152
167400 -14.532568479141238
167500 -15.820609886847642
167600 -15.970689454757101
167700 -14.154724728485556
167800 -12.341708774310735
167900 -12.02567638219127
168000 -12.62684869653526
168100 -10.060634848704188
168200 -9.470828257908302
168300 -10.496980367061019
168400 -9.623961652449955
168500 -10.258375318666324
168600 -8.699989717059049
168700 -11.763909160529941
168800 -9.659803045068175
168900 -11.368423061337225
169000 -11.919424894936629
169100 -11.328848191834062
169200 -10.013243839086245
169300 -10.705839193730835
169400 -10.702298885831832
169500 -9.960444391916349
169600 -12.940557026593368
169700 -10.654066317036158
169800 -8.102603445602846
169900 -9.430630498492096
170000 -10.194802110477783
170100 -9.66186656685276
170200 -10.412561636585876
170300 -10.27194881083936
170400 -9.756144937859327
170500 -8.695485038398239
170600 -11.032169753652296
170700 -11.308328114432157
170800 -9.873775204493368
170900 -11.059519250493981
171000 -9.680456586970445
171100 -9.853429159032462
171200 -9.14268970706326
171300 -9.875041823678927
171400 -10.190628548126746
171500 -11.439190423793773
171600 -10.669546516043503
171700 -11.922318310852585
171800 -10.530711145248633
171900 -9.112684101594162
172000 -9.867825099179868
172100 -8.167456705935745
172200 -10.136254291116206
172300 -9.24843957887879
172400 -11.31332624832792
172500 -10.145160000957834
172600 -10.716826994750061
172700 -9.119977746428637
172800 -10.990585320277583
172900 -9.502372118329388
173000 -10.16005439065651
173100 -12.10974246362441
173200 -10.086493221912336
173300 -8.78713814714835
173400 -10.569743436487324
173500 -12.136778910675641
173600 -11.543714562409503
173700 -10.781680928058186
173800 -8.797065187680523
173900 -10.642092119553654
174000 -8.865029988311159
174100 -8.312970866360283
174200 -10.311471666891979
174300 -8.979864247440112
174400 -10.59636138204721
174500 -10.552166057980852
174600 -9.870536618827485
174700 -8.372245766575713
174800 -8.010683562017498
174900 -9.109049439142863
175000 -10.194820921945905
175100 -8.34164488458607
175200 -8.647096667139378
175300 -10.33769979135668
175400 -9.642231806685093
175500 -10.886701214443992
175600 -8.560278789052276
175700 -8.653605389023722
175800 -11.349660363014339
175900 -9.388090632519996
176000 -11.736253447485577
176100 -11.923334021964964
176200 -10.71342088708741
176300 -11.301312315763004
176400 -12.511169839852679
176500 -11.775868518712993
176600 -13.411209212099315
176700 -11.6145006030454
176800 -10.8233742220246
176900 -10.667861247392596
177000 -11.073104685553313
177100 -12.357434673596405
177200 -9.886498456967953
177300 -9.797013461779441
177400 -8.9027392302845
177500 -9.940307118318524
177600 -11.680760534362866
177700 -10.197290113182872
177800 -10.578720449927502
177900 -10.699925339617108
178000 -9.044097414442072
178100 -9.095291387974598
178200 -8.896309523548846
178300 -9.926368220576347
178400 -9.842340741765835
178500 -9.312602165550787
178600 -10.573793502299246
178700 -9.346254907559977
178800 -9.702726748298492
178900 -9.775274744451602
179000 -9.126569458183603
179100 -8.251058181943144
179200 -9.103159509754539
179300 -11.024365500516277
179400 -9.960526020913585
179500 -9.945990225800704
179600 -9.866884955627977
179700 -9.291619255914636
179800 -9.649477425365577
179900 -9.56930814069522
180000 -11.932593847685842
180100 -11.490673959694762
180200 -11.782135515701338
180300 -11.453317310853608
180400 -11.123549880778707
180500 -11.821501558577669
180600 -10.875291145279352
180700 -9.238070822728655
180800 -10.390218000692128
180900 -9.513407184260002
181000 -8.66419791498373
181100 -7.618547171027958
181200 -10.905550313727256
181300 -11.418447148150278
181400 -10.224729361550283
181500 -11.864576729424165
181600 -9.974060955989756
181700 -10.852100448055513
181800 -8.646505551168
181900 -8.838230499844585
182000 -9.26008903105792
182100 -9.857463394001305
182200 -12.452390936989163
182300 -11.68809148701746
182400 -12.773003350787418
182500 -11.517008342619953
182600 -9.69164283015253
182700 -10.336250220322686
182800 -10.07473164328853
182900 -10.27282930206965
183000 -11.03894701022098
183100 -12.242370976811001
183200 -9.816026763060925
183300 -9.933325501163697
183400 -11.619322824630206
183500 -9.276890987720623
183600 -12.01295441307203
183700 -13.347564536249509
183800 -13.014931953404252
183900 -11.638662050388552
184000 -9.846054154864493
184100 -9.731261614489439
184200 -9.476229477607903
184300 -10.968289930484017
184400 -9.747962094431879
184500 -11.622152626901336
184600 -11.037382840289073
184700 -10.437642415240493
184800 -10.975382470463696
184900 -11.171336458503971
185000 -10.6068900228606
185100 -8.765247584450176
185200 -10.365337136669684
185300 -9.658534777108544
185400 -9.295349038271638
185500 -10.44874164819473
185600 -9.122520328477785
185700 -9.639961681339162
185800 -9.174235571228284
185900 -8.521771302499735
186000 -9.574911303707783
186100 -9.235524285091957
186200 -7.036242881592198
186300 -9.811808258282989
186400 -9.271253380849265
186500 -9.565987936225524
186600 -10.528195930573517
186700 -9.64113975336161
186800 -11.279707311093434
186900 -9.164705491769322
187000 -11.16462265125223
187100 -10.816673285590609
187200 -10.202040185459065
187300 -12.103559702870731
187400 -12.24791444654409
187500 -10.908586109602966
187600 -9.93232509430231
187700 -10.35174914492237
187800 -10.119064753127526
187900 -10.317897040866843
188000 -9.727724421187313
188100 -9.294719107587186
188200 -8.373107936025017
188300 -12.7758090023381
188400 -10.130495485287407
188500 -10.747788875739243
188600 -10.747247654233322
188700 -11.30679886927051
188800 -11.494445914895106
188900 -12.310083314879881
189000 -11.525910067140575
189100 -12.552077180831354
189200 -12.105924582384377
189300 -11.587313694798965
189400 -6.902036625757421
189500 -7.966437158407716
189600 -10.507225713228344
189700 -11.011377869607283
189800 -10.849654937954273
189900 -11.345216363956139
190000 -13.288306411537086
190100 -12.008281128565235
190200 -10.092603133990648
190300 -10.13513908717144
190400 -9.97187716236094
190500 -10.166142881402177
190600 -11.615304344240139
190700 -12.359088843925887
190800 -11.06442030618648
190900 -10.893728304218483
191000 -9.805552087562434
191100 -10.497033318534331
191200 -10.345205260309852
191300 -8.863858223584895
191400 -10.030163304847896
191500 -10.459284961856365
191600 -9.48136484138904
191700 -10.43176628931723
191800 -10.887999150193815
191900 -9.430444676441855
192000 -9.31878009746307
192100 -9.672216687566147
192200 -10.363183272555702
192300 -10.132591515217582
192400 -10.073324784866132
192500 -10.53000367355803
192600 -11.186562319535462
192700 -11.325737001033398
192800 -9.53175370947272
192900 -11.285808347131969
193000 -10.601833984153094
193100 -9.575232967114681
193200 -8.822952223545236
193300 -9.410977114168182
193400 -8.778001491362176
193500 -10.740246593354499
193600 -9.655891555340395
193700 -9.949987909581505
193800 -10.307543195144671
193900 -11.018372841196115
194000 -11.79135580018592
194100 -8.435614951466153
194200 -6.329764114741657
194300 -10.07857951412431
194400 -11.98027128499312
194500 -9.384901772473278
194600 -11.098945210674884
194700 -11.809466733847186
194800 -8.995708599033598
194900 -10.129383739950857
195000 -11.952874994041904
195100 -11.141175285906922
195200 -9.61097064458856
195300 -10.191265994023162
195400 -12.653633020067463
195500 -11.445687635051636
195600 -11.435108755679117
195700 -11.308499903661072
195800 -11.379344644714218
195900 -11.064204213811696
196000 -11.396625972336285
196100 -9.096302594529138
196200 -11.728272583846097
196300 -12.335064832663884
196400 -10.989798596216446
196500 -10.564389932033372
196600 -9.635831630781176
196700 -14.084830913744373
196800 -14.168711213992111
196900 -12.152780316146403
197000 -9.991700842607182
197100 -11.01858976565444
197200 -11.053311220694354
197300 -11.775432716031377
197400 -12.281699818435525
197500 -11.35118415732785
197600 -10.667090114263749
197700 -11.362412772355807
197800 -8.832067089518672
197900 -10.653833594164288
198000 -11.251215190211068
198100 -9.632448431234172
198200 -9.544426051466278
198300 -10.137766017273734
198400 -9.834028227127856
198500 -10.763169730427348
198600 -9.576962575104263
198700 -9.911329022871152
198800 -10.115081878538131
198900 -11.345162652531894
199000 -10.05169090041803
199100 -10.738855192307737
199200 -13.50203465831521
199300 -14.189170822660625
199400 -11.191167287626213
199500 -9.789401213418595
199600 -10.816510439597916
199700 -10.945263236925163
199800 -10.845407083218358
199900 -10.196138766258217
200000 -8.586774715320976
