# Model = symNN.pyTorch.(3)-10-8x8-(9)
# Num weights = 1062
# Learning rate = 0.001
# Env random seed = 113
# Start time: 01-09-2021(18:04)
100 -19.5290238834407
200 -19.248726523239654
300 -18.042191025526602
400 -16.94277827296338
500 -16.311486541761806
600 -15.205415208716282
700 -14.357668091775732
800 -12.762768597710387
900 -10.5388626093704
1000 -10.17266164681973
1100 -12.06134317542093
1200 -10.600701539308977
1300 -10.274891315552399
1400 -11.341355041961634
1500 -10.640310550319022
1600 -10.38453063878085
1700 -11.473131744162222
1800 -9.022575129593992
1900 -8.086543104908474
2000 -9.636478276913929
2100 -10.71267798218819
2200 -10.552439982394267
2300 -11.180831648483325
2400 -10.223748743432685
2500 -10.18148290326259
2600 -9.871606916445364
2700 -10.045310847401439
2800 -9.591814776556776
2900 -10.750272509634947
3000 -10.369701302977841
3100 -9.414334843105902
3200 -10.935400721256043
3300 -9.303191250817232
3400 -11.58732003099478
3500 -13.282037661077476
3600 -10.987910124815798
3700 -9.095236711916538
3800 -7.29408366027923
3900 -8.425385606226097
4000 -9.325151219011817
4100 -9.963644840011524
4200 -9.771520002445337
4300 -11.07317684549342
4400 -10.391587903737294
4500 -10.518246771937386
4600 -8.723992727731073
4700 -9.309959677328203
4800 -9.322236150756366
4900 -8.588076431903849
5000 -10.554294908999616
5100 -12.79646201369295
5200 -12.628264227735148
5300 -12.459605459582397
5400 -12.206218501732815
5500 -12.115218651387332
5600 -9.803701062538869
5700 -12.008955730861691
5800 -9.94610391355276
5900 -9.14994712076541
6000 -9.881707553146663
6100 -12.529062426938138
6200 -11.946979608569016
6300 -11.519139317308868
6400 -11.588657841363982
6500 -11.702938634973975
6600 -10.637016400035648
6700 -10.44324761153069
6800 -9.356425618766885
6900 -10.116937499709573
7000 -9.828423455775473
7100 -10.85144158289905
7200 -10.714479463267496
7300 -10.350901006773194
7400 -11.566262307987406
7500 -10.96278569261335
7600 -11.119587246116858
7700 -10.870501789840164
7800 -10.616149307159585
7900 -10.241712459251039
8000 -9.988416005709349
8100 -10.362950801771635
8200 -8.74214400098224
8300 -8.344177868207204
8400 -10.767738516492964
8500 -11.864955943824294
8600 -11.844296255788466
8700 -11.010382264200505
8800 -12.324414640761042
8900 -12.306782160706518
9000 -11.090641598454479
9100 -7.578755799418463
9200 -7.955952108655125
9300 -9.141989099127025
9400 -8.564298265127826
9500 -11.772076364626209
9600 -11.091615246656904
9700 -12.16670593246066
9800 -11.499519932295197
9900 -10.253899982460158
10000 -10.664823559732188
10100 -10.583609320814933
10200 -7.5213770482606765
10300 -9.326883993256274
10400 -6.220085935381172
10500 -8.698203479355264
10600 -9.222061852754516
10700 -10.25118004211897
10800 -11.681988180500177
10900 -11.38779230915207
11000 -10.040185296187865
11100 -6.182330860138142
11200 -8.171625337637657
11300 -10.885308685662846
11400 -9.850422333542546
11500 -7.15341830104461
11600 -8.600432232263715
11700 -9.925239485687493
11800 -10.573583277726666
11900 -12.527514856795078
12000 -11.528759785631603
12100 -9.775037937904878
12200 -12.933274308364494
12300 -10.70527889542722
12400 -9.609044724278151
12500 -7.599581102388152
12600 -8.456294139428527
12700 -9.239407823208447
12800 -9.686523987755994
12900 -9.79663569336491
13000 -9.348117139248506
13100 -9.343905688277749
13200 -9.840044294575335
13300 -8.931817716569304
13400 -10.239788687059317
13500 -9.82525884890808
13600 -12.139456928253281
13700 -9.764262875609882
13800 -11.33017878608435
13900 -11.496539933024696
14000 -9.462583952786252
14100 -11.203267473719952
14200 -10.230401917338016
14300 -10.312015665788559
14400 -8.926355460216802
14500 -10.568176232524454
14600 -11.028857500000349
14700 -8.947303016203449
14800 -10.316171025152906
14900 -11.011952165752342
15000 -12.570695242948048
15100 -10.20340570058845
15200 -11.679551316970791
15300 -10.13338698780828
15400 -10.4379346181903
15500 -12.178914936420558
15600 -10.495431776869468
15700 -10.218736323558714
15800 -9.715867740103125
15900 -10.562519876766652
16000 -11.453825304176515
16100 -8.369861843777015
16200 -10.993659015925163
16300 -10.66707918751385
16400 -10.184670736099706
16500 -9.414812744268382
16600 -11.208130206568386
16700 -9.031508426665157
16800 -7.032210068536137
16900 -7.480463044740416
17000 -7.575365083232167
17100 -5.80726647496422
17200 -7.889924981336816
17300 -8.992985962570486
17400 -8.544351565013686
17500 -12.593286119695273
17600 -11.171085580295061
17700 -10.758447375453258
17800 -9.550339757758804
17900 -10.997293174195503
18000 -9.568966752078053
18100 -10.811324578623978
18200 -12.159399347927382
18300 -10.907100281003322
18400 -9.148487081598402
18500 -10.60140794992128
18600 -9.77362289187281
18700 -7.947517174605242
18800 -10.786380485478107
18900 -8.493519170278438
19000 -9.363077977658708
19100 -9.572410052595002
19200 -9.715613668282305
19300 -10.466399901092046
19400 -9.561334306343612
19500 -8.782265759457255
19600 -8.185273012385741
19700 -10.328905478884932
19800 -10.784931354343117
19900 -9.982462917658648
20000 -10.388416604978499
20100 -12.054646940303913
20200 -11.71065312932695
20300 -12.030746147241272
20400 -9.621363889211175
20500 -11.357577921372545
20600 -13.238794347622179
20700 -12.48626877929339
20800 -12.235540053339824
20900 -9.768188313853447
21000 -8.048100699213474
21100 -9.773923773768027
21200 -9.32192505298712
21300 -11.11486342071038
21400 -10.694562353882844
21500 -10.353392903572539
21600 -9.45748679825269
21700 -9.719258991561526
21800 -10.699532755605834
21900 -10.079984410789509
22000 -8.150700193621708
22100 -7.445361757127309
22200 -5.663846970120753
22300 -6.832165409103599
22400 -4.671628046434203
22500 -5.726303070862979
22600 -7.574685389049758
22700 -3.9791795478801673
22800 -5.159241349103582
22900 -4.758866362680287
23000 -4.688128302521692
23100 -5.05956361018792
23200 -2.3420566563427987
23300 -2.8892069839979193
23400 -0.675242928057677
23500 -3.5758166682791823
23600 -0.340483018859388
23700 -0.8606182461451248
23800 1.221992971234577
23900 0.3753734937109315
24000 0.5768635961423441
24100 2.0759897640827565
24200 -0.5512485453552504
24300 -0.19981867938917813
24400 -0.46864185302343075
24500 0.24701722933392856
24600 -0.46611656476823277
24700 -0.8437247370920338
24800 -1.1406642752139728
24900 -1.7210118738141582
25000 -1.630739018884378
25100 1.0317765996613375
25200 0.5809189084601132
25300 -0.3541494817038349
25400 -3.261132992993723
25500 -1.8151211670567844
25600 -2.044321190434586
25700 1.338569885143794
25800 -2.150681708262799
25900 -1.9408027382192976
26000 -1.3345840341441177
26100 -2.870706874273901
26200 -1.2162525814196987
26300 -0.12374569282598495
26400 0.09086841056447444
26500 2.095511857290962
26600 0.4233206844462106
26700 -1.2176005730718553
26800 -1.4835654938227127
26900 -1.3458414402685777
27000 0.7859976137135807
27100 -2.7837255141737773
27200 0.6077566561507202
27300 2.4139761363846297
27400 1.4565645870536292
27500 1.6081590019536118
27600 1.0723424312992762
27700 1.2437001326780661
27800 -0.02465837194957418
27900 0.14291108947145678
28000 -2.661893541192082
28100 -0.7439224067408756
28200 -1.372699433555723
28300 -2.1425554576559733
28400 -2.294833974022783
28500 -1.6859471800485857
28600 -4.100004064683509
28700 -1.097535596351034
28800 -0.9570795663317277
28900 0.5879271917077074
29000 2.4215074622191417
29100 2.842612778279485
29200 -0.864468732866926
29300 -2.092743477660309
29400 -0.5623322291906085
29500 1.0998709153024673
29600 1.923031121249024
29700 -0.9752655349565544
29800 -1.7771105339042228
29900 -0.5326564287596502
30000 0.36029810856981004
30100 -1.667896055058918
30200 1.5317883401825472
30300 1.0187002516172066
30400 -0.13652607610362616
30500 -0.07962575143103989
30600 0.06229103528214017
30700 -1.7197881565386497
30800 -1.8704283372621153
30900 -0.06502497156032033
31000 2.160278040587096
31100 0.46192552561763245
31200 -0.12841486752377296
31300 0.5902703354248444
31400 -0.3947094944526051
31500 -0.3120499098614255
31600 -0.7841661913602944
31700 1.0410294664300426
31800 1.1277819794143877
31900 -0.1497924653601594
32000 2.6278735586043296
32100 -0.10982254524669877
32200 -0.11328587148346214
32300 0.8548104150641822
32400 1.5358073448439542
32500 1.692111504781908
32600 2.5165458530643465
32700 1.4844232434100488
32800 0.9681237694404143
32900 0.5956488428051985
33000 -1.005057554024553
33100 0.28796398370729304
33200 -0.6295306492814108
33300 -1.6014132508321264
33400 -0.1045452562574097
33500 1.4127991469128525
33600 0.7615499625887889
33700 2.279196246770668
33800 0.5630073067609547
33900 -0.8468132902761849
34000 -0.6134238726942465
34100 -0.27244961990174366
34200 -0.9419258177678809
34300 -1.8815970864401952
34400 -1.3226119405170915
34500 -0.04601757742738219
34600 -2.3976585510100206
34700 -1.2684067122449092
34800 -2.9125751330079575
34900 -1.1033114613555608
35000 -0.5607884157642815
35100 -0.7262904362453066
35200 -1.0957262474162277
35300 -2.4797937123298
35400 -1.5364151541058804
35500 -1.9785479550288472
35600 -1.0692649285554952
35700 1.0162718739247674
35800 1.5123478043927918
35900 0.15325973186860437
36000 -0.4095084135974889
36100 -1.408899816722231
36200 -0.44369378893600137
36300 -2.653226452043548
36400 -0.659812381175199
36500 -0.539390599581371
36600 0.41693875126192836
36700 -1.718392855884899
36800 0.9019276186663698
36900 1.286649145294489
37000 -1.0645279815065125
37100 -0.3326973591169815
37200 -0.4189114682198399
37300 0.19850059914186302
37400 -0.40533563838974573
37500 0.1811787676733883
37600 -1.9463518289272803
37700 -2.2388425426879093
37800 -0.41155345204194244
37900 0.7086012070703407
38000 -0.3627699418154286
38100 1.0671856504869137
38200 1.2098043629206638
38300 2.990964516962483
38400 3.1985078262348243
38500 2.4292257795447725
38600 0.6622157316567701
38700 2.663551051130445
38800 2.198185731214941
38900 4.392293535747997
39000 3.287919967901023
39100 -0.6414554491093312
39200 1.1864127441030636
39300 -0.9535505582355821
39400 0.27094376992631974
39500 3.0467241373544525
39600 0.3545683444617618
39700 -3.0469954744697985
39800 1.2055425811303822
39900 2.259213177159664
40000 -0.7245194518052374
40100 0.06391907180306391
40200 2.4911413004718588
40300 -1.8329874524767726
40400 -0.9546153156683466
40500 -0.4250415029628547
40600 -0.18778036014337518
40700 -1.2376217658261341
40800 0.11663877774925815
40900 -0.45081432018590767
41000 -0.5018337570114293
41100 1.136340891555966
41200 2.138010030327067
41300 3.182406593752439
41400 1.6589386381874849
41500 0.14427131653081227
41600 0.25828749210056856
41700 -0.3759090685549648
41800 -0.5201559218961445
41900 -2.326675334874136
42000 -2.2896265759382075
42100 -1.8245522758725345
42200 -1.133651483315779
42300 -0.7889499406820291
42400 -0.11235811539474204
42500 -0.009820167969026489
42600 0.3331911819310118
42700 0.03622735538663405
42800 -0.5598504576082881
42900 -0.6409099913221571
43000 0.30316393900611716
43100 -0.41499211702630767
43200 -0.6948816648837173
43300 0.8702742458136772
43400 0.5163488911921124
43500 -0.9595581645061213
43600 -0.8486528648167926
43700 -0.2246198683818143
43800 1.2609583340048818
43900 1.1396204250239192
44000 0.6433020174636761
44100 0.3628519394261369
44200 0.9102295902133921
44300 1.400939002596276
44400 1.6587491048893779
44500 0.24278350563821316
44600 1.0795351265531683
44700 -0.6415131521032591
44800 -0.7665494468934606
44900 -2.3444418700812513
45000 1.2476397814312794
45100 0.8224774084867095
45200 -1.360852262612229
45300 0.9778347521674147
45400 -0.9803319324192936
45500 -1.6567906930725704
45600 -0.37028408149255915
45700 2.4417674111228953
45800 -0.779969861905861
45900 -0.4565786674176788
46000 1.1969668810960588
46100 0.9171191628651463
46200 0.8517411211184103
46300 0.7042680806749708
46400 -0.7679529337156208
46500 -0.3313311729636204
46600 3.3188250322175636
46700 1.4589563124582818
46800 1.1611870867762026
46900 0.28229877045317847
47000 -2.049335200473278
47100 -3.0580711374800043
47200 -0.5282080298988264
47300 -0.7741921900291853
47400 0.5301994854574272
47500 1.6870819037106823
47600 -0.8541563680725954
47700 -2.6221846793938406
47800 0.7071249173505476
47900 -0.9484098085622281
48000 -1.6724126668268138
48100 -0.2406614013933706
48200 -2.130101816829511
48300 -3.145239828209902
48400 -2.6936227717364862
48500 -2.675453386464759
48600 -0.14836613267550436
48700 0.39472660834683715
48800 -0.07934335899030345
48900 0.673227389053141
49000 -0.7859513158697233
49100 -0.9821833182347717
49200 0.7533182625023627
49300 -0.4889176373072386
49400 0.3428254438865015
49500 1.5153245891330243
49600 0.1842808905783948
49700 -1.0242846603957254
49800 -2.811881073883149
49900 -1.6765611591678662
50000 -0.784346037279285
50100 0.686507278873385
50200 1.007789682412895
50300 1.2180866239954171
50400 0.6789404752390336
50500 1.0852378850400903
50600 -0.44028011006542006
50700 -0.38835097326786233
50800 -0.9556252447661673
50900 -2.534481364895878
51000 -0.5098347592562062
51100 1.870679954329136
51200 1.5876335221335447
51300 1.1290561078969974
51400 1.6774527928153087
51500 1.7468914713957935
51600 1.5229610537448115
51700 -0.029264128778402565
51800 -0.2681142065178858
51900 0.140932457964709
52000 1.2506852706049307
52100 0.16147107227015217
52200 0.6138161703901519
52300 1.9311364883768125
52400 0.0481369589034604
52500 -0.00519625306924662
52600 1.3584365765662634
52700 1.8501196816387269
52800 0.7807517911757802
52900 1.447218278007606
53000 -0.5669733991583097
53100 2.286149455832522
53200 -0.10832780460190422
53300 -0.4277669696190172
53400 1.9108797431704538
53500 -0.03901351835919836
53600 -0.9898736813468143
53700 -0.7454615759486733
53800 -0.4368605518685134
53900 1.2098411204157935
54000 1.3749556624963493
54100 -0.5607450123956201
54200 1.0350931680968383
54300 -1.0995671415203114
54400 0.8708543697024322
54500 -0.3788763613005444
54600 -0.2531532674351934
54700 -0.6037996248908282
54800 -0.9378343863653722
54900 1.8650271534990712
55000 0.3962574982851513
55100 -1.8888637630185219
55200 -1.1471210129863292
55300 0.4924932133005579
55400 0.7429463793936182
55500 2.9271003968066567
55600 -0.6003892864165254
55700 0.3055977277075033
55800 -0.8100779288664797
55900 0.04922053739576826
56000 -0.5731176278850527
56100 2.23247679713597
56200 -0.5531361035612801
56300 -0.5376229023008412
56400 -0.8317579882116919
56500 0.08940375823908663
56600 0.34547268279464055
56700 2.1694120525883247
56800 1.5413494505733052
56900 1.0366449885192732
57000 -0.2886882110520106
57100 -0.48725920559858743
57200 1.9513424380163902
57300 2.6657562244343755
57400 0.5306190629752634
57500 -2.0686154203466245
57600 0.050381181132734404
57700 -1.0165198684010812
57800 -0.18003208922202588
57900 0.47827704728731735
58000 -0.9862922117694419
58100 -0.06748043730763859
58200 -1.8962607101181772
58300 -1.191523858161944
58400 -1.5643600523358576
58500 -1.4326250445407653
58600 -2.7138820859345594
58700 -1.2765148054392954
58800 -1.2695320814647904
58900 -0.26049785146826526
59000 0.9812898990584675
59100 4.05163000643174
59200 -0.023523887597440007
59300 0.5583534273481214
59400 2.3117781782871036
59500 1.9417193475212113
59600 1.2799002951763196
59700 -0.7572681549646862
59800 -0.571557900620457
59900 1.2744312612902207
60000 3.300833057870871
60100 1.377055831544532
60200 0.09027494297131738
60300 -0.2662478308730657
60400 -0.8895627943759206
60500 -1.7125848797546448
60600 3.656251777442859
60700 0.04343283673541082
60800 -1.8624778749173565
60900 0.2591140749594524
61000 -0.10091718499369641
61100 0.749391219446429
61200 -0.046260185851767666
61300 0.056005653760731494
61400 -0.14003654315504477
61500 -0.22842340214217144
61600 -1.3352304816185179
61700 -0.7263786709468494
61800 0.631634426386108
61900 0.36189058124835743
62000 0.4274960838364225
62100 -0.5144407434824629
62200 0.013412950311173705
62300 -2.681542872212263
62400 0.7532350040839477
62500 -2.39570717458786
62600 -2.6710824928322796
62700 -1.2580837437745915
62800 0.5329331708021567
62900 0.15537871712911117
63000 1.8856317337581212
63100 0.3402594687271761
63200 3.2322199627295203
63300 1.6421747686642327
63400 0.7980846085127202
63500 0.29749299879548563
63600 -0.8543791210106026
63700 -0.7804877210491454
63800 1.296430062258311
63900 0.9748449019926162
64000 1.1873461819539908
64100 0.47374061905936576
64200 1.9603961545277089
64300 -0.7899449668963077
64400 1.1561986065235617
64500 -0.23482260565291535
64600 0.27789653807648657
64700 -0.5665237883134144
64800 -2.3515328674439653
64900 -1.090793074794378
65000 -2.385167529886453
65100 -0.21897573684556973
65200 -2.8866945388628764
65300 -0.8013484929571923
65400 1.7633308510554837
65500 -0.7953326522342257
65600 -1.8342074859825688
65700 -0.7600743667402228
65800 -2.557677314835473
65900 1.6046068269660199
66000 2.9129268394331334
66100 2.703812704345543
66200 -0.36778713831296006
66300 1.0944201387123043
66400 0.7440207085116965
66500 1.1648723535311798
66600 -0.5976342817074993
66700 -1.3569680651494591
66800 -1.4274845379063552
66900 0.7623025251749758
67000 0.683979120034165
67100 -0.9897924371537328
67200 0.35527970928665586
67300 1.8069548983822135
67400 1.0010231792369533
67500 0.2544274002435921
67600 2.4068164934763856
67700 0.27209786967530825
67800 -0.2688913824894758
67900 2.1745988246957264
68000 0.16546091380892092
68100 -0.310261003744371
68200 0.21694541641168846
68300 -2.1598215712554096
68400 0.09507865000571675
68500 -0.0916410217042003
68600 -0.8690456321624571
68700 1.2044010548747097
68800 0.9169492143271336
68900 1.1494362688917563
69000 -2.066599819597501
69100 -1.4465600480863148
69200 0.1451716699369206
69300 -0.7751053155490839
69400 -1.0096355057902326
69500 -1.327163984005593
69600 -2.7483854395009515
69700 -1.218816956079199
69800 -0.9923721942268389
69900 0.969109525324773
70000 1.22707074381962
70100 2.0680849879551646
70200 0.8108129689804957
70300 -0.2628649293235378
70400 -0.974024641844851
70500 -0.12649239982592264
70600 0.4319282547910487
70700 2.0392472486291977
70800 -0.019536400925662806
70900 -2.349032620875931
71000 3.4006651432628265
71100 0.47099140935744105
71200 -0.607587265570283
71300 -1.9858723557874722
71400 -0.8299602153335346
71500 -0.8038013770463364
71600 -0.9659728665881955
71700 0.15918799171076425
71800 -1.1867364260675914
71900 -0.3681057375141174
72000 3.098709303567125
72100 1.4035592060952617
72200 1.2504405201316744
72300 0.011732680902148213
72400 2.03074785516056
72500 -1.405034500730907
72600 -1.268676182075114
72700 -0.10045978475530565
72800 -0.06599708047484829
72900 0.5004149210936059
73000 0.15051230406969046
73100 -0.5538589145941026
73200 0.5140617352613648
73300 -1.9145251630666047
73400 -2.0247066786910057
73500 1.9884608805641482
73600 1.3290504051787095
73700 -0.5756154267942597
73800 -0.6370137399286921
73900 1.035191773747436
74000 -0.4242163380473564
74100 1.259919140630842
74200 -0.5534469258939465
74300 -2.134192481490324
74400 -4.651947866286585
74500 -3.990002970088362
74600 -1.5894774206332618
74700 1.0985029688739605
74800 1.8753036880963265
74900 -1.0637737970103762
75000 -1.2718541376201424
75100 0.5845558643111954
75200 0.23245824549103583
75300 -1.3327469690864477
75400 0.19285708497234133
75500 -1.3332136068919922
75600 -2.8451420861353807
75700 -2.504875911225083
75800 -1.5706495416685267
75900 -1.6113833403513131
76000 -2.5166220934740555
76100 -1.3462103047975686
76200 -1.5368064076339703
76300 0.5744232453587583
76400 2.3872909054183666
76500 0.8111701727378278
76600 0.04267258474901728
76700 -0.18312187020823228
76800 3.791430935277137
76900 -0.9081723402396744
77000 -0.8209349127498551
77100 0.9915504396935542
77200 1.8425814009586605
77300 2.608193661885981
77400 3.8691173399390664
77500 1.3750322206814907
77600 0.9128866347045306
77700 0.24919054282609415
77800 0.04303395598949769
77900 1.0324883036174803
78000 0.5033969081674183
78100 1.7197771948361733
78200 -2.665630543807502
78300 -0.7257808183110788
78400 -0.43739299273898735
78500 -2.4039611643033654
78600 0.30133903364676184
78700 -0.8648667688694622
78800 1.5742302993595614
78900 -1.2093986957535825
79000 -1.0345214686549498
79100 -0.04522242881868302
79200 0.38505343190039076
79300 -1.5940179291277357
79400 0.5197323634014435
79500 -1.5171242945630163
79600 1.9560670177006938
79700 4.3217643698567825
79800 1.1341246622600576
79900 1.9926169723630387
80000 0.06747691014141685
80100 -2.0075428251368184
80200 -2.365435594446445
80300 -0.9740725779286508
80400 1.6473344267471275
80500 -0.8309961603862666
80600 0.4308982183642776
80700 -1.5630238171632094
80800 0.16519702235103995
80900 -0.1377296787428106
81000 -1.2957547848814872
81100 -2.934536314131446
81200 0.5173719695684713
81300 1.7533687874320947
81400 1.4575902313251634
81500 -0.327263060699394
81600 0.3331431196064779
81700 -1.5314180536802395
81800 0.07766251148693512
81900 0.33609163696491956
82000 1.9156353448698862
82100 0.8290810769275221
82200 1.6527609462148456
82300 -1.5418524602418837
82400 2.9477836953151777
82500 9.762923487635604
82600 12.632154773099444
82700 13.38216321065134
82800 14.068095876916187
82900 14.811720813397061
83000 14.075814908138081
83100 14.111515162717119
83200 14.65618394887014
83300 14.553233796504623
83400 14.133059811467204
83500 14.123780804710925
83600 14.288295490303634
83700 14.880617634629932
83800 14.290942207326992
83900 14.30019595836804
84000 15.02327228693191
84100 14.378109394252936
84200 15.022687462506244
84300 14.864270968139234
84400 14.897766267205698
84500 15.144093249813297
84600 15.141802894630437
84700 14.422946333350232
84800 15.175371505740767
84900 15.50039267600624
85000 14.833365853883896
85100 14.289203978090068
85200 14.45809492032725
85300 14.33848833810004
85400 14.538704755848048
85500 14.75826827308227
85600 14.464023429281387
85700 15.23799439055768
85800 15.15492727291812
85900 14.966465517638014
86000 15.314860502805033
86100 15.57082482973614
86200 15.305915224762739
86300 15.019167425736985
86400 14.429219253745728
86500 14.953484641483167
86600 14.899842297632876
86700 14.738706827448707
86800 15.221048312888039
86900 15.075836817738812
87000 14.259589324854437
87100 14.70177893108863
87200 14.874807390669236
87300 15.127501484868153
87400 14.973030305284322
87500 15.423550029341374
87600 14.56149386824407
87700 13.616834444892278
87800 14.31972647742475
87900 14.969393324539068
88000 14.545457055468804
88100 14.358887561825885
88200 14.991084600148012
88300 15.301570985362659
88400 14.72031574646576
88500 14.977333475548996
88600 14.917725864149826
88700 15.3709981425263
88800 15.292460420552612
88900 14.540380357194886
89000 14.92961109410295
89100 15.245380352241698
89200 14.68678365649844
89300 15.060729370279558
89400 15.011014279497479
89500 15.257146009058618
89600 14.46463347596651
89700 14.903205021222398
89800 14.431924214850913
89900 14.153765544638778
90000 14.451611847234396
90100 14.947298235872045
90200 15.033627147748657
90300 14.784187563849411
90400 14.902931893500034
90500 15.113720787763274
90600 15.111098997713366
90700 15.272879547323528
90800 15.378710740273133
90900 15.206352921707472
91000 14.411388945832377
91100 14.467403974359607
91200 14.635135325082812
91300 14.888627070913763
91400 14.979739960580364
91500 15.767715005049103
91600 15.03124300649442
91700 14.636001213602905
91800 14.799210488739975
91900 15.388654186874232
92000 14.815419700379142
92100 15.047723133853818
92200 15.347822919846443
92300 14.71030688876216
92400 14.823324771678042
92500 14.656284063985787
92600 15.164766438731538
92700 14.823269694093312
92800 15.02908705642522
92900 15.122149269563096
93000 15.008416285949508
93100 15.054838647146818
93200 15.315140669515173
93300 14.857592375882195
93400 15.207962256462718
93500 15.132144988566218
93600 14.69623066388422
93700 15.06337765010332
93800 15.214610743592667
93900 14.93979251344564
94000 14.255376782777894
94100 14.69406231298676
94200 15.536083041922035
94300 15.575119262255456
94400 14.709671234311099
94500 15.055071954686161
94600 15.153166789544933
94700 15.29416828084844
94800 15.222473704441647
94900 15.548658186309295
95000 15.239036993310542
95100 14.67282388024534
95200 15.527917805108991
95300 14.822180478350948
95400 15.230791238046006
95500 14.862031733994792
95600 15.05083346590916
95700 14.795933973316187
95800 14.476105720030874
95900 15.188527038167548
96000 15.175142243426796
96100 15.972278624820062
96200 15.434198168023222
96300 14.785727530102367
96400 15.015652445752227
96500 15.327158983360953
96600 15.392054788578486
96700 14.844550873539571
96800 14.628867834678582
96900 15.70704778302879
97000 15.447243168438543
97100 14.987110163731142
97200 14.954690585766192
97300 15.205845354020353
97400 14.96685975985202
97500 15.294492803243735
97600 15.11529448859547
97700 14.77165625631781
97800 14.428236928068909
97900 14.835877086459735
98000 15.768874269437312
98100 16.264006657868183
98200 15.611245360047524
98300 15.26234725356828
98400 15.033228869121448
98500 14.880722686914138
98600 15.017340142112543
98700 14.543151518869058
98800 14.8448030795347
98900 15.05865198947187
99000 14.77369938965828
99100 14.6365144916673
99200 14.69688319630942
99300 15.110017995294275
99400 15.062790848717835
99500 15.07104634172232
99600 15.343717347870221
99700 15.357042761309222
99800 15.736854401421558
99900 15.555696946448988
100000 15.079499120374154
100100 15.250356579583237
100200 15.17544708657912
100300 15.06052670252582
100400 14.969398551274313
100500 14.387133310019184
100600 14.293003049521863
100700 14.219749802148474
100800 15.307762593531422
100900 15.00827321944997
101000 15.42332827065698
101100 15.021451182032155
101200 14.509322147559287
101300 14.773493909788048
101400 14.811991547043428
101500 14.44957107740167
101600 14.888793226389872
101700 15.395202679072833
101800 15.295501156057323
101900 14.995826880188345
102000 15.05244567324408
102100 14.769724343639819
102200 14.612172349099014
102300 14.594607493111459
102400 15.115107738859248
102500 14.893300990205598
102600 14.884871774880645
102700 14.860267545510558
102800 14.74298299611993
102900 14.229538302300856
103000 14.182217512803563
103100 14.498070048069456
103200 14.479407348807564
103300 14.553747585898096
103400 14.838661686620828
103500 14.30495876866025
103600 15.622935082945
103700 14.884140447339691
103800 14.755309433508192
103900 14.896642968022544
104000 15.263656297947529
104100 14.95392877744403
104200 15.162087563320183
104300 15.10666792347981
104400 15.42187766352709
104500 15.409486108038259
104600 15.123669153254525
104700 15.412572352443153
104800 14.31264921530578
104900 14.684096422573482
105000 15.19394997691487
105100 14.620728212678173
105200 15.504284999067437
105300 14.601317829595672
105400 15.07792400584785
105500 15.162109622917486
105600 15.564102041582519
105700 15.263069815077856
105800 15.212710731844759
105900 14.93032971161068
106000 15.081244469057976
106100 14.893852227506141
106200 14.501004421123158
106300 14.397925551780657
106400 14.639823554535734
106500 14.625087776280798
106600 14.716397363893195
106700 14.49346691089834
106800 14.822858651993888
106900 15.120537911626942
107000 14.615078271295042
107100 14.82104686982377
107200 15.15162460468365
107300 15.263869430945373
107400 15.011385045825964
107500 14.71782934196714
107600 14.74576507306826
107700 14.894807572481026
107800 15.223316579827387
107900 14.6456814317801
108000 14.937030189034799
108100 14.611597464889064
108200 15.033476332271508
108300 15.03068193177426
108400 15.18431809047928
108500 14.861557203037995
108600 15.576418855889491
108700 15.528177546923402
108800 15.613901690374712
108900 15.00353739197084
109000 15.357355958193436
109100 15.549386951770796
109200 15.751966166416041
109300 15.579827946317105
109400 14.79315342563063
109500 14.69320928191646
109600 14.758900624460157
109700 15.166519359630268
109800 15.371984785717913
109900 14.680148240283835
110000 14.655532865490997
110100 15.393301261696388
110200 15.431480932325515
110300 14.937153804361392
110400 15.268750615130159
110500 15.05077275643355
110600 14.601526352175192
110700 14.676928515517606
110800 14.50237501734004
110900 14.58189515687175
111000 15.627895065412558
111100 15.235776857381754
111200 15.717413764727779
111300 14.601695750226884
111400 14.589831140389222
111500 14.653801935700155
111600 14.432842658443645
111700 14.986815681703153
111800 14.8693614458498
111900 14.603920827318357
112000 15.171946417722973
112100 15.272495359994371
112200 15.128880528723116
112300 14.71953902196297
112400 15.094594136701437
112500 15.004796341377036
112600 15.136770562611638
112700 15.63074523781312
112800 14.642779852784434
112900 14.716259890086539
113000 14.57969613360959
113100 14.38472050822588
113200 15.740430225574247
113300 14.98541694237896
113400 15.121566661488577
113500 15.32532789509804
113600 15.246710125432884
113700 14.879985970080416
113800 15.192574059192003
113900 14.642022978453795
114000 15.238495448859098
114100 15.380565727677103
114200 14.9783170790148
114300 14.232896756869323
114400 14.497721173835323
114500 14.922226901858247
114600 14.487060275423213
114700 14.565930202343225
114800 14.601981696983852
114900 14.690113455802999
115000 14.524172328736165
115100 14.937745958519255
115200 15.048626754200896
115300 15.053482715892867
115400 14.715846793644939
115500 15.846615245232927
115600 15.47674495617684
115700 14.713937753686807
115800 14.569953326240288
115900 15.202859993211968
116000 14.958822630472692
116100 14.646113814270358
116200 15.139010965266806
116300 14.66215068469833
116400 15.107605570458741
116500 15.741441541898663
116600 15.232874807155861
116700 15.426641695069163
116800 15.498694957051315
116900 14.775059164404231
117000 14.786342599906103
117100 14.909210513460891
117200 14.63003725065214
117300 15.13736002527848
117400 14.68806392191514
117500 15.08802032479827
117600 14.91279073973338
117700 15.055249686225304
117800 15.041015228177248
117900 15.06889656345162
118000 15.265328256654357
118100 15.032731701212944
118200 14.819919413675159
118300 15.412712106250748
118400 15.458017619687105
118500 14.805253769598746
118600 14.936435166214435
118700 14.879452445345182
118800 15.320642180684162
118900 15.275064717264705
119000 15.028057999924917
119100 15.688074116882987
119200 15.124589234083231
119300 15.24652780850607
119400 15.251125266078525
119500 15.313697148711567
119600 15.710750550115481
119700 15.800664785950405
119800 15.219660929295191
119900 14.982728130889786
120000 15.015931853210624
120100 14.651845044390138
120200 15.126299123553753
120300 14.887739780060732
120400 14.933951075636173
120500 14.786294200862082
120600 15.038267104569586
120700 15.40384752241126
120800 14.749920968021875
120900 14.982638781837295
121000 14.788888550108801
121100 15.156109292572552
121200 15.471948323946396
121300 15.195038224217374
121400 15.053707521220108
121500 15.501392159487436
121600 15.321960294932918
121700 15.402286706800526
121800 14.701542770352626
121900 14.987397231954445
122000 15.362996974422853
122100 14.791549661517752
122200 14.352399922804583
122300 14.799046880476732
122400 15.101900384376519
122500 15.75086342770736
122600 15.234338090244075
122700 14.636568824405439
122800 14.896136564790488
122900 15.065475239704902
123000 14.949505862871051
123100 14.804493892061235
123200 15.099247943809369
123300 15.525690382470092
123400 14.71879832567257
123500 14.459453013159848
123600 14.776661612884151
123700 14.839406423325668
123800 15.06838723360781
123900 15.619153718874044
124000 14.59719297754677
124100 15.322813689743963
124200 14.978792387652012
124300 14.99977443120095
124400 14.811740302690325
124500 15.211457154441268
124600 15.246076697753086
124700 15.39940379533579
124800 15.482745356996988
124900 15.005372004494463
125000 14.470238399427297
125100 14.751473380623528
125200 14.717487026376434
125300 14.835862871151518
125400 14.824545487806473
125500 14.595608409044289
125600 14.685689268012581
125700 14.755414294408817
125800 14.424849830268148
125900 14.87585080632278
126000 14.560573887347363
126100 14.53825452096809
126200 14.888146291661085
126300 15.509166725222284
126400 15.348781256220187
126500 14.846344169891728
126600 14.856702400297669
126700 14.54972747509082
126800 14.559638953808205
126900 15.434956433621442
127000 15.08286692221308
127100 14.766749074269052
127200 14.220619049138813
127300 14.568531523186573
127400 14.783463718315176
127500 14.907782089377054
127600 14.721803433359655
127700 15.26677483579568
127800 15.335640560375513
127900 15.05917901485204
128000 15.32745857489919
128100 14.779210423375279
128200 14.733848678848128
128300 14.954750341564875
128400 15.11604915516724
128500 15.120796694841458
128600 15.240605389532476
128700 14.822229340617117
128800 15.357978934620728
128900 15.456093290174975
129000 15.67493020743244
129100 14.71452864945251
129200 14.506898113110063
129300 15.076894278056628
129400 14.963456313590093
129500 14.502369719734757
129600 14.374259720433004
129700 15.057797817817114
129800 14.893639007722058
129900 14.794476248394213
130000 14.658235809883733
130100 14.822132213499904
130200 15.264109234766691
130300 14.852777225812194
130400 14.900459323146622
130500 15.079120632671225
130600 15.414736325132244
130700 14.953346609596704
130800 15.117577544559927
130900 15.501771143350298
131000 15.282957664950793
131100 15.19642964066043
131200 15.395098457647254
131300 15.620824011533072
131400 15.227970003078061
131500 15.309957932390764
131600 14.963881380597739
131700 14.400305083441712
131800 15.105412781478448
131900 14.600890951114497
132000 14.62494956491547
132100 14.699591342195065
132200 15.29275690293222
132300 15.306628357011585
132400 14.85675574035322
132500 14.778891938829805
132600 15.071964047115127
132700 14.881585535612295
132800 15.407449902058898
132900 14.803095930318557
133000 14.93869786218986
133100 15.342790001386247
133200 15.218415824318845
133300 14.9079182665877
133400 14.561696910326116
133500 15.220250051736194
133600 14.30579948098445
133700 15.145530016613089
133800 15.239804783587342
133900 14.975550691365656
134000 15.19334113140844
134100 15.4317080968663
134200 14.881583178914708
134300 15.19214623521686
134400 15.234252853036699
134500 14.91054552953132
134600 15.52427723605662
134700 15.015856027687583
134800 14.755260613006849
134900 15.719416890865162
135000 15.579588132773827
135100 15.088815705075897
135200 15.317173110819637
135300 15.361959887520587
135400 15.210187561209473
135500 14.82861540999278
135600 15.02938953485115
135700 14.45961130259981
135800 14.836133604059555
135900 14.867732404026361
136000 14.927320912122768
136100 14.98935237835492
136200 14.56978622561461
136300 14.703498801503287
136400 15.352863534010664
136500 15.248712889608989
136600 14.990831035669235
136700 14.670689981409106
136800 14.625039831410767
136900 14.907950117749225
137000 15.670880269632228
137100 14.956475457594797
137200 15.07444589826189
137300 15.14618446278541
137400 14.842788295186757
137500 15.260960657834167
137600 14.97045979834746
137700 15.28564865821148
137800 14.62337696054985
137900 14.973023618100399
138000 14.429604859937907
138100 14.64491870759765
138200 14.321127393581083
138300 15.014559654365318
138400 15.274025267080312
138500 15.033439354128022
138600 15.284799412956668
138700 15.014725103277389
138800 14.944790309821405
138900 14.914696006003757
139000 14.683548049693043
139100 14.981074029844093
139200 15.206952728083715
139300 15.574328447078493
139400 15.227630998175616
139500 15.263232582751717
139600 15.085660372183863
139700 15.076038101820135
139800 14.904613869335291
139900 14.676940332235155
140000 14.497071958503048
140100 14.88172996255339
140200 14.417738735320953
140300 15.289719990450262
140400 14.96460218622748
140500 15.029698068312406
140600 14.926536602973773
140700 14.831213688326118
140800 14.686030506527086
140900 14.988044698912388
141000 14.957706047235229
141100 14.995466311962879
141200 14.947657384429563
141300 14.801870806954625
141400 15.006504481906715
141500 15.167616454157532
141600 14.54911102553841
141700 14.41006200211755
141800 15.420321790164067
141900 14.91910721798559
142000 14.591875908664901
142100 14.303334366883051
142200 14.949895285003198
142300 14.994553083978415
142400 15.366161221126026
142500 15.049812036508225
142600 15.339550060322468
142700 15.106475272920983
142800 14.923496531164929
142900 14.933692663649493
143000 14.828911607232769
143100 14.82440834458969
143200 14.385253642961596
143300 14.33696185786453
143400 14.887176240752712
143500 14.578528248523268
143600 15.176466415341936
143700 14.897558760733189
143800 15.073456678634988
143900 14.808077670359495
144000 15.3109790399538
144100 15.085273260619703
144200 14.810321120814114
144300 15.115849461921853
144400 15.29237244671888
144500 15.696506414827034
144600 15.266781944793362
144700 14.181405003244297
144800 14.851697279771315
144900 15.119382522485717
145000 14.679325324267886
145100 14.986776031499328
145200 14.959835729229944
145300 14.820341569389711
145400 14.265140111578644
145500 14.752804343150327
145600 15.36562664509983
145700 15.16401478572464
145800 14.951562392582808
145900 14.829764582898534
146000 14.737361633627906
146100 14.348573622510193
146200 14.76235017642008
146300 14.71265769668475
146400 14.850079184707317
146500 14.688502415443953
146600 14.894736403813967
146700 14.886476487982904
146800 15.084045194017921
146900 14.461840729087676
147000 14.943360860420169
147100 15.186131129078568
147200 15.065743395185793
147300 14.920834013815417
147400 15.106507311167924
147500 14.369247995116318
147600 14.34987011217885
147700 14.715553821883537
147800 15.328609487101945
147900 15.08972050281444
148000 14.717920688317346
148100 15.184885889995092
148200 14.694044912876242
148300 14.847218718339624
148400 14.596380206483207
148500 14.79641724855586
148600 14.37168200373279
148700 14.22721641024321
148800 15.42761740777617
148900 15.39571288571272
149000 14.931533387145693
149100 15.017811742272382
149200 15.167881897077796
149300 15.095621714636502
149400 14.625913351905924
149500 14.846291399298304
149600 15.262752828196268
149700 15.64422987215402
149800 14.783025025157903
149900 14.564438741709477
150000 14.597436026355467
150100 15.12740995157206
150200 14.699847849992357
150300 14.755157399980389
150400 15.084048193633619
150500 14.9871261349157
150600 15.264574983739223
150700 14.96788441476685
150800 15.254560326049738
150900 15.855339701275334
151000 15.665494667952741
151100 15.304448284498383
151200 14.550003969360365
151300 14.361914017826903
151400 14.864402427916088
151500 15.15353139035351
151600 15.235771211405835
151700 15.170970951110023
151800 15.027566748913307
151900 15.151132929866723
152000 14.772573722035233
152100 14.868001761327921
152200 15.339836482019072
152300 14.574041720907376
152400 14.932956302480008
152500 15.550003602622164
152600 15.278632137619208
152700 14.841972091230684
152800 15.48924640696658
152900 15.59324629586622
153000 14.999897114094152
153100 14.94169958950904
153200 15.566788738088695
153300 14.893435383260957
153400 15.402201176182723
153500 15.292525856250634
153600 14.93753003382357
153700 14.515328138867433
153800 14.973078796424447
153900 15.19224341304698
154000 14.77637147954842
154100 14.934762103699327
154200 15.271686347084282
154300 15.605266577904361
154400 15.396839034018972
154500 14.8087728329936
154600 14.63027541682376
154700 14.985822131541413
154800 14.804020414385178
154900 15.362869445405023
155000 14.909997843917699
155100 14.667806388289883
155200 15.132144567106527
155300 14.817769214727416
155400 14.59813112114124
155500 14.988362100213514
155600 15.051276071795034
155700 15.415853757699121
155800 15.00359691595457
155900 14.794361662665679
156000 15.471408720997813
156100 15.296317561389682
156200 15.451459134843683
156300 14.517090135480439
156400 14.325972847264595
156500 14.467658121300836
156600 14.298479453414796
156700 14.40905071311626
156800 14.991926298093116
156900 14.811768487906347
157000 14.955443061819997
157100 15.2508871372146
157200 15.043706382687235
157300 14.665011201937443
157400 14.926305155794266
157500 15.034980518934757
157600 14.854263473948185
157700 14.701331967738211
157800 15.23634599178562
157900 14.823182259413471
158000 15.04873463938923
158100 15.42310422148304
158200 15.147018977944754
158300 15.005502848861582
158400 14.711067002623095
158500 14.696743959630654
158600 14.881840318384073
158700 14.52706659968902
158800 15.422380351076047
158900 15.177997414231433
159000 14.732945823349606
159100 14.609742848724599
159200 14.877771036348522
159300 14.694994366496791
159400 15.324070450457265
159500 14.437611956352539
159600 14.941593661983916
159700 15.319407080917687
159800 15.306331516948399
159900 15.276679917529986
160000 15.062564427507727
160100 15.500821422777395
160200 15.300615510029175
160300 15.354830256358216
160400 14.532214486138127
160500 14.980354657706823
160600 15.022736526653272
160700 14.572232934071234
160800 15.014526865358233
160900 14.800820368532946
161000 14.478932052350459
161100 15.316362900129798
161200 15.250625659330556
161300 15.336256695654496
161400 14.592941203821107
161500 14.845586861568663
161600 14.981454649815538
161700 14.99262207727877
161800 15.469677647000426
161900 15.116330044750933
162000 14.914296929718036
162100 15.077151750831446
162200 14.523646569182212
162300 14.93778727502468
162400 15.255293439886819
162500 14.854652385966872
162600 15.591323074777138
162700 15.185950399808515
162800 15.16390275856296
162900 15.035266346677922
163000 15.459042392148655
163100 15.192235703585023
163200 14.771111304094275
163300 14.925817735019063
163400 15.165852940656169
163500 15.428315898577187
163600 15.777886516129875
163700 15.96912509647128
163800 15.28468566215327
163900 14.935027065198506
164000 14.515652628686185
164100 14.682322270261137
164200 15.24943785658155
164300 15.348605460085448
164400 15.642900413802622
164500 14.774030277282979
164600 14.478989917122465
164700 14.82330626588664
164800 14.575800600214617
164900 15.267721446499735
165000 15.531527428047292
165100 15.255462999656803
165200 14.83071283264112
165300 14.512463442623165
165400 15.250858650153157
165500 15.154474898739268
165600 14.901519951447158
165700 14.55137234160116
165800 15.468417508346288
165900 15.576899304949485
166000 15.341523356218222
166100 15.369944558546779
166200 15.493643657732292
166300 15.604911709281174
166400 15.410917690975863
166500 15.084793559246314
166600 15.796971936886978
166700 15.353063073216525
166800 14.918581424694766
166900 15.144448185436355
167000 15.655125661293047
167100 14.82122644602649
167200 14.815087143767988
167300 15.0961692967244
167400 15.064112478115774
167500 15.21759691890977
167600 15.134948913359922
167700 14.487388779627805
167800 14.307965227713517
167900 15.166217375827935
168000 15.223870561944308
168100 15.213376565754519
168200 15.184044499093082
168300 15.455969676560768
168400 15.176056303463353
168500 14.619219262889798
168600 15.401975132364639
168700 15.3210724610049
168800 14.733701090544498
168900 14.401882154076628
169000 14.679761045201465
169100 15.081064569721114
169200 15.003023402313088
169300 14.908626417390172
169400 14.80566881108926
169500 14.02830301197389
169600 14.428412649221862
169700 14.818252065947398
169800 15.045672881614012
169900 14.33739086930796
170000 14.561001911733234
170100 14.15974113349917
170200 14.779027264737381
170300 15.465163573962538
170400 16.003710941987055
170500 15.389499993447604
170600 14.928191501196908
170700 15.22668619734292
170800 14.526909340334253
170900 15.03651959981885
171000 15.351414672697581
171100 15.502200121809011
171200 15.27391958307425
171300 14.917425641309725
171400 15.108709665630409
171500 15.188591508459053
171600 15.118091178235705
171700 15.057570872767908
171800 14.84732795029632
171900 15.04848938361252
172000 15.614460266182915
172100 15.797537818520196
172200 15.59381193008781
172300 15.054383618700186
172400 14.69673316618006
172500 14.558744881099152
172600 14.940871956306808
172700 15.236741466077135
172800 15.251028311940845
172900 14.856447842414113
173000 15.029511012119242
173100 14.754835627612989
173200 14.715498297166471
173300 14.955207218405915
173400 14.860399232779582
173500 14.589759418837959
173600 14.43710391017648
173700 14.940244742014041
173800 15.124186933367588
173900 14.741042954906844
174000 15.078226101332794
174100 15.048977987375954
174200 15.028686241948506
174300 15.28897745449755
174400 15.019451378977552
174500 15.426665167385906
174600 14.666341248695499
174700 15.175957913134914
174800 15.050107494669755
174900 14.822288034945808
175000 14.367466583814627
175100 15.044576429996539
175200 14.773870705166438
175300 14.97820317604509
175400 15.469103736719932
175500 15.100494238120046
175600 14.892416485855248
175700 15.178655699318805
175800 14.609264453860895
175900 14.613890932158201
176000 14.309942169534152
176100 14.910449853737529
176200 15.344520677230697
176300 15.800285137519637
176400 15.538008790132297
176500 15.39989582304932
176600 14.850101572658923
176700 15.400270007895845
176800 14.980348385392338
176900 15.085957895733435
177000 14.58331393831313
177100 15.120782939147075
177200 15.129115833147765
177300 15.287884294561074
177400 14.74322851411844
177500 14.386240719646207
177600 15.197387099057007
177700 15.54094239940754
177800 14.854764640440015
177900 15.020342186650154
178000 14.810291741548518
178100 14.837355235770959
178200 14.948931141064973
178300 14.734056232349314
178400 14.970170313699555
178500 14.821935614386227
178600 15.069825365522641
178700 14.730279062895686
178800 14.610595694487321
178900 15.199556624427476
179000 14.68678591301428
179100 15.23441356370959
179200 14.675722547156145
179300 14.4593276146496
179400 14.356020972948537
179500 15.007282143391635
179600 15.395984092536256
179700 15.47249020188588
179800 14.383295757253295
179900 15.169374423941344
180000 15.26549672004827
180100 15.074292787946694
180200 15.321915244056875
180300 14.978945913299055
180400 14.886285806733097
180500 14.907655300846958
180600 15.713507946554977
180700 15.324634799450198
180800 15.30350269033892
180900 15.298327953004181
181000 15.112474943315343
181100 15.062302858275148
181200 14.962919753936156
181300 15.14786685161134
181400 15.092781695945389
181500 15.204748381345686
181600 15.020735706405395
181700 14.934879358949596
181800 15.42238105669005
181900 15.075607180994295
182000 14.951306767341439
182100 14.483072360223598
182200 14.870418651890462
182300 15.156273678970843
182400 15.430655694421652
182500 15.058630330744176
182600 15.114832847981907
182700 15.121402064928638
182800 15.28010815806695
182900 15.791935160757417
183000 15.510866261140201
183100 15.303833508733401
183200 15.489285542550096
183300 14.738152005142634
183400 15.582487729718887
183500 15.228690884619253
183600 14.822872181036741
183700 14.6915399912288
183800 14.360962619636156
183900 14.448362959665115
184000 14.764708731774448
184100 14.879582919812478
184200 15.031497922124146
184300 14.861522346107106
184400 15.425005256079622
184500 15.38458174473882
184600 15.267317015124169
184700 15.169009222751964
184800 14.623147393344754
184900 14.973776899241567
185000 15.210685281556282
185100 14.97511093213556
185200 15.154306617458467
185300 14.877749171178532
185400 14.837225359458525
185500 14.93900758129744
185600 14.584965794251609
185700 15.035923908113446
185800 14.673820162269482
185900 15.103507651919884
186000 14.872078390269929
186100 15.799842511844963
186200 14.950643211113016
186300 14.913475602832106
186400 15.246031638438037
186500 15.448256175191313
186600 14.856765925234674
186700 14.385975609021557
186800 14.468310641480757
186900 14.613710357979793
187000 15.288875495198845
187100 15.173115094796573
187200 15.553383164637545
187300 14.898451882463135
187400 14.55138217258279
187500 14.553470210406681
187600 14.932547214168702
187700 15.135228237973607
187800 14.63869720470937
187900 14.52526772167615
188000 14.514522292007106
188100 14.427671722028911
188200 15.031498044803076
188300 15.148548806695107
188400 14.903563677877807
188500 14.834398485220671
188600 14.64856598076544
188700 14.866950331763665
188800 14.153867735740418
188900 14.208109418747954
189000 15.044293377277478
189100 14.894202150576751
189200 15.526868341102286
189300 14.7761197518252
189400 14.005799562253772
189500 15.41831904007736
189600 15.208833656676813
189700 15.365671498523026
189800 15.09478032691299
189900 14.756461301961414
190000 14.78698383508437
190100 14.883215331302697
190200 15.037573661766967
190300 14.830329533446507
190400 15.112250408023726
190500 14.827925423364526
190600 14.987871007213986
190700 15.444076111247753
190800 14.695426190538218
190900 15.010882542836667
191000 15.157883644023169
191100 15.272717435310941
191200 15.381469412131256
191300 14.926175657163759
191400 14.742893134612629
191500 14.80462949539041
191600 14.64675485382267
191700 14.61085164262063
191800 14.600700821973492
191900 15.25128547637091
192000 15.051009045200775
192100 15.217961174293844
192200 14.930150034661038
192300 14.76636023714245
192400 14.924398027627456
192500 14.725025175774693
192600 14.586701458243867
192700 14.747349708374808
192800 14.56276304054711
192900 14.347537373122181
193000 14.895721472192998
193100 14.751545825899235
193200 15.167515778572746
193300 14.99932999247165
193400 14.688238141472166
193500 14.917273512227933
193600 14.714485610894558
193700 14.635826487499248
193800 15.197504844279893
193900 15.388378704182069
194000 14.949377830814024
194100 15.058745045368857
194200 15.470155476567951
194300 15.30164737732171
194400 14.80492986078903
194500 14.746833114527254
194600 15.03299887000544
194700 14.967159671010155
194800 14.711564477359964
194900 14.847334916012624
195000 14.712636992022235
195100 14.643422834396468
195200 14.121723814623206
195300 14.497610268322221
195400 14.844637792702983
195500 14.750451415518922
195600 15.218437794786606
195700 15.098129294378289
195800 15.615509232884639
195900 15.33216766256742
196000 14.973453064294983
196100 15.281513273509104
196200 14.924392655227312
196300 15.240089762493218
196400 14.741069968863687
196500 14.698785442785654
196600 15.120137194499357
196700 15.074162977328607
196800 14.628258336961698
196900 15.027576283916837
197000 14.586169736946413
197100 14.62304816728781
197200 15.107949660781271
197300 14.965015151373152
197400 15.194540308433405
197500 14.881787652058295
197600 14.909858525252577
197700 15.083615501234146
197800 15.245261181220048
197900 14.444013643662805
198000 14.541643252511918
198100 14.50920019769951
198200 14.84070549552569
198300 14.653503749379265
198400 14.82839223642634
198500 14.934454232194403
198600 14.231451845947607
198700 14.091884718621403
198800 15.143261310418264
198900 14.795583148976554
199000 14.50338851317084
199100 14.9306812082028
199200 15.240800958561582
199300 15.229195585238333
199400 15.023140248497164
199500 14.93933511764914
199600 15.232527151036422
199700 15.098508230635705
199800 15.281525747921057
199900 15.260375875048421
200000 15.327111451031247
