# Model = full.TensorFlow.(9)-16-16-16-16-(9)
# Num weights = 1056
# Learning rate = 0.001
# Env random seed = 113
# Start time: 03-09-2021(16:45)
100 -17.7675207490914
200 -16.897931105194193
300 -16.1397798865512
400 -13.76270049606046
500 -9.915995120093564
600 -8.570987488253689
700 -9.789966567158922
800 -7.466939276571336
900 -5.499504261222657
1000 -3.009659330357695
1100 -3.466393736540802
1200 -2.15923313140843
1300 -0.5125512901769924
1400 -2.7481856955808737
1500 -1.847937122099839
1600 -2.369783502004926
1700 -1.1173404869807693
1800 -2.769033270719572
1900 0.6052105089235384
2000 0.6414087308196665
2100 1.2397401938861567
2200 0.014948917376991944
2300 0.5137143490504981
2400 0.05656873497504339
2500 -0.9918651553778393
2600 -0.49255472172525344
2700 -1.8796192738803286
2800 -2.9415807874895967
2900 -3.6046704775406524
3000 -0.027024940794323354
3100 -1.477903808367032
3200 1.1301396913179336
3300 -0.7844404287448694
3400 -0.04150521006809199
3500 -1.5177810043621507
3600 -0.07035119728384132
3700 -1.0382039630841418
3800 -0.48833040662452476
3900 0.15870866317061472
4000 -1.4963324178565738
4100 -3.727844118483599
4200 -0.6817005576784904
4300 -1.4316680771937729
4400 0.04439370970724574
4500 -1.4809870697876448
4600 -0.8909567853930807
4700 2.5737205836076567
4800 2.181364972172819
4900 -1.1604728290270727
5000 -2.3461987566400127
5100 0.3852860596124007
5200 0.7776585903498683
5300 1.6604236422552348
5400 -1.8768405380840714
5500 -1.3738829550575542
5600 0.6539316729886306
5700 -0.1529706310731917
5800 0.038920086888901306
5900 2.0473276961383586
6000 0.6183898071749137
6100 -0.9902916874464918
6200 -1.5715677990624979
6300 -5.073795418505459
6400 -0.16223543560770065
6500 -0.7656482928667572
6600 -0.1440477593095709
6700 -0.7656350413650861
6800 -2.8502301284047036
6900 -0.4047407487275655
7000 -0.8693192379692198
7100 -2.743722621216035
7200 1.5355536931959075
7300 -1.0921731571777447
7400 0.8480322710362715
7500 -0.5863204569472591
7600 0.41115488814042295
7700 -3.0072285728229757
7800 -3.615436821596526
7900 -0.9458637893899506
8000 -2.8500029798908613
8100 -0.08707790253999215
8200 -0.3871379900890856
8300 -0.05184499415083332
8400 -2.4495062041836917
8500 -1.0887311700533386
8600 -0.5824994559925034
8700 -1.8252425895122586
8800 1.6028756591683229
8900 2.4501944277777477
9000 1.7575710897031687
9100 3.2077559711073347
9200 0.3629390215916542
9300 1.6381632788749918
9400 0.9925217025471862
9500 2.3014334897628874
9600 -1.1513492102822918
9700 -0.3948090045644715
9800 -0.11242420492428604
9900 -0.5636434039577161
10000 -0.2842103746221213
10100 -2.2879769796237905
10200 0.37426360698151373
10300 -0.1202635788012539
10400 -2.520518699131311
10500 -1.977728490452037
10600 -1.300667591714367
10700 -1.0639608363557866
10800 -0.2702339395248457
10900 -0.033167934081335754
11000 -1.4614728779701438
11100 0.9646260461501908
11200 -0.03687245380404944
11300 1.4126365389331792
11400 -0.7950048929417868
11500 0.031248955029415992
11600 -0.2843482201437772
11700 -0.9483246602171056
11800 1.4370209125364743
11900 1.358173543904441
12000 -0.34952055626111844
12100 -1.8149734454888355
12200 0.09988546623948638
12300 1.403420128424581
12400 1.9542061544481966
12500 1.6489896451974984
12600 2.4291385912680763
12700 0.5909287800712206
12800 -0.8438956534022404
12900 -0.4299830923913953
13000 0.0452188037344573
13100 0.8728478843876151
13200 1.5201535603062704
13300 0.1572621451000743
13400 -0.7055151985967791
13500 0.32705747586788625
13600 0.39642960371217945
13700 -0.8728733327954075
13800 0.836531981735978
13900 1.1140296096281976
14000 0.2640471574674792
14100 0.41397990588309946
14200 -0.9488776875041549
14300 -1.3290788165775203
14400 1.2340243890728015
14500 0.35097697020492585
14600 -0.633731979952846
14700 -2.6007100390556075
14800 -1.066813890416118
14900 -0.555313238774165
15000 -0.24941204086007374
15100 0.161390606649867
15200 1.2923087169405578
15300 -0.5117109384664433
15400 -2.299359855302614
15500 -2.4347940728607433
15600 -0.8776798516356321
15700 0.3839719514982846
15800 -0.6411319516994365
15900 1.0848832832425206
16000 0.2945861254665307
16100 -0.6116450728714855
16200 -0.23211843065200422
16300 -1.7149923416235993
16400 -0.5687491881012898
16500 -0.4214905979487822
16600 -2.8190678782085024
16700 -1.0364328413279187
16800 0.09215161329208046
16900 -0.0700475032032643
17000 -0.6491058121526301
17100 -1.032293879355797
17200 -1.167901055198596
17300 -1.8214028103384778
17400 -2.7194616535552196
17500 1.3002773670234133
17600 1.4075319819065015
17700 1.1044207586889034
17800 0.14745311309287812
17900 1.127032059828704
18000 0.0392987665425317
18100 0.5753468231714616
18200 -0.35136137766957165
18300 -1.6030096643127725
18400 -0.7803546181432508
18500 -1.3897733601433881
18600 2.338770558296493
18700 1.698387100680082
18800 1.6857034941144595
18900 -1.001042408035311
19000 -1.5017036244994393
19100 -0.16613701164180236
19200 0.736133581743559
19300 0.012575867199433932
19400 1.3104005895476636
19500 0.40060339372127607
19600 1.5811103603903385
19700 0.3878153142435333
19800 -2.119424899824574
19900 -1.918611639750267
20000 -0.2741598513704942
20100 0.7057246334516789
20200 -2.379515984940479
20300 -1.4241453897715945
20400 -1.410626232906209
20500 -2.0671707450816097
20600 -1.6377533718587882
20700 -0.8252863663879044
20800 1.7192156639168064
20900 2.0043522007669607
21000 -0.26676646129202475
21100 1.2011624109862176
21200 0.5161562208803574
21300 0.5376368980681591
21400 0.49430417238562824
21500 1.2965845646348775
21600 -0.5136901645994725
21700 -0.5417690482267885
21800 -1.7744351031477024
21900 -2.182744025357629
22000 0.5938431841743728
22100 3.3654318710674294
22200 -0.6502130413463556
22300 -0.5091751329867384
22400 -0.4410132389279534
22500 0.305978660954513
22600 1.2976221644692252
22700 2.900403800211686
22800 0.35032684608778253
22900 0.05189635961050565
23000 0.5410217977721881
23100 -0.8007425892740587
23200 -1.6164141859593413
23300 0.14434012161556314
23400 -0.7119932228968942
23500 -2.4000169165293626
23600 0.10290743415112617
23700 0.729343294537721
23800 1.2214507671271646
23900 2.8798219143032977
24000 1.2121065513667149
24100 0.47056689128814905
24200 1.7753211328163532
24300 1.5552992392458829
24400 -1.1392463086245856
24500 0.8706224612159286
24600 0.8593777643288163
24700 -0.87131863167022
24800 -0.45009218812655555
24900 -1.0447311408586446
25000 -1.0986285265376305
25100 -1.1576558453652597
25200 -0.2615041021527207
25300 1.9046583550600313
25400 2.222433774794974
25500 -1.724798778536653
25600 -1.4065173204531154
25700 0.9627663460784615
25800 -0.015009788049780898
25900 -2.1230784866398884
26000 -2.821472976589857
26100 -0.9905067606225779
26200 0.9998293946544847
26300 1.1210754764507458
26400 -0.7360693703012906
26500 0.3244103654606396
26600 -0.744059376766713
26700 -0.3950511213170967
26800 -0.947089503060105
26900 0.706533099688472
27000 -0.37211252519143945
27100 -0.4739905410388459
27200 1.4822681234729251
27300 0.6088628375830512
27400 0.7549145215983593
27500 -0.2233033476948903
27600 1.058155598967791
27700 1.684268426018852
27800 0.4884837212285559
27900 1.664529411787512
28000 1.7534329927143726
28100 1.5481092042271698
28200 -0.5004660562114631
28300 -1.0667311544113818
28400 0.709035545013172
28500 -1.3018187777138852
28600 -0.2826533776938298
28700 -0.9014565734578515
28800 -1.1221865871374734
28900 -0.36741793283644114
29000 -1.1461547593045553
29100 -0.3945434983596166
29200 -0.5234994526550836
29300 0.8164801355321447
29400 -0.024141523804619452
29500 1.7643590478034865
29600 -0.4089557471223018
29700 0.15899625927347155
29800 -0.2240742733008385
29900 1.713894101098661
30000 1.694090680580504
30100 1.4420802471486012
30200 -0.2594017246506398
30300 -0.9430898871517965
30400 -2.5508818041056642
30500 1.7653489733689463
30600 -0.04761466830408645
30700 -1.0362316398470361
30800 -0.030505122707408683
30900 -0.5830408505324451
31000 -0.1841294933647199
31100 0.3441667787171672
31200 -0.3597519708746407
31300 -2.4431235842718317
31400 -0.8051509065651101
31500 -1.7811174303647257
31600 -1.151422055792671
31700 -1.31167784320789
31800 -0.21163908385015617
31900 1.0242647065799486
32000 1.9630418911223086
32100 1.8791673035223089
32200 -0.6299116030702934
32300 -1.6632012446474123
32400 1.5687589495404806
32500 0.904688171961366
32600 -0.315520674607027
32700 -1.2445368721770986
32800 -0.43178468420531674
32900 -0.19899834641920505
33000 -0.7024187686002141
33100 -0.003748069053546549
33200 0.562056699580842
33300 1.4365900399869085
33400 -0.6744037843071959
33500 -0.7700041510751068
33600 0.26575146985370107
33700 -1.4751625417411154
33800 -3.5488414599135285
33900 -0.7947821302675666
34000 0.823569416466118
34100 -1.0044734078752677
34200 -2.357014449879983
34300 -1.259683633053878
34400 -0.6886951031944837
34500 -1.832298891637826
34600 -3.4297929916957184
34700 -1.6201167650946497
34800 -1.5481264098389105
34900 -1.7842028399856802
35000 -0.7297325408017212
35100 -0.956836942769907
35200 -0.8169839448747878
35300 -0.1323609870473546
35400 2.7649299241990732
35500 3.051526700744174
35600 1.1132216055764521
35700 -1.6416790608516028
35800 1.5787916747281687
35900 -2.1600421665722527
36000 0.5038055594854425
36100 1.3313694413790496
36200 -0.5846737878825923
36300 -1.3960065770620578
36400 -1.6688512845205483
36500 0.24116633010153554
36600 0.6638914289905793
36700 0.03609619544041151
36800 0.3215890200309241
36900 0.3753087780970845
37000 1.6899740814916706
37100 -1.576616134537924
37200 -0.07375544978533832
37300 -0.04160978989359282
37400 -0.011229396277289666
37500 0.9650375621732543
37600 0.09452427277572617
37700 0.7856235472724542
37800 -0.08023936626558009
37900 1.3323421995018279
38000 0.7074322066486025
38100 1.2818282090584263
38200 -0.4139607595509058
38300 0.3512421733419167
38400 1.8134748237420535
38500 0.31978107627670577
38600 -0.5100963985287092
38700 0.27834719347175263
38800 -0.22413140712493104
38900 -1.1212517226447138
39000 -0.6263806876451521
39100 1.2161461232352178
39200 -1.5618245834407967
39300 -0.3691274060954956
39400 -1.901924193476244
39500 -1.553478663406569
39600 -1.2046613048072061
39700 2.0226824780062436
39800 2.675773387597135
39900 -0.9021588896093546
40000 0.9800589809663482
40100 1.8093334174567548
40200 -0.33352505474541366
40300 1.1318468478038213
40400 -1.5889667045883362
40500 0.044657488660619
40600 -3.1003146926421374
40700 -2.7453752494925197
40800 -2.7398914133003838
40900 -3.7624939800525543
41000 -2.257006893628878
41100 -1.5439105302279008
41200 1.0969297734121897
41300 -0.7404492952121609
41400 -1.9845913155808248
41500 -2.1604659891459397
41600 -2.12689229433818
41700 -0.2291543097836669
41800 -1.3121955505090694
41900 -0.6198490501673664
42000 -0.3372216866975368
42100 1.951769195220122
42200 -0.6739356648599875
42300 -0.019614072096212937
42400 -1.8954207924117867
42500 0.006712286202195189
42600 -3.02572553647221
42700 -2.1114086318940077
42800 1.1818540461734872
42900 -0.41179886248169423
43000 -0.8228037376177313
43100 -0.10051774510221086
43200 0.48845159471973953
43300 0.5591286321254717
43400 0.8185032363584395
43500 -0.13286484249531155
43600 0.622474016374291
43700 2.8252816561298117
43800 1.4072880323442676
43900 0.5705457086144954
44000 1.2607896904500064
44100 1.367194099019826
44200 0.9818802148078449
44300 0.06400525050091957
44400 0.5975933816076862
44500 1.2916346623724773
44600 1.5489166919991368
44700 0.7646494224956943
44800 0.6524231971708097
44900 -0.9311962766440258
45000 1.4023405443649888
45100 -1.1482936564907182
45200 -1.800658808293756
45300 -0.890255409125108
45400 -0.6509541020466171
45500 -1.0946022598984089
45600 -1.6523419550471279
45700 -0.9605513314052057
45800 -0.7953853178600616
45900 -3.2352620209966503
46000 -2.223656013819812
46100 0.17837958268559256
46200 -0.4467761722285945
46300 -0.26327196408682657
46400 -0.7278100446200251
46500 -3.01153214087835
46600 -0.5827406505702162
46700 0.12170844026063232
46800 -1.2063751265274198
46900 -0.9325968877790067
47000 1.6445561447332293
47100 1.0060621043313656
47200 0.7350313213261719
47300 1.8398393899284173
47400 -0.8019554783077092
47500 -1.1538991083682701
47600 -1.547296499087572
47700 1.0530637054354042
47800 1.2878453752178498
47900 0.26835978277813516
48000 -3.5582994903820198
48100 -2.2241581650985625
48200 0.08858876566089058
48300 0.2470446091015155
48400 1.5073883892422273
48500 -1.7849339240298865
48600 0.6565030732299635
48700 2.3205203081412575
48800 2.7410422611720846
48900 2.3370743313231808
49000 4.63473293676115
49100 3.812114048969493
49200 0.5233029773747175
49300 -0.6205333742693621
49400 -0.27997080461370516
49500 -0.6719169833809686
49600 -1.0056624315478955
49700 -1.6632136838716165
49800 0.022583781260521685
49900 -0.2576128890877229
50000 1.579192797705197
50100 0.4303292978017305
50200 -0.9982710225103062
50300 1.8063844203381787
50400 2.516012334354147
50500 -0.8912385633869659
50600 -0.5953131196936632
50700 1.0237224180172497
50800 2.3151361083733115
50900 0.8007699740079228
51000 0.5918351137263769
51100 3.3015724131091546
51200 0.9442464842291411
51300 2.5294461366233127
51400 3.8811345248064515
51500 1.7684566557134933
51600 2.2233439241558774
51700 4.315704249329495
51800 3.744980460971949
51900 3.3234838118965384
52000 4.197024261042247
52100 0.9736622356769407
52200 1.6213065866472944
52300 2.2269793099572843
52400 3.454325961013442
52500 3.694174091437058
52600 3.483904963939726
52700 2.786042314933073
52800 1.3790443288873075
52900 4.1874591656392965
53000 4.627896625401547
53100 3.3180702015648658
53200 0.9157439595159982
53300 1.1066152187535898
53400 2.7329105103672475
53500 3.029817876235319
53600 2.0024067346776473
53700 3.2227223401239944
53800 3.838181461986449
53900 4.388870773930128
54000 3.1466288167786503
54100 6.061329080822208
54200 5.312253760548927
54300 3.7732978006225886
54400 0.9850217597228555
54500 3.3256449053687565
54600 2.443538920262234
54700 2.1062651066501172
54800 3.8204902760466073
54900 3.217680039874214
55000 0.40056084537707887
55100 3.207864284149256
55200 4.357342370225144
55300 3.880211652033129
55400 2.7681396026095912
55500 3.09401509036436
55600 4.14839934925179
55700 3.906225394283177
55800 2.8069589285923247
55900 4.328031895048491
56000 4.7431234428946665
56100 3.4585049808049915
56200 3.5181883667978093
56300 4.3053081811352305
56400 3.8374368813661848
56500 4.887211489871655
56600 1.9900221778273492
56700 3.486629818136698
56800 3.882600469347069
56900 3.4623790615382184
57000 2.525160514109772
57100 2.2502030152054853
57200 2.5963149309755833
57300 2.998411648983157
57400 1.4905532672291535
57500 1.3295546759667256
57600 4.5213664759558565
57700 3.3525290598059554
57800 2.441460895175159
57900 3.376877254582165
58000 3.199824459179123
58100 4.017297602404633
58200 4.078488212359975
58300 4.53712335763375
58400 7.045628799179541
58500 4.965173062170502
58600 2.282511332961767
58700 2.865948415182809
58800 3.791631493012682
58900 3.96521813598952
59000 4.017513305149306
59100 3.953154392850151
59200 3.1965018009089095
59300 3.3385848434565024
59400 4.732797671619148
59500 4.255727854198307
59600 5.822029798548041
59700 5.467022855953791
59800 3.5618354896959117
59900 3.57673070572936
60000 5.533558431038549
60100 5.690386226058037
60200 3.9029804433116606
60300 2.398675764619236
60400 4.541520140924443
60500 4.11859635119154
60600 3.178337815409768
60700 2.8229880801884755
60800 4.299961116754821
60900 3.890636099409334
61000 4.360831537446991
61100 3.4996831724764896
61200 3.6483850505092907
61300 5.277431087862259
61400 5.041973427987763
61500 3.6781351606781754
61600 6.270946032464412
61700 3.6231990559408938
61800 2.7376624220728107
61900 2.8477849521201404
62000 4.3135774391187205
62100 3.2896482314944997
62200 3.9074770822181177
62300 6.166998623677313
62400 4.564750838876267
62500 3.8241645365812733
62600 4.301771137229338
62700 2.2290484468355256
62800 1.3719283938515165
62900 3.5381576330710405
63000 5.383256572007538
63100 1.7804971675561232
63200 3.2152029390887273
63300 3.447947489862768
63400 3.074960395264135
63500 0.5780981003503904
63600 3.1179401796478796
63700 2.3645054296509462
63800 5.104887578816034
63900 1.6977806845956722
64000 2.3565444989196327
64100 4.424718500883008
64200 4.673666191039781
64300 4.032935496036721
64400 4.39305191277657
64500 4.701139952577939
64600 5.0218297067023645
64700 5.562720982742213
64800 2.924718334169904
64900 2.361142090112917
65000 3.512433593384315
65100 2.5236463789892922
65200 2.2478045187615088
65300 3.5575710687581608
65400 2.75114261057472
65500 4.10992970193917
65600 4.826645039211457
65700 2.936446452219911
65800 4.318066251005066
65900 2.456173559193459
66000 3.988519094858136
66100 4.522567454771074
66200 5.383590663270149
66300 2.205113558200176
66400 3.867752734441756
66500 3.456694115980201
66600 4.250414680068568
66700 2.388368619053592
66800 2.777174987936038
66900 3.405015118221673
67000 3.798894685100899
67100 4.398105286884786
67200 3.045033663356407
67300 5.884375353604872
67400 5.344210518133386
67500 3.564313671823513
67600 3.891060140673142
67700 2.7405517235996113
67800 4.095302547958035
67900 2.6366212266164633
68000 3.41953521127842
68100 2.5266368957796317
68200 2.7328734505298575
68300 2.981454623438076
68400 3.11148451684313
68500 3.3701195480759267
68600 3.1411983657577895
68700 1.9326978445856222
68800 4.377606066203961
68900 4.436027647771944
69000 4.66580096971204
69100 3.0755928457715003
69200 2.4012706810027957
69300 2.5661643216887775
69400 1.219448004785421
69500 1.3512677659044412
69600 4.320220876552572
69700 4.5375671998372695
69800 1.6957397425922383
69900 2.8363335706812505
70000 3.3220681961733476
70100 5.959687155033594
70200 5.44846854268723
70300 4.212331892060558
70400 4.423091004289868
70500 2.425605889070551
70600 2.933891141784943
70700 4.310636799371981
70800 2.470733591265307
70900 3.700981201416497
71000 1.427564851839678
71100 3.528210866723169
71200 2.4801718166830504
71300 4.193761713396904
71400 3.560066143504124
71500 2.7193157113277633
71600 1.5472617844509855
71700 2.893136507804201
71800 1.2401660036521533
71900 3.494156056176951
72000 2.1327638237502655
72100 6.062653823911035
72200 5.2147645034893415
72300 3.097137060831657
72400 2.023254537457174
72500 0.7757813762793582
72600 -0.1614123392985452
72700 -0.20864676816786373
72800 3.0085535101072214
72900 4.146809479680668
73000 6.005277320070648
73100 3.4604223896326944
73200 0.9744657054986814
73300 1.7273652078689754
73400 2.5457057143384083
73500 3.7902362188667933
73600 3.9697003106190145
73700 4.308665868227032
73800 1.7693247101783682
73900 6.28745748893414
74000 3.8215087894669315
74100 4.3999799059822315
74200 3.588488449409889
74300 3.00951527477246
74400 2.428188796237796
74500 3.1152198633803194
74600 1.770237065562063
74700 2.6926428605514583
74800 2.1812519474008587
74900 4.336833782376756
75000 3.1213199203780535
75100 3.912730857879358
75200 0.8598899976741186
75300 2.2992206454732202
75400 2.4909386520465615
75500 5.101696674156958
75600 5.074136309465245
75700 3.432984021703414
75800 4.216593744635776
75900 3.3178990722719117
76000 3.121909377313369
76100 2.7172147622733975
76200 2.8618686804711246
76300 3.4029474671139606
76400 3.187770224148675
76500 5.0413301818752405
76600 2.543686317404607
76700 2.4312224161149096
76800 3.3607241950144555
76900 3.9782763561482817
77000 2.1296735951070103
77100 2.9229855332917425
77200 1.3748452959797932
77300 2.298062495433479
77400 3.1871019212908607
77500 1.78957368080722
77600 2.453403952217322
77700 5.783964531160267
77800 6.6366720159005075
77900 4.477479332058685
78000 6.468566566869072
78100 5.654112737115219
78200 5.142090346784272
78300 3.7605120785387647
78400 5.689281388730612
78500 5.133119676155039
78600 4.517866938689186
78700 6.151470345759521
78800 4.316420800875514
78900 3.740734699582943
79000 5.737392672076688
79100 4.486347971689676
79200 3.828988252449331
79300 5.198086402551196
79400 4.648075447717
79500 3.5650404479026028
79600 1.7926315439384473
79700 3.9350077551439755
79800 2.9721069235256836
79900 4.654629111193239
80000 5.114902374884176
80100 4.394546518717667
80200 3.966892584530073
80300 4.308758089604766
80400 3.181631142579447
80500 4.0792558729923005
80600 3.9741842421942137
80700 3.448264056682153
80800 2.4157126739644914
80900 2.89344811048261
81000 1.46815205927551
81100 3.6936981774300923
81200 2.827314141067962
81300 3.304900590059164
81400 2.4201868539930365
81500 3.070632700891394
81600 1.4545438705890166
81700 4.327677559044728
81800 2.746648736552769
81900 2.599775071302694
82000 2.51412124965731
82100 1.9796004717986775
82200 -0.5837041957637795
82300 1.8350880948083443
82400 4.153729664294562
82500 6.335431016868499
82600 5.280220136654177
82700 3.2121104042416384
82800 4.8475109090882995
82900 4.979160625244537
83000 4.451264667217345
83100 4.796090215680743
83200 3.6716164966717484
83300 0.634507870058687
83400 3.8926774157294437
83500 4.385372840946256
83600 2.7020766257114195
83700 4.439070334724003
83800 5.845442934028629
83900 3.5469329286351026
84000 2.2792351127062664
84100 4.661569470057667
84200 2.862147013357785
84300 2.6056310975096704
84400 2.8428497933865766
84500 3.686084094856517
84600 3.395434613778574
84700 2.509814382378897
84800 2.865767967438333
84900 2.448872540679969
85000 3.318225148377974
85100 3.329108164486875
85200 3.3868266758371703
85300 2.6428060758286964
85400 5.0099532338842385
85500 5.5199714200022445
85600 5.374006958729275
85700 2.7570263745880763
85800 2.065005496850033
85900 1.1191556957952056
86000 -0.6811957497348482
86100 0.6270636971891093
86200 2.6385355932033034
86300 4.940896318685175
86400 2.61641446641
86500 -3.8958002064135244
86600 0.01180578352311637
86700 1.0035000207319411
86800 4.056974915008424
86900 1.2081965538420798
87000 3.106258542303585
87100 2.7130113697324827
87200 2.6107905361943304
87300 3.154186572865675
87400 3.3043230112557116
87500 2.7947684131107424
87600 3.5000390615363797
87700 5.572159797197537
87800 2.571100562684325
87900 4.305081736988136
88000 3.662529398681003
88100 3.5803483216326875
88200 3.498444735916708
88300 5.177659384999814
88400 6.842768833625176
88500 4.6916777403530086
88600 3.7694567447840774
88700 4.111866237858874
88800 2.9932900952259254
88900 3.8604196294547664
89000 5.332135434000012
89100 2.778619683901928
89200 2.294886793008145
89300 3.5270704284304513
89400 4.13697416322671
89500 3.4003966057633455
89600 3.5568815125729367
89700 6.34211782894323
89800 5.058897096695691
89900 4.912606399530937
90000 5.287530573850033
90100 3.7342060802510697
90200 3.012190887277603
90300 0.6257982687663242
90400 3.2081834610785456
90500 4.23451071964847
90600 2.532673853386064
90700 2.5328109459549317
90800 3.27858244212241
90900 3.817553683583061
91000 3.07926503798285
91100 3.6084244331993394
91200 4.271216170395604
91300 4.291558397395918
91400 4.5480405146838825
91500 3.3609201823549752
91600 2.62193568162535
91700 5.667709489067957
91800 2.8524439840424742
91900 0.45439413701256043
92000 2.392163910652707
92100 2.870900170698713
92200 4.554825121277084
92300 3.68283488373761
92400 4.79676069144444
92500 3.62679551537726
92600 2.169198014098136
92700 2.944732530114704
92800 5.642613257467699
92900 3.4929553452801576
93000 3.730429419852606
93100 6.21408407138092
93200 3.004097948986158
93300 0.7763003824034249
93400 1.4888068554240115
93500 3.655738799483116
93600 4.2017306410039
93700 6.7630407260078735
93800 0.9668420995811169
93900 3.829757563458312
94000 5.7903246541585345
94100 4.075790502265035
94200 3.0370001779877462
94300 1.7373778658727834
94400 4.262841950708575
94500 3.4341682348289164
94600 3.840219587008937
94700 3.0279589570446204
94800 0.8981285158003398
94900 4.240168510915498
95000 4.650205283673277
95100 2.4429957784088487
95200 0.5164906960607929
95300 2.3180499641378614
95400 4.267312934563949
95500 3.3919960398652025
95600 4.837242816044719
95700 2.5050121503816616
95800 4.477291528998997
95900 3.4238841382340572
96000 4.604432259526306
96100 5.513919902638431
96200 2.1812646023917526
96300 3.4653689651846937
96400 6.811569164551741
96500 5.718842549917117
96600 5.757937759376083
96700 3.0271654454434813
96800 3.7828618768200126
96900 3.8996582000075097
97000 3.137664473798328
97100 4.742990387443227
97200 4.861070597914265
97300 4.445523759989911
97400 4.582750965809646
97500 4.286199042748936
97600 2.3845470773531465
97700 3.654881677422816
97800 4.476560403342797
97900 4.74734396773231
98000 6.268072912296758
98100 4.032956794344711
98200 2.6421618332827137
98300 4.043835002150782
98400 4.920452005404129
98500 4.75131138190428
98600 3.920611482079638
98700 3.3178144814831354
98800 3.8934128556578607
98900 4.28812187747546
99000 1.9741326398302663
99100 1.7364426643358422
99200 3.7696002295034914
99300 4.794488266937009
99400 6.1961623706721305
99500 4.240292403737695
99600 5.06900454638136
99700 1.9136837022089812
99800 1.978763282097243
99900 2.6055956108476557
100000 3.4116393844611896
100100 4.33986675398911
100200 3.252321124856294
100300 2.6600300700288857
100400 4.904709598379162
100500 2.935587260362723
100600 3.1240750614089916
100700 4.099690888822639
100800 4.457389793690365
100900 5.214250705678259
101000 5.4233156405882585
101100 4.035252028107136
101200 3.946701573692285
101300 4.235546025116439
101400 3.223143123624568
101500 4.854628445403424
101600 3.811039823705893
101700 4.387315561103257
101800 5.166545074179014
101900 4.273638878763945
102000 4.3319054905656005
102100 5.88105502257543
102200 3.6374682503672617
102300 3.9743511570838344
102400 3.8921661785858284
102500 5.397653626127126
102600 5.357748224345671
102700 4.518217259515083
102800 4.898667468206432
102900 3.342310567473138
103000 3.987202474694609
103100 4.606575230327362
103200 2.9334524690967245
103300 4.699453347850373
103400 5.263203916635314
103500 3.765766846067417
103600 4.46916700323717
103700 4.9552130223124164
103800 3.732271903038185
103900 5.8990828103045665
104000 3.553880903314598
104100 2.4309279235419816
104200 4.8719085676337786
104300 3.7382489784836404
104400 4.001984301928965
104500 4.0840663102330295
104600 4.22649077286286
104700 4.502621034647058
104800 3.8718172416021353
104900 4.606157677863024
105000 5.531209706361072
105100 2.9214136767460275
105200 3.254303558845729
105300 2.652189629584823
105400 2.135458553727157
105500 1.3193008829024253
105600 5.761173303203371
105700 4.209057043600175
105800 3.0145089025948315
105900 1.9617369723689386
106000 2.0833202440960448
106100 4.40308345061592
106200 5.247137945544651
106300 5.406156141303025
106400 3.668062500721428
106500 1.993716411215823
106600 3.331265324110145
106700 3.6396348533291123
106800 4.167209206550307
106900 4.827554106989032
107000 2.9327308151579703
107100 4.159396129802777
107200 2.5708671985282505
107300 4.3143481641856685
107400 2.1134233574845194
107500 4.75845177750734
107600 2.8822098531112545
107700 2.8679849793876344
107800 2.038635214348118
107900 2.6076587402674924
108000 3.095469014541238
108100 3.735106450108077
108200 3.3825972170824694
108300 4.797872146691426
108400 3.756461874499726
108500 2.2452840936351786
108600 4.490630973261458
108700 6.062047692684872
108800 4.658091429791963
108900 5.014848595426527
109000 4.102371255709789
109100 4.8055401909860604
109200 3.6844610005109444
109300 1.4132132707522276
109400 1.3093744840905774
109500 2.1049194796332427
109600 4.445405118897355
109700 1.6379229647372153
109800 4.081478304782414
109900 5.550421320408388
110000 3.0107975730057435
110100 3.5933134192251392
110200 4.528296381047163
110300 5.119552696995515
110400 3.8752160336611534
110500 3.1923155666740475
110600 2.426859231289815
110700 3.1287784750685526
110800 5.822650850348484
110900 2.1299930753929575
111000 3.921561510382248
111100 3.759761334355329
111200 3.870853694094219
111300 2.2230289939291534
111400 4.020497077981392
111500 4.053482109103477
111600 3.635605661008917
111700 3.197276246702404
111800 5.255242035687496
111900 5.735867190435098
112000 4.90350780009636
112100 3.8976862550771627
112200 1.9975180127011187
112300 3.653162424368702
112400 4.110435378193635
112500 4.945304191604668
112600 4.5876109244498595
112700 4.2937154774547235
112800 3.239898532060917
112900 4.451305507509225
113000 3.3845157907984946
113100 4.226022124040533
113200 2.7274138869653606
113300 4.776153294247639
113400 3.1508529619403602
113500 4.477360528631496
113600 2.0329679950405315
113700 2.287201310076222
113800 4.900465269891966
113900 3.8161683862486946
114000 3.9336000502875015
114100 0.8373804559903111
114200 4.820783104610254
114300 4.311784066780503
114400 4.35916604915131
114500 3.8026352186960484
114600 4.179004008307899
114700 5.9579940126026205
114800 3.5458871855008214
114900 4.533112097260978
115000 5.210942436841952
115100 1.7592384811897215
115200 2.5352716386267615
115300 5.02047435914009
115400 4.34123933961012
115500 7.035323671108752
115600 4.278331363332917
115700 3.778138138548387
115800 5.113958144723233
115900 3.9054392181152098
116000 0.7191418127765461
116100 -9.187055634893756
116200 -14.381587281160323
116300 -14.145828392672863
116400 -15.195669476774146
116500 -13.280151147427294
116600 -9.717839389623355
116700 -7.194759713007475
116800 -7.499559683947012
116900 -6.31517959177851
117000 -7.04023028854501
117100 -7.569745982984261
117200 -8.869834545911445
117300 -3.963587795344382
117400 2.6411483080015747
117500 2.61021351847429
117600 3.2683002939291
117700 4.3172258358296745
117800 3.8486595777445665
117900 6.185149107657178
118000 4.430036235914746
118100 2.2857764302880432
118200 1.5141875844133548
118300 1.7712547393493878
118400 1.990936231201324
118500 0.7828553769041529
118600 4.787220885527669
118700 5.015437037577032
118800 4.947854751756489
118900 5.165597590663971
119000 2.7306486130092584
119100 2.5121728546636413
119200 2.389898409531716
119300 3.070306626434066
119400 3.5878719937135837
119500 4.213048603590301
119600 4.199746293381437
119700 2.8094208333262007
119800 0.4366157323989786
119900 1.5739082730475313
120000 1.411105045284747
120100 3.3549205170525034
120200 4.1254793457509
120300 5.478853634878513
120400 2.777435710945392
120500 3.301393642014501
120600 4.1222671300609015
120700 2.7752533969945876
120800 3.756503595725423
120900 1.4147805433876244
121000 4.588514031888046
121100 5.865308686010204
121200 3.371195552139708
121300 3.2163638822914473
121400 3.69635322941803
121500 5.197118972326367
121600 3.1580380691225742
121700 5.248797183661352
121800 4.805990272277236
121900 5.10829228813084
122000 2.4591563652164354
122100 1.8582469855017074
122200 1.7752870451365284
122300 1.8663731840184934
122400 3.4555518236956386
122500 3.0847178203203076
122600 5.138662337568247
122700 4.219308052655111
122800 3.8720568739955166
122900 3.503742044442827
123000 1.9357067057566792
123100 4.332376025458346
123200 4.573483064232523
123300 0.4545247801714222
123400 4.230005590458123
123500 5.730961243375942
123600 1.9422379688763842
123700 4.286744446332383
123800 5.8797129925605445
123900 2.5300705040948257
124000 2.819629879584697
124100 1.9415629184012768
124200 5.48443815857745
124300 3.639810406123477
124400 4.75458071222869
124500 4.204596130820054
124600 3.430843270278842
124700 2.622086480772573
124800 2.4029634845754346
124900 3.0396005960156516
125000 4.153393691702435
125100 3.786642863736096
125200 4.557515185799059
125300 2.1702155123695164
125400 3.8415455684649826
125500 5.331645319472017
125600 3.077044951381182
125700 4.86323373323407
125800 6.889207836604331
125900 5.823766993521424
126000 6.30855895731238
126100 4.988562648899848
126200 2.921575397262191
126300 2.6244571902117757
126400 3.856081068721803
126500 4.514751600604884
126600 5.190801979407766
126700 5.889640160009268
126800 5.505088033861447
126900 4.373143213332117
127000 2.8643043516790643
127100 4.8188249586490555
127200 3.105224221886076
127300 6.589837926760618
127400 4.6677307712268945
127500 4.294911309246661
127600 1.6605588461010052
127700 2.1568457675069506
127800 4.070869387136203
127900 4.123192568682449
128000 3.7022885531270826
128100 2.1706644339966292
128200 2.1611461882191674
128300 3.098565876980406
128400 3.854190428057338
128500 3.7515284182802544
128600 4.551188671392402
128700 3.182815117280138
128800 0.31619593325400336
128900 3.1342204585346445
129000 5.197774775894605
129100 5.729311737226152
129200 4.704422700459372
129300 3.7250635803065735
129400 3.8291032035311727
129500 2.177503393560645
129600 5.016416073747327
129700 4.986615283799344
129800 2.821178644451866
129900 4.216608577459325
130000 2.845706738132785
130100 3.1014372150379454
130200 1.7848514753620635
130300 3.0693459217178414
130400 2.3131544093626095
130500 1.7968573826751169
130600 3.6298713709935337
130700 4.45320728741679
130800 4.9272771119395244
130900 3.3648553916357633
131000 1.726142672499329
131100 2.9201681487387194
131200 4.594424093488104
131300 4.20476964714611
131400 2.7140273326186417
131500 3.050470511947888
131600 2.115849760852704
131700 3.669935571101924
131800 4.17648715658536
131900 5.452590939520128
132000 4.962012826689986
132100 5.587297355588734
132200 6.515908178125059
132300 5.1657734493226295
132400 3.4125144710060074
132500 3.6352228961443496
132600 3.2740537709710127
132700 5.481264709006951
132800 2.3011114008571463
132900 3.2462415287639588
133000 1.739396958320724
133100 0.18353617485273008
133200 2.692920418307414
133300 1.445726378340445
133400 4.451545729578604
133500 3.5706979207289855
133600 1.4708885003826802
133700 3.076810213055258
133800 4.163415490274206
133900 2.6965330999036343
134000 3.260215153360632
134100 4.8405931425350746
134200 3.8975314296364654
134300 2.466401467551205
134400 4.387446532265684
134500 3.6700730832475816
134600 5.199662840909997
134700 5.002167066602312
134800 7.084785398215476
134900 4.079296809564578
135000 5.123409828435327
135100 3.464824303489972
135200 2.955616557059354
135300 3.3387874173109546
135400 5.146839840354968
135500 3.6710572074992807
135600 2.6995825705041603
135700 3.771213248078796
135800 4.520348782302727
135900 -0.2387693887105571
136000 -0.6594759694493834
136100 -3.372888544268218
136200 0.1000242324478565
136300 2.5620027793200424
136400 1.1724083974587587
136500 -0.000915112687574049
136600 0.15773021386245184
136700 -2.296486011271751
136800 -2.269413353843002
136900 -0.8682574725714036
137000 -1.341710431692798
137100 0.019461228052207513
137200 3.1341282801921437
137300 3.66120091222211
137400 5.670743976234952
137500 4.838760615343475
137600 4.937691336751472
137700 5.752305888712517
137800 3.606496493922826
137900 3.7517907299391755
138000 3.18169242810694
138100 4.80329634247123
138200 3.802506004898845
138300 4.510553800607391
138400 4.359750026626535
138500 4.389252307135791
138600 3.7007594685200735
138700 4.682921768370006
138800 3.937717197257031
138900 5.234844224261939
139000 3.5472493410578227
139100 2.442205506938539
139200 4.101976304293532
139300 1.7929682723782823
139400 3.51274013261025
139500 1.387561448448511
139600 3.954438708547364
139700 3.696032960056628
139800 4.0641421349803935
139900 5.52221386314266
140000 4.062821241378787
140100 2.1891214189211357
140200 4.638986604641504
140300 4.913728754332317
140400 4.085637330751384
140500 2.2349262502049463
140600 3.595943307155867
140700 3.941412813342814
140800 4.875772808549111
140900 6.813261371680494
141000 4.686942589202362
141100 3.3935002170843265
141200 4.960413340488066
141300 4.038351350841201
141400 1.8210188955527469
141500 3.235951771896534
141600 2.440149022450409
141700 2.1926281279904836
141800 3.1226038355710166
141900 4.021171782994204
142000 2.9101313536161326
142100 6.084131718472542
142200 6.930664015116333
142300 3.5039770357270084
142400 3.7661214545254134
142500 3.7904040274677833
142600 2.7134361627919534
142700 3.121669274157092
142800 5.1168548377307745
142900 4.563528528168235
143000 4.35202701856891
143100 3.5228883504409665
143200 2.41401714836075
143300 4.930672838766019
143400 5.1320321927780705
143500 5.231899358313126
143600 3.7785293888426863
143700 2.723072133996522
143800 3.7730484703431015
143900 5.372727090184062
144000 1.778919001507163
144100 3.7080317140566117
144200 3.7540371914873973
144300 2.8301496752391366
144400 1.7688083146563949
144500 2.726059655694233
144600 4.926128641208472
144700 4.782336547483956
144800 4.651959681777921
144900 4.109101490917285
145000 2.751609430170977
145100 2.477529583316929
145200 4.314436352899027
145300 2.8347450504397678
145400 4.288396429129055
145500 2.021366801302741
145600 0.86425769448113
145700 1.1964834954166943
145800 2.9792901545900388
145900 2.304197718533588
146000 2.9870423239452726
146100 3.4048300677693906
146200 5.11522660823311
146300 6.408165158402418
146400 1.3132844234299128
146500 1.5367105098706262
146600 3.6770018654041507
146700 2.3693514708639367
146800 2.521808538796663
146900 4.170030677947364
147000 3.5986082257030474
147100 5.359397493534691
147200 4.329588525785729
147300 2.2229698688964894
147400 4.041328833781357
147500 4.209534133310334
147600 3.04974277413285
147700 1.6777167586429675
147800 1.8177482403816851
147900 2.842469659191303
148000 4.116605717440399
148100 4.5236925750764305
148200 3.8098266853926805
148300 2.6455315531141768
148400 3.588093864420549
148500 2.2623692912347577
148600 2.2182371114096187
148700 1.3249656308385143
148800 1.3665368886286922
148900 3.3984304060556285
149000 3.6599717568266863
149100 3.1188289156155715
149200 3.6086666033653763
149300 3.9325160376126154
149400 4.2813532507880385
149500 3.5950009240889456
149600 3.5330291850289894
149700 3.194923193315047
149800 2.850876148853461
149900 3.043122591814979
150000 2.2733063283059916
150100 2.9810797222426952
150200 3.438318001450633
150300 2.4870842857208433
150400 4.259721067695371
150500 4.363115323488167
150600 4.738463005056051
150700 3.8529701990731517
150800 3.0511228252084956
150900 2.19539235349165
151000 3.175956351948956
151100 3.7406016625839698
151200 3.2043265414516644
151300 3.3813654109439173
151400 3.12458034436856
151500 4.337033796985159
151600 4.517163234936461
151700 3.0514919949043757
151800 4.428587133760983
151900 2.8314320717584462
152000 3.6524235921212784
152100 2.606365344789444
152200 2.766642987317847
152300 1.3739362877566523
152400 3.3283293693211946
152500 1.6827516463063195
152600 1.9794122587279281
152700 1.3586654351232577
152800 1.5595703095437534
152900 3.7107607923294794
153000 4.8670642331626786
153100 5.634659105965106
153200 2.354083465696853
153300 3.406919046823361
153400 3.118588699729351
153500 5.200712993071273
153600 4.982528886258727
153700 4.498938605542626
153800 3.2744722390734244
153900 2.780390983347385
154000 3.5593684017261036
154100 4.50205290930039
154200 4.728457017727348
154300 4.437562563992368
154400 5.230228416650517
154500 4.4049901980085275
154600 3.803097826172924
154700 5.714462129344025
154800 5.165778347021614
154900 3.6728479546208135
155000 2.603068132721259
155100 3.2891491169616884
155200 3.5392619767535276
155300 5.254264025523633
155400 3.3702316337039657
155500 4.253256631365338
155600 2.7948668504239116
155700 4.927240619069789
155800 4.189956154203908
155900 4.900559983978316
156000 4.447507890511428
156100 4.809306980667475
156200 1.8850587119277196
156300 4.459423788652957
156400 5.660201478264103
156500 5.4587946461684185
156600 4.435853728548138
156700 4.0602776595576975
156800 4.023266910053174
156900 2.4556470118602367
157000 2.768208860803466
157100 3.189119317786419
157200 4.180762621512409
157300 3.0110738415916494
157400 2.1917455256951826
157500 2.5383459303254954
157600 4.840131541620012
157700 3.0108289643931743
157800 3.51042188125674
157900 0.9452397562350529
158000 2.8683390321067166
158100 4.635556011979141
158200 3.2444804926953017
158300 2.585943564875285
158400 2.7372079177324125
158500 0.3008309859528447
158600 -1.102509092379422
158700 -2.6609921194477746
158800 -1.1686812537733926
158900 -3.1239774000318508
159000 -1.9459617198718522
159100 -1.53166533799808
159200 -1.9064955337706713
159300 -2.1125779737260095
159400 -0.41369535739521207
159500 -2.3103682011290685
159600 0.06384532794407466
159700 -1.399635964462608
159800 -1.6655730320688173
159900 -1.2933162636521516
160000 -1.2568564233753905
160100 0.5213440259529991
160200 -2.5822352942071176
160300 -0.19719345027847093
160400 -2.183722410357021
160500 -2.549382920089951
160600 -3.787006531419643
160700 0.06529301337898091
160800 0.9530351523769787
160900 -2.73250568088336
161000 -1.7680117184810726
161100 -1.8845014274493588
161200 -1.3217868642082637
161300 0.19029664081974484
161400 -0.9323409497166306
161500 -2.005706654990802
161600 1.3606531191763758
161700 -0.7028565826941933
161800 0.5988518591014307
161900 -2.2839495910157406
162000 1.0254738766531388
162100 0.33214678639796125
162200 0.1230100482185345
162300 0.21557213060018685
162400 -0.3814977908741753
162500 -1.712236902615035
162600 -1.4919112445877003
162700 -2.258397762105232
162800 -1.6223528648100105
162900 -0.10324455622903334
163000 -0.34474822208661354
163100 -1.993296748062897
163200 -0.965362082774349
163300 -0.9908319065966713
163400 -0.2893042647917873
163500 -0.9329303377950071
163600 -1.0993269664948337
163700 -1.5264928364104642
163800 -2.403247071707292
163900 0.5650890188272646
164000 -1.0171430153810557
164100 -1.6989657241479474
164200 -0.5114633862697648
164300 -0.9177707210164421
164400 -0.2658214124304745
164500 1.4490205714122462
164600 0.5049639796605891
164700 1.0406252713240474
164800 -0.6829741953928241
164900 -2.774764619101154
165000 -1.1603014719986118
165100 -2.5338311314071675
165200 0.4435201377506054
165300 -3.8779861934524282
165400 -2.391187333296201
165500 -0.1551162416043747
165600 0.23267581468788498
165700 -0.3033625402934323
165800 -1.1928431842367493
165900 -2.2785583626516317
166000 0.14926291045620088
166100 0.10145050666801671
166200 1.5637145412862214
166300 0.9468700341126086
166400 0.31584470575258144
166500 -0.5051960658500124
166600 -4.262772829124915
166700 -1.2876099077266752
166800 -2.7191320233419902
166900 -4.7365315678933735
167000 -1.6296085190399243
167100 -2.9115350980919423
167200 -0.361250001886499
167300 -1.1161376816877777
167400 -0.8366621531860616
167500 -1.7080960753113643
167600 -0.8929868399034548
167700 -0.9082949339888869
167800 -2.102297511271806
167900 -2.522085771860162
168000 -1.9417194933762372
168100 -1.1587431097762393
168200 -1.5190121395542624
168300 -3.2844892233609153
168400 -4.302254608626049
168500 -3.185988763192141
168600 -1.7926253701101411
168700 0.699295203909746
168800 0.5128688442183504
168900 0.42723390364905844
169000 -0.3271276378030383
169100 0.07598224481248751
169200 -3.0041292399070976
169300 -2.411668828014725
169400 -0.8945822669202964
169500 -0.9601418318140615
169600 -3.4752152669925924
169700 -1.2801312548947943
169800 -1.5495417773997813
169900 -1.867118710524972
170000 -0.8174586652943885
170100 -2.371060251431382
170200 -1.0917401505226731
170300 -2.9837851863716573
170400 -1.3916324316502946
170500 -1.4274961579486187
170600 -2.501122005618271
170700 -2.833684087847767
170800 -1.6319544171467417
170900 -0.7917757677014992
171000 -2.10483444698819
171100 -0.25057193428237257
171200 -1.9344997874326662
171300 -0.6813087934819975
171400 -1.2421716736447337
171500 0.34776004237007135
171600 -0.21140069470832823
171700 0.15858459278603598
171800 -1.5951692683216459
171900 -0.5611152378022071
172000 -2.0616289448014626
172100 -0.4563674835197284
172200 -1.1952330615177198
172300 -1.872821525720983
172400 -0.8519807576681593
172500 -1.3946482540125706
172600 0.35052222094570434
172700 -0.9863972754035766
172800 -3.485062272358248
172900 -2.8421079721148566
173000 -3.163730386164783
173100 -2.2924027232059645
173200 0.3124704283010748
173300 -2.4019453011728706
173400 -2.8277439398926405
173500 -2.576659792505174
173600 -2.0130820395524704
173700 0.9690469870691707
173800 -0.40962249375975623
173900 -0.0889251216095554
174000 -0.056399829171381505
174100 -2.374593365178387
174200 -1.0695501472576066
174300 -0.6686089359643302
174400 -1.3982437942769754
174500 -0.3736801972474041
174600 -0.7143151864681596
174700 -1.5998248636299057
174800 -2.1097785604755512
174900 0.2022606411122956
175000 -0.14439865037284055
175100 0.01713677177237391
175200 -0.29302509377357466
175300 -0.25150913887008947
175400 -1.893968547418599
175500 0.7112347717676495
175600 2.1984763074477716
175700 -0.8883470162203826
175800 2.970038284465578
175900 0.4414480719185184
176000 -0.8376439329355387
176100 -1.5363235081317095
176200 0.5078379188026889
176300 -1.5359423423821583
176400 0.574098603839519
176500 -1.704461015432278
176600 -2.179171190861152
176700 -0.1419678822497889
176800 1.1294295236744236
176900 -0.07570167818544137
177000 0.4552619611645458
177100 -0.40918886261644644
177200 -0.06725423000542258
177300 2.729576097500201
177400 0.20516240312200457
177500 -0.1529675421123527
177600 1.5345439355406176
177700 2.338428718063999
177800 1.2392514679598785
177900 0.9540815089795882
178000 1.0946753899224069
178100 0.9302540421857
178200 3.3427463024228317
178300 1.503984581265991
178400 -1.9180038521661391
178500 -1.995518652396707
178600 0.8742167502361877
178700 -0.943663440883235
178800 -0.5203776653918317
178900 0.009821909854871025
179000 2.28063324987006
179100 0.6304025910326154
179200 -0.010828336666754257
179300 -1.1494510339111206
179400 -0.038980221386610725
179500 -0.07192180037529228
179600 0.5763287468923084
179700 2.24428034454017
179800 1.904729531472013
179900 0.12640017927385633
180000 1.671524195027345
180100 -0.4538802182921456
180200 0.12761660230825675
180300 -0.23850752760779864
180400 0.758711493535188
180500 1.0473311467114692
180600 -0.000606769564666626
180700 2.689283954722086
180800 0.4474330561830187
180900 0.9174778874284939
181000 -1.5643944633392384
181100 0.2688797666882724
181200 1.6016661086432173
181300 1.7882455493217713
181400 2.2548644353223906
181500 0.49734705359061615
181600 0.8066587836530936
181700 0.254316698150515
181800 -1.2860667251229234
181900 0.19677016341611867
182000 0.05248203994155576
182100 -0.08652049002221796
182200 -2.707499720089699
182300 -1.258051770398126
182400 -0.5250908171711381
182500 -0.2611336923461899
182600 -0.18551559192397635
182700 2.402754089303736
182800 0.36338088247768985
182900 2.285353098383729
183000 2.42444351848371
183100 -0.6411526433567156
183200 -0.4363609596427581
183300 -0.0013492367897673385
183400 -1.7365958183578132
183500 0.6429729338767769
183600 0.4023200935904096
183700 0.6896997110692725
183800 0.9020435357768921
183900 1.684056886075226
184000 -0.07812686712863459
184100 -1.4532428787531568
184200 -1.8277547560525385
184300 -0.2434550013649144
184400 -0.023609587973451557
184500 -0.5846040703064248
184600 -0.5165509379385809
184700 -1.428274614088025
184800 -0.4385417609078354
184900 1.7062373293587154
185000 -0.9640947723349211
185100 0.19754661560764303
185200 1.9029589657490724
185300 0.8430592069466443
185400 1.7844186918055238
185500 0.049208680049553116
185600 0.006462813729088662
185700 -1.4600312560416504
185800 -0.4992857785768799
185900 0.12847954437429726
186000 -0.16717087098576605
186100 -1.2910475982071004
186200 -3.711463448676943
186300 -0.6885261186580539
186400 0.7010089530891161
186500 -1.0647025385142084
186600 -0.7178725509022115
186700 -1.0798013395663575
186800 -1.465477340808101
186900 -2.7973073487085407
187000 -1.9569169979189955
187100 -0.060004444052877304
187200 0.37905249353530174
187300 0.9225408791907714
187400 -0.3708374560781427
187500 1.449856632032322
187600 -1.8837674842929164
187700 -1.281354787448136
187800 -1.1104547878571196
187900 -1.056378952488831
188000 -1.230925843761488
188100 0.0014659674401565626
188200 -2.131811262801177
188300 -0.35428421958522205
188400 0.07772399681378657
188500 -1.414239519955603
188600 0.6007451451208952
188700 -1.069583756436072
188800 1.2988170933488448
188900 1.6007687873417125
189000 0.16552909742702954
189100 0.9097780359717382
189200 -0.4833504109084984
189300 -0.3318899489702691
189400 0.8580494732511081
189500 0.8490656298906953
189600 0.6186407780461325
189700 -1.2031263053285175
189800 0.029061557341129834
189900 -0.6661075182004395
190000 0.7414240164951353
190100 -1.0607389241418654
190200 -1.8507141406003964
190300 -0.804491531808379
190400 0.17702279326060316
190500 -1.2443097768993876
190600 0.903632430325501
190700 -0.24376639650105103
190800 0.6169362912638876
190900 0.3086610318547924
191000 -0.6002091717157676
191100 0.3941010916645138
191200 0.8772934575937563
191300 -0.6558452768101304
191400 -1.9517906027343241
191500 -1.067568258718779
191600 1.012264172649696
191700 -1.9050555591617842
191800 0.36976016113397964
191900 0.7262477371212468
192000 1.049710913495713
192100 0.608230756882612
192200 -1.0925389225338207
192300 -0.5913467574109905
192400 -1.7245377818082335
192500 -2.804391604527735
192600 -1.4446483471321008
192700 -0.6711948890827779
192800 0.6645307169104773
192900 1.826960877326999
193000 1.997673425417392
193100 0.9232609509318994
193200 0.7809990490923424
193300 -0.4366176832550878
193400 0.012887279852594802
193500 0.027785092566964542
193600 0.8400461409220428
193700 -1.5875585515290778
193800 -0.1403690069433226
193900 -0.1730670649216634
194000 -0.5212894842802831
194100 -1.5820641627786527
194200 1.945447271200228
194300 0.8125164560402047
194400 -0.4527892391526132
194500 0.1606518698386451
194600 1.1200889929092774
194700 -0.07974017509113068
194800 -0.8890089628522091
194900 -0.032511447529130766
195000 0.7370872233654495
195100 -0.004530976508102802
195200 3.0255635766486164
195300 1.4907132777104692
195400 0.0161935593479145
195500 -0.26164911255253204
195600 -0.6545631416490223
195700 -1.1744886234124283
195800 1.6745787649821704
195900 2.4431743816153686
196000 -0.9238340997871308
196100 -0.26610030636526777
196200 1.8136140347377065
196300 3.5729775134010286
196400 2.2225005978193173
196500 1.188486120192942
196600 1.0804096524841311
196700 -1.1210860548417791
196800 -0.39881484911291915
196900 -1.0386431650892722
197000 0.8793221566534342
197100 0.06325453730157393
197200 -0.689471400821259
197300 -0.7186727439822931
197400 1.1544392902169587
197500 -0.30127597828461344
197600 1.205399759716527
197700 1.18907699345163
197800 -0.6465017485449609
197900 -1.5051527767349238
198000 -0.06568425737652234
198100 1.5457189121677621
198200 0.5653804518352066
198300 0.5456394962257687
198400 2.027871066125016
198500 1.1570954994133325
198600 -1.0207636741850552
198700 -2.0733166147903095
198800 -1.0195467496415376
198900 -1.4868590037036231
199000 0.016837191506427762
199100 1.2390119342553074
199200 1.1445750853681174
199300 -2.3400586779255206
199400 -3.933009797191558
199500 -1.5178069951755213
199600 0.8080784009573021
199700 -0.26470007961184727
199800 0.16489967194426308
199900 1.3483225594612969
200000 1.9944456396628796
