100 9.823836356586485
200 8.04320449377307
300 8.753083116889922
400 1.2702843051625612
500 5.79444941187266
600 6.50699833176585
700 3.2795011809268946
800 6.772083163650633
900 0.14712394487395952
1000 7.794368233429243
1100 3.5276291408525866
1200 9.201755258919503
1300 7.325549575755922
1400 2.1699502115164173
1500 9.410210701695116
1600 4.9693075221490055
1700 5.630529784897514
1800 4.569512617494657
1900 9.124595658905783
2000 7.964821772387297
2100 4.657603754167234
2200 1.022823836559113
2300 11.362492948566254
2400 7.963058083419281
2500 2.6466926198723493
2600 2.4603104390288686
2700 5.46071808579267
2800 8.972063381287954
2900 9.090694642311963
3000 6.560706285018155
3100 5.089521214075932
3200 7.553318917161053
3300 5.630848566916436
3400 8.330754024989185
3500 2.01158947203974
3600 10.40625592270323
3700 5.992489083268927
3800 5.886415736206014
3900 9.016681591501323
4000 5.383580800137537
4100 6.51273429699841
4200 4.352957203056876
4300 7.818536609351415
4400 5.473288372127072
4500 7.879223449374072
4600 7.37605924554515
4700 9.663206242963463
4800 0.7596197907964812
4900 7.20373271993771
5000 6.168673798949318
5100 7.524362198270606
5200 11.232086239588702
5300 10.522667445973095
5400 5.422192269989978
5500 10.067234644379122
5600 5.733801969775888
5700 8.925042622089235
5800 -1.6194895462325243
5900 5.977731663655033
6000 4.719748742668525
6100 4.608928509020463
6200 8.358782351712756
6300 5.106469069915561
6400 1.9368973865931614
6500 6.444170019168576
6600 8.558742100586057
6700 6.531823954145317
6800 7.580698330515668
6900 6.44259574964394
7000 12.235827142180291
7100 9.417701988655427
7200 6.750273633613253
7300 6.465368369884135
7400 7.473822865706725
7500 6.915300104884295
7600 1.3829787447793678
7700 9.871681471830879
7800 5.016379699311035
7900 5.833277533828917
8000 6.54488311595277
8100 9.936171067362073
8200 5.200850534077294
8300 8.345340950391389
8400 1.779756498818186
8500 9.602863133203842
8600 6.192715678309798
8700 6.367225727448035
8800 1.6432131376328925
8900 10.324734790342589
9000 8.561299513497953
9100 4.629701046540604
9200 9.531215247278697
9300 4.469744076034417
9400 11.443435607577143
9500 10.269380941009349
9600 7.844880252291981
9700 6.89967624431885
9800 10.012237502774404
9900 7.479960747424784
10000 6.334864524566301
10100 4.732097683877999
10200 11.128651965270691
10300 5.63242670626216
10400 7.479210861875124
10500 5.063531749158677
10600 4.597270160044621
10700 8.666259096032805
10800 10.057804146438272
10900 7.906482139828199
11000 9.120093374426638
11100 3.8389433761325362
11200 5.28789616870524
11300 3.8476157774065216
11400 8.81014247358942
11500 6.4505725738255215
11600 4.471339557877389
11700 4.9762232168976475
11800 8.433239840233012
11900 8.579372641202795
12000 7.292196464056233
12100 7.106136510750446
12200 6.8615155588895425
12300 6.878003560144092
12400 8.23157148709224
12500 7.417651463355076
12600 7.968968114747983
12700 6.93677177504551
12800 4.884577514821311
12900 8.17010416879049
13000 4.216421102432815
13100 7.70042283703351
13200 7.1489126370040985
13300 9.457604931905342
13400 7.828056716650927
13500 7.018596808385067
13600 4.827760566921313
13700 11.196324458434056
13800 10.791174566015151
13900 8.873331807145611
14000 3.4488126138363646
14100 9.769814044208323
14200 4.338378302489154
14300 7.59270744256721
14400 8.848811495128626
14500 10.40407087493373
14600 9.032311752509209
14700 7.073906611100511
14800 11.709010943258459
14900 9.624127407128881
15000 6.294251494334329
15100 4.479123837795772
15200 7.040742528568466
15300 10.754699134870135
15400 11.251523391204973
15500 -1.8145797890782418
15600 1.9644663017102681
15700 9.616349014408932
15800 6.121774566038033
15900 4.1810900496666665
16000 4.9758324822782525
16100 5.588376128927797
16200 6.620010021792029
16300 7.792882152422562
16400 7.261511612936257
16500 7.181983111989441
16600 6.946413689174482
16700 9.376778297178902
16800 4.30731244912623
16900 5.776428123478703
17000 2.363751817322014
17100 11.651103234568636
17200 8.211816074717847
17300 5.293395384716344
17400 4.562863649865679
17500 5.5112681755125905
17600 8.755930126462948
17700 8.787027055323453
17800 10.101604712797752
17900 8.186140398858557
18000 7.938254796262321
18100 7.89801726058646
18200 7.550016757840422
18300 10.103611509882876
18400 4.928679920647569
18500 7.82107836304596
18600 9.073256922403178
18700 7.545649388720102
18800 13.58910513072488
18900 10.234702582918471
19000 9.29629501445381
19100 9.907204371196304
19200 9.918181227266363
19300 2.650769699296701
19400 9.012793493375629
19500 7.6937130105980875
19600 6.359810717700322
19700 10.888967892144848
19800 9.767198892147741
19900 8.796785400588481
20000 8.564111752908486
20100 7.028629365906378
20200 0.6761430067379799
20300 7.401742390402309
20400 4.156880848470608
20500 8.846143336367795
20600 8.351552605834266
20700 6.620271215664463
20800 11.34701561786347
20900 4.3426292104862565
21000 7.374214202968779
21100 5.745863866724577
21200 11.906769337470001
21300 5.998141197875196
21400 8.291853402863381
21500 9.623531099709673
21600 5.421070965417154
21700 8.318130000565393
21800 6.153676831352855
21900 7.456020337276267
22000 11.369207000003223
22100 3.908351570313345
22200 11.17312586383018
22300 7.963342741489943
22400 7.711611009018551
22500 6.642991504494153
22600 5.499184309515542
22700 8.049960414311098
22800 4.033712951353673
22900 5.790404775614245
23000 5.582014250806408
23100 5.263632807705424
23200 11.078798063597246
23300 7.023592834259209
23400 7.341438276473522
23500 8.746019081648626
23600 4.136287845023364
23700 7.894761913314952
23800 7.4390957674776885
23900 8.652797299797232
24000 9.425675318832084
24100 9.494801827439183
24200 13.115986960922418
24300 7.261190925601454
24400 9.932202120560078
24500 6.803978748256101
24600 8.770187609233167
24700 6.822314030927107
24800 5.759547112519537
24900 9.436076571080923
25000 7.264085802654622
25100 4.803329351930774
25200 9.271833142909857
25300 12.725580574831636
25400 4.142025798123694
25500 7.562153891120706
25600 5.32622716522806
25700 8.312172939019025
25800 8.642362814148258
25900 12.565366667435269
26000 5.575316375561187
26100 7.011326264078594
26200 5.705285877741028
26300 4.352362513467808
26400 12.227980891882313
26500 5.853549353587727
26600 10.88603763737274
26700 8.531741461924108
26800 12.21598954894432
26900 4.416160574952311
27000 5.640619287857979
27100 6.017502342851428
27200 7.03304424448982
27300 9.150176480237986
27400 7.781465729948939
27500 6.462281093010093
27600 10.516446186470066
27700 8.1355294846487
27800 5.448275652808972
27900 7.202084387684575
28000 7.91799275982658
28100 7.642567031516718
28200 3.481933834823971
28300 13.935846352416986
28400 11.20375209940772
28500 9.549633045609362
28600 4.266610169741705
28700 8.865917695978672
28800 10.52071190629963
28900 8.140034341874902
29000 8.650236264842926
29100 5.587416978939746
29200 8.990943373762596
29300 9.14603439411991
29400 3.9830741185834713
29500 10.68901376739572
29600 7.700952895226231
29700 6.9672915951557295
29800 6.901424351665499
29900 4.955565071939942
30000 12.160158049519897
30100 6.617739190233011
30200 9.118218851868415
30300 10.69528713311899
30400 6.678229091202979
30500 7.017591087064941
30600 11.386446444542042
30700 8.968473173636339
30800 6.8805506280483195
30900 7.995607583721482
31000 6.527842238467953
31100 7.873212160753299
31200 12.907221254959738
31300 13.05042711174754
31400 7.5306152529043935
31500 12.42603966029782
31600 8.676864310491256
31700 10.971938059756445
31800 6.506760910316927
31900 8.42560013415634
32000 7.763345351992679
32100 6.957419506707825
32200 6.714035918381413
32300 7.223250415222392
32400 9.432491708176995
32500 3.8450250220760127
32600 5.219849380942368
32700 9.251433074958353
32800 8.105776415083389
32900 7.007146754271185
33000 12.911868051333652
33100 6.297127229483748
33200 3.250985672007501
33300 6.098894693109534
33400 6.893237088444882
33500 7.144070979372939
33600 12.045870229614017
33700 10.37745270837332
33800 5.4474620188931695
33900 7.889113164782015
34000 9.88950849372806
34100 9.182905185630197
34200 5.071619399606743
34300 7.971088613034551
34400 13.523119367949427
34500 11.026850413955442
34600 7.489308883921374
34700 11.407416126469531
34800 8.649493445983074
34900 9.897372104768882
35000 7.839265780116081
35100 8.096149264178113
35200 9.94311652848762
35300 4.350500780454593
35400 7.521099743048193
35500 9.895095386206167
35600 9.182212850905302
35700 11.503573173265336
35800 7.608360644491118
35900 8.475432330170262
36000 11.087455621748381
36100 3.4410137923059385
36200 8.720815963344258
36300 11.888265945560324
36400 6.757190864622862
36500 9.396218521739636
36600 6.279869237148764
36700 13.41546068455818
36800 10.312352750944243
36900 7.107974437237777
37000 8.955043056940138
37100 7.422548416814739
37200 9.583883859947862
37300 10.214847609217811
37400 10.468945637509684
37500 11.59077327639556
37600 6.243204471797869
37700 6.738737375480907
37800 7.656955259014954
37900 5.6816665779508755
38000 7.724397363335995
38100 3.6483141191233157
38200 6.635283345915182
38300 5.247983128606099
38400 10.612460581479036
38500 12.209474980344064
38600 9.429116103553197
38700 5.213660025217273
38800 7.631950991242747
38900 6.345106045315394
39000 12.210069560232988
39100 10.868678625762149
39200 5.427308018329793
39300 4.075952758377625
39400 5.191608796836874
39500 7.170991404265738
39600 7.68508290027531
39700 6.056044016247819
39800 9.121208179107963
39900 4.3733489056165205
40000 9.840250949650304
40100 11.28823579910156
40200 10.543152163185049
40300 10.624775318675562
40400 12.1360953833963
40500 5.692179261167832
40600 7.9242987217392935
40700 13.084416199839366
40800 11.376467189956891
40900 7.830034843516472
41000 5.00330825581656
41100 12.669902253642627
41200 11.797560341068987
41300 12.437516541389558
41400 13.737171870800626
41500 6.9030312846704724
41600 13.190557490334916
41700 11.149742591092773
41800 9.464754853556032
41900 13.270643089199549
42000 9.432029250780982
42100 11.635139275438707
42200 10.430932020297648
42300 11.605193357655294
42400 10.562107863120692
42500 9.406178735066502
42600 12.225845797886933
42700 6.9741158446229825
42800 6.971176345185388
42900 12.547691187101337
43000 5.723202911502691
43100 10.113137533292281
43200 11.781140807105668
43300 8.559276852011068
43400 12.215122934235739
43500 8.056894860568107
43600 9.548229060820514
43700 11.281245041341158
43800 10.271459955584339
43900 9.426957908408008
44000 8.628248229100882
44100 9.938923903364717
44200 11.198177708686668
44300 4.848376715829005
44400 10.480592472550773
44500 11.015652769339432
44600 10.04605765069895
44700 8.644504532545035
44800 12.26294869921079
44900 6.472422733030802
45000 8.69444879313675
45100 8.4767334219215
45200 9.905352157620522
45300 9.686360779585552
45400 11.337489107377797
45500 9.976906725809004
45600 7.192892963439469
45700 13.057511254003883
45800 11.801476746481223
45900 11.304595734690187
46000 10.434960938326167
46100 7.164335917072263
46200 12.160323605083375
46300 13.820155485737423
46400 13.241687322451696
46500 7.663829774326815
46600 4.849078373039804
46700 6.947547446913116
46800 10.232934801120496
46900 13.326328315493997
47000 8.41800253663271
47100 7.392210593960392
47200 9.586973135727275
47300 11.215284839972563
47400 16.77736246419348
47500 9.245927778047475
47600 12.317200715509767
47700 11.054019623143096
47800 6.977769462738469
47900 7.355905166364709
48000 10.67522225687449
48100 8.805948291686938
48200 13.972886270261924
48300 6.582405428358951
48400 7.454916171176169
48500 11.009845683003995
48600 9.403266745859373
48700 10.627358547454383
48800 12.54008314614155
48900 12.15993977060942
49000 12.24384465840663
49100 8.836369910566948
49200 8.981516047690963
49300 11.36854291967202
49400 12.54011534207308
49500 9.364612393185961
49600 11.52435794431518
49700 11.304057580772493
49800 13.648016383240172
49900 9.45516586494269
50000 13.104809272237016
50100 15.408941264409636
50200 14.71114674653898
50300 7.492117014926733
50400 9.357894132890543
50500 5.034516836713436
50600 10.467642468665957
50700 8.130574982466827
50800 9.121138769775575
50900 15.307996833324111
51000 11.369459218411242
51100 11.13995528523323
51200 11.243588621104966
51300 9.461918028062696
51400 9.229130758483164
51500 11.037109448901232
51600 10.415086028965284
51700 9.671117182973799
51800 11.059161108426984
51900 9.682614462003755
52000 10.118927199683045
52100 7.219116692207911
52200 11.65519606064327
52300 8.965997809455917
52400 9.269983280684915
52500 7.609544275079575
52600 12.714016864601072
52700 10.59595639626752
52800 8.432409093914675
52900 8.709291365925525
53000 3.240851434088888
53100 9.392900436217772
53200 9.335036199123145
53300 13.990197528900008
53400 11.152230966389284
53500 6.426523160020327
53600 12.482692947447203
53700 10.717250814177191
53800 9.09547659428911
53900 12.133772022987504
54000 13.158450937347338
54100 12.693561631320254
54200 13.9784267247376
54300 8.350592311722632
54400 8.35136441360534
54500 8.270729183655465
54600 7.240364591325688
54700 11.766895308268023
54800 7.478619890666168
54900 15.162452141663593
55000 11.139890817365265
55100 11.45856633397526
55200 3.790220820653738
55300 10.69128163339038
55400 10.09913387562363
55500 16.323320922992306
55600 8.659520893783991
55700 6.806196731238043
55800 14.252190267592704
55900 9.898292576644126
56000 9.513075984134188
56100 9.258265305617208
56200 12.84942555934881
56300 12.1782405900546
56400 13.963008417544758
56500 4.414694544421851
56600 14.304302666542123
56700 15.079588987934715
56800 10.235711887669945
56900 7.3799408165389
57000 11.543302776589993
57100 9.774650295688236
57200 12.821989919324382
57300 5.873160887697517
57400 7.881337619406876
57500 14.438908672413042
57600 11.374521776526773
57700 9.45642170449089
57800 10.590893703978736
57900 10.650210050029132
58000 9.112371793854951
58100 12.178175233652786
58200 13.063228020302997
58300 12.35904261873893
58400 13.185502701911307
58500 6.880552909887646
58600 10.232996601436279
58700 5.579680729931846
58800 13.75842808476779
58900 12.641166269640205
59000 15.269637734941716
59100 14.876608038074192
59200 10.521320038198132
59300 12.707941233328267
59400 14.388082292271136
59500 11.574222488906432
59600 10.0464530702606
59700 14.307226562007743
59800 10.057448310841707
59900 9.365523825511481
60000 12.102760488929484
60100 10.951951065715672
60200 11.40913115579982
60300 7.0916089434756895
60400 13.923482800410243
60500 7.958725167835923
60600 6.536249453492973
60700 11.593891886736689
60800 11.886254612463354
60900 12.109348586995557
61000 11.755218431054905
61100 10.721899448145402
61200 12.131384557187687
61300 9.308292020124933
61400 8.620330148389966
61500 7.249261370209612
61600 13.416936232975525
61700 12.145144501313853
61800 8.021298447532983
61900 14.977246410875798
62000 12.23827491997361
62100 10.992795278941811
62200 10.404108295150202
62300 13.44225983487081
62400 10.877519010509552
62500 14.596085442572843
62600 12.52810724622675
62700 8.305766904419555
62800 12.781442166242577
62900 13.772239185291934
63000 10.621317368838707
63100 10.16512930396586
63200 11.81937398558765
63300 11.18102317600107
63400 11.20651514390787
63500 12.672418430634458
63600 12.64741002226766
63700 10.676667573370558
63800 12.20352568178021
63900 13.26148057598104
64000 7.174673991866532
64100 11.637411347321189
64200 9.869384585335542
64300 9.476971760371182
64400 11.916294755984644
64500 11.620407749114424
64600 13.195139467418798
64700 15.361800817196656
64800 10.373310632328385
64900 11.305303449690479
65000 8.119977959302604
65100 11.019763924375615
65200 13.254410664749313
65300 12.95139156408255
65400 6.562663428671907
65500 13.73236686169029
65600 12.096184535016603
65700 10.440674880568869
65800 12.223968827901352
65900 16.401507888359816
66000 11.280692843044191
66100 11.772559482752333
66200 13.019671736589432
66300 8.73938758735812
66400 10.15045969682005
66500 11.381300478454438
66600 8.361991983589744
66700 13.988306855884149
66800 11.121443341043722
66900 12.10932079335263
67000 14.121852009658046
67100 14.838290302489721
67200 13.547790910938504
67300 10.65685118856519
67400 8.317357082537663
67500 13.172736529526729
67600 13.76365137401112
67700 12.020286022984049
67800 11.535712950774638
67900 8.563845471679965
68000 11.545391782609263
68100 12.047362811933361
68200 12.497651901579406
68300 12.234156067704662
68400 12.730011811088453
68500 13.134409397490101
68600 10.257897742004863
68700 16.169850127007695
68800 12.133518746264825
68900 11.939924271516952
69000 12.651496370859192
69100 9.660014853796199
69200 9.86299912818067
69300 14.629222166576037
69400 12.097883680890288
69500 17.33403457047601
69600 12.672867634641507
69700 11.939203897670666
69800 12.599251115298024
69900 9.734717256630635
70000 13.023679825975453
70100 15.313533055044145
70200 10.541510849034625
70300 10.017447222037642
70400 10.691375154465177
70500 12.77100262149445
70600 12.68933534268592
70700 12.76734087687045
70800 10.18306752520252
70900 14.084068435763086
71000 11.056879261157091
71100 8.250840731174701
71200 13.292556527966472
71300 15.960974195123853
71400 13.649602679063493
71500 14.583899826160978
71600 14.535333440251204
71700 13.766958222014152
71800 11.026836549195197
71900 12.627754717213183
72000 9.866771378802019
72100 10.324945278465446
72200 16.070890257574643
72300 11.746105472743185
72400 13.215558207189076
72500 15.797178920414364
72600 8.114645608822164
72700 14.842967055052934
72800 13.85129495996623
72900 12.618917646776023
73000 12.560631887948292
73100 8.564077232681482
73200 8.643465539546515
73300 14.300385274540819
73400 13.182532476372865
73500 11.895264010049035
73600 13.063311470063095
73700 15.372582955758148
73800 14.972236804388734
73900 14.539515787125218
74000 10.527793938202901
74100 12.06063294122525
74200 15.07101496213413
74300 11.90672288765488
74400 8.563552097210204
74500 9.94800589747158
74600 13.147148210368904
74700 15.797037255192347
74800 15.112374632778195
74900 10.51597375634723
75000 11.875071380483446
75100 10.715584124148439
75200 14.860861536037506
75300 15.418350668347772
75400 10.095809009441707
75500 11.063495300938039
75600 12.635698790490649
75700 13.917974637221642
75800 16.496918656348594
75900 13.147458224378866
76000 12.958607032722714
76100 14.477077567485859
76200 9.274568053402417
76300 12.75970635259542
76400 13.930612680470347
76500 10.956071395497837
76600 13.184955389750183
76700 10.870602762316144
76800 14.175953047618231
76900 15.38743407894688
77000 15.846683333097317
77100 10.668340899810023
77200 14.405906284452627
77300 12.744475371999231
77400 10.31367492126825
77500 14.479162963335913
77600 10.910419687740982
77700 16.64448778941965
77800 16.397748439235023
77900 13.412093740192903
78000 13.50936957827608
78100 13.503830818771986
78200 13.805202054285504
78300 10.437828805551396
78400 14.721079738579435
78500 11.694006046601794
78600 15.88774764831069
78700 5.8158593480606555
78800 13.115795348034919
78900 12.268571424601523
79000 9.793743598249103
79100 12.706932809307903
79200 13.781512066871157
79300 14.479086777289394
79400 13.057603944363214
79500 11.547650838489366
79600 11.865901969259925
79700 13.432917920591832
79800 14.508587648755498
79900 14.351740643029354
80000 12.617287728462665
80100 13.221664960529365
80200 12.637722453101514
80300 12.189226856816616
80400 12.89997007200596
80500 10.76742181795095
80600 15.625969999983358
80700 10.16638836866456
80800 12.065950136737515
80900 9.337886099234268
81000 12.583085809626866
81100 12.9764889200364
81200 11.251494608149727
81300 11.533732595801228
81400 12.30858751471537
81500 13.570117464272636
81600 14.066052172804017
81700 14.911728356446503
81800 10.819707415123279
81900 12.937976996071393
82000 13.043488006217205
82100 11.819521685234008
82200 12.351129699293926
82300 9.745663642115597
82400 10.48123929050143
82500 11.853837208834584
82600 12.990612933630446
82700 9.552546489705627
82800 14.25225426919633
82900 8.025406972479377
83000 13.778457108926926
83100 14.247008561370587
83200 17.411449925259436
83300 8.745906159220207
83400 15.840725449326243
83500 12.917678087833103
83600 13.878749653855166
83700 14.161809486130823
83800 12.070089956362876
83900 13.299483758910064
84000 13.342784330990696
84100 13.340193049380519
84200 11.421006183071592
84300 14.596724749626452
84400 11.96806916389248
84500 10.781438799523611
84600 12.791556671090603
84700 13.149282947084032
84800 16.16077819546736
84900 15.733478238854335
85000 14.611714468132119
85100 14.237240354930695
85200 14.852010177746823
85300 10.8944646942128
85400 11.227400862777198
85500 14.248607021211635
85600 9.600219224529251
85700 12.345124998769052
85800 14.274252743639064
85900 15.147249744912456
86000 11.8400199872894
86100 13.976434607878522
86200 14.478366556341458
86300 11.821249335105835
86400 17.462567110669628
86500 10.232522766301157
86600 17.2832629296624
86700 12.670033012659935
86800 14.562879772583587
86900 14.148491032524184
87000 13.022502152677127
87100 15.693159280380204
87200 11.440360618537666
87300 14.287393014381031
87400 10.127082419227486
87500 11.860056529982018
87600 8.867877910779336
87700 14.044653171828566
87800 9.534820240057286
87900 12.026139035099026
88000 9.306314376535884
88100 13.958544795791997
88200 11.718770869628427
88300 9.68798535476919
88400 16.63834195334126
88500 12.018180609395674
88600 14.730834273759742
88700 10.307677471717286
88800 12.925115070490127
88900 12.302363163695938
89000 12.790060512038862
89100 13.001339708434369
89200 10.47190253443303
89300 15.193278159843597
89400 15.818841628146508
89500 15.415638188542953
89600 14.323268804160586
89700 15.239818539559655
89800 17.54502762538963
89900 14.967209273736085
90000 15.459838143681807
90100 12.490984299743523
90200 10.375147963380023
90300 12.721203832388655
90400 13.002151279149837
90500 15.152365961606481
90600 12.588338136478395
90700 12.550711637069927
90800 13.568958866198008
90900 15.082449600902812
91000 9.210962957191015
91100 9.855813749293501
91200 12.491455107993522
91300 12.437559040754492
91400 13.688548286536856
91500 11.48544784760289
91600 13.458792786197854
91700 12.59763128539103
91800 13.361655711431645
91900 14.28879882391433
92000 13.018638479088317
92100 13.701882076697547
92200 10.831462854511077
92300 14.724489552170947
92400 13.853071638232922
92500 13.069024793265825
92600 16.70664370751109
92700 15.10096023883464
92800 13.917699157772306
92900 12.759845969235405
93000 14.331999979008524
93100 11.464764775248133
93200 13.111370591744672
93300 15.788579800807243
93400 10.085426149987098
93500 15.030595147070066
93600 10.451063988850864
93700 16.26441074866205
93800 15.777746505597817
93900 11.692147695789291
94000 14.593453513338643
94100 9.877713599265448
94200 14.882426461192669
94300 13.241661730468172
94400 16.52270458360312
94500 12.77245643983192
94600 13.788641364778366
94700 12.212242371896286
94800 15.9935636610951
94900 14.56703279154984
95000 13.706161773160288
95100 14.33280685314161
95200 12.407495963417036
95300 13.033465556777418
95400 14.124872401096976
95500 16.185686670104523
95600 16.092246926438207
95700 14.122516381275647
95800 12.6050774285343
95900 15.688433125513027
96000 14.057499892850364
96100 13.097930154959998
96200 14.419865361914464
96300 12.59304722346697
96400 12.84668117924448
96500 15.174417536587189
96600 15.703632904536635
96700 11.568214051353719
96800 15.508389049736396
96900 14.763843586309221
97000 16.000633003449018
97100 9.728328664511215
97200 14.481335802847425
97300 12.048725694304922
97400 11.853946548401602
97500 13.881986084945385
97600 13.624635238512033
97700 11.510025894898
97800 12.961115724200985
97900 9.964831154725923
98000 13.735217788283967
98100 10.98939742572275
98200 16.093280390628486
98300 14.304093699898743
98400 14.639688569638782
98500 15.264120129222155
98600 13.033627472347401
98700 17.404118065403853
98800 10.687048910413766
98900 13.809790015085778
99000 12.258636123935897
99100 13.3435798722482
99200 12.21099476001445
99300 16.81414027481411
99400 16.401079604287492
99500 17.32120471970182
99600 13.73793840029199
99700 12.993995127967073
99800 13.03020885489858
99900 16.802616642031065
100000 15.500183973576995
100100 12.311468702416457
100200 15.948746857368032
100300 13.554114634751077
100400 16.24999787751809
100500 12.199535352697644
100600 11.202187501231672
100700 11.034592800983493
100800 15.924247299964737
100900 13.511230157757282
101000 12.338637240178919
101100 13.69005769183583
101200 13.517979354839818
101300 15.220890269100844
101400 12.981978325101931
101500 12.725719834368686
101600 13.154365704319657
101700 16.685057558042356
101800 13.833455710075425
101900 13.504850455515115
102000 12.352972801486807
102100 12.616437220244418
102200 14.0838528691089
102300 12.235758252939045
102400 13.468093583192285
102500 9.30547286718716
102600 11.721041116580986
102700 11.633842577846668
102800 12.750068261907083
102900 13.517312384402057
103000 15.454205119713112
103100 17.511684612016357
103200 13.613295756503097
103300 15.392191111004456
103400 16.63825802011065
103500 15.448285287694732
103600 13.917483647077967
103700 14.933218981170663
103800 17.320975364152094
103900 11.389495104337083
104000 13.408076516934646
104100 15.241467666569719
104200 14.941105154098716
104300 14.561907667173816
104400 9.800264846419685
104500 13.795775881833672
104600 14.410082607698783
104700 18.516971542418478
104800 15.161762707040829
104900 12.941628943057927
105000 11.666172555542694
105100 14.702919797588843
105200 13.040251041130622
105300 14.97385524269388
105400 15.212295578121752
105500 13.39490608563814
105600 16.33316707871918
105700 13.830472268390427
105800 15.024882864066216
105900 14.48105126939902
106000 13.521115045250738
106100 14.139554049541664
106200 15.16411519131909
106300 16.475599982451506
106400 11.81067674258167
106500 12.523503141921815
106600 14.969758792675588
106700 12.141677080859298
106800 15.869046410952318
106900 13.262788231987813
107000 12.73921477571849
107100 15.017070587488313
107200 16.075221927263605
107300 16.3951091941071
107400 18.11134429403587
107500 16.544072632035256
107600 14.581709711233179
107700 12.931793020381237
107800 6.795289585151103
107900 15.13694533484492
108000 13.48201618248132
108100 14.608288726795172
108200 12.804984853543305
108300 15.078575648829778
108400 13.15630533888985
108500 13.490880176667472
108600 13.023742179081962
108700 13.526011817178023
108800 11.98651474075637
108900 16.300986078135466
109000 15.653971929769785
109100 14.440867061303413
109200 16.282613891857906
109300 11.47796159622022
109400 14.454443445321234
109500 13.338998138829078
109600 16.629025252852017
109700 16.867948924704965
109800 16.252432903952034
109900 16.30808862531998
110000 13.164087660681897
110100 13.794491394929539
110200 13.805582766686502
110300 12.399761372709289
110400 17.06569410179146
110500 14.46395674060704
110600 19.73674725903236
110700 19.987481671948785
110800 19.999404722106163
110900 19.999971693043264
111000 19.99999865393324
111100 19.99999993599118
111200 19.999999996956248
111300 19.999999999855294
111400 19.999999999993157
111500 19.9999999999997
111600 19.99999999999997
111700 19.99999999999997
111800 19.99999999999997
111900 19.99999999999997
112000 19.99999999999997
112100 19.99999999999997
112200 19.99999999999997
112300 19.99999999999997
112400 19.99999999999997
112500 19.99999999999997
112600 19.99999999999997
112700 19.99999999999997
112800 19.99999999999997
112900 19.99999999999997
113000 19.99999999999997
113100 19.99999999999997
113200 19.99999999999997
113300 19.99999999999997
113400 19.99999999999997
113500 19.99999999999997
113600 19.99999999999997
113700 19.99999999999997
113800 19.99999999999997
113900 19.99999999999997
114000 19.99999999999997
114100 19.99999999999997
114200 19.99999999999997
114300 19.99999999999997
114400 19.99999999999997
114500 19.99999999999997
114600 19.99999999999997
114700 19.99999999999997
114800 19.99999999999997
114900 19.99999999999997
115000 19.99999999999997
115100 19.99999999999997
115200 19.99999999999997
115300 19.99999999999997
115400 19.99999999999997
115500 19.99999999999997
115600 19.99999999999997
115700 19.99999999999997
115800 19.99999999999997
115900 19.99999999999997
116000 19.99999999999997
116100 19.99999999999997
116200 19.99999999999997
116300 19.99999999999997
116400 19.99999999999997
116500 19.99999999999997
116600 19.99999999999997
116700 19.99999999999997
116800 19.99999999999997
116900 19.99999999999997
117000 19.99999999999997
117100 19.99999999999997
117200 19.99999999999997
117300 19.99999999999997
117400 19.99999999999997
117500 19.99999999999997
117600 19.99999999999997
117700 19.99999999999997
117800 19.99999999999997
117900 19.99999999999997
118000 19.99999999999997
118100 19.99999999999997
118200 19.99999999999997
118300 19.99999999999997
118400 19.99999999999997
118500 19.99999999999997
118600 19.99999999999997
118700 19.99999999999997
118800 19.99999999999997
118900 19.99999999999997
119000 19.99999999999997
119100 19.99999999999997
119200 19.99999999999997
119300 19.99999999999997
119400 19.99999999999997
119500 19.99999999999997
119600 19.99999999999997
119700 19.99999999999997
119800 19.99999999999997
119900 19.99999999999997
120000 19.99999999999997
120100 19.99999999999997
120200 19.99999999999997
120300 19.99999999999997
120400 19.99999999999997
120500 19.99999999999997
120600 19.99999999999997
120700 19.99999999999997
120800 19.99999999999997
120900 19.99999999999997
121000 19.99999999999997
121100 19.99999999999997
121200 19.99999999999997
121300 19.99999999999997
121400 19.99999999999997
121500 19.99999999999997
121600 19.99999999999997
121700 19.99999999999997
121800 19.99999999999997
121900 19.99999999999997
122000 19.99999999999997
122100 19.99999999999997
122200 19.99999999999997
122300 19.99999999999997
122400 19.99999999999997
122500 19.99999999999997
122600 19.99999999999997
122700 19.99999999999997
122800 19.99999999999997
122900 19.99999999999997
123000 19.99999999999997
123100 19.99999999999997
123200 19.99999999999997
123300 19.99999999999997
123400 19.99999999999997
123500 19.99999999999997
123600 19.99999999999997
123700 19.99999999999997
123800 19.99999999999997
123900 19.99999999999997
124000 19.99999999999997
124100 19.99999999999997
124200 19.99999999999997
124300 19.99999999999997
124400 19.99999999999997
124500 19.99999999999997
124600 19.99999999999997
124700 19.99999999999997
124800 19.99999999999997
124900 19.99999999999997
125000 19.99999999999997
125100 19.99999999999997
125200 19.99999999999997
125300 19.99999999999997
125400 19.99999999999997
125500 19.99999999999997
125600 19.99999999999997
125700 19.99999999999997
125800 19.99999999999997
125900 19.99999999999997
126000 19.99999999999997
126100 19.99999999999997
126200 19.99999999999997
126300 19.99999999999997
126400 19.99999999999997
126500 19.99999999999997
126600 19.99999999999997
126700 19.99999999999997
126800 19.99999999999997
126900 19.99999999999997
127000 19.99999999999997
127100 19.99999999999997
127200 19.99999999999997
127300 19.99999999999997
127400 19.99999999999997
127500 19.99999999999997
127600 19.99999999999997
127700 19.99999999999997
127800 19.99999999999997
127900 19.99999999999997
128000 19.99999999999997
128100 19.99999999999997
128200 19.99999999999997
128300 19.99999999999997
128400 19.99999999999997
128500 19.99999999999997
128600 19.99999999999997
128700 19.99999999999997
128800 19.99999999999997
128900 19.99999999999997
129000 19.99999999999997
129100 19.99999999999997
129200 19.99999999999997
129300 19.99999999999997
129400 19.99999999999997
129500 19.99999999999997
129600 19.99999999999997
129700 19.99999999999997
129800 19.99999999999997
129900 19.99999999999997
130000 19.99999999999997
130100 19.99999999999997
130200 19.99999999999997
130300 19.99999999999997
130400 19.99999999999997
130500 19.99999999999997
130600 19.99999999999997
130700 19.99999999999997
130800 19.99999999999997
130900 19.99999999999997
131000 19.99999999999997
131100 19.99999999999997
131200 19.99999999999997
131300 19.99999999999997
131400 19.99999999999997
131500 19.99999999999997
131600 19.99999999999997
131700 19.99999999999997
131800 19.99999999999997
131900 19.99999999999997
132000 19.99999999999997
132100 19.99999999999997
132200 19.99999999999997
132300 19.99999999999997
132400 19.99999999999997
132500 19.99999999999997
132600 19.99999999999997
132700 19.99999999999997
132800 19.99999999999997
132900 19.99999999999997
133000 19.99999999999997
133100 19.99999999999997
133200 19.99999999999997
133300 19.99999999999997
133400 19.99999999999997
133500 19.99999999999997
133600 19.99999999999997
133700 19.99999999999997
133800 19.99999999999997
133900 19.99999999999997
134000 19.99999999999997
134100 19.99999999999997
134200 19.99999999999997
134300 19.99999999999997
134400 19.99999999999997
134500 19.99999999999997
134600 19.99999999999997
134700 19.99999999999997
134800 19.99999999999997
134900 19.99999999999997
135000 19.99999999999997
