# Model = DQN.multistep.(2)-9-9:9-9-(9)
# Num weights = 1134
# Learning rate = 0.001
# Env random seed = 111
# Start time: 26-12-2023(06:03)
100 -24.12469317126054
200 -24.753344405399922
300 -24.481347864320085
400 -27.934014276223973
500 -24.902015745194067
600 -25.536436907906896
700 -27.575649702178886
800 -23.100086099633373
900 -26.251306484777427
1000 -26.71760131348331
1100 -26.192350215632242
1200 -26.487547193889732
1300 -24.12750894701969
1400 -25.965629957996832
1500 -22.732131384815226
1600 -26.26331837803945
1700 -24.278430974822633
1800 -22.814235011926808
1900 -24.16621026594201
2000 -20.652631881596456
2100 -22.647227808767983
2200 -24.658437821100478
2300 -23.520615758996172
2400 -21.211528850528364
2500 -23.306248682425473
2600 -24.83703043530733
2700 -22.421095511324026
2800 -24.110059133542737
2900 -26.860687597815122
3000 -23.60451528987171
3100 -27.19961066918986
3200 -21.537617702281864
3300 -26.75491235678149
3400 -23.21808419968983
3500 -25.449508998691666
3600 -23.8565005699059
3700 -26.197834464188873
3800 -24.66983557177434
3900 -26.630598947933443
4000 -23.668918328286733
4100 -27.639866407923876
4200 -26.08977899494098
4300 -26.36728410069002
4400 -24.682815655277444
4500 -23.599887391128924
4600 -25.99703235029407
4700 -24.723028905755786
4800 -22.474611873221715
4900 -25.71425423706394
5000 -28.00589794725671
5100 -22.992871565982618
5200 -23.276927022502004
5300 -27.22509828338419
5400 -25.65338506785066
5500 -27.154029924914127
5600 -24.04416565351035
5700 -23.65688234001874
5800 -25.609014308971492
5900 -27.94589780821173
6000 -23.325824748322525
6100 -24.276204937406145
6200 -26.490984596790483
6300 -25.929563206204588
6400 -24.130766672491593
6500 -23.687117758291365
6600 -26.1559272343372
6700 -23.340585306111393
6800 -24.850587094680574
6900 -22.061043588014442
7000 -27.269288433987658
7100 -26.86740064467209
7200 -27.064014443383293
7300 -26.505032731056648
7400 -25.735943105505296
7500 -23.555027846741478
7600 -24.336013273104633
7700 -20.492509405297884
7800 -25.148965919809143
7900 -22.169155099502508
8000 -24.432135872520462
8100 -25.94676402585632
8200 -25.640997319711595
8300 -26.544419990044318
8400 -21.86023431286482
8500 -26.789860733698813
8600 -28.19569665037058
8700 -23.14807918216609
8800 -26.717826891449167
8900 -25.595630066411424
9000 -26.31964807936607
9100 -25.423477202007323
9200 -19.802874624113034
9300 -24.85663882832006
9400 -28.159477373678577
9500 -26.448674070203356
9600 -24.35476522378252
9700 -22.786277912884714
9800 -24.517267657644283
9900 -21.94612368045329
10000 -26.40491384708014
10100 -25.033259655094724
10200 -26.33724962869565
10300 -23.6005105346972
10400 -27.042835167289613
10500 -25.130046947037048
10600 -25.12219135508742
10700 -27.028983916106288
10800 -25.047393064995426
10900 -25.562540052874013
11000 -24.81024897116597
11100 -24.36046120594003
11200 -24.778639778941056
11300 -25.347055006816458
11400 -26.25966143908129
11500 -24.79073282725866
11600 -22.31294887613274
11700 -26.94538589099865
11800 -25.68898778159106
11900 -26.51254318999961
12000 -23.57311821080914
12100 -25.876031800267338
12200 -25.619842750190895
12300 -24.457668606500054
12400 -25.405921370224288
12500 -26.406612083889645
12600 -25.379032186141405
12700 -25.81745058535983
12800 -24.659660340502437
12900 -21.82634975600186
13000 -24.809208031801457
13100 -24.018369331077285
13200 -25.460602048151408
13300 -23.05734279530583
13400 -23.6952228680782
13500 -25.243299099753017
13600 -23.6243828259597
13700 -23.180401009100507
13800 -25.089177164645722
13900 -27.076118890525155
14000 -26.046586823584697
14100 -23.711363977548356
14200 -25.42727393691386
14300 -24.549050464789577
14400 -25.75061995782392
14500 -23.84375513683308
14600 -26.67483103570137
14700 -25.01924408057887
14800 -23.294774611421325
14900 -22.11631162110901
15000 -23.85575548858531
15100 -23.46228030223334
15200 -26.72331380993592
15300 -25.681877835314676
15400 -24.576652870287322
15500 -23.91687335656462
15600 -24.346249702590594
15700 -22.989483150788715
15800 -22.613232832137122
15900 -26.067386099700464
16000 -25.22566552689187
16100 -26.440274931325895
16200 -23.12124988102277
16300 -25.327191560770196
16400 -20.84045822783754
16500 -25.38142150207737
16600 -25.040756349092895
16700 -26.390849630841522
16800 -24.015142517196146
16900 -23.336660840137185
17000 -23.279099194831286
17100 -23.50039503400018
17200 -23.93122393689592
17300 -25.46434151218994
17400 -22.36741744569419
17500 -24.69375262042075
17600 -23.46896041035418
17700 -22.719750890909257
17800 -21.500674619279277
17900 -25.032977783884572
18000 -24.010630258114357
18100 -21.6402632731945
18200 -21.42270542130224
18300 -24.624195374100857
18400 -24.80191553291042
18500 -19.91162148114578
18600 -20.09106554272416
18700 -21.195759632822714
18800 -22.186640676283336
18900 -21.321850394064008
19000 -25.831128174910877
19100 -21.805823177722097
19200 -22.704975102560702
19300 -24.733964997740465
19400 -23.154490499118868
19500 -25.278525742474304
19600 -25.291816161569535
19700 -26.33950284665075
19800 -21.666603723218916
19900 -23.097065128635723
20000 -16.84283565169839
20100 -20.665132493492646
20200 -21.722685030665264
20300 -23.195420190955243
20400 -16.327102730847354
20500 -20.024883661526214
20600 -20.523494979206312
20700 -22.38017082179866
20800 -22.61100334764456
20900 -24.269137345064774
21000 -22.647755693370982
21100 -25.293850406862596
21200 -18.691876463458986
21300 -24.87494853945712
21400 -22.492598144592485
21500 -19.469994637277683
21600 -21.16347784718849
21700 -17.35687487303967
21800 -22.766997039986162
21900 -22.47953295654443
22000 -23.550937704189582
22100 -19.517029310970315
22200 -19.090259200346054
22300 -24.931180878492633
22400 -25.066738917555334
22500 -20.558978736083994
22600 -22.70789987819585
22700 -22.001478778870116
22800 -22.992249253318853
22900 -19.01968682687228
23000 -20.525748164628762
23100 -16.39083388442307
23200 -20.500455966601052
23300 -17.33695854153877
23400 -20.453279479406643
23500 -21.604664662923543
23600 -21.397852758917985
23700 -20.12317433910795
23800 -15.829509232727098
23900 -21.28094411163041
24000 -19.00560831398417
24100 -20.921657647187665
24200 -25.212777468368884
24300 -23.045786709933502
24400 -19.261853268768448
24500 -22.194454665321754
24600 -18.691027468736753
24700 -22.958487345211836
24800 -25.523171956838933
24900 -16.61124020536749
25000 -19.83417951183071
25100 -23.95850986689539
25200 -22.665482184614895
25300 -20.293647391804715
25400 -22.92967387865028
25500 -22.347201840386415
25600 -21.842891288526708
25700 -21.340711084037316
25800 -20.098168994150146
25900 -25.86714374742142
26000 -21.390187956183933
26100 -18.374729540472277
26200 -18.47472416534208
26300 -16.557139742157
26400 -20.479013177670026
26500 -18.13052990617536
26600 -19.346626736462337
26700 -21.53566509783781
26800 -21.12866572488451
26900 -20.726941558304777
27000 -18.91916284689224
27100 -20.412259703729436
27200 -23.417105220717513
27300 -22.222232431188818
27400 -18.560675052402782
27500 -16.981905767487326
27600 -19.27584991068713
27700 -19.110621867251172
27800 -19.619939410247706
27900 -23.41919986304432
28000 -19.063102492716506
28100 -20.026606375879773
28200 -22.194580250389937
28300 -16.784383176558656
28400 -19.06167733057152
28500 -21.28626650938995
28600 -15.739277715371317
28700 -19.509798485579626
28800 -14.723761507755837
28900 -23.355423370880132
29000 -16.184726613563512
29100 -21.105082262682945
29200 -17.282054520677796
29300 -16.813426267553826
29400 -23.517946878652374
29500 -18.168882882155792
29600 -19.70132049535862
29700 -14.115584265269682
29800 -17.238387872739303
29900 -19.448937045810972
30000 -17.90872721203341
30100 -15.805954765364032
30200 -16.836486106950836
30300 -14.721099216203157
30400 -14.80093608026229
30500 -17.221485140636965
30600 -16.320684190163675
30700 -17.62989747589521
30800 -13.30362702332242
30900 -13.310046081702167
31000 -12.473611068081008
31100 -15.197135294359285
31200 -14.335994091307729
31300 -14.076123909952134
31400 -10.486585088329573
31500 -18.241235121099812
31600 -18.066336293298516
31700 -16.140609393119348
31800 -12.03769854961776
31900 -10.424162267319854
32000 -6.829993335143945
32100 -10.464866906673425
32200 -12.879101654901135
32300 -12.53593589108256
32400 -7.159015469301977
32500 -11.279350378107255
32600 -15.885763673238223
32700 -12.538164993810168
32800 -13.191129109440046
32900 -17.68300269812985
33000 -10.051387453711813
33100 -12.729791768351257
33200 -15.849276368422016
33300 -17.083373812367075
33400 -14.589062595928958
33500 -11.36659168866966
33600 -11.39519501119226
33700 -12.42958224931658
33800 -11.356815832061056
33900 -13.228816998132485
34000 -7.42089532039599
34100 -12.320802415022932
34200 -12.132270771007347
34300 -14.587696934929582
34400 -7.819531303434395
34500 -11.49263531768402
34600 -10.68857829906224
34700 -10.185032333856038
34800 -11.982326558780995
34900 -11.411622754903096
35000 -13.171473378310171
35100 -10.462631325166395
35200 -12.264249288594357
35300 -11.22659824936371
35400 -12.053831903477562
35500 -10.213940770873263
35600 -10.005748709532751
35700 -10.21402353847153
35800 -11.613859127145107
35900 -7.762804242638296
36000 -10.997350099297648
36100 -5.9781227051068075
36200 -15.344183474493008
36300 -6.657634467640245
36400 -11.673235407261318
36500 -16.962564639644572
36600 -8.950537359547402
36700 -12.838663661212708
36800 -10.014513243894832
36900 -8.554921118197486
37000 -5.294941026083027
37100 -6.875163951392976
37200 -9.648048779900972
37300 -6.780277942660705
37400 -7.919162218120609
37500 -7.363719574177233
37600 -6.342319501777213
37700 -7.623729082480789
37800 -5.3242781907553525
37900 -6.367016845511653
38000 -11.107779836767678
38100 -8.313347743461003
38200 -5.181293772350066
38300 -7.727107047062699
38400 -10.801075775650629
38500 -7.422239676835323
38600 -12.06013858642543
38700 -4.775901491851833
38800 -3.82020009803102
38900 -5.6881396434285865
39000 -11.47138041708275
39100 -12.108300768630315
39200 -12.435730318346314
39300 -8.841984309349794
39400 -2.774423836542118
39500 -3.2055206719590874
39600 -10.303168782825118
39700 -11.410656852384077
39800 -4.819033598389163
39900 -10.780136716813903
40000 -11.576459383450311
40100 1.8142462040232816
40200 -5.475865625893933
40300 -6.480024668160866
40400 -6.936284447401304
40500 -6.4859485481904375
40600 -6.023445499250776
40700 -8.379062529916926
40800 -3.464073984647603
40900 3.0745187524574114
41000 -2.0801991068296157
41100 -4.596973632825817
41200 -6.551958164264852
41300 -5.614120705675141
41400 -4.259008168576827
41500 -7.080558918110937
41600 -8.831125683786636
41700 -8.026397060489153
41800 -3.62761628550469
41900 -10.562305016349585
42000 -7.359314083388016
42100 -9.294424440716254
42200 -7.675554245132462
42300 -11.476392035367422
42400 -3.2202783732620888
42500 -5.614249455597481
42600 -6.499915684207371
42700 -3.971065574431876
42800 -6.550964693543596
42900 -2.718529810806022
43000 -1.6441754328087803
43100 -6.117887855459863
43200 -1.6898973246654474
43300 -4.656251943837149
43400 -8.164695682671258
43500 -2.494118675472701
43600 -4.696122134355657
43700 -1.5328089129222306
43800 -4.5180688372078
43900 -5.097454980688955
44000 -2.881777156269436
44100 -6.214103284316042
44200 -2.0980398471739243
44300 -6.332170796491699
44400 -1.6007823797055696
44500 -1.6530863121513044
44600 -4.549325965377314
44700 -4.352601308685087
44800 -6.5286923298424355
44900 -0.8339006455068568
45000 -0.5457959827409712
45100 -7.790046143029462
45200 -4.454984648178504
45300 -3.0794062497500456
45400 0.7217819099256234
45500 -7.11254731107997
45600 -4.342276529297758
45700 -1.9890767787915746
45800 -3.6195935786109334
45900 -3.192102069708109
46000 -6.551574077319063
46100 -2.8110850284360067
46200 3.5453789551163575
46300 -3.9191919316157766
46400 -5.748778023675804
46500 -3.365684115126611
46600 -4.874312491743235
46700 -0.8303335346183189
46800 -3.6234743078968727
46900 2.875326052902892
47000 -0.6948477404058039
47100 0.21502412221830924
47200 4.3647277830717615
47300 0.770212577066149
47400 1.303084241274905
47500 -2.3054653218248284
47600 -4.377527231257887
47700 -0.22848247651350867
47800 -1.196030201173749
47900 0.9984600592459398
48000 0.19819332555677271
48100 -0.03743292214117733
48200 3.6559885510153993
48300 1.749956843016451
48400 3.3102153221628754
48500 1.1996887934659806
48600 2.392400830520518
48700 5.743290118694706
48800 -0.2200016749391367
48900 2.852823919253397
49000 3.984853919464484
49100 3.7147484935923627
49200 -2.476525865353455
49300 4.612199138012461
49400 2.8738330030152417
49500 3.289840498750747
49600 0.6451445437663356
49700 0.9301667152248885
49800 4.301430529712262
49900 4.634745740175763
50000 5.567982204846357
50100 7.404626774018235
50200 8.184181642919524
50300 6.59658374865126
50400 3.11497499869331
50500 3.6933802817776007
50600 7.486699793701303
50700 6.9348174298485485
50800 7.376186361114176
50900 7.438458918671687
51000 1.4375851715189212
51100 -0.4875876306830088
51200 3.2024470116014694
51300 6.070978720335005
51400 9.404645355690027
51500 8.115643744332763
51600 6.921690996100114
51700 4.071780935397391
51800 9.739469094922194
51900 9.16304805928423
52000 4.196063544967057
52100 6.3179219014065895
52200 7.640768363696383
52300 5.904425584104667
52400 6.873244607063587
52500 9.025473873078447
52600 6.289098181826878
52700 -0.6297360428137243
52800 5.633468963366244
52900 8.573850949406863
53000 3.791784588111592
53100 10.35836897316002
53200 9.092770075399192
53300 7.662018042974284
53400 9.508814061920432
53500 4.747527383196317
53600 2.35017666331915
53700 6.237350677058441
53800 5.952074027078187
53900 6.189222124748998
54000 8.139103269868436
54100 9.932973670750828
54200 1.3718257132885139
54300 4.769228253846742
54400 9.723652835068084
54500 9.283444570366177
54600 5.98975317526155
54700 4.328552655579768
54800 7.378787922799916
54900 5.578290171605616
55000 5.583842965538993
55100 8.392350880601503
55200 9.58182669857589
55300 10.514077548215443
55400 8.681123792804263
55500 8.160847431190323
55600 5.863600021053996
55700 4.053511249545956
55800 10.213145850748596
55900 4.924999932406292
56000 5.7286415272480085
56100 8.044901489920903
56200 7.108673928303611
56300 8.561725825815897
56400 13.550896224602807
56500 9.266993242355364
56600 12.040761486521738
56700 11.912460367283513
56800 7.937062072890351
56900 4.874456369771573
57000 7.22448461940145
57100 5.874522221479339
57200 3.550370870706088
57300 12.158445719114122
57400 7.610966062306099
57500 6.421292702771488
57600 1.6068085609967468
57700 8.129708536737933
57800 9.414357742505926
57900 10.436661504357518
58000 2.7023107069219523
58100 8.350970758590423
58200 9.533128389534577
58300 6.929104910942109
58400 6.74646127861371
58500 8.770212270039263
58600 9.544239938730447
58700 9.280532973058047
58800 8.245853224084684
58900 5.6189909799275926
59000 9.13032779881778
59100 4.248067026611793
59200 7.588710001272709
59300 10.034741427998972
59400 -0.31413853003834336
59500 5.941253989456151
59600 11.857370407058825
59700 8.218519641532213
59800 8.33303655294067
59900 8.581007181635163
60000 7.117192817018647
60100 6.225602637417721
60200 9.066527536519105
60300 13.047351634283773
60400 4.6004435306898035
60500 9.092699402576033
60600 6.617388901805997
60700 7.461814427672822
60800 4.468638076617376
60900 7.7140443522963125
61000 7.784665463704334
61100 7.171043716631638
61200 11.043027592732484
61300 12.212474062971065
61400 8.990496405219563
61500 10.676518400243962
61600 8.278267020046718
61700 7.76652196567593
61800 6.628033771799043
61900 9.125974156665858
62000 10.03153993085017
62100 3.9262503718809976
62200 8.73073987390862
62300 7.766294327181041
62400 6.084481032352311
62500 2.435332858343919
62600 8.873790389362508
62700 13.346034479977382
62800 6.779994792471692
62900 4.74327650931144
63000 10.21595558493738
63100 7.647066113804161
63200 7.688009605107238
63300 9.492637298442906
63400 5.626009074482656
63500 8.698407833520795
63600 6.798250050428942
63700 7.292479931389762
63800 10.426826329413219
63900 7.591890926539208
64000 9.47110408485798
64100 11.030984496051909
64200 6.4736056429623945
64300 2.899102518105295
64400 3.526023899508812
64500 8.849601154950713
64600 9.745477400445035
64700 10.261111671360801
64800 8.025159094989359
64900 8.817628876537086
65000 8.128284757367933
65100 11.050234484257642
65200 5.151384512225069
65300 5.475482587223603
65400 4.423513508404718
65500 6.959673104342659
65600 6.737641385891372
65700 9.630548472372151
65800 15.391622210067652
65900 7.089076012803406
66000 8.826327612946532
66100 11.191135841434578
66200 7.4469068052939615
66300 13.064788624048386
66400 8.746899450135796
66500 10.01003051882422
66600 9.032197998439688
66700 5.291186164878009
66800 7.516690027127323
66900 11.278405779933522
67000 6.828693860431937
67100 5.212210976065343
67200 7.732422810117532
67300 13.055494991664299
67400 8.653990131909378
67500 9.045360246636797
67600 8.47536717032471
67700 9.152213560245631
67800 7.771188162979225
67900 11.331101463952919
68000 7.4007436903683335
68100 11.478021953967573
68200 7.1321891087594995
68300 10.233373068392366
68400 10.377181794246958
68500 13.080185812195495
68600 10.44879067035995
68700 8.78017573006949
68800 13.778168102659821
68900 6.654731906793476
69000 8.323842831112609
69100 13.090472716881921
69200 16.75962627604111
69300 10.529574527797198
69400 9.85061219499183
69500 10.501545895187391
69600 11.95677849359468
69700 14.371492880524784
69800 11.543757014532867
69900 8.784092800583823
70000 8.039619466567373
70100 8.864635403026982
70200 7.4796781240448045
70300 11.44048985935428
70400 13.46256721248844
70500 9.456187088943626
70600 7.006944732375635
70700 10.62581048355564
70800 8.759049062033771
70900 3.808031739765775
71000 11.69894555005179
71100 12.28933862827791
71200 12.54459614542391
71300 10.673869713050056
71400 11.507610938282927
71500 13.79701467863318
71600 7.71041070251043
71700 8.27177059796976
71800 6.9733660277886
71900 9.041672240245719
72000 12.90406183956015
72100 10.376934919512186
72200 9.065176703938668
72300 13.149548980132032
72400 9.90113732964164
72500 7.274448166544518
72600 9.073033654073875
72700 10.540376454049385
72800 9.828247298553169
72900 9.344790381451858
73000 9.075785161812046
73100 9.722066444677454
73200 10.955684396380514
73300 8.850136196138706
73400 8.689878765703986
73500 13.476082853743806
73600 10.516876848306598
73700 9.405960708070959
73800 8.449422564033622
73900 4.980087568661546
74000 8.865678870426978
74100 10.338085452936006
74200 13.141278587141157
74300 11.931022282689675
74400 10.768974382017902
74500 8.203230195750942
74600 10.176619992847236
74700 9.054053001264155
74800 11.95852326167025
74900 6.779149984460949
75000 12.868807153002066
75100 10.46800723412663
75200 6.252168368264842
75300 12.16623433023622
75400 12.416960396913423
75500 11.031739293876427
75600 9.012077735266018
75700 9.41793708628012
75800 10.419325219317031
75900 7.889672598862223
76000 9.100746667317404
76100 9.182195578309344
76200 9.225544578700271
76300 8.802425934162693
76400 8.487351527335557
76500 10.94608087790992
76600 8.684761471575746
76700 5.566114377456209
76800 9.758730806447275
76900 13.043327776823656
77000 8.282303112299958
77100 9.479027395074294
77200 7.229482142122019
77300 8.749944346313017
77400 7.664876909266467
77500 9.867886748469965
77600 12.728942550257406
77700 11.839113851217501
77800 12.047021674421236
77900 5.30843149647151
78000 5.492578050122607
78100 7.657668964037982
78200 5.163452477568943
78300 10.304818541520948
78400 10.973628114332737
78500 9.37930632738012
78600 11.485104259635088
78700 12.38106786879556
78800 7.103807860977912
78900 7.841101299557263
79000 11.972934699633269
79100 11.30702946707051
79200 10.375899073257544
79300 9.64425793426123
79400 13.319360126605666
79500 13.933498605849712
79600 12.451661066763767
79700 13.099748671787092
79800 9.283209401305381
79900 11.592290416958456
80000 12.986630756951367
80100 12.670913978628496
80200 11.615909797378324
80300 8.14464762617833
80400 4.3819911124349495
80500 11.27742338850787
80600 9.301561737955588
80700 8.582311457706126
80800 10.084372873425194
80900 10.188021854952705
81000 6.735654851852944
81100 8.036859239438332
81200 10.930726540471085
81300 13.000497215300728
81400 8.851574661124912
81500 9.75566191697353
81600 10.804843775567438
81700 11.042441203506153
81800 8.149751790171447
81900 7.8338913707304565
82000 14.733797987291181
82100 9.402348062027853
82200 9.226667402444912
82300 14.788421891836192
82400 10.281082061048807
82500 10.274841094060033
82600 10.16511594589221
82700 11.182657827980002
82800 12.19285187377431
82900 9.79303282016
83000 8.91560470623847
83100 11.754566479984607
83200 6.30624075288291
83300 9.783070956635198
83400 11.486027153273751
83500 10.199387508466643
83600 10.67959973254052
83700 9.855255577483714
83800 5.7370301460974185
83900 6.459162584758223
84000 5.790205718566285
84100 13.89416692526698
84200 10.137952376989842
84300 10.57160264897733
84400 6.660378935875787
84500 9.842952914111958
84600 7.703412961730578
84700 9.47132922771052
84800 14.578918235907455
84900 7.567530030447072
85000 11.45688089177266
85100 9.257795695466982
85200 9.864976591272473
85300 4.32390686044595
85400 10.17050803709997
85500 11.279923781114585
85600 8.873676486730139
85700 12.926191863054843
85800 9.35835585817157
85900 8.628016319257718
86000 10.147550760552308
86100 12.57677344488099
86200 7.181739859981347
86300 13.810149639365607
86400 9.93649432214484
86500 8.895593022783114
86600 9.11973862488087
86700 12.810833957119826
86800 9.175175584661112
86900 4.093698851875317
87000 9.732124696441987
87100 9.968719947123935
87200 7.816688854799387
87300 10.750272321599795
87400 11.064063617467053
87500 8.833698558122592
87600 8.57736368218826
87700 11.460849390371452
87800 12.765555884227446
87900 7.140814714863198
88000 8.85602384619706
88100 9.265146716794126
88200 11.538488234169188
88300 9.239408023925092
88400 8.144628975798527
88500 9.25488532524678
88600 3.7805938910787256
88700 10.309763464316562
88800 10.494141789402091
88900 11.384851963661328
89000 5.378987174267163
89100 9.315438101975172
89200 11.219186841266488
89300 11.946978845426456
89400 13.27763337226065
89500 9.732589965714768
89600 4.910864678392263
89700 10.959692443463126
89800 10.95885098661865
89900 6.1941741460098525
90000 6.251847489533176
90100 10.483729134248968
90200 7.641729140922175
90300 11.13209069017344
90400 11.752071817394276
90500 5.869180992959274
90600 10.101546076055024
90700 6.977057524088359
90800 6.2759637719127594
90900 6.977516204314143
91000 7.91647729736356
91100 9.969161815905869
91200 7.677683977400184
91300 3.7505719792704375
91400 5.385448004870661
91500 12.22224981393091
91600 7.564339536050194
91700 7.435312447222538
91800 9.14465761906964
91900 10.731841711022174
92000 10.899119458904957
92100 5.010506905761772
92200 6.052363175779
92300 10.772151214164133
92400 9.079095085635407
92500 9.193249174534692
92600 10.630869699607379
92700 13.278168056292136
92800 12.723243507912258
92900 11.80069894285986
93000 11.049691153727222
93100 10.784903854489682
93200 6.657156983978919
93300 10.591586455369178
93400 11.156984368134928
93500 10.225850526750525
93600 10.937893692466464
93700 8.898424109880594
93800 12.462159097100285
93900 11.599847448473293
94000 12.164232622587887
94100 13.893773417331662
94200 7.07043952721637
94300 7.968477661612402
94400 10.227188375200903
94500 8.965994417614976
94600 13.905438950514162
94700 5.577750858331971
94800 10.573789768260655
94900 10.054446408547038
95000 11.759616806071977
95100 10.173317969394633
95200 4.14451663599362
95300 5.779465477055064
95400 7.198465495811866
95500 9.076435833096243
95600 8.145338311991695
95700 10.742205987546159
95800 13.716116892199631
95900 11.091447145851069
96000 9.03074524681092
96100 10.358883580579578
96200 11.259051332055677
96300 10.343428446629224
96400 11.398232554496538
96500 8.20381298656492
96600 7.40390389736455
96700 13.269616391958568
96800 9.9602744443064
96900 11.440366937997192
97000 11.925946481844411
97100 13.235280951120487
97200 11.109084341835016
97300 11.417573423311383
97400 12.316327119955433
97500 9.410779747305288
97600 7.920018030420556
97700 5.955104479594005
97800 11.214431633273541
97900 4.338099515444306
98000 13.147547760327088
98100 9.41832374579805
98200 8.7431663193081
98300 12.76614684795609
98400 15.045869166206225
98500 14.161287444768815
98600 12.19758444060739
98700 9.57212696588628
98800 10.653299449422695
98900 12.586773882372631
99000 12.9582779399767
99100 11.592260198603599
99200 13.551988600090851
99300 4.975807371240436
99400 12.071471506674857
99500 13.262343776816456
99600 10.687405534086263
99700 11.873976049488975
99800 8.558901344941898
99900 13.328412027658672
100000 12.537039222528902
100100 8.943549251501656
100200 3.18879976040192
100300 13.67689479860823
100400 12.354924334855175
100500 10.312955580683212
100600 11.53155258654412
100700 11.748221984530016
100800 11.584521143554166
100900 12.886330340632899
101000 11.356069699133945
101100 8.312778992878394
101200 14.11676251951451
101300 9.707415189213405
101400 11.591996801236188
101500 11.849872999016487
101600 14.917684236541305
101700 10.81101945858352
101800 7.910260231151655
101900 9.188956966509087
102000 6.9570460431809416
102100 9.760013347738118
102200 9.930843587720641
102300 10.948594249416512
102400 12.757953353245025
102500 9.0131971339831
102600 14.3347513206731
102700 12.743109603465774
102800 11.417405409166095
102900 13.294179609541493
103000 13.355458499880493
103100 12.154222669464131
103200 16.019766954250898
103300 12.045584799526527
103400 8.443224904512801
103500 11.7398261943268
103600 12.178867499582951
103700 12.099556716703223
103800 9.157963950791718
103900 10.367498784974995
104000 11.804732770108783
104100 12.36895537771952
104200 11.132609770521878
104300 11.108816694872813
104400 8.185727042028269
104500 7.575177226987391
104600 8.301993560760835
104700 15.248349185727944
104800 13.010188276464152
104900 11.13967876374783
105000 10.118354590061497
105100 14.438223747795908
105200 13.975060429165003
105300 11.514545192709704
105400 17.244783919803563
105500 9.039687133742438
105600 10.889229310416775
105700 15.524316638301954
105800 9.491229588623124
105900 12.100053838843184
106000 9.017175593392697
106100 9.363225788495003
106200 14.251104289219645
106300 16.272858663337534
106400 4.557228392725076
106500 12.180684815292867
106600 15.894242414796484
106700 15.987480294354116
106800 12.324772099638462
106900 11.761034922398144
107000 9.869394408540753
107100 11.300855235240544
107200 12.623323744676316
107300 11.48479633623954
107400 12.514128705036669
107500 11.47251229985763
107600 15.830431675033385
107700 14.267159593210293
107800 10.721102859429994
107900 10.519731851282305
108000 12.738515806575329
108100 12.012640164705049
108200 16.400409933408575
108300 13.868338720562855
108400 9.803410097971241
108500 12.877999355914278
108600 14.144805524739898
108700 12.502949228361398
108800 7.18328259555342
108900 11.488778413732097
109000 11.986519681600056
109100 10.189730529091685
109200 13.58398819090538
109300 12.97155461128772
109400 9.263461696224025
109500 11.698677228235786
109600 11.489437457119426
109700 12.118823263499246
109800 14.012624526927603
109900 14.03468338378565
110000 14.010155059566106
110100 11.124504166535866
110200 10.344012796571656
110300 12.997099426174529
110400 10.611296928570152
110500 11.472692929637713
110600 12.782615780353018
110700 8.721099195012522
110800 14.622919845466894
110900 11.791633918131412
111000 14.842500255490595
111100 12.725083087302353
111200 13.8018594747284
111300 14.443976361354803
111400 14.110667581462657
111500 11.372912418180977
111600 11.404049014290432
111700 15.495757366533716
111800 15.648404049882497
111900 9.794054553258096
112000 13.07720467941335
112100 14.007604522563184
112200 11.27383784074368
112300 11.798885060578966
112400 15.124405678985326
112500 10.611209392567178
112600 12.637658093463767
112700 8.25825829138963
112800 13.76130673259312
112900 7.362737093795632
113000 11.581036096952607
113100 14.27045093310563
113200 7.716982905684304
113300 11.076452046499355
113400 13.51869542274658
113500 15.009932607119897
113600 12.084685373411
113700 12.23617251925228
113800 9.530957968438555
113900 9.76175015623528
114000 11.722542675405975
114100 14.814640754428417
114200 14.121562269673804
114300 13.14455261696396
114400 10.994182303527046
114500 13.18745002842874
114600 14.024437233780725
114700 15.21331944430558
114800 12.5121807250729
114900 12.003057786353926
115000 10.814795359185993
115100 13.947699660706666
115200 13.498870283040358
115300 14.091478539660224
115400 14.140491280937328
115500 11.830045392979804
115600 9.204470065747945
115700 8.236789332050979
115800 9.18057329511974
115900 12.126614159974405
116000 11.664667686422721
116100 15.094361206079288
116200 13.779086535207808
116300 12.322076448762207
116400 13.718494619049123
116500 11.145363687001945
116600 11.646794077425978
116700 13.68418652359551
116800 8.329398088353512
116900 12.380671847162738
117000 12.596960731418008
117100 9.520992340310292
117200 10.646460550123894
117300 11.525998263527425
117400 15.669503854818286
117500 11.458164772410282
117600 12.412485244817473
117700 11.333683515901571
117800 11.025241840282822
117900 8.05885773955601
118000 10.748544886025636
118100 10.111704780698155
118200 11.948397026597235
118300 15.488565366636596
118400 12.480717399333981
118500 14.394555060560846
118600 10.086178408674996
118700 11.465370455539292
118800 11.899361257446014
118900 13.130697033063857
119000 16.905817255115448
119100 14.639696076987066
119200 13.839142677881947
119300 15.6609183150613
119400 12.514332345234523
119500 15.522177860526396
119600 15.337770746721203
119700 9.706677240769281
119800 8.563605960855718
119900 15.104384220855552
120000 12.099182901002044
120100 8.767688486507508
120200 10.872324905202078
120300 8.754241595100435
120400 13.592043564794784
120500 7.251078782786825
120600 7.751343750211274
120700 14.238975956595198
120800 13.523127335784213
120900 13.352992930811922
121000 14.62272745558744
121100 12.189602172282997
121200 11.969095012741715
121300 13.938713156342853
121400 12.98207240887843
121500 11.86194628060433
121600 13.264819547833262
121700 9.157976402698003
121800 14.42694451606073
121900 13.365153613644976
122000 13.988654289200035
122100 12.36132668706171
122200 13.890015590145127
122300 12.747573169368117
122400 10.209657520616021
122500 14.920381481002398
122600 7.1997568062266915
122700 13.228204782571279
122800 13.812362074545549
122900 10.330414131094187
123000 15.401371449524538
123100 10.699172982055032
123200 13.217046182224328
123300 8.295965393146037
123400 15.70253137268345
123500 11.967667142079955
123600 12.750731906479162
123700 11.29715939087382
123800 15.498853073016328
123900 12.070400369235962
124000 12.525111752821925
124100 13.091534711555767
124200 14.445837463267814
124300 12.935765699063046
124400 10.23238490686799
124500 13.038861828406928
124600 16.378042747630232
124700 11.910497620809183
124800 12.613689114736786
124900 11.587090761638187
125000 12.485646875460482
125100 13.316456107607591
125200 13.703574005891184
125300 17.160614797386675
125400 7.592603884323165
125500 13.144804254945793
125600 10.11466457314934
125700 13.660655895439303
125800 10.153740203976906
125900 11.966177808143378
126000 9.569869005489558
126100 14.094489386153155
126200 16.54218864228157
126300 16.31171276100598
126400 15.389893734970238
126500 14.843938880594033
126600 14.07083669777319
126700 15.93396785091418
126800 14.771546813268676
126900 14.735539679138071
127000 11.082592107209898
127100 11.932527660801913
127200 8.95318175483488
127300 12.282327650037283
127400 15.246969683182849
127500 14.75182491053107
127600 12.423764101798824
127700 14.800564640305797
127800 9.27423484648109
127900 9.202849963499974
128000 11.34973900377272
128100 11.883408670954271
128200 12.366867299030652
128300 10.870373802384899
128400 12.449991477823941
128500 11.979691867756195
128600 15.168346404847302
128700 10.82580800476197
128800 8.831177617699861
128900 15.991940094071605
129000 14.443231788394051
129100 12.97415199037005
129200 12.454619524703212
129300 11.254140551122473
129400 8.625947180041933
129500 14.683318247433203
129600 10.999876617529912
129700 10.835771015490076
129800 12.766311101595862
129900 14.858390580734136
130000 10.75591058988781
130100 11.84188272480295
130200 10.228892148347096
130300 15.868529638177836
130400 8.9267743004015
130500 14.915047560260623
130600 9.793211443572655
130700 9.93904956936388
130800 10.87360913644079
130900 14.07878392243546
131000 11.023849485723282
131100 10.945422092384746
131200 12.310619137227036
131300 7.821787435862949
131400 13.585493784205367
131500 15.127205300166777
131600 11.465047601497036
131700 11.5104766553348
131800 10.375069467681538
131900 15.42462636504542
132000 13.224548606022555
132100 14.866530756879168
132200 12.546360912100521
132300 14.997854698748995
132400 10.346215512301415
132500 14.378290208141163
132600 12.791244045415544
132700 9.271153668346681
132800 14.143075369521288
132900 12.548898089877373
133000 13.698829794602672
133100 11.777443901912942
133200 12.211901811813298
133300 13.67116539137377
133400 12.89739180638943
133500 11.570799801864059
133600 13.043210501932034
133700 12.84422026654545
133800 12.625350712057207
133900 12.05897109102085
134000 15.481350802825217
134100 14.62355204225998
134200 13.65663755226381
134300 10.583238913784305
134400 11.556265967258133
134500 10.848948144776926
134600 13.012907056990668
134700 14.341785823157364
134800 13.736031255027298
134900 11.903177903734353
135000 12.838537352032805
135100 10.334193644544891
135200 13.887049453799161
135300 13.250472688344844
135400 9.439255991770818
135500 12.732801299287848
135600 14.52994923154686
135700 12.410652676480302
135800 12.672648553761194
135900 8.93084418812859
136000 13.284548553769627
136100 10.025404685070114
136200 12.859261243478837
136300 11.477540742189152
136400 13.404807694703583
136500 12.64134508136632
136600 8.733435808414423
136700 8.013530261787842
136800 13.12274490959614
136900 11.4159103043741
137000 12.957269325243894
137100 13.56304633265848
137200 13.1898636840443
137300 12.173630462764118
137400 13.300971574248708
137500 15.196891327055125
137600 10.692150957518585
137700 12.5450643629062
137800 12.715988038097352
137900 10.762689073543621
138000 13.929608610636828
138100 14.326040015712923
138200 12.38946881417598
138300 10.219266985429586
138400 13.749452048099082
138500 16.65668131227792
138600 11.762384369159172
138700 13.131650292005736
138800 13.985897327071308
138900 10.77723498414114
139000 13.3736986619346
139100 13.0546244689373
139200 14.144076542270026
139300 9.113217643972385
139400 13.071136372485322
139500 13.671236192388577
139600 12.294969174051342
139700 13.615556806942228
139800 11.646920561581261
139900 15.177446939713137
140000 14.525917862740604
140100 11.826020300174354
140200 13.722167454346076
140300 11.80638689145775
140400 12.008608908244423
140500 16.328447589592276
140600 13.7538645987864
140700 11.35268237254825
140800 15.70071410727107
140900 13.460088914013214
141000 10.433686514149576
141100 16.815470670325922
141200 13.11367244574721
141300 8.358505647886464
141400 12.225452195881779
141500 13.161130523579217
141600 9.666256382389196
141700 14.888717841348617
141800 17.36641435210334
141900 11.769415329413524
142000 17.455439257315565
142100 15.280728535356767
142200 15.19539637024587
142300 13.559272836942814
142400 13.468726827645007
142500 14.722383407590575
142600 12.975496040654951
142700 10.12043453375724
142800 16.079345654283966
142900 16.047376502477817
143000 14.418574199312161
143100 14.917666656947668
143200 13.650900852203453
143300 13.512756047620494
143400 14.631225516191115
143500 15.716147437672056
143600 15.193248242067487
143700 12.615053849098803
143800 12.865712463553871
143900 12.893835527928026
144000 12.763142828827966
144100 11.265858366364556
144200 13.664705770284925
144300 12.771205571450665
144400 10.437820546274306
144500 11.85624571623593
144600 14.390772442162971
144700 15.409869938245494
144800 12.974926681261277
144900 14.89787531377345
145000 11.34337388723489
145100 12.928681240280886
145200 14.504428951661561
145300 14.338278398691372
145400 15.341278600441266
145500 13.054545493224326
145600 15.324313999761497
145700 10.331455521323257
145800 11.487738488024094
145900 14.256968677970418
146000 16.680715780922082
146100 15.116088608598227
146200 15.33131399081089
146300 14.326532653453999
146400 12.718464302850922
146500 15.18781227860061
146600 14.597261160050696
146700 14.17440944659333
146800 12.124831473450978
146900 16.22421758189726
147000 12.21083007667175
147100 14.355383458590085
147200 11.97623266077422
147300 13.179583553928166
147400 13.28109881451344
147500 12.32198717957442
147600 16.330493323011677
147700 13.592447306319402
147800 13.285906735549114
147900 13.554166414179177
148000 13.89101591670268
148100 14.097372491796728
148200 14.999386898289899
148300 13.269715556152892
148400 16.75529257906027
148500 13.462045014606124
148600 13.34439313775119
148700 14.773082362775556
148800 13.302318902765338
148900 14.256011330866116
149000 12.865582399611075
149100 13.49452657508895
149200 14.663303265353369
149300 14.720899955860249
149400 12.192279582014296
149500 14.3570015420093
149600 12.620060138727043
149700 16.76122767072142
149800 16.499046443072825
149900 13.554490999229293
150000 12.358708354109643
150100 11.964108155119327
150200 14.411563840410794
150300 13.631834913323866
150400 10.352160510352702
150500 14.146569702731671
150600 14.387408751017814
150700 13.006540935356917
150800 14.97617371101699
150900 13.641732454737303
151000 15.04471152324563
151100 17.83980881171421
151200 13.060111465227877
151300 14.840966901496122
151400 12.486453603280008
151500 15.4563323169149
151600 15.79547354443945
151700 12.703248790088558
151800 13.144381488809934
151900 15.255651869857328
152000 16.317759145937426
152100 13.722467938422824
152200 15.361403862678072
152300 15.150751254536766
152400 8.998430055223333
152500 16.068975039998996
152600 16.394276433808415
152700 16.691056862818677
152800 15.891378168888712
152900 10.750912127254699
153000 16.927330802674096
153100 12.269154357773523
153200 17.747815411905265
153300 16.44505349013571
153400 14.134950257659627
153500 13.089164133008985
153600 14.522496440057282
153700 13.159403079411028
153800 14.084473423093122
153900 12.844711026576993
154000 13.600137032999806
154100 15.466263325134165
154200 14.624289622746131
154300 12.494306605126392
154400 16.932878183161282
154500 14.808590776522273
154600 15.122323963088197
154700 14.898690200092213
154800 15.514922404297211
154900 14.467468976176395
155000 15.38651182236089
155100 13.975278816286886
155200 13.953500072724283
155300 13.653864901871513
155400 15.134936072019435
155500 16.193845322538902
155600 8.736301489865841
155700 13.309909397729731
155800 14.633981779751972
155900 17.224685057302594
156000 16.12018093469036
156100 16.50124681532657
156200 15.34413550471015
156300 15.452796894589534
156400 17.31763558334474
156500 11.068841806341847
156600 16.11180171771022
156700 16.906936415734705
156800 13.723938149783386
156900 15.811130751901146
157000 15.907737425554608
157100 16.372092599479682
157200 14.353754019154026
157300 17.79315573274686
157400 16.70055003833653
157500 16.998415430119213
157600 14.64939723068393
157700 16.377226927275018
157800 11.813741402008157
157900 15.260986907667426
158000 15.12893015490816
158100 12.902480459826782
158200 14.078554208942979
158300 15.834621977738898
158400 13.665985438169633
158500 12.59023691683148
158600 17.093200828501907
158700 14.66053829573361
158800 15.369645711030227
158900 14.494565262481935
159000 15.15075947533074
159100 15.226505630414708
159200 17.857228690028183
159300 14.009535408818797
159400 15.875850514424988
159500 12.954743216475682
159600 15.629959872077599
159700 18.036061813527958
159800 14.442962991211607
159900 14.332783584083046
160000 17.540530337994213
160100 15.624791484851546
160200 14.017115202110563
160300 16.435008918950423
160400 17.287335254068154
160500 15.09519500480723
160600 14.583561614305227
160700 14.289144935783893
160800 17.088855660024635
160900 14.590754286444072
161000 16.487190443284874
161100 14.692830676838403
161200 17.883121563462687
161300 17.009793602766333
161400 16.111301324150094
161500 16.084325771581238
161600 15.701699098701809
161700 14.535761021287284
161800 15.912957536272442
161900 12.311676335552194
162000 16.970427157178015
162100 16.585831606070354
162200 17.13675039665395
162300 15.233517843988082
162400 17.301768790023132
162500 16.992807173080127
162600 15.703154950243466
162700 13.601623394431183
162800 14.975269895300805
162900 17.16428914770995
163000 16.069908206752025
163100 15.25411828790553
163200 15.08807407172827
163300 15.90461806228509
163400 11.125710026716469
163500 17.627055687704956
163600 16.76924510175528
163700 12.89048132758889
163800 16.11595973709571
163900 14.63966646799994
164000 15.653084583240101
164100 15.014171385774382
164200 14.189926971143848
164300 16.797006747700543
164400 15.87443818376103
164500 15.469537152126458
164600 18.077473498577138
164700 15.23847049929633
164800 18.569624854899082
164900 13.299842695104967
165000 13.70911002779111
165100 15.519184696742819
165200 14.184673771295675
165300 14.638349739999917
165400 15.157225386375353
165500 17.49130848535422
165600 14.861284872162408
165700 10.728324120563249
165800 14.27855224245054
165900 17.363092803750668
166000 14.686498638818025
166100 14.817242056692118
166200 15.402492013494921
166300 16.151644943175903
166400 19.30974257353655
166500 15.131648683009029
166600 17.376678096953388
166700 17.372266844893062
166800 13.104799764293533
166900 15.100052945343414
167000 15.287715742979678
167100 14.099511070722166
167200 14.370021605128803
167300 15.125166688385212
167400 16.52700600766422
167500 17.762348218203833
167600 16.947010635551194
167700 17.4264262781143
167800 18.334468183468104
167900 11.387788641955586
168000 15.978969750059369
168100 13.885672618722896
168200 16.43728036436667
168300 16.603517945996813
168400 17.29755119945933
168500 15.03279879447674
168600 17.785505061596737
168700 16.1828524910534
168800 16.189288856446804
168900 16.041251461208795
169000 17.617649571836775
169100 16.79023466102577
169200 14.913034325267493
169300 14.657951581698674
169400 13.722252583684268
169500 15.529770946159106
169600 15.53142634170012
169700 16.66619871435257
169800 18.77122504739021
169900 15.92839325912103
170000 17.409500912431923
170100 16.068915561044083
170200 17.328243396708626
170300 15.720433444294232
170400 14.469047976168667
170500 15.211632142580331
170600 13.523893966466149
170700 11.215540717919781
170800 14.31183540407884
170900 13.102788394859072
171000 18.042580793972775
171100 13.49063038243534
171200 15.669819640796712
171300 12.842851634308158
171400 17.354056920929807
171500 17.50630236429534
171600 15.961963539958893
171700 16.112095410190687
171800 14.20889703853248
171900 17.480179850278148
172000 17.850516443474696
172100 15.01990364962737
172200 17.02071385496821
172300 18.000869009650877
172400 13.214680254318935
172500 16.0151581899659
172600 18.200902943055894
172700 18.56551530814544
172800 15.142616796868813
172900 14.245401968330828
173000 14.983010004905402
173100 13.136548522252987
173200 14.572404184011775
173300 12.764625863913148
173400 12.036108071842847
173500 13.268014542029007
173600 17.67037971160522
173700 15.022243501431504
173800 15.13338862700748
173900 16.582842824611824
174000 15.444073115978506
174100 17.55172987781785
174200 16.23214832012599
174300 14.774789071217047
174400 16.58394205366044
174500 15.189461660040925
174600 14.91987252200356
174700 14.156915545386951
174800 16.184481016115225
174900 15.450765995778925
175000 15.48125839711688
175100 16.460567595641525
175200 15.182592666330212
175300 15.63798351168324
175400 16.96275807128596
175500 15.123253539936881
175600 16.031581961657245
175700 17.92984612334077
175800 13.58950150243885
175900 15.539077858721631
176000 16.47320075743063
176100 16.2380523561152
176200 14.576239824055014
176300 15.887240731688237
176400 17.983429586919765
176500 16.83455876290167
176600 14.324425691291154
176700 15.37742848901398
176800 13.550426219961961
176900 16.265487993360203
177000 14.040420391991143
177100 15.270812151464249
177200 12.363275493163748
177300 13.398341766122286
177400 17.59452408034434
177500 15.233139536971484
177600 12.93743241870535
177700 15.709393185522606
177800 12.48450621247889
177900 15.471481688958535
178000 13.585577035356808
178100 16.81610645106434
178200 15.615017285812945
178300 14.679607226300844
178400 15.737914825070899
178500 12.31796235655487
178600 16.099424684100313
178700 13.911860479632692
178800 15.007766402082124
178900 17.55080722751575
179000 17.524118637918686
179100 16.4350506292051
179200 17.27197573514899
179300 15.776295735419035
179400 15.620272074973066
179500 16.347967190724066
179600 13.955141346550077
179700 14.806295018020187
179800 12.739135173512064
179900 15.444144833244776
180000 17.61920437287174
180100 17.80521470330377
180200 16.30089644249982
180300 14.357813844723955
180400 16.30829338719302
180500 16.364606278470823
180600 14.965767702924612
180700 16.63546962675926
180800 14.44310352052035
180900 13.269763185457466
181000 16.7550011334201
181100 16.588887199184118
181200 18.27801274401032
181300 16.917266391126837
181400 15.841732861895453
181500 11.664572362889945
181600 14.861590662181149
181700 16.794439373700218
181800 13.746007336724665
181900 15.247736177539442
182000 15.754535626092883
182100 16.34402205811595
182200 13.473838597564933
182300 14.684902702874858
182400 13.136295347994043
182500 15.741859426202812
182600 14.903524461168479
182700 18.680771427846434
182800 15.195271932216214
182900 12.173079338886755
183000 15.554821535437062
183100 17.37064418008128
183200 15.166881659051985
183300 18.20710277981937
183400 13.950683512850658
183500 17.758560569820787
183600 15.946212179746086
183700 17.69674549978133
183800 17.34087623070128
183900 15.434387719061048
184000 14.593893115985873
184100 16.07704112323731
184200 16.626885925476113
184300 13.657410102309987
184400 16.53777727736157
184500 16.337674459876315
184600 16.576733681442168
184700 15.721442592284943
184800 16.12663878780483
184900 17.36394590784234
185000 16.148446583436147
185100 14.778104368467249
185200 10.502628022239895
185300 17.055176330197746
185400 16.054807735889646
185500 15.737143249552629
185600 15.946623614253076
185700 15.999496652807162
185800 17.65992299584115
185900 13.445689245736938
186000 16.445567054134017
186100 17.66342705422669
186200 15.81673321799695
186300 14.480868284211837
186400 14.785974805605296
186500 15.689304847988945
186600 15.964005314172816
186700 15.041816038856718
186800 14.398752288472757
186900 14.959972646027838
187000 15.233581642137738
187100 14.622675622648757
187200 13.937350072327044
187300 17.012879525418697
187400 17.16442797709956
187500 17.717399907874114
187600 15.576414329918041
187700 15.341438377050006
187800 17.50970020954598
187900 17.183709452294917
188000 15.691856006795986
188100 16.634414691278355
188200 17.14696202131357
188300 16.770304905904396
188400 16.563331457772122
188500 13.633570806924766
188600 16.04117380549052
188700 17.065677851323446
188800 15.681359098596593
188900 16.350816600935364
189000 13.038007684818309
189100 17.26845600924178
189200 18.492832030344562
189300 14.443112383661296
189400 16.201482820267593
189500 17.684960578212007
189600 13.675074940875865
189700 18.1152578968773
189800 15.358181212388219
189900 16.298416443931693
190000 16.104611018162966
190100 17.763211263885808
190200 17.268234047788095
190300 15.238579873834988
190400 14.497216103357571
190500 17.317527689350772
190600 15.713018484779
190700 14.993558816955423
190800 15.93554529691335
190900 13.666367521738412
191000 18.63279179098621
191100 16.774506186994277
191200 15.709223306833731
191300 17.589362032001404
191400 17.275818565403018
191500 16.82269475153758
191600 15.3400985264497
191700 14.349654391339227
191800 14.5360660548494
191900 16.251732704909177
192000 16.358357473231663
192100 13.154521031367583
192200 14.689580379368465
192300 13.272091208617457
192400 16.03573072901751
192500 15.49022977504337
192600 17.00720527245895
192700 15.503700763534493
192800 14.269332534685855
192900 15.92506967340738
193000 16.92149682994034
193100 12.80308379097376
193200 16.83947831924017
193300 13.337153789867047
193400 13.533727062996423
193500 16.46744761193613
193600 15.50595098248589
193700 17.620461189909246
193800 15.775271402999255
193900 17.74244672931763
194000 18.062605392553017
194100 18.90949837909207
194200 17.095626011052573
194300 17.26704779856642
194400 16.949299357342966
194500 16.071572125972928
194600 15.573145112847605
194700 19.319392245566977
194800 18.002730101635414
194900 15.325537998655763
195000 17.10342305974732
195100 17.469973883254415
195200 17.898592581075764
195300 14.20499510616483
195400 15.914834930591777
195500 13.266394315737893
195600 17.92902205047342
195700 16.279172854806546
195800 14.159338638089253
195900 14.112318710093296
196000 17.672462114008873
196100 15.559533315266975
196200 15.786489547781336
196300 17.261045756643952
196400 16.38616477165398
196500 14.79778670843
196600 16.74332298881926
196700 14.026494548826266
196800 15.467661189917191
196900 16.164924989932903
197000 15.463105388761162
197100 16.70291317556988
197200 15.904434746815193
197300 15.857856762394867
197400 17.981531583580878
197500 17.989073189515665
197600 16.301077530038228
197700 16.725033599340243
197800 16.85580170076875
197900 13.260449386818804
198000 15.54548337157255
198100 14.466344808499695
198200 15.808380495088663
198300 15.707725786501152
198400 13.93087657891342
198500 16.18456205582492
198600 14.497097616631597
198700 18.304605450852126
198800 14.423688677062586
198900 13.809993146510093
199000 15.761957914365727
199100 16.23585883487838
199200 14.470341514928238
199300 14.373107414517914
199400 16.058609747416114
199500 19.000209958419727
199600 15.99925178405679
199700 14.679096964787348
199800 15.380038033243055
199900 17.141691106173372
200000 16.677688666918943
