# Model = DQN.loop.(2)-9-9:9-9-(9)
# Num weights = 1134
# Learning rate = 0.001
# Env random seed = 111
# Start time: 31-12-2023(18:44)
100 -21.94440972482482
200 -26.175744429708107
300 -24.54531735962756
400 -25.020760258595736
500 -23.570477264762662
600 -21.44188578880121
700 -26.57997792498282
800 -23.893548381163466
900 -24.867474499041556
1000 -25.962338177325254
1100 -28.0804394145571
1200 -25.80142250556976
1300 -23.22814705704051
1400 -26.22912033427238
1500 -22.95919452797438
1600 -27.705525677262195
1700 -25.274875842091845
1800 -23.98828741182178
1900 -22.47275131368551
2000 -22.388775500635532
2100 -25.476407415638192
2200 -25.56339139356612
2300 -27.243472053362336
2400 -27.06586297243825
2500 -23.633137574457557
2600 -23.895344372728726
2700 -28.076166543325055
2800 -25.061028598620755
2900 -23.595731078672316
3000 -26.163127594634737
3100 -24.82683692037975
3200 -25.16496025400768
3300 -24.27905715479198
3400 -22.71005070465984
3500 -23.409713695922427
3600 -25.134889763799634
3700 -27.82349223508251
3800 -26.452144864348945
3900 -23.86416939788551
4000 -23.764280609727525
4100 -24.326409494188486
4200 -24.604209955331513
4300 -22.694585096424415
4400 -23.01965899415483
4500 -21.784521718675993
4600 -21.833142702755865
4700 -24.477079856193537
4800 -23.81216167111836
4900 -26.51712241041696
5000 -25.328762182723196
5100 -26.97672088574936
5200 -27.164570516583858
5300 -24.27624154151258
5400 -24.781858650788973
5500 -26.048742317805612
5600 -23.816253428816346
5700 -26.15941392072125
5800 -23.71600574298792
5900 -22.984315983185446
6000 -24.190072073748038
6100 -25.599874775666905
6200 -24.652439533882777
6300 -26.660396903000706
6400 -26.40442784904504
6500 -26.83202767254862
6600 -26.968593524322632
6700 -23.388376984858557
6800 -21.39576593717091
6900 -20.68904892242815
7000 -22.093500129389163
7100 -23.562809530440777
7200 -24.833333797497538
7300 -21.437115302518677
7400 -23.396888304807675
7500 -26.902423895868488
7600 -26.254011140144712
7700 -24.941261590640636
7800 -24.103248449629724
7900 -27.79776644570684
8000 -23.97561762742315
8100 -23.968338293122
8200 -27.287545993575673
8300 -27.952522195522626
8400 -28.560653059236525
8500 -25.126261988255685
8600 -23.938507328946724
8700 -25.807171072926714
8800 -23.69020636640341
8900 -22.267961261960473
9000 -23.8364158458257
9100 -23.336973768645294
9200 -25.31603962667534
9300 -27.296040059847734
9400 -22.709839271331514
9500 -22.79121106982116
9600 -24.933661276684894
9700 -24.88451230508929
9800 -26.51392416583512
9900 -27.971326162884946
10000 -26.26370792434539
10100 -25.561363843915217
10200 -25.666886251096525
10300 -24.154361352588985
10400 -27.73036320331181
10500 -27.0767266467421
10600 -27.629112240200687
10700 -26.657878875538653
10800 -25.579111978145303
10900 -25.981594067591697
11000 -27.01598767191035
11100 -26.185842162072348
11200 -24.85112214415698
11300 -26.65127478849571
11400 -26.634003882377996
11500 -26.86949720817128
11600 -27.2917155496517
11700 -25.266770504400363
11800 -24.685898179333087
11900 -23.658671534189118
12000 -23.01469609295654
12100 -23.790353559881883
12200 -23.1453485142528
12300 -23.96113013573219
12400 -25.020786080473243
12500 -25.769882812493186
12600 -23.07510525078306
12700 -26.925097779082424
12800 -26.670360296368827
12900 -25.514676537954482
13000 -27.58255969215662
13100 -21.784332319625843
13200 -25.05210760039062
13300 -27.18485230425409
13400 -21.543292700863315
13500 -21.657600336228775
13600 -24.482272582345516
13700 -25.36053485136351
13800 -22.83535194887271
13900 -25.89191286373799
14000 -27.777866317659825
14100 -27.608997161952736
14200 -27.092497741154258
14300 -25.320008971389985
14400 -27.517939104983025
14500 -25.595420510368225
14600 -23.911548282977556
14700 -25.596262491443373
14800 -24.749566022153118
14900 -27.13956049988573
15000 -26.56011784203732
15100 -24.23024712659654
15200 -25.321390278218256
15300 -24.52599936806554
15400 -23.778759639273062
15500 -26.653106031752515
15600 -23.51300403001321
15700 -24.84574728738229
15800 -23.360076837327735
15900 -27.299074546938222
16000 -27.476691023529245
16100 -22.746451394114548
16200 -26.242620727359316
16300 -26.396578899645405
16400 -21.042291963122686
16500 -27.054467568015983
16600 -22.604822582942585
16700 -25.722570177899684
16800 -22.838450898498735
16900 -25.32648742596735
17000 -24.5762171740138
17100 -22.33422582428024
17200 -20.245410523356167
17300 -21.74398605975122
17400 -26.32559485836937
17500 -23.815830680104206
17600 -23.560743366174755
17700 -21.063722036195795
17800 -24.39363131990215
17900 -27.02951401089732
18000 -23.49015984792409
18100 -24.803027757331222
18200 -26.721830548698343
18300 -24.95017785260673
18400 -26.540866574555317
18500 -25.482409363092014
18600 -27.329601389165077
18700 -25.761351781182302
18800 -24.446686786565117
18900 -24.310438016657248
19000 -25.154640419797577
19100 -23.669239571332646
19200 -25.713790178108823
19300 -25.564076564050477
19400 -24.03100337214529
19500 -26.21728698426656
19600 -25.311561531438215
19700 -24.898483765186285
19800 -26.2627817953481
19900 -22.401286852299915
20000 -21.642599954959582
20100 -21.81628535651952
20200 -23.556460346688773
20300 -24.705101744908912
20400 -24.704870451542924
20500 -22.61812185931973
20600 -25.810738738541907
20700 -24.48155743786515
20800 -24.33537667628978
20900 -26.22591746918639
21000 -24.569474693314348
21100 -24.846271970885187
21200 -25.550245567842726
21300 -27.954306985588115
21400 -24.379443684836897
21500 -24.904818226242078
21600 -23.891419317374837
21700 -26.53660148990212
21800 -26.814249170737927
21900 -23.077335336530194
22000 -24.072975979220555
22100 -21.77287052437484
22200 -21.217481338706605
22300 -20.601728905422142
22400 -26.21814353577463
22500 -21.78949365280247
22600 -22.76795770911789
22700 -24.1689148421056
22800 -24.77386267395152
22900 -26.049460199569165
23000 -24.449051046802275
23100 -23.343436363604198
23200 -24.054455872477373
23300 -24.245978733564918
23400 -24.724634928359485
23500 -27.818056644720958
23600 -22.492306466922038
23700 -25.58131377663078
23800 -26.327640879280295
23900 -23.339762277495236
24000 -23.85848703261415
24100 -26.454821074921178
24200 -24.137518698088233
24300 -26.547222565383986
24400 -22.19556610897602
24500 -26.19078785686838
24600 -24.93532990681382
24700 -25.604026543508933
24800 -25.072803188629543
24900 -26.520089454281813
25000 -24.208734711550076
25100 -24.070657198777145
25200 -22.537393543914952
25300 -22.932750054218026
25400 -25.162691453710917
25500 -21.487171783783754
25600 -25.42501286705983
25700 -23.909815660543206
25800 -21.404665744553146
25900 -23.827651182538077
26000 -22.99845644431629
26100 -22.474523568996783
26200 -25.210597359881877
26300 -26.8097734036062
26400 -25.094142237426514
26500 -27.77490263993585
26600 -24.843485625311445
26700 -25.199334273062373
26800 -24.98454615175876
26900 -25.720101537307503
27000 -24.396365844549017
27100 -27.415833312124974
27200 -22.69510005118188
27300 -24.932747251321203
27400 -24.632748452210762
27500 -25.268496022357937
27600 -26.379557339600566
27700 -25.25499319767355
27800 -27.125429120007983
27900 -26.49648766273529
28000 -23.25243949429861
28100 -23.82384560258546
28200 -24.91069308448736
28300 -26.96691861165356
28400 -26.98718571323042
28500 -27.22357504550847
28600 -28.309713675556765
28700 -27.13576227124488
28800 -26.430944400048173
28900 -24.860389821124784
29000 -26.796968313144102
29100 -24.739649840500476
29200 -23.040602557200703
29300 -26.84402019975307
29400 -21.515135433044335
29500 -25.72932918050485
29600 -24.193295967890432
29700 -24.636896924339414
29800 -26.342345077374688
29900 -27.17640059611018
30000 -25.207039287878967
30100 -26.926257178883652
30200 -22.734567356250526
30300 -24.824594553623303
30400 -24.90081464414631
30500 -21.96775583532678
30600 -24.543136329338946
30700 -27.38085840796946
30800 -23.723352316221693
30900 -26.203395567741985
31000 -24.843992955527234
31100 -25.110904128215434
31200 -25.69014542072357
31300 -22.214291257591636
31400 -27.870147476361964
31500 -25.67030208657731
31600 -25.73615884269464
31700 -25.951640724051728
31800 -26.89835555618413
31900 -26.58455583278137
32000 -25.767442653617085
32100 -25.350966367020316
32200 -26.72562437526635
32300 -20.26656106358237
32400 -26.538588859144625
32500 -21.679962011186824
32600 -24.163457167863385
32700 -25.806387450236908
32800 -22.073440926755275
32900 -23.02230429261089
33000 -25.8002495471607
33100 -25.417318605611655
33200 -23.542869402924136
33300 -24.026779043955244
33400 -26.971029226700704
33500 -22.00444687583012
33600 -27.515518394835276
33700 -25.10913831389008
33800 -26.084208162903337
33900 -20.295581524039832
34000 -24.79285837224083
34100 -22.52213646270055
34200 -22.21673613396403
34300 -20.960663949125813
34400 -24.22678408760415
34500 -23.96979697352007
34600 -25.54592866639962
34700 -23.54743939892018
34800 -25.10492345565294
34900 -22.94701439925482
35000 -20.189281295262695
35100 -22.869769006271625
35200 -24.023567064020792
35300 -25.493716574435805
35400 -25.103347599038734
35500 -25.64991238930865
35600 -25.52691561292351
35700 -24.001617964969732
35800 -21.000517894383705
35900 -23.856488735080408
36000 -23.90982873294572
36100 -23.08566408571978
36200 -25.605452997488026
36300 -25.511758246579003
36400 -27.590617132983702
36500 -24.234871354338527
36600 -27.704977511589114
36700 -24.368032457657804
36800 -23.881042976915243
36900 -26.087741278177592
37000 -20.277850196234603
37100 -26.688302921734437
37200 -21.571378838342632
37300 -24.837782450790424
37400 -22.946935426038305
37500 -22.26001717762599
37600 -23.864112714767572
37700 -26.118554145634867
37800 -22.99276420547083
37900 -23.670904263851615
38000 -22.99126716393992
38100 -21.925872432588925
38200 -22.651293196094212
38300 -24.868159697999797
38400 -26.01281236891888
38500 -23.472510140368982
38600 -26.19291385940975
38700 -23.406973134774955
38800 -24.400082974776282
38900 -22.59173585702676
39000 -26.314517527451716
39100 -24.68091761380303
39200 -25.69558908231302
39300 -24.090789205492097
39400 -27.684685549062777
39500 -26.098672322528085
39600 -26.90089907953484
39700 -26.10113101099262
39800 -26.76884861583518
39900 -24.921710043077013
40000 -25.65453734527209
40100 -23.463696882733203
40200 -20.630764640841356
40300 -25.589182168204196
40400 -24.558759384668452
40500 -23.926331842136292
40600 -25.10374110861846
40700 -23.6887925879335
40800 -23.28052486633523
40900 -23.81695019213112
41000 -23.622120047669192
41100 -27.16401485441511
41200 -24.67766761158472
41300 -22.490926751134793
41400 -23.83526870975514
41500 -22.987928246622047
41600 -23.703993518435382
41700 -25.56944096987233
41800 -26.346336345956
41900 -27.87193327820412
42000 -26.93841945867621
42100 -26.522954601030605
42200 -24.259724709493252
42300 -25.49536881923428
42400 -25.689679266168135
42500 -23.486938362350806
42600 -24.21215769201889
42700 -25.90550290609842
42800 -25.0611986305394
42900 -22.537429600228826
43000 -23.302466843688013
43100 -23.853225772009793
43200 -27.07774647152568
43300 -21.930975466682654
43400 -22.99251331351708
43500 -22.420966704117056
43600 -18.752299284588176
43700 -26.89826684082794
43800 -25.21445010305868
43900 -24.526212815962566
44000 -23.611356122805674
44100 -24.793036007765643
44200 -23.370833884114724
44300 -22.069617016111494
44400 -27.15602389340853
44500 -27.570136791080632
44600 -26.577902760137682
44700 -21.904057960432286
44800 -21.406280098786954
44900 -27.400016656882997
45000 -25.875095753054687
45100 -24.687513222867274
45200 -26.07829891484613
45300 -23.882698968521616
45400 -24.03256424117302
45500 -23.36807163315328
45600 -25.597447846420593
45700 -23.204774130267946
45800 -26.294229887231108
45900 -24.703375104764408
46000 -22.142690578723137
46100 -24.989002615792636
46200 -23.204274673491632
46300 -24.757018853555603
46400 -25.844007783010813
46500 -24.862532182584555
46600 -22.39205987758626
46700 -22.340130026540578
46800 -24.34215496464304
46900 -25.478059219334185
47000 -24.845453885192406
47100 -23.52475951752675
47200 -26.457656622480876
47300 -25.440048457465146
47400 -25.679360014473353
47500 -23.090811199600427
47600 -24.299525039975954
47700 -24.803380333143377
47800 -24.155411347452205
47900 -23.602496360159712
48000 -26.369862387086684
48100 -25.231323732346176
48200 -21.99495044232206
48300 -25.750860932496465
48400 -25.508733892758208
48500 -24.027281320515147
48600 -25.07602729283804
48700 -21.37767190142829
48800 -26.565835516868006
48900 -23.09607624356657
49000 -23.243759944905793
49100 -26.04645879282991
49200 -22.217785059773487
49300 -24.33890060821153
49400 -26.80277006607729
49500 -24.674356253661543
49600 -25.419491769404704
49700 -25.687699161141108
49800 -25.425316403749722
49900 -27.546763508642666
50000 -25.577397269767683
50100 -27.625965406185102
50200 -25.667616653725204
50300 -26.96273124013898
50400 -22.97804780422743
50500 -26.148275242342077
50600 -25.21477363606059
50700 -23.245651710647056
50800 -25.719529099489975
50900 -28.090425279207686
51000 -22.28153109544064
51100 -25.361937929875882
51200 -24.48847735414962
51300 -22.83482941427524
51400 -22.96047008031031
51500 -24.1711848379047
51600 -25.35167571925705
51700 -28.0126224593994
51800 -23.735102554939314
51900 -25.4284231451712
52000 -19.968052033505064
52100 -24.888967942080264
52200 -25.438418510489353
52300 -26.602906956437035
52400 -24.638854560231266
52500 -27.193823527373514
52600 -24.0537602646977
52700 -26.767648917532384
52800 -25.09184397190747
52900 -24.06367596782267
53000 -26.334978292937922
53100 -22.945480210911388
53200 -19.422478614782346
53300 -25.61187412156848
53400 -26.633238974855683
53500 -24.83405042013934
53600 -21.900788780811688
53700 -23.00872205995083
53800 -26.920685002554375
53900 -24.734895317165492
54000 -20.681700913281368
54100 -23.86858528806991
54200 -21.853756201974463
54300 -26.10092112757093
54400 -22.41071428364233
54500 -25.77581415740986
54600 -27.370921482629573
54700 -25.741838081385083
54800 -22.443921519144823
54900 -26.39918308142043
55000 -24.157063000898297
55100 -24.545738937882298
55200 -25.733299450803056
55300 -22.66698023991298
55400 -24.072786423705416
55500 -25.90980828003554
55600 -25.435665225829577
55700 -23.33053232583564
55800 -27.368535203100688
55900 -22.26756207512596
56000 -22.29554526309966
56100 -24.687438570767547
56200 -25.8360233873803
56300 -23.712486598069802
56400 -23.98067984723246
56500 -22.41067799895931
56600 -21.369950378586573
56700 -25.38568358231161
56800 -25.991138598871363
56900 -26.61845666929937
57000 -25.28689746578148
57100 -23.49957199513366
57200 -23.48464720430354
57300 -22.429482893102165
57400 -23.581024818075207
57500 -23.181878161160775
57600 -23.25652801077469
57700 -24.91387553896621
57800 -23.36249598579579
57900 -27.344978008101073
58000 -24.103957759361826
58100 -24.548841330486592
58200 -26.1268168852615
58300 -26.56923706559777
58400 -24.78907559211231
58500 -22.1211885373423
58600 -22.730448911335156
58700 -25.74259180836448
58800 -21.60061273744296
58900 -22.45898141950435
59000 -23.836275507729688
59100 -25.813649264919846
59200 -22.9331555317967
59300 -22.877721311448663
59400 -25.000743530140923
59500 -25.648182649230908
59600 -22.256384942516362
59700 -22.241950812105596
59800 -27.546648525120663
59900 -27.046941472478114
60000 -23.997750945203105
60100 -24.83006177861992
60200 -25.844213649121198
60300 -27.390083795435903
60400 -23.10994237709176
60500 -27.730324579779044
60600 -26.581669384551894
60700 -24.393465441945644
60800 -25.40025165600381
60900 -23.238456560191615
61000 -28.361517678101073
61100 -24.412452949048305
61200 -25.24931411893868
61300 -24.326346472103477
61400 -27.173744024093175
61500 -25.78804339666465
61600 -25.806025711370324
61700 -26.61449405841492
61800 -23.185338649319043
61900 -27.145101821848726
62000 -25.953768645411962
62100 -26.14918855734761
62200 -28.751800380996723
62300 -24.733552092863313
62400 -25.194802436047272
62500 -24.427852020860062
62600 -23.886835950882446
62700 -25.773543033050498
62800 -21.16961630898845
62900 -25.6090028381656
63000 -27.695661281000046
63100 -24.583112850955715
63200 -26.392515297213233
63300 -24.69180508264161
63400 -26.350370002672744
63500 -24.201124886646653
63600 -25.199746432143584
63700 -24.899431118102612
63800 -25.733678909489548
63900 -22.90810694963297
64000 -25.46133682327174
64100 -27.670997664720975
64200 -24.69429774131048
64300 -23.693655784471094
64400 -25.246634759506648
64500 -25.32507935312484
64600 -21.35606692376508
64700 -25.71101164687662
64800 -27.229927476666877
64900 -25.504588258607978
65000 -25.09449589235785
65100 -23.339085819540273
65200 -26.78855696616932
65300 -27.20273395033433
65400 -22.182552531538928
65500 -24.37079923766816
65600 -23.190924571944002
65700 -23.015203812428286
65800 -24.690458961756583
65900 -28.098724456056434
66000 -26.270711866114798
66100 -23.414942594146634
66200 -27.163856877454325
66300 -26.25444412439719
66400 -26.229458271214124
66500 -24.430355203188604
66600 -26.018952478983312
66700 -23.99523574590746
66800 -24.53711118787551
66900 -27.78596805181933
67000 -28.10266754490809
67100 -23.64139975564875
67200 -24.335233399230727
67300 -24.415514141005286
67400 -23.84149073060549
67500 -22.88611592708743
67600 -25.839857587632203
67700 -26.46887596567821
67800 -27.74321248701294
67900 -22.131288975009827
68000 -25.101023059968977
68100 -26.702027621420704
68200 -26.295782795378766
68300 -21.386721807849423
68400 -25.558495619748445
68500 -25.205679244188463
68600 -22.210542082415362
68700 -22.780045970443066
68800 -24.048894151151945
68900 -24.27389124392905
69000 -23.932184997353104
69100 -24.18465708959622
69200 -25.451003996194874
69300 -20.041922085755978
69400 -25.31029802361027
69500 -23.763504050977417
69600 -23.011541649102547
69700 -22.623390816832842
69800 -21.189045248425675
69900 -25.51104941577121
70000 -27.332714269025264
70100 -26.383244218888247
70200 -27.35659625052521
70300 -21.823485150296065
70400 -26.027903611676106
70500 -26.21429552113302
70600 -22.661603925254095
70700 -24.62015715735302
70800 -23.79677479506109
70900 -25.76869560217168
71000 -24.87728086031351
71100 -25.873825115990034
71200 -26.92046500366817
71300 -22.432663860643682
71400 -22.515515064232673
71500 -25.83248297929473
71600 -25.757584179047146
71700 -26.561533699205707
71800 -25.277513506186377
71900 -28.055707672204377
72000 -25.68061773074429
72100 -25.51747724152417
72200 -26.083773975429537
72300 -26.967933614696694
72400 -26.83724514841007
72500 -21.467527767307804
72600 -25.40516633467422
72700 -22.3671602483006
72800 -24.664601872128667
72900 -22.60022313255484
73000 -24.214593494013997
73100 -24.58025340941413
73200 -22.051809098863835
73300 -24.25189416471102
73400 -26.142296292121173
73500 -26.097727762162272
73600 -24.047629284356745
73700 -24.512242188942377
73800 -24.695766528990028
73900 -24.302707988799114
74000 -24.28559061934758
74100 -26.187683592285385
74200 -25.418932062513893
74300 -27.01536267522697
74400 -21.92788177101818
74500 -25.211719948594745
74600 -22.189991422925964
74700 -26.84048829025322
74800 -24.375505574382494
74900 -24.65139165728629
75000 -25.17137125911953
75100 -23.560583683214706
75200 -25.02063675129565
75300 -23.71137334342239
75400 -23.27199078254384
75500 -27.16368314401724
75600 -23.870413720251126
75700 -22.069059460676186
75800 -21.11381496181861
75900 -24.27571730421965
76000 -26.97310061295859
76100 -22.22045343323831
76200 -24.101224088856
76300 -25.305972844215677
76400 -27.525281657470202
76500 -25.11478513287808
76600 -23.344747481126966
76700 -26.79683845764785
76800 -23.608408371940428
76900 -25.277600706069787
77000 -23.74395468515072
77100 -25.97289677950345
77200 -24.415833768127815
77300 -25.36845857661272
77400 -20.198923552085716
77500 -22.910529322917306
77600 -24.060855159650313
77700 -24.108589619433882
77800 -20.73439000289713
77900 -25.52952776916696
78000 -24.02777781733114
78100 -19.99692740423012
78200 -26.1273122007151
78300 -25.73257791859697
78400 -21.06048633104789
78500 -21.336789360691306
78600 -22.23560974520605
78700 -23.958680665552986
78800 -23.59268390143449
78900 -21.23985336387642
79000 -23.272881216872563
79100 -18.182527146413474
79200 -24.28539032609422
79300 -22.950608285244265
79400 -26.87097684739424
79500 -23.49782307183152
79600 -24.016827531585996
79700 -23.941414241598736
79800 -22.019966603757442
79900 -20.514655227584576
80000 -21.336122154655545
80100 -23.325848613627674
80200 -24.586807841633235
80300 -20.714143550294462
80400 -23.257532531183074
80500 -25.120062166299682
80600 -20.967804153355736
80700 -23.613070445515547
80800 -25.99493774508573
80900 -20.286711752506424
81000 -20.18657750072864
81100 -23.41737300239697
81200 -23.59536978526929
81300 -21.125126256584146
81400 -22.433711033604872
81500 -18.74284677233584
81600 -22.316894600960467
81700 -21.42382248470996
81800 -20.73129259263015
81900 -19.18023468238461
82000 -21.472176266017154
82100 -24.7447156601785
82200 -22.1860410433349
82300 -17.67117490296817
82400 -19.602792618848163
82500 -23.33480122414346
82600 -21.53407215661676
82700 -21.98389060243515
82800 -21.84237929034751
82900 -16.584449306340503
83000 -21.7949844555807
83100 -21.299731437574827
83200 -21.62677339217259
83300 -15.640105880518137
83400 -18.898736761057343
83500 -19.85171701592973
83600 -20.401296427896913
83700 -21.093050869257087
83800 -21.61916487254293
83900 -20.151348531534797
84000 -22.13084894791125
84100 -24.716517082445847
84200 -22.824880376024087
84300 -22.238167653547197
84400 -19.121945913665197
84500 -21.183186194331046
84600 -20.2881704597961
84700 -23.705725938164335
84800 -17.120567138124215
84900 -19.91508602322503
85000 -21.084706545843463
85100 -20.061680293033188
85200 -19.319290610657724
85300 -20.73242568637513
85400 -21.25552857684022
85500 -19.262899485778952
85600 -13.024848750848047
85700 -18.787574487697626
85800 -17.48979360021818
85900 -22.897962737642192
86000 -13.361263520196987
86100 -16.098456745158334
86200 -16.732954123981948
86300 -19.903232035472787
86400 -18.98601507766105
86500 -16.679369771675802
86600 -17.930178995206862
86700 -18.144185190282183
86800 -18.149871919863656
86900 -14.997487548703699
87000 -18.25641769899954
87100 -17.808701666158775
87200 -18.716007326015497
87300 -20.08302948169168
87400 -16.54577584939261
87500 -14.225082463459822
87600 -18.045339443488704
87700 -17.227647914065876
87800 -23.209909273526787
87900 -12.672615442954209
88000 -18.965805846150005
88100 -14.965301288355157
88200 -16.546107136497525
88300 -20.592750418034417
88400 -15.40888770844319
88500 -15.770210566127913
88600 -13.551159881360517
88700 -17.879905820283305
88800 -17.459346225167508
88900 -17.765957872506082
89000 -20.251740619446515
89100 -17.292760462428014
89200 -17.065640364848356
89300 -19.501186416511512
89400 -15.086977567474937
89500 -14.939988379170606
89600 -14.756438419872515
89700 -17.012880133330455
89800 -16.602960493586693
89900 -17.385043541062128
90000 -13.195236469046389
90100 -17.729806191332937
90200 -18.661433911834205
90300 -20.418112899277073
90400 -18.59111255413685
90500 -17.919481388035116
90600 -15.705811287477848
90700 -17.374552942511883
90800 -16.070235000601382
90900 -17.4765868422923
91000 -15.978163936346116
91100 -16.170142141424844
91200 -14.803662823067063
91300 -15.433802214535465
91400 -14.61900052547563
91500 -17.63078428475897
91600 -14.299669716418412
91700 -15.055984655824549
91800 -13.725510534361042
91900 -19.354144842179533
92000 -14.39390029420735
92100 -10.312606211501285
92200 -9.360184245031066
92300 -15.523297118620501
92400 -17.93459579814788
92500 -15.96643633997633
92600 -18.373721612475485
92700 -13.357372519608957
92800 -15.85776712297459
92900 -13.673713469984738
93000 -16.768604997053764
93100 -15.435084313414581
93200 -16.112524302765284
93300 -16.43274381677283
93400 -15.161181225144526
93500 -18.626493562879723
93600 -14.902472167940832
93700 -17.11544455316169
93800 -15.951166445562249
93900 -18.33838134838269
94000 -10.299847699442978
94100 -18.368088120928878
94200 -19.23540774938613
94300 -14.31564330150931
94400 -18.665235773410824
94500 -10.99493874993184
94600 -15.80381717449415
94700 -17.29732381627494
94800 -17.544722433780116
94900 -15.553268057868392
95000 -15.052667244167576
95100 -16.91369455610532
95200 -16.132869607358614
95300 -14.757515311400082
95400 -15.92904442697762
95500 -15.772558228189261
95600 -15.980015970550676
95700 -20.240984215189872
95800 -15.725345704107134
95900 -17.406254363055307
96000 -14.268726809931003
96100 -11.358898302474179
96200 -17.40264855819128
96300 -12.212757908916126
96400 -16.305075794691323
96500 -16.6262927016279
96600 -14.99487429628362
96700 -10.641947801866365
96800 -16.40571387345124
96900 -17.498391574628503
97000 -12.607926916337581
97100 -15.0369803842875
97200 -13.258716531602103
97300 -12.366766264254704
97400 -15.268398776925471
97500 -12.686546263684157
97600 -13.767456824674108
97700 -14.03687925545849
97800 -14.622861550066762
97900 -13.655772506509399
98000 -14.994137243722609
98100 -12.377843811819572
98200 -12.777133407300756
98300 -10.846116588503325
98400 -13.752138214634204
98500 -13.199270436214112
98600 -13.680543210866938
98700 -16.840017430379277
98800 -16.54412652881046
98900 -11.50716650568155
99000 -13.776405251680917
99100 -12.834135451170548
99200 -12.587405942983889
99300 -18.534272762432938
99400 -16.31668786314993
99500 -13.664902341525519
99600 -17.65443221268204
99700 -13.246414319956209
99800 -15.75197700085207
99900 -18.32188657951998
100000 -13.702696457274863
100100 -13.715822960352014
100200 -17.897873285962177
100300 -15.562228385652938
100400 -14.934752841268836
100500 -10.04974743496767
100600 -13.100759297483233
100700 -12.43970015209209
100800 -11.42344901715145
100900 -11.132811910775493
101000 -18.81708259697245
101100 -17.26486093433933
101200 -15.73157332683235
101300 -19.221500081418192
101400 -17.14402678609136
101500 -13.044521726073812
101600 -11.714512413199158
101700 -17.155483386726093
101800 -17.119217866961197
101900 -15.429920689702396
102000 -13.801818904744062
102100 -15.84261659779794
102200 -21.5320030602903
102300 -18.773961196184896
102400 -14.900940940701021
102500 -13.976456439029787
102600 -17.45579926548489
102700 -14.478118063216636
102800 -12.090278174399707
102900 -13.651625287773113
103000 -14.91925037038183
103100 -12.006997097214358
103200 -12.383186045172549
103300 -14.534985490006987
103400 -11.47006154937525
103500 -19.52187635393693
103600 -15.937938538552997
103700 -13.83551981511246
103800 -16.13089173189344
103900 -17.457472630024938
104000 -16.75478946303572
104100 -17.68678176224481
104200 -17.394944355673328
104300 -14.524217414802386
104400 -17.219676796813754
104500 -18.289975276602206
104600 -19.124051983578173
104700 -13.035776458566431
104800 -14.573294999747649
104900 -17.254910868142016
105000 -16.57865805002334
105100 -19.068303931511203
105200 -18.765295157023743
105300 -16.740272530526838
105400 -16.217589429413632
105500 -10.78687318181553
105600 -17.737110116114707
105700 -19.32222863977649
105800 -17.07986859440772
105900 -13.97336533418387
106000 -16.660742192867424
106100 -13.152076839655434
106200 -11.188652089049896
106300 -12.121544230649953
106400 -16.815830243624454
106500 -15.876336405963828
106600 -16.88299738723318
106700 -14.756251013329974
106800 -13.702255829117739
106900 -11.202322826013607
107000 -18.453069129410004
107100 -19.495231705311827
107200 -16.23847530694613
107300 -18.210325188626747
107400 -13.688516990732621
107500 -16.196183784189806
107600 -16.27619173152692
107700 -10.99464803061213
107800 -18.998150403858823
107900 -14.040851300304432
108000 -14.947967074750979
108100 -14.562675514510723
108200 -17.609148524750555
108300 -12.492069543107478
108400 -16.123516255100732
108500 -16.87859739788742
108600 -20.471712847468826
108700 -18.731476649686083
108800 -15.972175135949263
108900 -15.743299295553438
109000 -17.279592769871492
109100 -12.95303645258789
109200 -15.124005212800297
109300 -16.46131115886857
109400 -13.880649759074911
109500 -17.514054591005067
109600 -16.6684510545471
109700 -11.511444294329383
109800 -16.32574000197383
109900 -16.781178928672535
110000 -14.180735000010454
110100 -14.11894702424505
110200 -12.400777814770288
110300 -11.982622610538007
110400 -18.010713930196676
110500 -13.129475473798962
110600 -13.79098804265125
110700 -17.006042098391802
110800 -14.877600714411379
110900 -15.1340006193343
111000 -7.991002291375098
111100 -13.792204338412807
111200 -15.06598528420019
111300 -17.548398160072598
111400 -18.275946374020236
111500 -17.3160292877518
111600 -16.829429832199924
111700 -15.622315262635897
111800 -16.7095013980165
111900 -15.08191491887553
112000 -17.409893198452338
112100 -11.136223132778426
112200 -19.02530991488799
112300 -11.427567131327889
112400 -14.569296537500383
112500 -15.230889503162162
112600 -11.859578652773374
112700 -14.426029423141502
112800 -13.866817902015727
112900 -13.257369605331643
113000 -13.882762510442879
113100 -13.923683696085908
113200 -9.810253476836321
113300 -13.208964254034525
113400 -13.660111877273133
113500 -13.615384053827437
113600 -12.690064098564127
113700 -12.366953832725624
113800 -14.00378087866064
113900 -13.234961249706965
114000 -15.416483407593809
114100 -12.6659967462252
114200 -14.213240865058484
114300 -13.739132550932196
114400 -15.107243588335873
114500 -10.982601531512707
114600 -16.37243050262454
114700 -10.920764257050811
114800 -13.978348557269491
114900 -10.39947838353956
115000 -16.42343332583943
115100 -12.457162363805963
115200 -12.44297017389439
115300 -17.192546863097903
115400 -15.753840791212179
115500 -17.467823158229578
115600 -13.662726323484849
115700 -13.200552950760688
115800 -15.013847595915546
115900 -14.716862080427541
116000 -13.850350448693138
116100 -10.637944612334168
116200 -18.506637267169875
116300 -17.28804590445829
116400 -15.978701714849771
116500 -9.5139984438362
116600 -17.469218195827498
116700 -13.903932852474828
116800 -15.449772479156277
116900 -16.521824132206056
117000 -20.159271167546642
117100 -13.592999861546298
117200 -13.281590850540256
117300 -18.667833077932556
117400 -16.53888992687042
117500 -13.163752954949874
117600 -16.806853661848205
117700 -20.20640964040596
117800 -15.95365242676346
117900 -12.453314346107915
118000 -14.371710532398723
118100 -13.960483606712863
118200 -18.205476710777386
118300 -15.391333490816217
118400 -15.377791456779503
118500 -12.186525105382978
118600 -16.369281930114838
118700 -13.369014294985341
118800 -15.412947720969845
118900 -16.670086771953013
119000 -16.815878800399933
119100 -13.622547355550557
119200 -15.039120248631685
119300 -14.850468298674997
119400 -17.2104270697599
119500 -16.059277617014715
119600 -15.461775818665446
119700 -15.031738674579598
119800 -11.432671367618175
119900 -12.291007811898536
120000 -17.89830687975238
120100 -12.895463179610433
120200 -12.458437451378483
120300 -16.101677147829164
120400 -17.53879996190118
120500 -11.39663327238617
120600 -10.757535819222298
120700 -14.383532622303523
120800 -14.938985240802252
120900 -11.073880464497499
121000 -18.547581691137527
121100 -19.655690849994148
121200 -16.29413053749933
121300 -17.95441036861565
121400 -12.830184798136862
121500 -11.86078243256562
121600 -11.980603923235265
121700 -9.491522361073756
121800 -12.226058061463249
121900 -12.623103613082169
122000 -12.550600614415071
122100 -11.565820573327144
122200 -14.172519290785198
122300 -17.868535436449775
122400 -12.29566513792791
122500 -17.873700361457054
122600 -11.004120618807326
122700 -15.775019403842451
122800 -18.524027609130712
122900 -12.817796356200272
123000 -7.6942239927258855
123100 -13.821917176624128
123200 -20.207318511358846
123300 -17.117190538955647
123400 -14.72975428581235
123500 -15.644205737378156
123600 -11.888630462780696
123700 -15.044703755617528
123800 -16.26683072454609
123900 -13.529933906133456
124000 -14.974583627428334
124100 -13.615332958836067
124200 -18.53400331993387
124300 -16.97939482243776
124400 -18.1497854317669
124500 -13.751610452530691
124600 -16.381144825705167
124700 -12.633774830828502
124800 -18.563663576449358
124900 -12.699556408524336
125000 -10.559122356445938
125100 -11.453166577317727
125200 -17.518067132777727
125300 -16.033278948925663
125400 -15.600945088011809
125500 -17.401017907246032
125600 -13.052618577506331
125700 -12.698037522138078
125800 -10.273520200353667
125900 -12.462302830549183
126000 -14.287861303399733
126100 -17.35644559577474
126200 -18.364145929125037
126300 -17.33995788275295
126400 -16.015549568640306
126500 -17.90746660819791
126600 -11.89401296736361
126700 -15.30824096741753
126800 -14.880690762377032
126900 -14.594725323465703
127000 -17.337188745631416
127100 -14.926115777619886
127200 -15.52062543835506
127300 -18.866777327721387
127400 -14.775194901613338
127500 -15.154793378587067
127600 -11.421364090438997
127700 -13.16920791901718
127800 -9.859217035783134
127900 -14.87513833653456
128000 -13.013393338978787
128100 -14.160656169805584
128200 -17.82060186993043
128300 -15.204071615092005
128400 -14.06394922303542
128500 -15.141679609274348
128600 -16.810489101751266
128700 -17.271608867681934
128800 -11.87448100603717
128900 -10.153127768139967
129000 -11.167227950608963
129100 -10.598005906076445
129200 -12.244741292604994
129300 -16.8616383322208
129400 -17.23483602444099
129500 -13.05061352368117
129600 -17.213911559850633
129700 -13.904647467692044
129800 -17.0831183410428
129900 -17.364644050648614
130000 -13.119400891111438
130100 -18.602893281498233
130200 -20.425937034256087
130300 -11.172849647863934
130400 -15.498991053022602
130500 -13.56653225417359
130600 -13.533531672714073
130700 -13.552330100631325
130800 -12.53316594860867
130900 -13.599566471027389
131000 -9.955569673552228
131100 -14.329187972490491
131200 -12.24268951745365
131300 -14.428804630198943
131400 -13.580295165045401
131500 -16.536046560023134
131600 -8.07504808897153
131700 -12.93645213736515
131800 -15.356084831884928
131900 -12.533385346629997
132000 -10.44067724904444
132100 -12.30664025261164
132200 -13.537622657079222
132300 -11.736458425222114
132400 -17.999664847020867
132500 -13.608951826248951
132600 -14.808792648874354
132700 -15.060944014274668
132800 -12.205270560684383
132900 -14.561781289649748
133000 -11.359096249481546
133100 -13.886390404937424
133200 -15.698646730814778
133300 -15.40665202390022
133400 -12.767497364614114
133500 -13.388584901181739
133600 -14.566212168918126
133700 -18.92788405888666
133800 -10.03384523884851
133900 -15.569477712163687
134000 -13.985950030777056
134100 -12.60565360395247
134200 -13.296723798068635
134300 -12.835021557197225
134400 -14.288313590496596
134500 -13.55135117252186
134600 -9.251388869565034
134700 -12.067978933651446
134800 -15.143955318817026
134900 -16.872413080478058
135000 -10.132555387873913
135100 -16.19973694776726
135200 -9.00666974219085
135300 -18.180244691302153
135400 -11.299199458033444
135500 -16.97631700700149
135600 -13.50387258107964
135700 -15.172273579325553
135800 -17.316331513815964
135900 -12.215763118818717
136000 -4.910899095605251
136100 -9.393024886087154
136200 -12.88985928468914
136300 -11.79743931121301
136400 -16.22001192074045
136500 -15.891364495353402
136600 -12.652595020609224
136700 -12.731203575857032
136800 -13.241074657840961
136900 -10.932361697770602
137000 -16.509718808456107
137100 -12.975360691988406
137200 -8.827703990328118
137300 -10.223838770150758
137400 -11.311589752788098
137500 -12.048432946212555
137600 -12.652661457224275
137700 -15.368225081878686
137800 -13.343319655979043
137900 -11.460428195643168
138000 -17.31345450307849
138100 -18.517154258414465
138200 -13.751735420850283
138300 -11.636051247790697
138400 -7.8262665821509785
138500 -10.070119868384822
138600 -12.20038113084675
138700 -12.058446563357961
138800 -12.075558324427533
138900 -10.825023157470376
139000 -15.37610420818128
139100 -15.528073878231341
139200 -11.999917208243943
139300 -14.144458859595806
139400 -11.574324579002573
139500 -12.495613582303669
139600 -11.203795337811062
139700 -12.012918977659993
139800 -16.175185828874497
139900 -9.765112794948418
140000 -12.212807412040336
140100 -11.786807962929924
140200 -13.366941102836785
140300 -10.975763380072022
140400 -17.00403644051996
140500 -12.092683265499772
140600 -10.028954992149158
140700 -15.981196565648924
140800 -14.216963745286554
140900 -10.744712988596104
141000 -14.948835191469877
141100 -13.19297716990307
141200 -14.627922524576466
141300 -11.17891521165086
141400 -11.37890393987743
141500 -12.308093939990298
141600 -14.441690127770622
141700 -12.02003722908856
141800 -12.15795431184349
141900 -15.306629255398926
142000 -11.695126434140995
142100 -16.087944839201416
142200 -5.0319587722609915
142300 -8.728973516278453
142400 -15.337799310474544
142500 -14.038632136177208
142600 -15.625360937050722
142700 -14.08871868554359
142800 -11.021690141914588
142900 -9.576401600196736
143000 -8.525195864741333
143100 -11.0844679483788
143200 -5.226817463648604
143300 -15.347474507711427
143400 -14.512975193631542
143500 -15.123755518540028
143600 -5.913981956964248
143700 -11.53798330061451
143800 -15.375536617812445
143900 -15.626202131264774
144000 -17.749873782335165
144100 -10.151958572177762
144200 -10.558037793939429
144300 -8.802377073692638
144400 -8.504595498110161
144500 -10.771183262113762
144600 -15.576950425208484
144700 -16.396896412650758
144800 -10.22323906237337
144900 -13.255801989465867
145000 -8.791416861537867
145100 -10.043226862966689
145200 -8.941057310965034
145300 -13.840344783324882
145400 -10.917519876335746
145500 -7.631539750985482
145600 -13.515327825446741
145700 -11.964076811629372
145800 -8.844531115476794
145900 -6.915480890587183
146000 -13.335103432850696
146100 -9.070023009728045
146200 -9.205652176191709
146300 -11.737975042497988
146400 -14.406520985099263
146500 -8.151107496380545
146600 -9.904033538209553
146700 -15.78749780787593
146800 -10.404821522416514
146900 -10.825768610330696
147000 -11.7984368194675
147100 -11.756614828056554
147200 -16.609364569708045
147300 -11.442927151691336
147400 -10.574476274384596
147500 -14.876522620214672
147600 -10.168365941164426
147700 -7.050618833295264
147800 -9.760392693426219
147900 -10.963421314115376
148000 -8.468147922249198
148100 -9.840611024214034
148200 -9.293348991715849
148300 -9.924854065085897
148400 -5.3277360027638645
148500 -8.882643994495398
148600 -7.278952748515935
148700 -2.8179749306121846
148800 -10.831806184597605
148900 -7.535962587310657
149000 -6.973008024741532
149100 -8.786881954359366
149200 -11.630379115788328
149300 -5.0588997017568875
149400 -12.665012891931783
149500 -16.837750777435318
149600 -10.448429693559667
149700 -12.853535702131829
149800 -3.2430859194470445
149900 -10.238373929133601
150000 -6.8094470292144305
150100 -11.0040342334509
150200 -10.859049447776433
150300 -7.075348250349025
150400 -9.986793522724655
150500 -9.330282422255607
150600 -8.241770463109935
150700 -11.572425110478573
150800 -8.254169773644573
150900 -16.326509174138994
151000 -12.576983530423902
151100 -5.958821035237127
151200 -7.5199822596148
151300 -12.953532826472149
151400 -14.19044326070536
151500 -12.883371416426113
151600 -11.533667567735694
151700 -12.852021736936708
151800 -12.854429663703257
151900 -9.401039030064023
152000 -6.778060655878953
152100 -10.355104537544428
152200 -13.494574365653227
152300 -8.503974968356848
152400 -5.0398163580042254
152500 -7.449603132320887
152600 -5.867541576174272
152700 -9.648786816512384
152800 -9.47307729078498
152900 -9.508550418573266
153000 -4.626776124320049
153100 -8.928318144128884
153200 -6.772521710322033
153300 -14.698012154379343
153400 -4.510912906011067
153500 -6.8867868205195855
153600 -7.909547881933735
153700 -6.50202252662613
153800 -10.820006553958116
153900 -8.016288456698083
154000 -7.747533408687737
154100 -7.018756748150485
154200 -7.155830210539792
154300 -5.900141232566192
154400 -9.229572976137247
154500 -8.020491998781559
154600 -5.2560830536943755
154700 -4.111540953361423
154800 -5.381264384548208
154900 -6.104740503840201
155000 -12.169890990323184
155100 -10.477952126634438
155200 -5.772588216606563
155300 -8.441884014136809
155400 -4.08138068468243
155500 -3.5491846687397226
155600 -5.105694526410943
155700 -6.966704370081432
155800 -11.770348077272901
155900 -7.542653539024366
156000 -6.753576067838996
156100 -8.090199445268476
156200 -4.56274680373358
156300 -6.436751548621344
156400 -7.360806335430608
156500 -6.737144460916574
156600 -11.180942057940399
156700 -8.829766866657375
156800 -6.533167640843534
156900 -1.853035503468401
157000 -4.5768622844889935
157100 -12.601379525487951
157200 -2.162257205128733
157300 -9.505250101672253
157400 -6.820514161418771
157500 -2.4262594799620683
157600 -1.9742493573997426
157700 -5.7218219576794915
157800 -7.79806945030724
157900 -2.626133448943048
158000 -10.999851592501557
158100 -2.5693356267649916
158200 -3.3266874219208042
158300 -8.249680099048263
158400 -1.7638974922746016
158500 -7.793287539368372
158600 -4.146327678389053
158700 2.8371717539254675
158800 -6.3410539632481715
158900 -8.511633579048508
159000 0.23122324637428565
159100 1.8834367549278044
159200 -5.060413518043229
159300 -3.165824742386693
159400 1.923726969408324
159500 -2.072810027147084
159600 -4.872516050317952
159700 -5.70259581310073
159800 -1.0027308820480423
159900 0.1107207368799461
160000 0.8607951725849492
160100 -3.2282890048158652
160200 -3.731137020053995
160300 -0.5769516992941506
160400 -2.6063544444302758
160500 -5.945228288471638
160600 -4.634338866853664
160700 -4.3352922849029625
160800 -0.35522496436992457
160900 -7.705442950635259
161000 -4.369440076676799
161100 -0.22728525371279462
161200 -1.134544575140434
161300 -2.399121034451727
161400 1.6556068064894074
161500 -1.2863918303776356
161600 0.9532147455183927
161700 -2.290324696338593
161800 -2.8049808072185
161900 2.6853453081075656
162000 1.809879612982158
162100 -4.432301354555351
162200 -0.594498003822623
162300 2.8136741491301045
162400 0.839067485611236
162500 1.9783985554670016
162600 -3.61969167019191
162700 -2.109333321842435
162800 -4.585868193377389
162900 5.1055111060367615
163000 2.0513915270321474
163100 -6.158472125486449
163200 2.5735492672686355
163300 -2.7138970165806082
163400 2.9818778927814584
163500 -1.6654304229409416
163600 -6.260860909868225
163700 0.034696543942876135
163800 2.9611250028380534
163900 -2.4915536314943494
164000 -0.6306644130350886
164100 -4.063573459065038
164200 -0.6929589358733067
164300 -4.265203117231415
164400 -2.0910490741592103
164500 1.7139902327676024
164600 0.031382996342373515
164700 -8.711824297307034
164800 -2.5985131681007787
164900 -6.669186911013712
165000 -0.7642549066590318
165100 4.796872747145461
165200 2.1526902056277506
165300 -0.33825279728715185
165400 -0.20798108665277726
165500 -1.8950524441284387
165600 -1.2980774425247574
165700 0.7663887686186638
165800 -0.7030068081748105
165900 -3.619660819861272
166000 -3.8087278506783018
166100 -0.38661310645944336
166200 0.4985668178282604
166300 1.7728852751867783
166400 -0.5297409730993458
166500 5.123473542188159
166600 4.747774512962189
166700 1.559933045801575
166800 -2.9271367898080576
166900 0.11869334023991746
167000 -2.140890094215126
167100 -1.877121772089891
167200 -5.665500438959091
167300 5.470247323466389
167400 3.898566025052944
167500 2.442177568244321
167600 -2.6158226858439173
167700 -1.5154026740454458
167800 -1.4802648284353572
167900 -2.3625295205998333
168000 0.81722839115702
168100 3.8306239004259433
168200 -0.4282790544984093
168300 0.5804638089457081
168400 0.026964005656119006
168500 2.8919430279910476
168600 -0.5061694471712717
168700 -0.9843568272848772
168800 -2.0743223188622415
168900 5.758553173146714
169000 2.8449696564524953
169100 4.04099282253535
169200 4.495721560316795
169300 -0.8698790204789587
169400 2.662395129622823
169500 2.4795567486688257
169600 -0.7972885734822895
169700 2.528839718648857
169800 3.4851138628454312
169900 3.9182829020239023
170000 -2.0002180838202084
170100 2.1878878732550504
170200 0.31837912163481336
170300 -1.1724836664061737
170400 -0.24702366509488516
170500 2.761134387468378
170600 -4.599690270045621
170700 1.492355366155134
170800 3.3171274771636523
170900 -0.321737224841144
171000 0.885142136908697
171100 -5.433989450088878
171200 5.48642414033269
171300 0.6659220972367944
171400 1.228089686632516
171500 0.9851980968733489
171600 0.013055098226657957
171700 -4.639095271282568
171800 -5.160048622506228
171900 -1.3645993063255313
172000 4.38542772191559
172100 1.6512035762868917
172200 6.3230420483027014
172300 1.6366012268774228
172400 4.736199414894759
172500 4.823829242568689
172600 0.8109698381806593
172700 4.2412168125961225
172800 0.6359105138136424
172900 2.726874201968877
173000 -4.722264257670302
173100 3.1486743869575013
173200 4.040412836339388
173300 0.32819091896447006
173400 3.4847021525213475
173500 2.5797543979914033
173600 2.71029579066479
173700 1.8706969165203273
173800 3.541861415275981
173900 3.442915288801738
174000 2.3190874817116924
174100 10.600394336534437
174200 3.2166880385992376
174300 1.1386353981765818
174400 -3.278753669551432
174500 7.271861244889929
174600 2.8291407441536855
174700 5.802987646798387
174800 -1.592177062245233
174900 1.694991414135775
175000 4.892120069575396
175100 0.8383770324333633
175200 3.08499123952655
175300 1.9900198333420902
175400 -1.2152362305743925
175500 1.0667309452407876
175600 6.333408348164282
175700 0.31983466297640395
175800 4.08306222217164
175900 4.325765737799201
176000 8.97747764135063
176100 6.189465918971288
176200 5.858060828863689
176300 7.269285278944519
176400 8.681252040836076
176500 5.205179786825496
176600 4.834244458478892
176700 8.205940904466498
176800 4.340396379307909
176900 -1.4912375883850546
177000 1.674800234774131
177100 6.713690458901486
177200 6.975462667430143
177300 -2.553879896078796
177400 0.42306049628791587
177500 -0.2083369376307651
177600 -1.3511744036074758
177700 4.0209926858430185
177800 8.363524495559714
177900 2.177296911920834
178000 -1.7998932322836634
178100 7.324281178424021
178200 4.16513325942838
178300 -0.7258652036690028
178400 10.903994504832236
178500 5.311159727474173
178600 6.651126472530559
178700 2.422065269488373
178800 -0.02110566082646459
178900 11.703478012187455
179000 -0.5112413686358066
179100 -0.09231028252044238
179200 4.660055673158848
179300 -2.5680424053501705
179400 8.008768900479103
179500 2.9142301569571183
179600 -1.9368356042331376
179700 -0.008952981834842277
179800 3.422560225776584
179900 7.572482861266135
180000 1.7906763892080493
180100 1.5267869127884932
180200 8.855805659987249
180300 6.268219129800392
180400 1.88363430467972
180500 2.650732695780539
180600 3.280715955168202
180700 5.795139640447899
180800 3.28180346405865
180900 2.3358963360144536
181000 4.051552440205632
181100 6.012399290339225
181200 9.742978536927655
181300 5.553461195740511
181400 0.9681857343943777
181500 1.5724771513608258
181600 3.6727437268601064
181700 2.4294204596705744
181800 5.630036247682997
181900 3.1377471788840787
182000 2.8705241193494926
182100 5.643673458815307
182200 4.877621143355196
182300 4.65304034439396
182400 0.7188297262161774
182500 2.807233203725353
182600 5.337414653367256
182700 -1.1153176319479745
182800 1.2837982922629863
182900 7.534890718706576
183000 3.3751735142686727
183100 3.9046024310506553
183200 5.867899532193504
183300 5.673491373536958
183400 6.6668426958453235
183500 1.2449678032029627
183600 5.397472011595194
183700 1.0355937966263844
183800 7.832714678147336
183900 5.433100028679536
184000 1.9096870233044023
184100 9.151013762903519
184200 2.347275985549993
184300 4.691374191489182
184400 0.35560144211673883
184500 7.70116950548506
184600 5.616511560448594
184700 5.367365490184408
184800 7.0996480443771
184900 4.625535948380419
185000 0.6524705988295143
185100 3.6532540283891572
185200 3.899552760053819
185300 6.456600384389578
185400 4.4708548427831705
185500 6.103554718438212
185600 4.521040775132544
185700 4.099075068069151
185800 8.324733766507237
185900 4.664231588099403
186000 3.596345160113775
186100 3.8874614737711854
186200 9.466347892802794
186300 5.085419431139512
186400 4.6321922957824695
186500 7.129869826345574
186600 5.168186596868036
186700 5.694455740145843
186800 5.512663337012152
186900 5.633327146527941
187000 1.2892701186880435
187100 1.5758925367406773
187200 3.9343297928070924
187300 2.1775309197144805
187400 -0.44345996743207516
187500 3.236535663488622
187600 7.278634023357113
187700 3.7927181014449443
187800 1.0763522550651903
187900 6.476909556982653
188000 3.3984112565477917
188100 2.8296746617699524
188200 2.8843758792466927
188300 5.8167137036402625
188400 5.498005482706434
188500 2.267544659091022
188600 2.9336081496484083
188700 6.8543588820907875
188800 1.9952134607897034
188900 3.278112046546777
189000 7.213156240390412
189100 8.52136614153256
189200 0.6941715426645889
189300 5.341228235558301
189400 1.1819436777237364
189500 6.830940030792276
189600 6.407387917881144
189700 0.9682652207538321
189800 -2.497122114736948
189900 3.239961716959585
190000 8.376611044404596
190100 1.4882263828171216
190200 1.0628006529791594
190300 4.914156672935684
190400 3.9403314930896776
190500 6.396958929373903
190600 5.737684845116047
190700 8.8345354724167
190800 7.277476330476949
190900 4.355474634604363
191000 6.255845764666976
191100 5.555701838057235
191200 5.340279209965964
191300 8.031976952856015
191400 10.234297337002435
191500 9.973749592964218
191600 2.66079953152214
191700 6.24976121964292
191800 6.0065628048476984
191900 3.6831667056839064
192000 6.4216082367214975
192100 5.393292208349174
192200 7.538565305872573
192300 3.3581085371920385
192400 6.7889799003541995
192500 4.597175780554126
192600 8.781535939466961
192700 5.662521099986879
192800 2.4904076727468256
192900 7.991708775032958
193000 6.333704472441531
193100 4.430453423100337
193200 3.0362205807094127
193300 5.107787949195175
193400 5.517097024504449
193500 8.440433744724405
193600 8.098904531281269
193700 4.598191143158949
193800 5.979251159908031
193900 3.594950699875363
194000 4.277686019705851
194100 5.531216028884737
194200 5.319788600562707
194300 5.29717401188761
194400 6.538489715531727
194500 7.858764515645361
194600 9.69366621749179
194700 7.914768611512787
194800 2.4780836759027722
194900 2.0661679115428697
195000 4.570121676429433
195100 4.058658849305681
195200 6.868284578314116
195300 6.603268546171484
195400 4.595961337362384
195500 8.590879795391011
195600 6.503181013959754
195700 11.777625937707528
195800 7.690136225449967
195900 7.7822416067519224
196000 4.837791545790684
196100 2.3378875310884295
196200 4.582017866748757
196300 6.141897312745246
196400 5.9021349862481385
196500 9.680080870680273
196600 2.0388142160464224
196700 6.135289082124201
196800 3.7802343524306816
196900 6.841714881415273
197000 7.166289206564662
197100 3.6199464957978855
197200 2.5048376924096907
197300 6.424383005938626
197400 5.2441593173924375
197500 1.8070193583584007
197600 6.477735365648891
197700 3.088068160907411
197800 3.8850034438563754
197900 7.032028406745236
198000 1.7521361469907681
198100 7.027940645720427
198200 6.796608621927308
198300 7.908554923020441
198400 4.965685606361134
198500 3.8280300251250083
198600 5.089572314080541
198700 8.438998752582476
198800 4.602077550171995
198900 7.235427353484838
199000 3.695061883991412
199100 4.008464292468214
199200 5.421364680815189
199300 6.836861888951856
199400 6.293971363221238
199500 8.024585679135793
199600 7.120731407462334
199700 6.8210859706529146
199800 6.9074012059832315
199900 7.246057726362907
200000 4.2405215829625895
