100 -9.778053696384037
200 -11.544537690228701
300 -10.961334532792488
400 -8.880489518016574
500 -8.613879509244416
600 -10.710649496270248
700 -12.09975567806916
800 -10.588048912145494
900 -10.280813596966171
1000 -10.414097545899926
1100 -11.213408684566298
1200 -10.847324766451777
1300 -10.36093328532268
1400 -11.6448731191255
1500 -9.834832666618519
1600 -9.314425972646479
1700 -11.68583058517873
1800 -11.008742762723545
1900 -10.26397069565243
2000 -9.547863173016825
2100 -11.449047744983242
2200 -11.445706019106291
2300 -12.498052214026835
2400 -11.597978919778383
2500 -13.930334042299991
2600 -10.260306512278238
2700 -8.488305954308238
2800 -10.862349768531438
2900 -11.137380145190079
3000 -10.415513401682116
3100 -11.116364675294196
3200 -11.762014300763163
3300 -10.778652735646197
3400 -8.621729369728158
3500 -10.150900543518977
3600 -10.643907328085671
3700 -11.379644548077506
3800 -10.865807257761917
3900 -9.014118901985352
4000 -9.901015355369797
4100 -8.090803703002772
4200 -9.68138237634311
4300 -10.47616077651182
4400 -10.015663843989541
4500 -8.517743529374485
4600 -7.755134895613797
4700 -9.546732882233735
4800 -11.338162164039264
4900 -9.99961308907458
5000 -9.205682153168794
5100 -9.28158466854717
5200 -10.88453632902419
5300 -10.469583291937276
5400 -11.091771436240563
5500 -12.660694014244802
5600 -10.66491108433299
5700 -8.139051575889727
5800 -9.579480761444756
5900 -9.852471453563961
6000 -10.686215241653315
6100 -10.876874522764604
6200 -10.718096741387107
6300 -12.120326046601269
6400 -12.022595133353619
6500 -10.161244666423853
6600 -10.332750852400633
6700 -11.580234332986207
6800 -9.121371118477027
6900 -11.68882888953655
7000 -10.684364625649527
7100 -10.056359681331438
7200 -7.975390004834783
7300 -8.820415429751094
7400 -8.49199322549533
7500 -9.14120037980101
7600 -10.842189638830042
7700 -11.399188427207234
7800 -10.769123950840216
7900 -9.66086933723152
8000 -10.96994627470419
8100 -11.45359051398151
8200 -9.595759771648243
8300 -10.38247239154883
8400 -9.53273650038839
8500 -10.663500957803922
8600 -9.788240995877791
8700 -10.078421540743497
8800 -10.996117733052417
8900 -11.065181762976023
9000 -10.418072648352213
9100 -9.719764201550474
9200 -10.720285901153668
9300 -11.251619798660784
9400 -8.837389982744197
9500 -9.020993695594251
9600 -9.351498350154756
9700 -9.971604702457881
9800 -11.51891894499741
9900 -8.550615113065298
10000 -7.456334864057384
10100 -11.081282397291032
10200 -12.37274462059401
10300 -12.454239271745788
10400 -11.181816874156283
10500 -10.904893261957422
10600 -9.927675992908622
10700 -11.462449520314532
10800 -11.1205740297368
10900 -10.044179737258489
11000 -9.684738862217001
11100 -9.624372848309866
11200 -10.72910397615785
11300 -9.190050287355772
11400 -11.993749144830371
11500 -12.56985240240602
11600 -13.08078381840253
11700 -11.316732735216826
11800 -10.830054575210333
11900 -13.413743823907572
12000 -11.527950771782075
12100 -11.276638318808237
12200 -8.57018673503197
12300 -8.747851903273245
12400 -9.795260007614846
12500 -10.24892614221542
12600 -10.009555182334342
12700 -10.084349312192794
12800 -11.074899486311747
12900 -11.608002816778075
13000 -12.681358626187166
13100 -10.53599622603552
13200 -11.649356000503618
13300 -9.39067286871953
13400 -10.060607258081987
13500 -10.588045772777187
13600 -11.715076660215088
13700 -11.394630605656031
13800 -10.286825054036102
13900 -12.440902901801776
14000 -10.612314939920969
14100 -10.130013285909593
14200 -9.800976448483507
14300 -8.927956393494979
14400 -8.866220648136858
14500 -8.151130564592075
14600 -9.786718548711148
14700 -11.038393837321415
14800 -11.64993944729769
14900 -9.697537513270452
15000 -9.559684897767557
15100 -10.554500738854683
15200 -11.62110812307626
15300 -10.720816643367947
15400 -11.126337215353436
15500 -10.467327004025075
15600 -12.134396565032777
15700 -11.04760881316787
15800 -9.656244388903474
15900 -9.84963643511745
16000 -8.839551049187316
16100 -11.31911098651394
16200 -9.48368222975301
16300 -11.849112416163262
16400 -9.597181638012124
16500 -11.32679765473885
16600 -9.816854070485759
16700 -11.42608494619608
16800 -10.909497210688631
16900 -9.266610481280013
17000 -9.970338833334795
17100 -8.516433495106096
17200 -9.51427425264229
17300 -10.640784030743788
17400 -11.238385375946342
17500 -10.466158311651915
17600 -11.441529629490978
17700 -11.010497509232994
17800 -9.816799232492134
17900 -10.852601170075442
18000 -10.54972722666531
18100 -8.897518765380909
18200 -8.3322503121869
18300 -11.132240376753996
18400 -9.50087829764792
18500 -10.826007311898481
18600 -8.314985850118907
18700 -10.553260253521799
18800 -9.793960547762163
18900 -11.009851351241776
19000 -8.727447485540486
19100 -9.962080250253402
19200 -11.558895179699807
19300 -9.676047433868105
19400 -10.482757136462482
19500 -10.244302196076248
19600 -10.16209293688746
19700 -10.75214898326903
19800 -11.310688796654473
19900 -12.262896987948706
20000 -11.727955079292098
20100 -11.295262694778064
20200 -10.534975568982658
20300 -10.32298624856396
20400 -11.93510182503085
20500 -10.605657482482242
20600 -11.060365029967379
20700 -8.46410342397858
20800 -9.705471694469361
20900 -7.921486221141408
21000 -8.219016855023188
21100 -10.694159620852409
21200 -11.196177213547793
21300 -10.14019068247399
21400 -8.961164682916001
21500 -9.115328257174964
21600 -13.089646381968473
21700 -11.580984758570366
21800 -9.804960729425265
21900 -10.302440153169425
22000 -10.25327755472822
22100 -10.881324649717122
22200 -11.294393982298958
22300 -10.991744138346325
22400 -10.4634954418111
22500 -10.499628164849016
22600 -8.085883029207405
22700 -9.309504714000585
22800 -9.952392523070296
22900 -8.095422223860181
23000 -10.705932171332671
23100 -11.013130379768777
23200 -11.525789822822894
23300 -11.210880151400263
23400 -10.60938805296142
23500 -11.222734351759499
23600 -10.546698554855098
23700 -9.683886679235005
23800 -9.852146716613527
23900 -10.044107222251363
24000 -10.138242351990383
24100 -12.005350979727263
24200 -10.374327893400114
24300 -9.76180128010073
24400 -10.245568120550091
24500 -9.790094413242674
24600 -11.968542499685281
24700 -9.89852158736589
24800 -9.676845228473582
24900 -9.01120961730802
25000 -9.747739037796435
25100 -10.369503173789907
25200 -11.089362315809248
25300 -10.19157831615963
25400 -11.040009886333925
25500 -9.4912374138319
25600 -9.801705079251429
25700 -10.014178512499704
25800 -11.87388520656416
25900 -10.297754459682718
26000 -12.435314967501693
26100 -10.126059091417249
26200 -10.906984806660823
26300 -12.068926533344069
26400 -12.379173072762006
26500 -12.080454422083784
26600 -11.324619466940034
26700 -12.442159793370486
26800 -11.767613206190315
26900 -11.310661145401133
27000 -10.79833284622306
27100 -10.948277949238381
27200 -10.169715103899179
27300 -9.134641048301834
27400 -7.991249133348178
27500 -9.458584809110835
27600 -9.391453487457385
27700 -10.757023717183614
27800 -9.911231918914119
27900 -7.774340861513409
28000 -10.017500553370366
28100 -10.38942929375122
28200 -10.25009253869877
28300 -10.855142034161277
28400 -10.524169463363322
28500 -10.606288285003634
28600 -7.666096573651491
28700 -10.310969413434943
28800 -9.365246235747561
28900 -9.282891874784703
29000 -11.213553436458216
29100 -9.880683465574648
29200 -11.701754770175874
29300 -10.790323573509323
29400 -8.653919981575937
29500 -11.065767606941423
29600 -8.978723233574383
29700 -9.515462847027887
29800 -10.21074483665165
29900 -7.830063274903463
30000 -9.005652521737446
30100 -9.49310562812833
30200 -9.925929320774776
30300 -10.965972850435898
30400 -11.67360238067723
30500 -9.192707075005364
30600 -8.880254392038218
30700 -9.62875827684984
30800 -11.91297943829928
30900 -12.924077171178592
31000 -12.048876926732918
31100 -10.642869649064544
31200 -11.277046675374432
31300 -10.319682889912606
31400 -9.925527093241131
31500 -9.225429162201127
31600 -10.274693408786899
31700 -10.063785190688847
31800 -9.08077397220282
31900 -10.671411628084964
32000 -11.719482747463092
32100 -8.4737297204046
32200 -9.669207828472862
32300 -10.138655208003078
32400 -9.619715824441272
32500 -8.662808470191774
32600 -8.765946370570752
32700 -12.45395052737618
32800 -8.170221378386346
32900 -10.576520249776623
33000 -11.328699821070769
33100 -9.075060171463234
33200 -10.580307844067184
33300 -7.553911900354954
33400 -8.846958672058559
33500 -10.683815450586716
33600 -10.403919697492933
33700 -7.795621573314708
33800 -9.645369282742097
33900 -9.697246157714183
34000 -10.315279403535596
34100 -11.562245584966613
34200 -13.468202271917576
34300 -13.026158027331213
34400 -13.834211458935863
34500 -9.899121007588665
34600 -9.428713946197863
34700 -9.592478405749821
34800 -8.893190192810454
34900 -10.064604921681338
35000 -9.494193467147406
35100 -11.341381350046595
35200 -10.646143224128567
35300 -9.713356309874378
35400 -11.123998491453978
35500 -9.167502483071097
35600 -9.576207398572889
35700 -9.053585654739937
35800 -9.653777237451937
35900 -9.948432069870742
36000 -10.419913508264054
36100 -8.245473969066419
36200 -9.570019462455896
36300 -11.563109735274905
36400 -10.474801881654546
36500 -9.716549962799373
36600 -10.928703855974602
36700 -9.946025438648824
36800 -10.354047876268014
36900 -10.124809886877461
37000 -9.177537953195332
37100 -9.501508455431171
37200 -10.75104071171543
37300 -9.384419839509983
37400 -9.957500858289457
37500 -9.407420422003447
37600 -10.091195843218307
37700 -11.041223635977435
37800 -14.872328071308974
37900 -10.030771749873702
38000 -10.337710350259922
38100 -11.385424419304288
38200 -12.428216948977694
38300 -10.631675241377547
38400 -8.9776260611299
38500 -8.541685786655648
38600 -9.08515555115955
38700 -10.318292637691
38800 -11.622620706628279
38900 -9.959690181473423
39000 -8.45387041134355
39100 -10.044463217760756
39200 -8.58863940496081
39300 -8.247519218454881
39400 -8.177021462523417
39500 -10.144268113321456
39600 -11.305223765407971
39700 -11.782369322579084
39800 -11.647032632381382
39900 -10.309093011513083
40000 -10.619528313174575
40100 -11.22962925402825
40200 -11.653140218676802
40300 -10.69833538663009
40400 -8.986180292349365
40500 -11.299198329636733
40600 -10.895379105406475
40700 -8.425625097716951
40800 -9.939074586438817
40900 -12.506426480282833
41000 -8.482758393903332
41100 -10.364558599005356
41200 -9.835127133943182
41300 -11.015528325737673
41400 -11.94949473658036
41500 -10.22651689597296
41600 -11.412466425770784
41700 -11.4863883956103
41800 -10.019243335833306
41900 -10.133179279160993
42000 -9.54559973727255
42100 -10.285364408212232
42200 -10.320690645199218
42300 -10.15675184737682
42400 -11.646005564348993
42500 -9.614970078557393
42600 -11.12889197294812
42700 -13.20676477158177
42800 -12.171545854745293
42900 -11.788279617148952
43000 -14.066304618986056
43100 -11.188545618978088
43200 -10.517920367991982
43300 -9.84177962143573
43400 -11.56263659567722
43500 -12.105066466884557
43600 -7.910103040600619
43700 -9.034317958827895
43800 -11.702493497397125
43900 -10.986751394596144
44000 -11.412670015062076
44100 -11.700111076488225
44200 -8.304050921219513
44300 -10.828122937501396
44400 -11.107719555421397
44500 -10.317160371765379
44600 -9.040084923708294
44700 -11.253759902515979
44800 -10.57816925026197
44900 -13.158388338942704
45000 -10.477522202161337
45100 -11.402970351704385
45200 -10.865434890004789
45300 -11.28406114733768
45400 -12.614184854011688
45500 -11.105415382286733
45600 -9.47617462702311
45700 -11.382791490567909
45800 -10.803397141481705
45900 -13.985747866866161
46000 -10.580089354847999
46100 -10.737214683850631
46200 -9.457247629379218
46300 -8.506934137844704
46400 -10.923045949495936
46500 -10.947011253349071
46600 -10.683446243999542
46700 -10.142305732973709
46800 -11.433793950775383
46900 -12.04956855140006
47000 -9.705423832316471
47100 -9.036451826487664
47200 -10.147562353893955
47300 -10.808833374169588
47400 -12.024672578286488
47500 -9.762946810478995
47600 -11.36157281109863
47700 -10.702437267511021
47800 -11.312344080570686
47900 -9.929030517385302
48000 -12.125034603211267
48100 -10.9272680948019
48200 -9.947336466479303
48300 -9.450125197287486
48400 -9.863305588727913
48500 -8.456102002288446
48600 -7.438469831720184
48700 -10.246401730393524
48800 -11.26161331143044
48900 -10.842886248950244
49000 -10.748216759640384
49100 -9.45002027063114
49200 -9.75860099760286
49300 -10.509647720736615
49400 -11.265099921171604
49500 -11.1711089824853
49600 -11.559287077963473
49700 -8.00923667367805
49800 -10.28866088518549
49900 -10.430570257563831
50000 -10.15440535475329
50100 -9.741500783475946
50200 -10.561151751299583
50300 -11.400861965921653
50400 -12.89014426872006
50500 -11.681948959708613
50600 -11.148244714445747
50700 -11.807056427892807
50800 -9.741100905485906
50900 -8.72443290377923
51000 -10.471662133060768
51100 -10.198071962075224
51200 -9.196038751624876
51300 -9.975145618327158
51400 -8.616139610006746
51500 -10.28993411605804
51600 -8.572662037791002
51700 -11.34619121398943
51800 -10.288632113820096
51900 -9.793683681434228
52000 -10.09753039748907
52100 -10.134907614026647
52200 -8.884799954491804
52300 -11.050759898406556
52400 -12.07706209535904
52500 -10.491706737057228
52600 -11.184862822846426
52700 -11.838435661660316
52800 -10.418810934444135
52900 -10.25532781677024
53000 -9.981635515160994
53100 -8.504458044352157
53200 -9.612355195685815
53300 -9.775332716747798
53400 -10.027482156961266
53500 -11.596703116821283
53600 -10.204801786632956
53700 -8.90435644632617
53800 -9.589421012039658
53900 -8.813337983825985
54000 -8.603068969980507
54100 -8.666896784874146
54200 -10.44094685699372
54300 -10.331063812713099
54400 -10.90166219292191
54500 -9.407868995618422
54600 -8.826607902898246
54700 -10.596290282984143
54800 -8.189786456843974
54900 -8.127709553262005
55000 -7.676302336569134
55100 -10.297744280328205
55200 -9.879774346133466
55300 -10.306877472938519
55400 -12.58082848005866
55500 -11.164087250655292
55600 -11.076275402901306
55700 -10.774593676767273
55800 -9.649295209577174
55900 -10.662603165414271
56000 -12.624339302083241
56100 -11.577699533245863
56200 -11.381553533861654
56300 -9.57384160463142
56400 -9.339196011082489
56500 -9.578188336427013
56600 -9.300914436274198
56700 -11.79817945674987
56800 -10.788294161116587
56900 -10.926080210648477
57000 -9.867000486157245
57100 -11.279675084514686
57200 -11.685756439593193
57300 -11.72922272809986
57400 -9.449795614570444
57500 -8.833101299907309
57600 -10.609168329784518
57700 -11.57432318010933
57800 -11.573530451022641
57900 -10.24503426082672
58000 -9.395075518545408
58100 -12.116640934102527
58200 -11.183163471644248
58300 -10.065341002949362
58400 -11.118875326153912
58500 -10.69949667516727
58600 -9.855132021319056
58700 -10.777331920735387
58800 -10.175417709500765
58900 -9.413087907722172
59000 -8.502147929541739
59100 -10.324644352515834
59200 -9.09649216756405
59300 -10.19969594902014
59400 -10.971014544235103
59500 -8.384919824214107
59600 -8.500402074636664
59700 -8.74065502855514
59800 -12.037426082614786
59900 -10.66213669385332
60000 -9.767887262177192
60100 -9.933680645202013
60200 -9.073822141450052
60300 -9.632283905644682
60400 -11.479932333825264
60500 -11.927360119885838
60600 -11.798178785885657
60700 -11.287857638967775
60800 -8.442131146602339
60900 -11.34138813383503
61000 -8.355810013541312
61100 -7.841532532434094
61200 -9.546495049336253
61300 -8.10691905908945
61400 -9.954387240379116
61500 -9.840005706482655
61600 -9.226991114160718
61700 -10.68298954505856
61800 -11.26159195271744
61900 -10.841296771012065
62000 -11.452113092617122
62100 -10.78152427777101
62200 -9.262141064463453
62300 -8.812541257286913
62400 -10.018088684778668
62500 -10.068917569927804
62600 -8.592365589413076
62700 -9.366444383595349
62800 -10.996819758899097
62900 -11.959689969133935
63000 -12.14764932055723
63100 -9.97233513729844
63200 -9.35565323001466
63300 -9.193172394248228
63400 -9.443565912507802
63500 -7.452384868900868
63600 -7.778327240163959
63700 -10.093546588529415
63800 -10.320170392004725
63900 -10.451907079046999
64000 -8.69950453203439
64100 -9.218544220641522
64200 -9.592142796843829
64300 -8.3732207101643
64400 -9.79375956586946
64500 -10.570165817628745
64600 -8.971279078941022
64700 -11.502728485202917
64800 -10.947950788494541
64900 -11.139779045054462
65000 -11.134446145247027
65100 -10.673768168351437
65200 -8.461516467675953
65300 -8.411000807199235
65400 -11.610253483745552
65500 -12.172470831624922
65600 -11.72118768206904
65700 -11.354500142250659
65800 -11.151225983789207
65900 -7.574412414020658
66000 -10.472791015226454
66100 -11.43221778337715
66200 -11.208347841947253
66300 -12.018190124711333
66400 -9.345405374245066
66500 -11.518039011734515
66600 -12.300499857388631
66700 -13.473299626656155
66800 -9.830296033690667
66900 -8.638957308335591
67000 -10.126566983549548
67100 -9.285598381996092
67200 -8.701411041748262
67300 -8.954920771430364
67400 -10.581590499712515
67500 -11.583711823888606
67600 -10.070301704909356
67700 -10.191339505211243
67800 -11.039305130688533
67900 -11.993514842285645
68000 -10.214633257090176
68100 -10.190806965544025
68200 -11.48070829093264
68300 -9.071911893716104
68400 -8.545267784651392
68500 -8.872036805164365
68600 -10.584265575470384
68700 -12.511033272255409
68800 -10.298513305358137
68900 -10.819240771723255
69000 -10.515744757976595
69100 -9.765109784967144
69200 -10.96128447417864
69300 -8.57023605173632
69400 -8.708597294391545
69500 -10.472519728573724
69600 -11.37550727521801
69700 -11.774321416915862
69800 -11.935007983935218
69900 -8.88924005754058
70000 -9.398949295471102
70100 -11.27894069661723
70200 -12.397053457038846
70300 -10.761091507497653
70400 -11.423357799574369
70500 -12.121882893897874
70600 -11.078213866110941
70700 -13.100610962620777
70800 -10.987170543777227
70900 -11.341072407030387
71000 -10.759462196353258
71100 -13.062884715332057
71200 -11.364135353284896
71300 -11.92684415438707
71400 -12.396850277047818
71500 -9.357689097449672
71600 -11.12380693080519
71700 -7.961417049203692
71800 -11.320730490065902
71900 -9.017544515026648
72000 -11.134899428566785
72100 -12.498731418921592
72200 -12.294059987927419
72300 -11.99864887864899
72400 -10.785568786458294
72500 -11.278603937783709
72600 -11.18147311962427
72700 -9.977672759759775
72800 -9.516311330521665
72900 -8.131949383848417
73000 -6.25005864286659
73100 -9.739300800455636
73200 -8.686771640716051
73300 -9.84496513965426
73400 -12.245529942149075
73500 -9.916434987482177
73600 -9.148038126772214
73700 -10.315676909476839
73800 -8.403640887819869
73900 -11.318547544811603
74000 -11.22857767780026
74100 -11.704345619921707
74200 -10.639303892385167
74300 -11.63042481391201
74400 -11.944582364975858
74500 -10.55629227745851
74600 -12.707565268846816
74700 -12.16289496352943
74800 -11.744605636060252
74900 -12.24118227838669
75000 -10.68406841760191
75100 -9.221533493349726
75200 -10.019700086436611
75300 -8.607930130492983
75400 -7.792868313895035
75500 -7.799337963054235
75600 -10.351838400308603
75700 -10.186108110247748
75800 -10.802367822427566
75900 -11.9432422230857
76000 -10.937975702909053
76100 -12.973971629246382
76200 -12.829934889020496
76300 -11.469382460075746
76400 -11.391908621654142
76500 -11.007028772090512
76600 -9.533566692873357
76700 -9.484071389198949
76800 -10.718007823318477
76900 -11.076756143558727
77000 -9.841568030225625
77100 -11.09730206203874
77200 -10.587224917091937
77300 -11.007673238146236
77400 -7.204133532502943
77500 -10.033083960683161
77600 -11.031433581418629
77700 -10.088213886931044
77800 -10.974969314433551
77900 -11.180865083866848
78000 -11.455167208260645
78100 -11.048355090798278
78200 -9.824920905392355
78300 -11.640767288619939
78400 -11.41382638965542
78500 -11.961536665891927
78600 -10.495904923267092
78700 -10.970834788133638
78800 -8.301364468885737
78900 -9.73156943501609
79000 -10.1330110116695
79100 -10.927891630854306
79200 -10.121083108570666
79300 -8.724377914224755
79400 -8.756498559541894
79500 -10.151294790395557
79600 -9.959328462974664
79700 -9.418529184511444
79800 -9.156219322738353
79900 -11.094985069921893
80000 -9.68039179805077
80100 -9.383946606990916
80200 -10.74746158149221
80300 -9.19716343075365
80400 -9.32827167619514
80500 -11.806415233392578
80600 -11.901207902850972
80700 -11.172649813939048
80800 -9.6006741536881
80900 -7.556380432598065
81000 -8.422757828362302
81100 -9.092654489015013
81200 -10.822015123040229
81300 -8.883172227485572
81400 -10.482621210357445
81500 -11.745157938333522
81600 -10.455523628402927
81700 -10.385479597359085
81800 -12.17213881433319
81900 -11.74976054008082
82000 -10.79440889329285
82100 -10.95508805825371
82200 -10.532207133423546
82300 -9.544183094185831
82400 -11.488036347849606
82500 -10.116333308736492
82600 -8.67225093588607
82700 -8.438706281075504
82800 -11.136712093039405
82900 -12.733092041962642
83000 -11.23510202414481
83100 -9.577814638682607
83200 -8.363722969472537
83300 -10.309751151361123
83400 -9.127120830409018
83500 -11.758761948478561
83600 -10.13586314585627
83700 -10.835169856142027
83800 -11.058176726118182
83900 -14.041465621264202
84000 -12.239566164621206
84100 -10.877027479847326
84200 -13.76002763428851
84300 -12.2180610274827
84400 -11.764503011459732
84500 -10.130172346506864
84600 -11.679853457964798
84700 -10.59372883258244
84800 -11.797311010478706
84900 -10.249569394306825
85000 -10.713255028464635
85100 -11.228901870257921
85200 -10.03783343191112
85300 -10.473846891374931
85400 -11.987191092005142
85500 -10.473899511531396
85600 -13.231287489001835
85700 -13.853995199574825
85800 -13.62800350781129
85900 -11.522767706849503
86000 -10.0313637764438
86100 -10.98292656373198
86200 -11.00520415599206
86300 -10.119249068929278
86400 -10.376605841877685
86500 -8.695619635909052
86600 -10.288542840847567
86700 -10.297793720273978
86800 -10.725835471806983
86900 -10.441985061162347
87000 -8.063931305952833
87100 -8.091611346919798
87200 -11.89238149440958
87300 -11.028319214586384
87400 -10.205408432969806
87500 -12.75715167049083
87600 -11.519366457735387
87700 -9.457524276618878
87800 -10.746696807631924
87900 -10.583962056891405
88000 -10.611084073831167
88100 -11.817025499533548
88200 -11.483566329712076
88300 -10.962733095814745
88400 -12.613796457574425
88500 -10.598970408976736
88600 -9.662027118558457
88700 -9.657694645161708
88800 -9.787444300991865
88900 -11.10738822753082
89000 -10.410389214986244
89100 -11.691394081092172
89200 -11.22499715071473
89300 -12.574110579735986
89400 -10.520029520789107
89500 -10.730180809490903
89600 -11.500771792288013
89700 -11.647669090186012
89800 -12.514951810274585
89900 -11.67871234641445
90000 -12.23200740404363
90100 -10.53823641835425
90200 -7.80430130413949
90300 -9.726356438538646
90400 -11.431665265078772
90500 -10.966387402709282
90600 -9.473960032031222
90700 -10.334043497646068
90800 -8.866040519677659
90900 -10.40458735708056
91000 -11.840968874504563
91100 -10.881288056072211
91200 -10.350315641384558
91300 -11.029416309219876
91400 -11.65685829774187
91500 -10.947303994490525
91600 -10.381104486016921
91700 -10.69729653963011
91800 -12.455465099706446
91900 -9.43627313722124
92000 -9.221517971169124
92100 -10.980823448719446
92200 -10.13304682689656
92300 -11.035717585195648
92400 -12.307703048812135
92500 -10.584185724509187
92600 -11.387969738722344
92700 -9.987387751406981
92800 -9.50492427809453
92900 -8.276615765708499
93000 -8.329124549798388
93100 -11.796755512422566
93200 -11.150376668592639
93300 -9.8710077224784
93400 -9.38534391588671
93500 -7.236750733141342
93600 -11.17749101021501
93700 -11.01127951231284
93800 -11.334176735639877
93900 -11.173772326854309
94000 -10.539525941419168
94100 -9.488956598648405
94200 -11.37309024461624
94300 -11.596800234593797
94400 -9.650032510965477
94500 -10.436911079184645
94600 -10.363525920926866
94700 -9.225109176700407
94800 -10.438476369359906
94900 -11.979272268494832
95000 -10.902779747388765
95100 -10.44512200709565
95200 -11.585978539122511
95300 -11.127897162162627
95400 -11.168453735958138
95500 -12.389718611364977
95600 -11.73434720406673
95700 -12.044601081323083
95800 -10.507230953339205
95900 -10.555426067363596
96000 -9.100821069523288
96100 -12.024182729737447
96200 -11.870056495699622
96300 -9.02125652353242
96400 -7.603127919684357
96500 -9.829649576923519
96600 -11.881093580908471
96700 -12.02069284531677
96800 -11.568097321952987
96900 -10.845388989487335
97000 -10.370962296014314
97100 -11.31100264173723
97200 -9.601546084527325
97300 -11.91855883855709
97400 -10.948589236120133
97500 -10.849946191250885
97600 -11.8716735697213
97700 -10.472093576507106
97800 -8.527368307111766
97900 -9.913833102308786
98000 -13.420989472974965
98100 -11.191953507671936
98200 -11.466097078574505
98300 -11.091339080359901
98400 -11.762401640724494
98500 -10.21478951421512
98600 -10.702547311913372
98700 -10.647941195207999
98800 -10.547493481613241
98900 -9.199707324090888
99000 -9.143299857941473
99100 -9.588439717137826
99200 -10.460309030679078
99300 -10.566306974321277
99400 -8.662912323721352
99500 -11.06004421721258
99600 -10.085439162469855
99700 -11.70521771664579
99800 -10.927803921238771
99900 -11.034022230577726
100000 -10.420829757122538
100100 -12.129497088168913
100200 -11.160571628092747
100300 -10.749972776639275
100400 -9.917968824026064
100500 -9.215386928363667
100600 -10.239936888302786
100700 -10.448931767375587
100800 -11.465172043514515
100900 -9.19420384526993
101000 -10.52273012727651
101100 -10.144976955999407
101200 -10.871639968470523
101300 -11.95144864138224
101400 -11.939668808573467
101500 -10.987713727512165
101600 -11.420013057130207
101700 -11.191555190982848
101800 -11.79366425907565
101900 -11.818941510975115
102000 -10.673519841586696
102100 -12.670710505717206
102200 -13.200118504864358
102300 -11.454671542442766
102400 -10.88536159150354
102500 -7.854940982677374
102600 -10.339630030606695
102700 -10.350562979173615
102800 -9.894487537684213
102900 -8.391359361929396
103000 -9.332093328581937
103100 -11.21903116826259
103200 -9.850114869289996
103300 -9.872041128837102
103400 -10.139758749478586
103500 -11.385402157606057
103600 -9.965421350797099
103700 -11.019090021131893
103800 -10.471564343815066
103900 -11.599871343645615
104000 -9.6646395252084
104100 -11.861439048807037
104200 -12.299219385646694
104300 -11.55954580509467
104400 -12.1243455780238
104500 -9.743990610440456
104600 -9.215379619886372
104700 -10.650099582206543
104800 -11.502282376437686
104900 -12.786360330168531
105000 -13.058765818298271
105100 -11.208803448667785
105200 -10.663837853768088
105300 -9.302603708127448
105400 -8.833879358654839
105500 -10.344569764756262
105600 -9.400363358607768
105700 -10.630168069330669
105800 -10.615598360812672
105900 -12.97401214510943
106000 -10.531990511081952
106100 -8.79082185906616
106200 -10.846359629087926
106300 -12.540801854506306
106400 -11.303981119777731
106500 -9.68922790885569
106600 -11.138177490317652
106700 -7.773072952158608
106800 -8.642805651314678
106900 -10.509461480836224
107000 -9.718426531359388
107100 -9.601066556839523
107200 -10.621884595639937
107300 -8.475616055512317
107400 -11.398811774574776
107500 -11.64120620312938
107600 -11.844811598513713
107700 -7.9554969130840325
107800 -9.695646492364766
107900 -11.833627957118761
108000 -11.168865078077769
108100 -9.59668495732575
108200 -10.39687473031226
108300 -10.638052456023793
108400 -11.243342333976877
108500 -10.570063958301622
108600 -8.445220321733444
108700 -10.51035507541816
108800 -10.783557974733975
108900 -11.369349546560546
109000 -11.24372145907129
109100 -9.49164272355127
109200 -10.150634950969218
109300 -9.533318826962754
109400 -10.345154920869536
109500 -7.4639909284161865
109600 -9.053057819189991
109700 -10.221193508181432
109800 -8.876881600037933
109900 -8.653708224610432
110000 -11.200635614088936
110100 -10.80344288887332
110200 -9.989613509930747
110300 -8.86490793335449
110400 -11.37841631057446
110500 -12.260000680144428
110600 -11.301516614291232
110700 -8.777620576822478
110800 -10.202311928748742
110900 -10.588509508345082
111000 -12.787530042043866
111100 -12.801578178730141
111200 -12.10075727184485
111300 -11.049829857748836
111400 -10.836902587870645
111500 -11.220577185178009
111600 -10.647611585844553
111700 -10.122007947146992
111800 -9.892079488768138
111900 -10.297938447547798
112000 -10.040499811287097
112100 -11.566446273828564
112200 -10.185802091420824
112300 -11.48957864803958
112400 -10.696660416980013
112500 -9.489213903148983
112600 -10.509102052963527
112700 -10.500971447953152
112800 -8.938229050708443
112900 -8.862899649920406
113000 -9.412590213134349
113100 -9.638016374097369
113200 -9.631282296961224
113300 -5.518322604289458
113400 -6.810271427022143
113500 -8.942714646597029
113600 -10.012466085425913
113700 -10.887182515677113
113800 -11.673439271424119
113900 -11.836517015872506
114000 -12.756538881433864
114100 -12.019677724286398
114200 -10.863113486943952
114300 -9.631463334260589
114400 -9.665117692633295
114500 -9.116617676394869
114600 -9.07633068980715
114700 -12.465342944861227
114800 -11.315305177404353
114900 -12.634657771735277
115000 -11.935270280461138
115100 -10.944692536970702
115200 -8.444002882229473
115300 -9.2619487303941
115400 -10.23214626081927
115500 -9.936049648790657
115600 -10.1853090720202
115700 -10.036308170138827
115800 -10.055014799848767
115900 -10.404882776667177
116000 -12.290946338101044
116100 -9.051386542745341
116200 -9.596462576594417
116300 -10.392060327081316
116400 -10.974577572822838
116500 -9.732576110388942
116600 -11.591878065835234
116700 -9.602502397597087
116800 -10.454352681800103
116900 -12.185856130173851
117000 -9.371483292954967
117100 -12.119131989132908
117200 -11.385865073203142
117300 -10.463779141026155
117400 -8.840979313353156
117500 -9.688590802197723
117600 -10.284919727984242
117700 -10.996901059841807
117800 -10.054233007537995
117900 -8.554718469441996
118000 -10.114026163185095
118100 -10.491154485220669
118200 -10.566319180463971
118300 -10.197279210847036
118400 -9.940353015394809
118500 -9.777563506596355
118600 -11.986813801443354
118700 -10.707189247658853
118800 -8.996369249046984
118900 -11.344358568509326
119000 -10.574800806710845
119100 -9.912778556069368
119200 -11.541259283667944
119300 -12.769623879255192
119400 -10.564931210729783
119500 -9.815428096475179
119600 -9.393324880036143
119700 -8.563066143956627
119800 -11.103392111182297
119900 -10.552847936356466
120000 -12.497600074807789
120100 -12.32062930006785
120200 -9.257579510768617
120300 -9.845380788481352
120400 -10.88835517909826
120500 -9.777626719297885
120600 -11.155534336006113
120700 -7.091287751200615
120800 -8.230592396946582
120900 -7.834423407935598
121000 -8.591719962917704
121100 -9.658206048675359
121200 -11.014658831749239
121300 -8.957676056131236
121400 -7.970253694279336
121500 -10.554169798011296
121600 -9.314298969866407
121700 -5.519856753203207
121800 -9.464922730980373
121900 -10.184314795095899
122000 -12.979328822455775
122100 -11.708760162543927
122200 -9.597201537758917
122300 -9.204051591432668
122400 -8.29878549253646
122500 -10.6215636625747
122600 -10.813297584243564
122700 -12.217325083882338
122800 -10.28081536241946
122900 -11.255761679222333
123000 -9.574523830240146
123100 -10.931689236496412
123200 -9.737480520251552
123300 -10.673913312702211
123400 -8.4209446530207
123500 -9.092978892093264
123600 -10.5289289598879
123700 -10.61273149556439
123800 -9.68651389199281
123900 -9.62218007969653
124000 -11.040303907316865
124100 -11.328465556964586
124200 -10.18257057310102
124300 -10.459258006889451
124400 -11.13019513428536
124500 -9.361068683110751
124600 -9.817236879372034
124700 -11.624687047599993
124800 -11.251070169868399
124900 -11.621285925851431
125000 -11.845561674568135
125100 -9.033034009752681
125200 -9.718659276849543
125300 -8.945357422031588
125400 -9.22011346580068
125500 -12.026906492786576
125600 -11.475779915852838
125700 -13.332741968346554
125800 -13.466155477904234
125900 -9.115857330978326
126000 -6.803043838277331
126100 -8.86317448322122
126200 -9.234812025461828
126300 -8.713627945019127
126400 -11.21344277367261
126500 -11.768007480833568
126600 -9.130973457285792
126700 -10.065694938381705
126800 -9.583580522016945
126900 -12.268444282485104
127000 -12.034866034156403
127100 -10.86926891663476
127200 -8.521025451404963
127300 -8.651500707762892
127400 -11.274778304174099
127500 -9.254198792482084
127600 -10.72292329050234
127700 -9.981307279341229
127800 -9.716313024403414
127900 -10.83876097704524
128000 -9.17685795878989
128100 -11.309351392861462
128200 -10.124227636199818
128300 -10.773600212158417
128400 -10.242815732264098
128500 -10.437754365170685
128600 -9.571990465345706
128700 -8.576127567821475
128800 -11.670034297249298
128900 -9.543158249331945
129000 -8.769201701679961
129100 -8.859544419321695
129200 -8.69829865152891
129300 -10.819022785588732
129400 -11.683032852988271
129500 -10.629438108765944
129600 -10.475967302609392
129700 -9.452811669877118
129800 -10.123343224278221
129900 -9.73519630853303
130000 -11.53922009564822
130100 -11.494017819535527
130200 -10.83838222719192
130300 -11.46877763346054
130400 -10.662926341487703
130500 -11.148578676728466
130600 -11.815425654607237
130700 -9.813390403514024
130800 -12.6228129791124
130900 -12.541913864754129
131000 -13.958507925618749
131100 -12.561918147225164
131200 -8.714501128462375
131300 -8.383730777277265
131400 -9.837842332233164
131500 -10.683954526796954
131600 -11.05860073605283
131700 -10.324159142211672
131800 -8.981494595100871
131900 -11.722493806537239
132000 -10.451986179905244
132100 -11.27725185193245
132200 -11.5761610480789
132300 -12.931098348343092
132400 -13.206289104130384
132500 -11.395126001651635
132600 -11.216021176361288
132700 -8.224911333227128
132800 -9.704480234052388
132900 -8.509192788137648
133000 -8.530992396497224
133100 -11.479486292435721
133200 -12.290699098307146
133300 -11.699612813867553
133400 -11.783371281709638
133500 -11.635946563202575
133600 -13.30633357425834
133700 -10.583283342507945
133800 -12.348506620023649
133900 -11.238755402870893
134000 -11.661001963577208
134100 -11.590191159746096
134200 -11.97622736434232
134300 -10.428658873516955
134400 -10.02487036313691
134500 -10.583637013561184
134600 -9.572708383946104
134700 -9.455695172792728
134800 -11.419122132821123
134900 -12.238525055346624
135000 -10.139189878620897
135100 -10.353963300864343
135200 -9.550127379819907
135300 -11.466985983019727
135400 -8.71331480287282
135500 -9.50864727979853
135600 -8.946813968565268
135700 -9.02586064883898
135800 -12.411208802938136
135900 -10.678790309346429
136000 -9.343572670598915
136100 -9.655854600276298
136200 -11.66154936328338
136300 -12.775301953456337
136400 -10.483875480768509
136500 -10.588652436027639
136600 -11.02073354900877
136700 -8.576956667596315
136800 -8.353099673586943
136900 -12.494355511933488
137000 -11.795673796594976
137100 -11.937999923046412
137200 -11.734074845213355
137300 -11.7089764249544
137400 -12.13260866164293
137500 -10.949111457516146
137600 -12.207722443586979
137700 -12.942979712735202
137800 -10.696407398116593
137900 -12.278613415506456
138000 -12.737837074996273
138100 -12.26933098157387
138200 -10.858902226348073
138300 -11.210123940003905
138400 -10.329594865051135
138500 -10.995724149301164
138600 -9.457442441306133
138700 -10.133388260935078
138800 -12.434493651312803
138900 -12.106415982643192
139000 -12.762445287172035
139100 -9.780645068961324
139200 -11.758186635769425
139300 -10.537374849119843
139400 -12.766693605982876
139500 -8.719980674184821
139600 -9.379010001866465
139700 -10.78278444198544
139800 -10.301078292850134
139900 -11.651399432757163
140000 -9.848248519486393
140100 -7.015832661240201
140200 -7.604871848728979
140300 -11.312239589963148
140400 -9.73338074749655
140500 -9.856438737994996
140600 -8.389199490979397
140700 -10.01233736913996
140800 -12.391625146763756
140900 -11.657535220172045
141000 -12.68287127722044
141100 -10.100178088987219
141200 -9.466376611095917
141300 -9.01898332340471
141400 -10.140079241307282
141500 -10.443881175378221
141600 -11.789783742352247
141700 -11.07703574451765
141800 -13.9844879051751
141900 -12.099681276928132
142000 -12.809904022829642
142100 -13.325293939960725
142200 -13.382800111202837
142300 -11.13737559005339
142400 -11.006201055019801
142500 -10.818940067324716
142600 -10.447200631343364
142700 -8.3059472257943
142800 -9.83052874616322
142900 -8.100442962091774
143000 -8.524497102673026
143100 -9.189761804433738
143200 -8.29195948893375
143300 -9.142807930113001
143400 -9.960482049329139
143500 -9.136428297142823
143600 -9.133166310423862
143700 -9.630009853251758
143800 -8.901117770140377
143900 -10.520386331054675
144000 -10.842039323803135
144100 -9.275423141877182
144200 -8.56232061535107
144300 -10.624849126763426
144400 -8.758343494998414
144500 -10.430355672532624
144600 -10.955782039915137
144700 -11.275559031829678
144800 -12.702657465749533
144900 -12.813749953628124
145000 -10.341899827023624
145100 -9.492233407358729
145200 -11.491849923700016
145300 -9.833536247014829
145400 -12.795624957810737
145500 -11.04554607205417
145600 -9.720817616560865
145700 -12.120951515187993
145800 -13.21560110794675
145900 -10.452951360835486
146000 -10.039173202738192
146100 -10.680928099567936
146200 -11.177763474120786
146300 -11.319523809816578
146400 -8.779119467729606
146500 -8.613047983508848
146600 -10.922355776389239
146700 -12.476216264653457
146800 -13.311108878865813
146900 -12.095991153713934
147000 -11.295940279774515
147100 -8.66647437125941
147200 -7.986196354286267
147300 -6.533413304873381
147400 -10.173137366617174
147500 -10.167071832621536
147600 -10.750702081556906
147700 -8.559147513245872
147800 -10.627150437315512
147900 -10.008609730163817
148000 -9.705090814661984
148100 -8.429858076635155
148200 -11.449941783033795
148300 -11.799423292430355
148400 -11.34356383195308
148500 -10.456263092727534
148600 -10.55352964187448
148700 -10.083085042055956
148800 -9.3449562533253
148900 -8.026771849325959
149000 -9.01628318557702
149100 -10.59687634615241
149200 -9.987972272223193
149300 -11.03286382928376
149400 -10.880812162468567
149500 -9.918417504495809
149600 -9.918928772633903
149700 -10.95890163847542
149800 -8.578324793681086
149900 -8.140436437257094
150000 -9.033507435092643
150100 -9.847823267512041
150200 -7.851223826234073
150300 -9.455537009727356
150400 -10.436986906393617
150500 -10.381721252676632
150600 -8.95370913202992
150700 -11.65365504551256
150800 -10.513281471302166
150900 -9.23481740193572
151000 -9.57721201688507
151100 -11.444120060387558
151200 -11.857111594242019
151300 -11.396319170973586
151400 -10.6468503863183
151500 -12.922442376867815
151600 -10.679334822891121
151700 -9.787346287604239
151800 -10.01592152744667
151900 -7.931483857570742
152000 -9.142306056108717
152100 -10.315390652283082
152200 -11.061810602856184
152300 -10.456236865531448
152400 -10.913550242182898
152500 -12.008981847642788
152600 -11.672515208835053
152700 -11.171203338732473
152800 -10.54341132528368
152900 -10.671062990981772
153000 -11.047856385153594
153100 -11.249150581963187
153200 -10.421806312031665
153300 -10.246191369763766
153400 -9.842195752445468
153500 -7.581326879175768
153600 -9.532849174675103
153700 -8.529685431115519
153800 -10.411765843502298
153900 -10.165246192721085
154000 -8.302364362616931
154100 -8.022388840493507
154200 -9.33872982073265
154300 -9.976277843838261
154400 -11.27096481591206
154500 -11.209337316462966
154600 -9.420018624213778
154700 -12.931041819960297
154800 -10.396436335265296
154900 -9.489379247625116
155000 -8.899052789759873
155100 -9.10196487932734
155200 -10.121034777493145
155300 -6.482626364721474
155400 -8.635706659943498
155500 -8.719484952119066
155600 -10.56717806613499
155700 -9.73650365908742
155800 -9.849389560622225
155900 -10.067894975067054
156000 -10.635384848398767
156100 -11.046136594533689
156200 -11.93740843022445
156300 -11.62718059726485
156400 -11.424088968369087
156500 -12.130383408047406
156600 -11.498378845169977
156700 -7.220412733188206
156800 -9.548584596263883
156900 -10.147697372347029
157000 -10.76895443471527
157100 -8.935070658627463
157200 -9.98780539922713
157300 -12.104894226690135
157400 -11.951455480508466
157500 -12.402210739562921
157600 -11.594886919419967
157700 -9.259378780938171
157800 -9.27259226694996
157900 -10.750500292088429
158000 -9.906588507198565
158100 -11.782058919496233
158200 -11.242867445079048
158300 -10.24354239358126
158400 -8.20998500268433
158500 -9.921480756664899
158600 -9.494331562766737
158700 -9.919556534252157
158800 -11.29518679852954
158900 -11.467374115877554
159000 -10.88376737122347
159100 -11.75439154135616
159200 -10.9543980974666
159300 -9.5252006969671
159400 -11.605323022165122
159500 -10.833795888175608
159600 -11.016445367310233
159700 -11.07654002978474
159800 -10.80213917115446
159900 -10.500343989181273
160000 -10.428007129164229
160100 -9.506212111795376
160200 -9.887431002830926
160300 -10.692510264266808
160400 -11.141613693526024
160500 -12.234825341543132
160600 -13.318257300430242
160700 -11.481474338294943
160800 -12.142938973147986
160900 -11.878678933441966
161000 -11.561268874242613
161100 -10.799091359862478
161200 -10.706044424266132
161300 -12.077825161348953
161400 -9.285526550118307
161500 -8.869372446301735
161600 -10.058344585694849
161700 -10.466506754957358
161800 -12.961636230552097
161900 -11.301795762378282
162000 -11.504060647524929
162100 -11.090285432760906
162200 -9.67048863648511
162300 -10.268477060433414
162400 -9.121889399690472
162500 -9.931529925636585
162600 -9.402163712276161
162700 -9.777383096413617
162800 -10.96905335760961
162900 -8.982238292156467
163000 -10.206330860510656
163100 -10.491280729447958
163200 -9.44166830126646
163300 -9.648080373223344
163400 -9.888000006322901
163500 -10.01500538409124
163600 -9.763964484526362
163700 -10.145496399258269
163800 -8.84199144696067
163900 -10.645313780889982
164000 -10.828935502275959
164100 -11.905885906393488
164200 -13.822724526740128
164300 -9.372410400105467
164400 -12.787595649933944
164500 -12.632923336995104
164600 -11.5966316410876
164700 -9.864630018991651
164800 -10.07644440782549
164900 -9.841353234768858
165000 -10.076790205729482
165100 -11.574307137201275
165200 -10.067663447852789
165300 -10.563583625005261
165400 -10.29467115759826
165500 -10.69699924700265
165600 -10.552311550340592
165700 -10.114714050864066
165800 -9.00395780817997
165900 -9.135991764302547
166000 -11.068757569078716
166100 -9.29105490452287
166200 -8.49568302840351
166300 -11.160353213539397
166400 -10.376452160460468
166500 -10.70120986628662
166600 -12.329712768491078
166700 -10.717296821830441
166800 -10.498292586525187
166900 -9.178433008836413
167000 -9.30833097858513
167100 -10.523338521567062
167200 -8.91107705188193
167300 -9.4885182221072
167400 -10.615965522701737
167500 -11.037751834925961
167600 -8.504483938687718
167700 -10.364379009020542
167800 -8.928382730059093
167900 -8.705874266122116
168000 -9.758717195760957
168100 -9.098931246314796
168200 -10.325862253307992
168300 -11.732169290662794
168400 -12.592296295540633
168500 -10.32649917224383
168600 -11.543363733124323
168700 -10.844411718944919
168800 -9.680442429061305
168900 -10.026241080458973
169000 -9.972145840977987
169100 -9.148800923361724
169200 -10.75292895813555
169300 -10.937672509579631
169400 -7.528675234039558
169500 -8.047748844225234
169600 -8.86251222576815
169700 -8.538369383201747
169800 -8.329376100409377
169900 -7.43495584488435
170000 -9.13591596607593
170100 -11.660287170471133
170200 -9.360388272267322
170300 -9.86322822645657
170400 -8.752148606569449
170500 -9.082239866419417
170600 -9.760633356119783
170700 -9.351204983970266
170800 -10.691060144208521
170900 -7.862542596932449
171000 -9.316603336704773
171100 -10.090346849910883
171200 -8.14204864950586
171300 -8.432434498611611
171400 -8.475036734473012
171500 -9.94380318985033
171600 -10.156168947534491
171700 -8.404125735368426
171800 -8.501327126438474
171900 -10.334789872096989
172000 -8.888745758889726
172100 -8.868049530461885
172200 -11.54976889979848
172300 -11.534131929274253
172400 -11.385618929781797
172500 -12.789705331700276
172600 -11.708916962284903
172700 -9.328995729060791
172800 -10.373405545288668
172900 -11.678041049504536
173000 -10.740022880214434
173100 -11.694494825165426
173200 -11.450179744567837
173300 -9.435796535558772
173400 -9.46738597755305
173500 -9.601917807985913
173600 -11.381850501296908
173700 -11.121185175510588
173800 -10.524539966441957
173900 -8.621539488954037
174000 -9.170278074639398
174100 -8.5859761383699
174200 -10.415358417914165
174300 -11.441893560377583
174400 -11.35816807159927
174500 -9.054959803047986
174600 -8.470481032399288
174700 -11.629326696808645
174800 -12.232474099962326
174900 -11.517317604055345
175000 -10.120834532969972
175100 -8.053058448677291
175200 -10.112801336599226
175300 -9.042560883744637
175400 -8.784876845456568
175500 -10.867639606843657
175600 -10.485421280808454
175700 -8.882096291599984
175800 -10.484297997041077
175900 -9.837389550611475
176000 -9.376572317757443
176100 -8.472071197749104
176200 -7.806919942912179
176300 -10.032715001702213
176400 -11.676406816959817
176500 -10.992640111274207
176600 -11.549147556921826
176700 -10.742705235432842
176800 -10.816622191505807
176900 -9.596260081767191
177000 -8.054634554679902
177100 -10.784163922159378
177200 -10.341222113898965
177300 -11.198426658602276
177400 -11.282696880823996
177500 -9.617091484442986
177600 -9.702371300764188
177700 -9.654412672163534
177800 -10.246785369905435
177900 -8.049981446903537
178000 -10.048009909973334
178100 -9.690807537062344
178200 -9.857446504673545
178300 -10.831223148336422
178400 -12.71372657225782
178500 -12.54721434877581
178600 -13.638134393350203
178700 -12.262874247424564
178800 -9.689360784494635
178900 -8.529291176572487
179000 -9.210613000516386
179100 -7.904026108261277
179200 -10.14695453860977
179300 -11.746883728161935
179400 -11.023008239198818
179500 -10.862860009218885
179600 -10.128422943889625
179700 -11.021616264880766
179800 -11.854752710050157
179900 -10.471228695967069
180000 -8.022449636216232
180100 -8.378519343469424
180200 -9.918984019054298
180300 -10.715797774646761
180400 -9.203319189614334
180500 -9.505464794010217
180600 -11.0936332577208
180700 -11.924255851083961
180800 -12.476037022798808
180900 -10.361966287298193
181000 -8.577701506473293
181100 -8.241940750179173
181200 -9.198402057561315
181300 -10.222948056318943
181400 -10.518538669736401
181500 -10.036423755949512
181600 -9.423514101718682
181700 -10.4661000757656
181800 -9.984394235242648
181900 -10.575092675961303
182000 -12.261057560035997
182100 -12.650264541568703
182200 -10.661228895236645
182300 -10.798059179329085
182400 -11.618218661876318
182500 -13.053474204352497
182600 -12.001783689926054
182700 -11.242874232562421
182800 -12.361997421828644
182900 -11.539060960617961
183000 -12.645771702254326
183100 -11.986115730389301
183200 -11.652443730923897
183300 -9.515047731699365
183400 -10.54654364713864
183500 -12.221124459679404
183600 -9.455830451920852
183700 -8.813366639661787
183800 -10.543642732447617
183900 -9.954718517897556
184000 -11.60175523249674
184100 -10.25393683791611
184200 -10.381567279087024
184300 -8.858754030892284
184400 -8.863346715283582
184500 -10.271202714128655
184600 -11.585493644776529
184700 -12.587799723374383
184800 -10.419734334181959
184900 -11.138783911955978
185000 -11.172025220433804
185100 -9.621042189222253
185200 -9.43266996076772
185300 -8.794718482196439
185400 -8.645612375751456
185500 -10.607592466468938
185600 -10.744744429120805
185700 -9.227654720859203
185800 -8.5646464955368
185900 -10.076938684215454
186000 -10.890057459900644
186100 -9.204866761493406
186200 -8.419317823591037
186300 -9.123230000324108
186400 -11.17794316217782
186500 -9.995114376056673
186600 -12.109659722821172
186700 -10.578228105872451
186800 -11.360183745626832
186900 -11.158318214210073
187000 -10.265802903277885
187100 -9.869031900961822
187200 -11.53302172244722
187300 -10.758709480045034
187400 -10.308159134550953
187500 -9.332250847530226
187600 -11.065847315014905
187700 -9.853780315098494
187800 -9.925803232127693
187900 -8.484141852432577
188000 -8.576273965374929
188100 -10.593809683115119
188200 -10.737277034140023
188300 -9.226776124813176
188400 -10.998107811900576
188500 -10.001513776422753
188600 -11.071188103738391
188700 -10.600147051193023
188800 -11.750739187476308
188900 -12.272601799068678
189000 -8.912322342554553
189100 -9.150531800772878
189200 -8.274877799344283
189300 -9.181607566009758
189400 -7.482125999517743
189500 -10.41476431135583
189600 -10.909685823438496
189700 -10.336437680895612
189800 -9.183711710079985
189900 -8.79655971356401
190000 -8.662782636972606
190100 -7.552979045363399
190200 -9.894478339256962
190300 -11.954668718813235
190400 -11.595709769026453
190500 -9.656268603832832
190600 -11.312388357282659
190700 -10.334394119104152
190800 -10.627226176435178
190900 -9.838369633840893
191000 -10.221931109997557
191100 -10.59234643708236
191200 -8.989128016790895
191300 -8.409576713873424
191400 -11.449374662374668
191500 -12.487367046764893
191600 -11.97422215402655
191700 -11.58328677484389
191800 -9.25480975956398
191900 -9.266339735692917
192000 -8.589067398977386
192100 -8.194184002386896
192200 -10.71907257260311
192300 -10.567140200284257
192400 -11.32967733199472
192500 -10.6138503673013
192600 -9.914598482797103
192700 -9.896785237532555
192800 -8.723279502961853
192900 -8.059815496560882
193000 -11.522930960716378
193100 -9.958450894155538
193200 -11.802728508899039
193300 -10.189056632258138
193400 -11.100274384663555
193500 -10.897163244508256
193600 -11.492736027928922
193700 -10.03137883672341
193800 -9.771425394554441
193900 -8.613824019420887
194000 -9.16136325732073
194100 -11.584027296034836
194200 -11.352524576840581
194300 -11.459602669209525
194400 -11.441716237224213
194500 -9.343652518450112
194600 -8.636532627717763
194700 -11.49858558731671
194800 -10.929532876937524
194900 -10.729063725035013
195000 -10.307851312359986
195100 -10.418326544165785
195200 -10.202269359949112
195300 -10.761983247369427
195400 -11.460187546135925
195500 -10.56839497882831
195600 -10.065460614217002
195700 -9.894479381789413
195800 -10.034600210273863
195900 -9.904040547640447
196000 -10.350022388792178
196100 -10.689554525137666
196200 -10.934586483480626
196300 -10.213436011589687
196400 -12.945065365225108
196500 -11.031389527012681
196600 -9.098360275550311
196700 -8.33032281649356
196800 -10.162916863080076
196900 -8.75040871390945
197000 -7.847734081292343
197100 -8.569146847918256
197200 -11.620160212648829
197300 -11.749321300944555
197400 -11.33590266764293
197500 -12.085797693765736
197600 -10.856298674944115
197700 -12.263255332879524
197800 -10.530309794638443
197900 -9.495882610736194
198000 -10.392966922617784
198100 -11.70204939461216
198200 -11.129224566193313
198300 -8.428619895971481
198400 -9.553722848588649
198500 -11.21474412749751
198600 -9.739469736752246
198700 -10.259505381141663
198800 -11.4427827718461
198900 -9.989292733517269
199000 -10.120624938627316
199100 -9.706968608974893
199200 -9.95819874953817
199300 -9.343648521649262
199400 -12.428280494268547
199500 -9.663199255809918
199600 -9.415498135088871
199700 -8.381606361196335
199800 -9.442381694923288
199900 -10.903781471926509
200000 -10.464319704406806
