100 18.81923645577176
200 16.81419103693587
300 18.70789836813811
400 14.793453810998601
500 18.08482195766844
600 18.628005096056526
700 15.670478808444791
800 18.293951752885327
900 18.339885885983534
1000 16.39629155536239
1100 17.191881341053143
1200 17.827606787449103
1300 18.729552784833665
1400 17.25076347719712
1500 18.21172843526868
1600 18.4031029169742
1700 18.80642949536575
1800 18.78937388519489
1900 18.297048410278734
2000 18.63306848091499
2100 17.958338267022036
2200 18.310588561224804
2300 18.015335397827993
2400 17.345522871382908
2500 16.96103940290473
2600 19.00381784111172
2700 19.410215511542546
2800 17.383895888467507
2900 17.558862211496653
3000 18.92217832574016
3100 15.973119215790566
3200 18.36635923834952
3300 18.5436978012579
3400 17.476926684490202
3500 18.02499243181478
3600 18.94851892461762
3700 18.8741245861531
3800 16.459253848512375
3900 17.769000759641518
4000 18.203745534925766
4100 19.13362206935001
4200 17.658248567041838
4300 18.27252684620636
4400 18.603411123761806
4500 17.724135582620352
4600 18.04486224992157
4700 18.425287164599247
4800 17.378554253201752
4900 17.707764091749397
5000 19.220874753830014
5100 17.815322145560234
5200 19.199969402282928
5300 17.74348832133957
5400 17.66848502104642
5500 17.594969896603615
5600 17.068762061506742
5700 16.068658941979873
5800 18.9702537764909
5900 18.070874304230856
6000 18.768543614218032
6100 18.0559971192798
6200 17.045393657462974
6300 17.331207854361637
6400 16.477831985761668
6500 18.16366019433944
6600 19.00141801809081
6700 17.828274091817065
6800 17.747420730435927
6900 18.453884371183307
7000 19.05853539629233
7100 18.365438813702653
7200 18.621896611522978
7300 17.433695752994446
7400 16.21214601847321
7500 17.60467979190668
7600 17.159287596247644
7700 16.730223898539386
7800 17.85702292513284
7900 18.150918307301808
8000 16.927807482591355
8100 18.2664366652066
8200 18.209170967613417
8300 18.725682864376278
8400 19.353769958706472
8500 18.347115128130728
8600 17.521906430585187
8700 18.698250230631217
8800 18.116840904297284
8900 19.075525880470337
9000 18.334557370213542
9100 18.415695823414193
9200 18.315773809247897
9300 18.573145288740314
9400 17.9171338761856
9500 17.324805958055883
9600 17.66976799016644
9700 17.847020024981354
9800 18.831906341717396
9900 17.204007596489184
10000 15.615396503508707
10100 16.698017646865104
10200 18.209869320732484
10300 16.57617137721457
10400 18.527194453773554
10500 19.108659949022552
10600 18.758638323841218
10700 17.887457576466808
10800 18.176940747550876
10900 19.311728468546825
11000 18.70701985691156
11100 17.362532772523952
11200 18.266121152905217
11300 19.036670538136907
11400 18.368832032624535
11500 17.390626336692115
11600 17.690778371623253
11700 18.79574680974483
11800 17.996379367972263
11900 17.31845527366507
12000 19.15175434389273
12100 18.932980698292177
12200 19.60380287126486
12300 19.292417808676824
12400 18.470121180066606
12500 16.03151185606431
12600 18.716350514483537
12700 16.69063164348558
12800 18.536483011114004
12900 14.815831807452007
13000 17.26885588311238
13100 16.579715265373196
13200 18.287878349670443
13300 17.480635871566122
13400 18.550868426144145
13500 18.64360021709832
13600 18.287961049503192
13700 17.219722641437826
13800 18.756695573840215
13900 17.75831865243893
14000 16.629469096887
14100 18.34197312991216
14200 17.82040329325457
14300 17.08167596617163
14400 18.278509781165727
14500 18.466512391864672
14600 17.996408425607566
14700 16.636811640031116
14800 18.195568967704634
14900 19.231014819513955
15000 17.554373041287963
15100 17.66219727179728
15200 17.664684773100827
15300 18.082852043087176
15400 17.224312788695507
15500 18.15202223671602
15600 15.949331320127634
15700 16.450576165271656
15800 19.58448081636946
15900 16.581093415515262
16000 17.875119505314274
16100 18.013099968400958
16200 16.89190225175039
16300 17.46562327626282
16400 17.881091202858116
16500 18.8716929756567
16600 17.741793246182052
16700 16.394896594460043
16800 18.190502190093778
16900 17.74975557547596
17000 18.32197599158475
17100 18.26928506602061
17200 17.975105610518796
17300 18.93815851691952
17400 17.37060369919388
17500 19.232752001842805
17600 17.435712657950678
17700 17.977981429503348
17800 17.55921563747412
17900 18.441631225995494
18000 18.249659612416192
18100 18.42958407010125
18200 17.993506941499593
18300 18.82307867772155
18400 16.814650286164593
18500 18.644974498614747
18600 18.779058419634968
18700 16.96413276009103
18800 16.808076025254582
18900 18.57794008414407
19000 18.155995866616294
19100 17.960834998946147
19200 18.603710563657376
19300 18.72912518216055
19400 18.14379291754429
19500 19.41747940155283
19600 18.835046279240377
19700 17.42996226802682
19800 17.020974416437504
19900 17.33286739321866
20000 17.57875564198935
20100 18.72627260229419
20200 17.363168060486938
20300 18.265969322508926
20400 17.980214453675785
20500 18.349235019891992
20600 17.203001898013813
20700 18.155070198634686
20800 18.72065660783688
20900 18.120847540034887
21000 18.14686312239989
21100 18.48671557938469
21200 19.68664962701556
21300 17.87351708442964
21400 17.68551392933842
21500 17.999989022265922
21600 18.022762198763747
21700 17.790824460541717
21800 17.202228521484198
21900 17.629511922234286
22000 16.354380927747314
22100 15.830504824151982
22200 18.27287908277923
22300 17.959335302117125
22400 18.37824271961685
22500 18.662507723507872
22600 19.05326356651561
22700 17.2425316924205
22800 17.097666277604187
22900 17.93915461782634
23000 17.60481560661671
23100 17.613549381544956
23200 17.3622936305117
23300 17.653334352843576
23400 17.257463825650394
23500 17.999855612143694
23600 18.73457771142416
23700 18.60677410368276
23800 16.63496838516358
23900 17.20468850362856
24000 16.587748619121292
24100 16.962911881369628
24200 17.05208429743249
24300 17.777791435589265
24400 18.555094084473744
24500 18.472481559065564
24600 18.361348474376562
24700 18.61426712285292
24800 18.25095626920568
24900 18.243804297689284
25000 18.100947444684785
25100 18.90064905062875
25200 19.115756857395112
25300 18.201659722367687
25400 17.791384611568244
25500 19.477142925328312
25600 19.355440720835755
25700 19.007023653587556
25800 19.110418889385535
25900 18.446718236632435
26000 18.655762836492382
26100 17.229265442948158
26200 17.917278250330213
26300 17.94853998199423
26400 18.727065786820678
26500 17.96570429021506
26600 17.28628513646901
26700 17.99366338526353
26800 18.635789743236398
26900 17.9326674494404
27000 19.287593777444584
27100 16.83677961468636
27200 17.85323417079933
27300 15.584613081183875
27400 18.55952112967359
27500 18.35883550519978
27600 18.50897298938945
27700 15.256276680520998
27800 18.4824844760424
27900 17.77735092963203
28000 18.542591939390334
28100 18.218133905217943
28200 15.024195454031604
28300 19.080090346326315
28400 17.589142778247634
28500 17.26915225519925
28600 18.127287515621337
28700 19.314585751541035
28800 18.73870031389381
28900 18.45320705199328
29000 18.391156506790146
29100 18.27724250683099
29200 17.206582328828603
29300 18.57364461492854
29400 18.457562491297793
29500 18.1189950680633
29600 18.247181158708223
29700 18.79630194191282
29800 17.99630854782413
29900 18.89562697103603
30000 18.717395897716052
30100 17.189032479461606
30200 17.42366726545009
30300 18.295522082102817
30400 18.86871629677203
30500 16.436115883974523
30600 15.298108221502641
30700 17.58107502259928
30800 18.85471681712202
30900 18.09326878668572
31000 18.84732559998414
31100 17.641856781477177
31200 18.212510859081537
31300 18.40842287134579
31400 18.123621514125016
31500 19.10409718286982
31600 18.378444662728615
31700 18.619021306995098
31800 19.30029080692836
31900 18.52020733163576
32000 15.662525672409846
32100 17.69367377543734
32200 16.49219472298369
32300 17.82284715852903
32400 18.93773519986278
32500 17.61088901328068
32600 17.03187701614523
32700 18.09045808835014
32800 16.60018796208467
32900 18.585495699289265
33000 19.11026223381787
33100 18.353593695300574
33200 19.095220525500512
33300 18.36805855672376
33400 17.896845985446667
33500 18.382630053731372
33600 19.14679183161702
33700 16.672823972787466
33800 18.292467667107232
33900 17.386573914997392
34000 19.477469503056042
34100 17.33071734445334
34200 18.39358944340977
34300 16.864328723889077
34400 18.533176331120153
34500 16.16471646384846
34600 17.728378402889025
34700 17.89057033311479
34800 17.72565466629589
34900 18.1489969240149
35000 18.849079828395556
35100 16.542774876975827
35200 18.930505573904227
35300 18.332788148577613
35400 18.613585590009144
35500 16.54125918194938
35600 17.522499692179437
35700 18.255855330109096
35800 18.820198380140774
35900 19.500264484153575
36000 18.108952409781917
36100 17.606817023119095
36200 17.931207905352437
36300 17.856185478321052
36400 18.222771823722564
36500 19.401814596032647
36600 18.479414982879902
36700 17.260986419352417
36800 19.050577565783975
36900 18.485376997577315
37000 18.9628954684146
37100 18.655270150801165
37200 18.455284593226583
37300 16.161560789183216
37400 17.48183516258795
37500 18.699456471142035
37600 17.70514826936079
37700 17.771611469741778
37800 17.26100986136008
37900 17.949284111157763
38000 17.311336377571404
38100 17.918445944520016
38200 17.48504755515126
38300 17.18772515705559
38400 19.12847077780472
38500 16.937488008317416
38600 18.41409015537522
38700 17.69346058497888
38800 17.81110794130994
38900 17.87292095771354
39000 18.610004741534844
39100 18.05883530279382
39200 18.05203743219492
39300 17.98057651201669
39400 18.63651561630309
39500 18.931131453668172
39600 17.870398197395563
39700 19.39417548777372
39800 19.008814246967564
39900 18.017076576107204
40000 17.545479214469093
40100 18.972124086181186
40200 17.4498463421771
40300 17.560702791820233
40400 19.16155119651711
40500 18.300957635317452
40600 16.72591016039115
40700 17.97260618019788
40800 16.241134493835485
40900 18.13852318489202
41000 16.58314352844109
41100 18.074371812312318
41200 18.27696041578413
41300 18.739854694449193
41400 18.129039985350023
41500 18.027766021276463
41600 16.12529662985092
41700 19.211409022251413
41800 18.435800224265925
41900 17.53797758889392
42000 18.78662772198921
42100 19.51666303065003
42200 18.723613003804704
42300 18.421279033366005
42400 18.025392971911508
42500 18.611459736391456
42600 18.706778202145568
42700 18.416485844547587
42800 18.109162319086654
42900 16.994033839447784
43000 16.64899682569265
43100 18.633100513840404
43200 17.24157998182681
43300 18.140110927096348
43400 18.05888023774221
43500 18.425441847697574
43600 18.66840190175364
43700 17.523655972186848
43800 15.386136250044352
43900 17.476522973771807
44000 18.260923105800558
44100 19.013364989285993
44200 17.924569054718532
44300 18.557922227322724
44400 17.42568142541685
44500 16.575901640710672
44600 19.03875419699438
44700 16.54450339115693
44800 18.059636039517613
44900 18.113828562388232
45000 16.259135971274183
45100 17.938014940422764
45200 18.112713974089633
45300 18.491414277133345
45400 17.935501818833156
45500 18.91152915383938
45600 18.907506528147156
45700 16.469523466848848
45800 17.993250247510904
45900 15.774533631252043
46000 18.662197856373663
46100 18.57172103644648
46200 17.078441707478174
46300 16.90505617887873
46400 17.758971669325554
46500 16.979972843425102
46600 16.60364123559864
46700 16.43042465670057
46800 18.246021598275934
46900 18.900058148485314
47000 18.255320009719917
47100 18.402138997670797
47200 19.359399937838948
47300 18.92333752459196
47400 17.669478800129045
47500 18.369756624467534
47600 19.111780800539677
47700 17.16752687607842
47800 18.15947156557251
47900 16.88957726430738
48000 16.521632090228934
48100 18.10307499429427
48200 17.578324983152765
48300 16.446178365118644
48400 17.515461413459374
48500 17.999896664462714
48600 16.698481910188665
48700 18.827895473859243
48800 18.191101137138535
48900 17.495486017458333
49000 17.19284899364502
49100 18.15490323214483
49200 17.735563039343237
49300 17.842162506793176
49400 15.7555621762247
49500 14.214070867944754
49600 17.81348168527904
49700 17.992056399979937
49800 18.09315352390224
49900 17.238940432339096
50000 17.660267165158572
50100 18.551175051891132
50200 15.706189941536673
50300 17.141701855963507
50400 19.1406802644854
50500 17.809919614655648
50600 16.912180204719203
50700 19.221742349108396
50800 18.05448335806508
50900 17.11653461673439
51000 17.79215469942045
51100 19.169570729627797
51200 18.387771357801313
51300 18.405327737415064
51400 19.09594496549216
51500 17.986271162236473
51600 19.08722139740388
51700 17.618379175099495
51800 18.116837427596565
51900 17.879554138913697
52000 18.02225679302485
52100 18.78664306814925
52200 18.12466606626761
52300 18.59419214317724
52400 19.509696804113254
52500 19.171447190631234
52600 19.189862299443483
52700 17.89879292273507
52800 19.059918423403975
52900 18.517884785221874
53000 17.533109093906962
53100 18.303104630074788
53200 18.332261076741553
53300 17.78848917989107
53400 18.34277158077716
53500 17.92220969779746
53600 18.64009744593253
53700 19.164297179893673
53800 16.18444063815874
53900 17.396929523449447
54000 18.534892507925672
54100 17.695095968488435
54200 18.78362180626897
54300 18.10580925915458
54400 18.255582170984905
54500 14.58502869043263
54600 18.087388114143003
54700 18.149006296302456
54800 18.915205454874837
54900 18.609513656008666
55000 19.134386526120725
55100 17.003516961166373
55200 18.251344014316054
55300 18.015409377262912
55400 18.502891613830013
55500 19.173625929195516
55600 18.654671901219096
55700 17.012286678214632
55800 19.16184456742217
55900 17.387458890137257
56000 15.93801840198916
56100 18.07603048920734
56200 17.93848991915488
56300 18.942597119875003
56400 19.430779882046643
56500 18.735012810621928
56600 15.838300366841787
56700 17.295290257804858
56800 18.46105244631687
56900 17.402488197367987
57000 16.956227804970833
57100 19.256495095531154
57200 17.4861253401332
57300 18.310765401158037
57400 18.301054139167515
57500 18.797305314771606
57600 17.915954185429047
57700 18.674297000623802
57800 17.762772122402787
57900 19.43746082282215
58000 18.13828155740672
58100 16.92355129029224
58200 18.01534133470015
58300 18.556798134500156
58400 17.677583268200305
58500 19.295368214830816
58600 16.941731017340974
58700 19.07239985448953
58800 16.8319397755101
58900 17.36261594910066
59000 17.913546837650266
59100 15.384934480517918
59200 17.69684956322231
59300 18.09769392000523
59400 19.2148989932818
59500 17.665812904836365
59600 16.58159618851993
59700 15.727082624319477
59800 18.643394319346513
59900 18.954354494432295
60000 16.831227220589
60100 17.818344544310335
60200 18.814396019739657
60300 18.871321284467896
60400 17.798350314238284
60500 17.66790147377619
60600 18.861520030617783
60700 17.07792173632132
60800 18.061301091299534
60900 17.933286191841926
61000 17.832476939620214
61100 17.300087098500857
61200 17.401542826493536
61300 17.971796418944077
61400 17.871168478915155
61500 18.803900957478255
61600 17.81277663742209
61700 18.382327115303458
61800 18.107050543600838
61900 18.120597728882213
62000 18.29511490229016
62100 17.906887850128104
62200 18.54962959765435
62300 17.722758006236205
62400 19.236236782341578
62500 18.211360137085407
62600 17.487893217666585
62700 18.35643313489872
62800 18.85508683973351
62900 17.219202524793893
63000 18.537707355755533
63100 17.706406493966824
63200 18.157677071074076
63300 17.690247012835478
63400 17.778175507435762
63500 19.16566227406072
63600 18.515831891086723
63700 18.85798285192237
63800 19.438840059679233
63900 17.86264136477102
64000 15.272089139738114
64100 18.26648391997024
64200 17.27120545790312
64300 18.52164885892649
64400 18.271540703328114
64500 18.98452341531833
64600 18.810762700683252
64700 18.059745068336113
64800 18.92041394738122
64900 16.036487910662785
65000 17.7067169851154
65100 17.216662309449116
65200 18.474854226424657
65300 17.893006966493505
65400 18.600943493605357
65500 18.115823717948903
65600 17.52099205508961
65700 17.124908238299707
65800 17.30180136322946
65900 17.316337063684095
66000 19.263549612639387
66100 18.145477652106113
66200 15.394938369197641
66300 18.379165170790507
66400 19.69556298380221
66500 18.448994575210733
66600 19.384204534019517
66700 18.47210393241505
66800 18.295942281533705
66900 19.034012867248485
67000 17.202579357385545
67100 18.515796063360025
67200 17.81224858438091
67300 17.2075870618024
67400 19.195323627946102
67500 17.29318126942333
67600 19.071821930787845
67700 17.07169651847455
67800 18.559681664501284
67900 18.200678677152972
68000 18.71585980202652
68100 18.040042797313408
68200 17.959701422952183
68300 19.341380182744945
68400 18.250766851080982
68500 17.747668534916208
68600 17.395296504889
68700 17.168798247978557
68800 18.49257869629377
68900 16.537980921046785
69000 18.633274649157425
69100 17.745906683306373
69200 18.48365003575655
69300 15.669408363198983
69400 18.447927601746205
69500 18.527744147712454
69600 16.6535004411172
69700 16.2294866958227
69800 18.627139054506884
69900 18.407672028776634
70000 18.835669117980704
70100 18.09382986034068
70200 16.10988699190326
70300 18.550318515988952
70400 16.046021718590385
70500 18.80369038317903
70600 17.609382565183513
70700 17.19730604438487
70800 17.911904504166156
70900 17.228592287519984
71000 17.191631801379913
71100 18.22689607328635
71200 18.559579912207468
71300 17.716979370221093
71400 17.76629649023973
71500 16.789862664395546
71600 18.393570433552465
71700 17.423375227113347
71800 17.930317986298007
71900 16.775139550926713
72000 19.149614331398165
72100 17.676353043965957
72200 18.189139131741754
72300 18.528520924234726
72400 17.93981860048119
72500 17.677810570889854
72600 19.207953595577994
72700 18.776689395646983
72800 18.54118199180698
72900 18.581805239614322
73000 18.129185194709482
73100 18.831144620736946
73200 18.792139511760183
73300 18.65366014058886
73400 17.273243396709244
73500 16.536527436325024
73600 18.334820898707047
73700 18.3302839699587
73800 18.550353124922776
73900 19.064567790031678
74000 18.264939278993758
74100 16.316376087017584
74200 19.035927887984588
74300 18.163203289896604
74400 16.63184983548807
74500 19.106547151947865
74600 18.316815007051268
74700 18.241490700145935
74800 17.36204249287236
74900 17.976628690933243
75000 18.762826125445795
75100 18.68450981861762
75200 19.07151704598609
75300 17.996965712191948
75400 17.195680812675803
75500 17.109922120439187
75600 16.62119043890875
75700 19.01366659398512
75800 18.663661751548005
75900 17.837967732818953
76000 16.709996785062938
76100 18.410714742091546
76200 17.339941963799745
76300 17.706131827085795
76400 17.819622654708407
76500 16.723875113464125
76600 18.565805309520368
76700 17.877986725010853
76800 19.140974098532517
76900 18.717366896451466
77000 17.54104454050848
77100 18.98663674296733
77200 16.844038690356
77300 18.26275817489167
77400 17.878240104313356
77500 16.5222530677853
77600 18.265065490939516
77700 18.48305168113992
77800 19.20490431990479
77900 17.92167968804778
78000 17.989050870145746
78100 18.901197866429417
78200 18.027784450817318
78300 19.00416068419644
78400 17.25402295331854
78500 18.157204441259545
78600 18.7266816907005
78700 18.419120792701992
78800 15.834479585518777
78900 18.42031465626745
79000 15.269992204395557
79100 19.128363944868973
79200 17.888791543475527
79300 18.72503187879622
79400 17.503004042408328
79500 17.226722637888756
79600 17.797944023295166
79700 15.39698001956126
79800 16.424395991471396
79900 18.047890171825358
80000 18.035261732090618
80100 16.682472209579213
80200 18.583390720812975
80300 18.612527895013866
80400 17.41532132526874
80500 18.083132988829078
80600 17.409943812616916
80700 16.231163709578315
80800 18.37919578307378
80900 17.961171023002443
81000 17.704196087860065
81100 17.494520672906695
81200 17.68002740595984
81300 17.504814302072266
81400 17.45513913263758
81500 18.112794146238777
81600 18.645873539103544
81700 16.59743677589655
81800 17.408460916142413
81900 18.130640687509107
82000 18.92104954128169
82100 17.297402264556773
82200 18.518794527081656
82300 18.77520467445494
82400 18.343159505153356
82500 17.35167387036293
82600 18.811232838775855
82700 19.010728623846195
82800 18.618643082055804
82900 18.7731693114833
83000 18.888477646468804
83100 18.66056581344665
83200 17.475713374694468
83300 18.416149712267178
83400 18.442070841775145
83500 17.952002538994588
83600 17.725158944858567
83700 19.290210884295433
83800 19.542311616639914
83900 18.89951087036955
84000 19.164811208784535
84100 17.39630850801583
84200 18.565325580500225
84300 18.860815084964127
84400 18.392589746214288
84500 18.16366886947497
84600 18.307106854071293
84700 17.89846814123014
84800 17.28891116976535
84900 16.912123271713714
85000 17.507597928616846
85100 18.713656052961475
85200 19.077593706767978
85300 19.213752007430962
85400 18.40126736698075
85500 18.45704111104469
85600 18.06374816713418
85700 16.672600272228244
85800 19.276537709887606
85900 18.220151800514692
86000 18.716010487097662
86100 18.65493148748267
86200 15.526604890546945
86300 16.985699418994745
86400 17.955723271907885
86500 18.7349797055468
86600 17.72216363482061
86700 19.1638192891668
86800 18.648056645982503
86900 18.734251910168968
87000 18.019194797716715
87100 18.545539169690624
87200 17.715871306011287
87300 18.148811397756344
87400 18.07864618785406
87500 17.350898888157438
87600 17.029334097720596
87700 18.305452123036897
87800 18.155290013545322
87900 17.398482551603767
88000 18.17413457312743
88100 17.873549958567878
88200 17.69446389537049
88300 19.05406205211028
88400 18.27401850454147
88500 17.11368129552641
88600 18.001764211146117
88700 17.013243340343134
88800 18.28164599831827
88900 17.78017334522253
89000 17.240347279068047
89100 17.725746730999038
89200 17.329468380888777
89300 17.53130069489093
89400 17.78975208906193
89500 18.920222952694235
89600 18.25467439392727
89700 14.050875413792028
89800 18.406123525406855
89900 17.89524954572339
90000 17.4837973915121
90100 18.247604508482336
90200 18.7640766416366
90300 17.570050633974965
90400 18.41082164676311
90500 16.971793386280098
90600 18.464605297094312
90700 17.93883939155944
90800 18.714071030713576
90900 17.06128117335269
91000 17.41948813898449
91100 18.09329290724702
91200 18.439176087688516
91300 17.569153868967547
91400 18.191844222742027
91500 17.929264194799558
91600 16.810128572028127
91700 17.63285615443519
91800 17.348662905807576
91900 18.905328955485984
92000 18.852138380234326
92100 18.71362515710874
92200 19.229915899452394
92300 17.957004998760706
92400 18.680644333483183
92500 18.78012802184626
92600 17.72506148407068
92700 17.828610871807303
92800 16.73711986426891
92900 18.085720554790356
93000 18.39649355923396
93100 18.215181271493886
93200 18.997274328306922
93300 19.298221928788383
93400 17.26801010827043
93500 18.175447234003887
93600 18.407174621398852
93700 17.925875400773325
93800 17.854004553719975
93900 18.061560435610854
94000 17.3019637360092
94100 18.3343645084502
94200 18.495189347037876
94300 17.337628809892774
94400 17.550564393002478
94500 17.801086415405003
94600 19.462504448868813
94700 16.6465092752271
94800 18.16420567782649
94900 19.278776441080208
95000 18.484728447809307
95100 17.674472713899974
95200 18.015461906472193
95300 18.16948593078887
95400 17.866456638334622
95500 19.26672351399539
95600 18.754535430832757
95700 18.14337399000711
95800 16.328648983923724
95900 16.923469903535143
96000 17.522948065089388
96100 19.62898320027063
96200 18.098888611455084
96300 18.994705455441114
96400 19.527170446273626
96500 18.56325571891068
96600 18.660476128967154
96700 15.89911591091139
96800 18.803964770259206
96900 18.07541707135406
97000 19.603832572835884
97100 16.357865353854574
97200 18.908961215368624
97300 15.495865048210637
97400 17.990948686432226
97500 17.974369992959144
97600 16.677869226516574
97700 18.63522903640882
97800 17.44041667746702
97900 15.25041017970074
98000 17.2934499038411
98100 17.47035791789829
98200 18.550539034752017
98300 19.14391735459994
98400 17.589323663877312
98500 18.025780960922262
98600 18.81119370819974
98700 17.78741051167761
98800 17.701290808096264
98900 19.23833491596254
99000 17.268528639083954
99100 18.911005137332204
99200 16.88303070074451
99300 18.819541555694794
99400 18.527867782022994
99500 19.076800822318443
99600 18.660667490438545
99700 17.753366989036543
99800 17.823121964337147
99900 18.143342833572984
100000 17.676834418637267
100100 17.85263346301968
100200 17.912248001773605
100300 17.78627719225506
100400 18.061551122971306
100500 18.95279729714191
100600 18.601720886003232
100700 18.99446036317785
100800 17.92350635580129
100900 16.538662565018228
101000 17.194401844619186
101100 17.47703203244825
101200 18.865994020815243
101300 17.540850285461193
101400 17.421166938914435
101500 18.687659376314947
101600 18.239314037594617
101700 17.596703686313326
101800 17.91584615769569
101900 16.516092707104608
102000 18.209857664961394
102100 18.17920104582045
102200 19.617046903562002
102300 19.20239142597831
102400 18.38731933915874
102500 19.186593306619944
102600 18.51621877210298
102700 18.29358043786977
102800 18.214804652088375
102900 16.41323996057035
103000 18.679406020333538
103100 18.750327093776637
103200 17.938124874586457
103300 18.036158270107396
103400 17.02706949170656
103500 19.06514287129342
103600 17.15274434826028
103700 17.599078147620222
103800 16.650994801362476
103900 18.780147388486515
104000 16.62313984454206
104100 16.46242953309055
104200 17.49123695805236
104300 18.883254301658095
104400 17.76716896114641
104500 18.114137129116475
104600 18.516028632884932
104700 17.804765113669685
104800 19.030943758433022
104900 18.04054702980927
105000 18.910690552324667
105100 18.05029950067882
105200 18.524332506146838
105300 16.645534718898492
105400 18.627441831024548
105500 18.129988858267605
105600 18.471229833502438
105700 19.30646890998741
105800 18.931064065371473
105900 17.782650794572437
106000 18.05945881441932
106100 18.502983224523838
106200 17.46582559793946
106300 18.09912162234781
106400 18.468424875388344
106500 17.477361276589313
106600 18.73285912303865
106700 18.24960877329303
106800 17.404033574942677
106900 18.278245764184415
107000 17.92951546347174
107100 19.1051709737832
107200 17.21992172544776
107300 18.85165296540915
107400 19.744170791113252
107500 18.99481210458991
107600 18.141057494948818
107700 17.984752949381328
107800 17.352351375340223
107900 17.06120162081795
108000 16.924590273370807
108100 18.376150909163798
108200 18.683624534683275
108300 19.36727211175207
108400 19.49283010323775
108500 18.45344404764708
108600 18.33712342043639
108700 17.853187490247986
108800 19.139524896255065
108900 17.179763363695553
109000 17.63860059003089
109100 18.192770054278476
109200 17.265248102375274
109300 17.73336475807657
109400 18.899347650606916
109500 19.13844491583543
109600 17.832479978064335
109700 18.835872654573677
109800 19.330061227149457
109900 19.361368460822778
110000 19.717144348856646
110100 18.745109968058504
110200 17.844415570198887
110300 16.999440380386467
110400 17.609687215098024
110500 15.13365611668104
110600 15.797849289683175
110700 16.88535287663436
110800 19.198554832382488
110900 18.64888940017969
111000 18.755087672586466
111100 16.933631478996798
111200 17.649283111125133
111300 16.154551512485043
111400 18.892190194653764
111500 19.01997043242853
111600 16.981409810948627
111700 17.29867892844469
111800 18.96929475781134
111900 18.66297230777536
112000 17.60819177938502
112100 17.968907641085377
112200 18.23332492216378
112300 17.551030058707077
112400 18.021895549867626
112500 18.812511316204834
112600 18.193791422057213
112700 17.243594125603035
112800 17.106360101897938
112900 19.09077239950134
113000 17.791129831379873
113100 18.459200901513245
113200 16.849160113467562
113300 17.109649790203264
113400 17.11256455749021
113500 17.75132286174492
113600 18.606327462568085
113700 17.987666278611407
113800 16.77494833870841
113900 17.17335349327705
114000 19.281572161998106
114100 17.26528861447651
114200 15.906934675374469
114300 18.587557290347846
114400 17.69538843684474
114500 17.633786269172806
114600 17.87471379066498
114700 17.900969603208633
114800 18.359612703756774
114900 17.220967067295298
115000 18.130798310521996
115100 18.09006192497324
115200 18.914421966349188
115300 17.88099901473497
115400 19.048391004431878
115500 18.618866440935264
115600 16.240645818064184
115700 17.44853660254063
115800 16.492587881546495
115900 18.933969851234846
116000 15.688054806400432
116100 19.33189589308578
116200 18.764013411222656
116300 17.15456208704991
116400 16.80860077865201
116500 16.478264871523372
116600 15.84192392034762
116700 17.63195501608404
116800 18.859887527957465
116900 17.400145176310556
117000 18.5564190200748
117100 17.043846195751982
117200 18.592724482427215
117300 18.658838611154625
117400 18.595185705833124
117500 18.062533975863126
117600 18.49230133997281
117700 18.336279948449317
117800 19.477037948810814
117900 19.13086866908398
118000 18.52335768199254
118100 17.778439785872227
118200 17.723337959125715
118300 14.619077541862945
118400 18.198611702605486
118500 17.458009680636682
118600 18.4977724360694
118700 18.663665728303897
118800 17.433177313008855
118900 18.8535812327204
119000 17.66139039852928
119100 18.340714410539526
119200 18.87066784643155
119300 18.39900469495837
119400 18.51411942500253
119500 18.808640568245742
119600 18.967363337469127
119700 17.365147109279107
119800 17.681611409331435
119900 17.45259979214065
120000 17.563383888218873
120100 17.343194728696993
120200 17.60294451186015
120300 17.97423862150241
120400 18.482090982381223
120500 18.91574861158671
120600 19.473576287799297
120700 18.453010397671033
120800 18.37876205233263
120900 16.360218189597397
121000 17.355097073706187
121100 18.15743102794171
121200 18.08723753917485
121300 18.576680005833317
121400 16.83242569290411
121500 18.49544070263568
121600 16.300371765871844
121700 19.20704351498349
121800 18.397172122356316
121900 18.238671856933408
122000 16.73888010222115
122100 18.551533265906972
122200 16.37078363627693
122300 18.305294576646578
122400 18.972944493702165
122500 18.509680111550242
122600 18.277498813110082
122700 17.480362280262362
122800 19.107301440688676
122900 18.921178998573993
123000 19.01994087818049
123100 18.769207843309463
123200 18.16981281116668
123300 18.90115368938655
123400 18.891029907391314
123500 18.894649833034908
123600 17.602245559279723
123700 19.32280553468118
123800 17.089767572855433
123900 17.974131536296742
124000 18.868322226298098
124100 18.588178883549812
124200 18.41405432722445
124300 17.815133421207843
124400 17.753062319851136
124500 16.33530537359827
124600 19.10651590656014
124700 16.732483928582223
124800 16.97554436083709
124900 17.342630979153892
125000 17.61079523173577
125100 19.021379296704943
125200 16.872320160301236
125300 16.283671033922282
125400 17.64461158372182
125500 18.638235045933506
125600 18.48158968811312
125700 19.672854004542266
125800 19.19387536384699
125900 16.918753562371133
126000 17.5521450598506
126100 19.30090168694215
126200 18.157252541040588
126300 19.19994938260082
126400 18.374233703950036
126500 18.051632234728356
126600 18.35257986040667
126700 18.744264916384836
126800 16.056661082958243
126900 17.135236800351187
127000 17.836033550658946
127100 18.52858809245224
127200 18.78196087259833
127300 14.960812233308383
127400 19.189516054355018
127500 17.964536660571532
127600 17.3914390096679
127700 19.162453912547033
127800 17.79762789072266
127900 18.340466546246432
128000 16.251891201881634
128100 18.022367244917653
128200 17.739302038406716
128300 17.913832048887702
128400 18.67802954892959
128500 15.536181933111987
128600 15.779742116914875
128700 18.901777075314932
128800 18.8029019323952
128900 19.270761062316407
129000 18.029813653932678
129100 18.041627994800642
129200 16.768292762319735
129300 16.485909345013688
129400 19.000957991490576
129500 18.32894798126564
129600 18.524151035158468
129700 18.55905256507321
129800 19.584356709241764
129900 18.958327365137695
130000 16.99069018972816
130100 18.24013770290741
130200 18.831275370076924
130300 18.975628529368567
130400 18.630871987044664
130500 18.552304041367535
130600 19.01301543017482
130700 18.03231702575059
130800 15.697635032675446
130900 18.261444973291393
131000 17.683697145250374
131100 17.29197013879471
131200 17.708068283557317
131300 17.00971116801343
131400 18.694343523517595
131500 19.001411942072092
131600 17.810782274596026
131700 19.12006506578513
131800 19.17345905352462
131900 19.2424275738633
132000 17.00580241300498
132100 17.33685378316987
132200 18.14228166908519
132300 17.69181324696955
132400 18.13094760514876
132500 14.834893355622237
132600 18.130977166591904
132700 19.295453881664155
132800 18.594412553702902
132900 18.382550507716857
133000 18.09041130966443
133100 17.179053872646648
133200 18.89118732931149
133300 17.884647009226327
133400 18.324704509113726
133500 18.26894174396078
133600 18.596003236442545
133700 18.807581116591418
133800 18.065733915358276
133900 18.318778511825133
134000 17.60860241332343
134100 17.913790004815898
134200 16.858489103711214
134300 17.680085727416213
134400 17.821017946717724
134500 16.506851035223786
134600 16.777996156125234
134700 18.216274046990563
134800 16.989748312413067
134900 17.784006538695646
135000 18.330570741623884
135100 16.184252597681862
135200 18.55895814097715
135300 16.852626732685028
135400 18.294622359526727
135500 16.49052156734711
135600 18.949415484533933
135700 18.09682642645256
135800 19.348633410039252
135900 18.93786831467301
136000 17.823463377546144
136100 17.167037054428754
136200 17.684647746335497
136300 16.333422474509167
136400 18.262662894198314
136500 18.367678995494323
136600 18.13186682452527
136700 19.05175841941982
136800 18.680817424822614
136900 19.300117023716826
137000 19.299470632620775
137100 18.71847156448
137200 17.413721382130866
137300 17.571768607703046
137400 18.660550997391532
137500 18.847336139345366
137600 18.65550918697711
137700 18.06072315063143
137800 17.713374958846185
137900 19.352041423070197
138000 18.54030416428772
138100 18.213959646419326
138200 19.37880757850696
138300 17.841564333659313
138400 18.687379343002505
138500 17.798603962179545
138600 18.507285469214448
138700 17.926666881229327
138800 17.721729514378193
138900 17.853616152783257
139000 17.988808951790364
139100 17.50466551969786
139200 18.8311362457981
139300 17.622350753615702
139400 18.844328090857577
139500 16.99261995217141
139600 17.970297716821946
139700 14.524748614065794
139800 18.469591568380302
139900 16.689284999705606
140000 18.327729488654068
140100 18.575654976004802
140200 15.542393960026436
140300 16.460762813918937
140400 17.69918150625553
140500 18.522161847031548
140600 17.510941071238957
140700 17.148694779682604
140800 16.63932713538374
140900 19.41467591220811
141000 18.767004864006907
141100 17.762820441787255
141200 18.598974855539538
141300 16.68944962631797
141400 17.680594710615942
141500 19.328727041890247
141600 19.82577370687289
141700 18.502250342317858
141800 17.32018502530553
141900 19.166231891603104
142000 15.454292198425932
142100 19.409772587230442
142200 18.82505681594444
142300 18.337087424889628
142400 18.46329526580022
142500 19.018841286415494
142600 18.798783973203534
142700 18.092996415450823
142800 17.74089249133323
142900 19.088350379450443
143000 18.113223089045476
143100 17.221234439821
143200 18.45705147139708
143300 16.188923724296526
143400 18.622154644553785
143500 16.356479214306496
143600 18.673421510329597
143700 17.66801736981892
143800 17.372507489125137
143900 18.795231180461485
144000 17.35822713767136
144100 18.489513578077858
144200 18.407017455848386
144300 17.56895583354724
144400 19.487832937565496
144500 18.87898884602705
144600 18.031382325886106
144700 18.953542698530487
144800 17.02369340765055
144900 16.67151854028701
145000 18.141103990653537
145100 16.67067859078651
145200 18.075490391547465
145300 18.184215374870213
145400 18.76828993820542
145500 17.85081578617113
145600 17.477800075470096
145700 19.170612179668247
145800 17.929061160326714
145900 17.81113392783417
146000 18.69030342713758
146100 17.17875501621609
146200 19.121719074353226
146300 19.196189635897824
146400 19.19081116183745
146500 18.162906210125275
146600 17.02904317222371
146700 18.418915611239782
146800 18.900880823801472
146900 16.629345515692687
147000 17.93759685857951
147100 18.515264434939727
147200 18.83403842970832
147300 19.11852576420884
147400 17.801066350592222
147500 17.312485110076107
147600 18.296201071051463
147700 18.4293554753963
147800 18.359955183399098
147900 19.29369657917414
148000 17.94867701880363
148100 18.498061265910057
148200 16.148860765874584
148300 18.11009721011289
148400 18.613018467321822
148500 18.550846927215794
148600 16.077854228662268
148700 16.295060449709805
148800 18.268896971652207
148900 18.506337226490615
149000 18.918242097380244
149100 18.58141550224859
149200 18.033816008311597
149300 18.797843794955714
149400 17.26555778087587
149500 18.521768563310467
149600 17.939594257853273
149700 16.37970212131313
149800 18.3631693383101
149900 18.240384153808705
150000 18.981657538953428
150100 17.672346378387953
150200 18.66004291482553
150300 18.280051191615755
150400 17.41472152861574
150500 19.154578263696752
150600 18.864683791826337
150700 18.346230755970282
150800 17.018852064329263
150900 18.3086481931318
151000 17.980177840717186
151100 17.97746656402442
151200 18.367523528127357
151300 19.30970056212372
151400 19.12163913397251
151500 18.271946097616034
151600 17.73659978812242
151700 16.21364910484594
151800 18.471196056611117
151900 18.290191584742495
152000 19.30565326059269
152100 18.94593316185534
152200 18.862887931672653
152300 17.13889605436344
152400 17.853340840579012
152500 17.898222475975828
152600 18.348496156135422
152700 18.00825633378713
152800 18.958346262978218
152900 19.02775174088804
153000 19.411350751865772
153100 17.835523759397788
153200 18.143916476994562
153300 18.473245569980726
153400 19.223295426258012
153500 17.78006995986711
153600 16.594979820096132
153700 18.97025706429205
153800 16.799002322937067
153900 17.397787609740885
154000 18.723970582559545
154100 16.55806190968215
154200 18.31104670904463
154300 18.59108350201506
154400 17.04680862216738
154500 17.38324806979469
154600 18.11197650465615
154700 19.046109898498642
154800 17.990112317688112
154900 18.945495892673804
155000 18.34883503379671
155100 18.575555252400978
155200 16.49386652410505
155300 18.768769448058134
155400 18.861221176266568
155500 18.84072782445056
155600 19.153634230366244
155700 18.96222076537442
155800 17.11958854251762
155900 16.896129878518487
156000 17.032562522316603
156100 17.197125573453505
156200 16.774038164948628
156300 18.910180022207868
156400 18.27491249555527
156500 17.95429989792296
156600 19.28882054261185
156700 17.196004494186973
156800 18.12286755137878
156900 18.635175613067414
157000 19.22421627631725
157100 18.683828720081685
157200 18.213672977810063
157300 18.364890123368298
157400 16.84912760639387
157500 18.436028866123234
157600 17.237103904245213
157700 18.95523041160956
157800 19.425300502751266
157900 19.109467411964598
158000 17.71643367591674
158100 18.306351353761805
158200 19.512438761626793
158300 18.260524269415527
158400 17.42858408527134
158500 17.324420672759988
158600 18.005849962250633
158700 18.91461519894283
158800 17.81998443919684
158900 18.95046184385568
159000 17.074048521409786
159100 18.28483928281066
159200 18.696665978948865
159300 18.166956209289182
159400 17.79503417970528
159500 17.216497079171322
159600 18.9631050104561
159700 17.539576142602737
159800 17.613081451849684
159900 17.8156448900254
160000 16.216794796072573
160100 18.279367909088148
160200 18.083674157348245
160300 18.095196471928332
160400 18.680746741966747
160500 17.60987042213161
160600 16.69438492987636
160700 17.831670719921785
160800 18.4765475725087
160900 18.97940065400584
161000 17.821804994901722
161100 19.197540461389806
161200 18.829082776662027
161300 18.235466896162784
161400 18.533545649104877
161500 18.41126083437378
161600 18.42400513784144
161700 17.67996614675219
161800 18.83784545936808
161900 18.238258261353206
162000 18.31314458326769
162100 18.583415473338878
162200 18.242337526579483
162300 17.946950808737014
162400 19.068387798341355
162500 17.515171357581576
162600 18.976808321763162
162700 19.16400178400022
162800 18.33066748241095
162900 18.846806208517492
163000 18.14263866640115
163100 18.326683904878838
163200 18.276699717224403
163300 18.685347840534504
163400 17.829783112113006
163500 18.737857755556046
163600 17.14971937476085
163700 17.086727098938965
163800 16.583062084840186
163900 18.98968248426795
164000 17.435796977437196
164100 18.612442650033447
164200 19.267030059626965
164300 17.971112055443864
164400 17.690216512810522
164500 17.13224241289947
164600 17.49596861285558
164700 19.386802970275344
164800 16.467668278647835
164900 17.39301456238317
165000 17.87993651707067
165100 17.153510045365056
165200 18.839803648845606
165300 18.536095972933865
165400 18.852689154726935
165500 17.403420307561195
165600 16.607505495376927
165700 18.44487729662573
165800 16.038013488702184
165900 18.274061121980033
166000 18.67780720314398
166100 18.71826874353026
166200 18.56153195418368
166300 18.880693900761468
166400 18.847467496245212
166500 17.22826505048918
166600 16.631529809208086
166700 18.550504303468657
166800 16.263542733889334
166900 17.588849441109662
167000 17.779626138795486
167100 17.2190024743809
167200 18.089090905211187
167300 18.338015590149386
167400 16.372356871836953
167500 18.862045655250164
167600 18.56265866489095
167700 18.461540684221507
167800 17.56765300114707
167900 17.550182981636038
168000 17.227845833133877
168100 17.4587832231764
168200 16.34269711009748
168300 17.31562994490151
168400 18.562061281200375
168500 18.703204903784414
168600 18.538946732104264
168700 18.40271930156522
168800 19.226762317424143
168900 18.561763215898218
169000 19.094314681621988
169100 17.63404743927223
169200 18.459710926494537
169300 19.19358357499106
169400 17.725705654785305
169500 19.480282094637378
169600 18.81976779484404
169700 16.968805509101852
169800 18.557373486208526
169900 19.06577669458357
170000 17.025446073548128
170100 18.25827537871141
170200 18.36048847837656
170300 19.139369817559245
170400 17.0857164757014
170500 17.852848864763622
170600 18.51518260126341
170700 17.10408191733251
170800 17.960803553558108
170900 17.109540359154277
171000 17.49610224059241
171100 18.34514509591777
171200 18.52439532813412
171300 19.03209394944772
171400 18.437409331861218
171500 18.04698186155049
171600 17.244085652643264
171700 18.571597241515814
171800 18.673393688412474
171900 18.841256980699253
172000 16.90717580292304
172100 18.74186969728003
172200 17.486353258261147
172300 18.322467444488215
172400 17.42826275533225
172500 17.383817274527274
172600 18.01645784103094
172700 18.917345789279864
172800 17.72190393931819
172900 19.210762548919195
173000 18.118908136917348
173100 15.838100492880304
173200 18.04598242794752
173300 18.055119087460568
173400 18.0151556122644
173500 17.335702078865427
173600 18.95026000591782
173700 18.440623306514546
173800 19.248415853482012
173900 17.048059248344135
174000 19.357604495175533
174100 17.6013339561546
174200 18.042930713987353
174300 18.1981724955968
174400 18.882110131083852
174500 17.63483629265038
174600 17.70006400171683
174700 18.344649372138356
174800 17.363289182373293
174900 18.850398845207195
175000 19.16881579964637
175100 19.137066393819417
175200 18.019492541658032
175300 18.304090314109747
175400 18.20740604827406
175500 19.21547886453184
175600 19.370807666696585
175700 19.176286870036673
175800 18.329533458285713
175900 17.630905018516824
176000 19.018933024803346
176100 17.034242749188127
176200 18.758904501956668
176300 18.868939306056294
176400 18.4786475691263
176500 19.142508556090895
176600 19.650104300295027
176700 18.002870860344732
176800 18.41430753737174
176900 18.168267226281884
177000 18.433744627054914
177100 16.100613284449185
177200 18.234791988398907
177300 18.764188822059097
177400 18.320367305084
177500 17.138278105243806
177600 18.19320849151151
177700 17.89363565952201
177800 17.748600066883657
177900 16.80706477344784
178000 18.638183287377124
178100 18.04477491200762
178200 18.683123783495724
178300 17.620754430307837
178400 17.9167401650111
178500 17.8709551129397
178600 16.222966038425305
178700 18.094002424778115
178800 18.023296083750484
178900 19.269348464877986
179000 18.33454396087686
179100 18.903362238087343
179200 18.639430797727638
179300 18.378234258636017
179400 18.48732698329192
179500 16.320407151833702
179600 18.847759598430287
179700 19.074983444485664
179800 17.83775335600884
179900 18.036836306242535
180000 18.117606967355044
180100 17.475733454824038
180200 16.85515183736547
180300 19.041745467938348
180400 18.276491456930003
180500 17.05968429716175
180600 17.941507496591225
180700 18.166918423732962
180800 18.581036290379572
180900 17.812944903127104
181000 17.507395515497297
181100 16.609654047522394
181200 18.260029589706907
181300 19.32329657412459
181400 18.69212234646003
181500 17.422346289594717
181600 18.510952877815917
181700 17.158925084216534
181800 17.231711427009188
181900 18.72952990510081
182000 18.63543051029485
182100 19.020920849849045
182200 19.055379180735752
182300 18.005605196433688
182400 18.018830739786402
182500 16.882544028491694
182600 18.26258331673388
182700 18.911473903706362
182800 17.932157796379357
182900 17.89747885719018
183000 17.806191053117566
183100 18.617035609650927
183200 18.99950925898567
183300 16.874751105687718
183400 17.26362822055753
183500 18.51724157885993
183600 18.125422961808564
183700 18.148193311660858
183800 16.82426646061422
183900 18.86575584090477
184000 14.92091768855732
184100 17.785538106651867
184200 18.086371486078995
184300 16.624780304516946
184400 19.162636689181085
184500 18.956636024965114
184600 17.171743340462864
184700 19.028159036153394
184800 18.239149647044893
184900 18.13955208805083
185000 19.07462914247146
185100 16.244597111457235
185200 18.155657772198122
185300 17.451596973788927
185400 16.998184945699677
185500 18.994867491632796
185600 19.03661200209744
185700 17.51398387378316
185800 17.75724575988356
185900 16.854617605496315
186000 18.736054760071763
186100 18.342509935997803
186200 17.873095010461178
186300 18.63544907492048
186400 18.029275585249245
186500 18.547834908064296
186600 17.647630594590208
186700 17.94778085203523
186800 18.476964812888895
186900 18.52686925872165
187000 17.328782733438846
187100 17.867542535680723
187200 17.84847263421327
187300 16.776994648724614
187400 17.439077070843734
187500 17.907784656378013
187600 17.24467674615216
187700 18.45665752270822
187800 18.737231598552757
187900 17.431449659323754
188000 17.679534489451537
188100 17.587771953807348
188200 18.677689619789238
188300 19.357654067128113
188400 18.304356581943722
188500 17.815309856593895
188600 17.44838688254799
188700 18.950860100104023
188800 17.36452372282413
188900 17.186926687707725
189000 18.853264118371943
189100 17.253092743849713
189200 19.369781011558118
189300 17.069914312941982
189400 17.583818043770464
189500 17.88277893030036
189600 17.85420680215483
189700 19.045747875364032
189800 18.818438675416385
189900 17.28546861947535
190000 18.10211312843473
190100 17.87946273116987
190200 18.960439569642258
190300 19.261363335290937
190400 17.69872031304685
190500 18.886692522891792
190600 17.36527461376344
190700 17.098998364090406
190800 17.83192617370129
190900 17.654504453574322
191000 16.588353754200295
191100 17.53188727161525
191200 18.375802729402846
191300 17.811241344515437
191400 19.413889800808587
191500 19.14621065024165
191600 16.620365687762128
191700 18.0691117625505
191800 18.424106175476098
191900 18.99295292048545
192000 16.275156391158326
192100 18.691120769361344
192200 18.086275133732958
192300 18.61488353557601
192400 18.25959801111355
192500 18.28438733180304
192600 18.218683376100987
192700 18.71744686604764
192800 18.94934683759147
192900 18.59909565302958
193000 18.261580086494163
193100 16.759110292539617
193200 17.51151883783355
193300 18.07872848807139
193400 16.64029870959072
193500 18.268975595072906
193600 17.694396874134426
193700 18.897661152341453
193800 19.005173444637283
193900 19.261145685017542
194000 18.540241257790413
194100 16.880527396062984
194200 19.211566916089087
194300 18.90436450894969
194400 16.938954678660373
194500 18.762793207356157
194600 15.970844597971636
194700 17.573457769591545
194800 19.216649410559043
194900 18.10396780133601
195000 17.662465736887157
195100 18.88443964843661
195200 18.34476864155085
195300 16.599417422598762
195400 17.667228026683322
195500 16.19268572684095
195600 17.764006213762446
195700 16.402568032280332
195800 17.050685418831844
195900 19.12789505011405
196000 18.010281015429833
196100 19.014947331871177
196200 16.39500663029484
196300 18.77177736145512
196400 17.62507646456988
196500 18.809696890926336
196600 17.782828424301833
196700 18.30123622057573
196800 18.02522594684923
196900 19.231058758177475
197000 17.901771939838508
197100 16.769297268066303
197200 18.509843724709054
197300 18.328976075183434
197400 17.644865932962166
197500 18.583043514474255
197600 18.727458989628822
197700 18.593278155476288
197800 19.077114440249918
197900 18.26897593217973
198000 17.763375086999826
198100 18.49995644808797
198200 18.589889796568627
198300 16.993004732882927
198400 18.491049956041323
198500 18.297882455579106
198600 18.582675127921917
198700 18.170777329873275
198800 18.147149349281122
198900 19.146484496093308
199000 18.808819226396032
199100 16.986904447456872
199200 18.93896262849978
199300 19.19706910201646
199400 18.169612719887407
199500 15.943444061272668
199600 18.327270602031792
199700 18.374319782619114
199800 17.274179301342322
199900 18.768938274812207
200000 18.324553077977487
# End time: 22-11-2024(22:43)
