# Model = Qtable.(3^9x9)
# Num weights = 59049
# Learning rate = 0.001
# Env random seed = 111
# Start time: 25-12-2023(20:39)
100 -22.721975091483767
200 -23.388307678221846
300 -25.350121982802452
400 -25.49421846513416
500 -23.59812690559166
600 -21.973693152600283
700 -23.18540382218174
800 -21.327859681529137
900 -23.149983627935384
1000 -22.28909198668747
1100 -24.692415378518113
1200 -21.005212393249014
1300 -17.751132302862537
1400 -21.339001638010505
1500 -22.837082152605344
1600 -21.41544537707445
1700 -20.076555712431354
1800 -21.114330920470326
1900 -19.549192458814368
2000 -22.65501739510436
2100 -20.578224707386877
2200 -19.569581772990244
2300 -19.78013912436008
2400 -23.15136069115651
2500 -18.84549545182981
2600 -17.817402428346174
2700 -19.432459047682308
2800 -18.119343522422394
2900 -20.393825417776636
3000 -17.51943520438481
3100 -15.77032055554301
3200 -17.14847158948828
3300 -17.61314024650704
3400 -19.04559704464154
3500 -17.172937783064476
3600 -18.44115357113607
3700 -17.012777374510396
3800 -16.511366446531884
3900 -14.795064652000285
4000 -11.605354883391902
4100 -12.50740498747655
4200 -18.037318847182163
4300 -10.777257049782747
4400 -8.791522248675358
4500 -16.99798022300221
4600 -12.65333747331336
4700 -12.888890764966376
4800 -15.971886084839642
4900 -16.967020691117703
5000 -19.913141912896776
5100 -15.44095578996093
5200 -11.928882395882912
5300 -12.523673086631584
5400 -15.001977776879288
5500 -11.631601926772936
5600 -15.743078972963469
5700 -5.608968740412653
5800 -14.31399477062594
5900 -16.477070084770123
6000 -6.673337371631732
6100 -7.752745811065321
6200 -15.132869277658223
6300 -13.40367049177155
6400 -10.75481650567326
6500 -10.964476833746712
6600 -9.793471153723155
6700 -7.633410514640932
6800 -10.503330327769639
6900 -10.32573162569263
7000 -7.758092957120093
7100 -6.646034635228206
7200 -7.083412819871588
7300 -8.975208551368269
7400 -4.793652172105436
7500 -3.936046109377188
7600 -12.538327207998348
7700 -5.193948050984973
7800 -6.539417166524207
7900 -9.699041507913796
8000 -8.33799667241913
8100 -10.550102292267315
8200 -11.24028768416246
8300 -2.2011175752432455
8400 -7.600379376306455
8500 -9.32730262956211
8600 -5.020543388144839
8700 0.46946250436806936
8800 -2.9527344563392544
8900 -7.459782698605103
9000 -3.330314465702228
9100 -4.25939353354026
9200 -2.413048785955083
9300 -0.7131606004224995
9400 -8.763239392310512
9500 -12.211473889891984
9600 -6.047282480868836
9700 -1.858595315639207
9800 -3.719640499849753
9900 0.7180533342800062
10000 -4.415926508057436
10100 -6.00298727870025
10200 -5.92939163361845
10300 -2.997700589391038
10400 -0.10763303833095716
10500 -5.958279820103614
10600 -0.2871061776098185
10700 -5.6947491309335385
10800 -3.4170804689810894
10900 -5.748466150682139
11000 -4.0612203902059445
11100 0.5027480824571082
11200 -3.5168573773765
11300 -2.5817264162031215
11400 -2.812380172275298
11500 -0.2137617668150119
11600 -5.238181152508577
11700 -0.4783754358757466
11800 0.7624432366806566
11900 -2.2326639296686217
12000 -2.986040546508308
12100 -2.1993854886086837
12200 0.27172966259450754
12300 -3.9599595925451943
12400 -5.583839217407871
12500 -3.4036646028661477
12600 -3.3258755537292775
12700 2.381823684971873
12800 -0.8925708543969245
12900 -0.575908746752713
13000 3.698031495823488
13100 -0.4418582492340434
13200 -4.594597054174239
13300 1.0051118146834255
13400 3.3192993621354847
13500 -0.9798684873619159
13600 -3.9302340218154654
13700 1.284300808993371
13800 -1.1450192775991768
13900 -3.584325547443064
14000 -1.8048794836699078
14100 4.9511813849181046
14200 -2.0409207621536636
14300 1.9021200790605746
14400 0.4411743561230821
14500 1.0238794152163955
14600 0.34538281425586703
14700 1.2898039639905845
14800 -3.5308750900247707
14900 -0.04768633997961824
15000 4.352824931928114
15100 -2.6061871936756256
15200 2.3710261127981704
15300 4.1561351398624575
15400 2.4909393664057844
15500 4.830504829300141
15600 -0.14982548304297827
15700 0.4592663067753111
15800 3.9019247587139163
15900 4.853444782605981
16000 -1.7815063220355798
16100 4.180098188502673
16200 1.8937334629418294
16300 1.4212054207020681
16400 5.7423906267746245
16500 0.02818913099918474
16600 -2.7228812004907854
16700 -2.5956738618487054
16800 3.1278108303907475
16900 2.1335375652062374
17000 -2.615049178057364
17100 -1.2011013689446683
17200 2.5260119790691573
17300 5.610307700747259
17400 0.3438523904826756
17500 1.8590147177735976
17600 2.8426611028086426
17700 2.337111996567145
17800 4.605292610300765
17900 1.3320877904881852
18000 5.072666884000169
18100 2.330342894093966
18200 9.451999999998412
18300 4.929109196446397
18400 1.1352609074795321
18500 2.794515798185223
18600 1.26240321402872
18700 3.8667678086192154
18800 1.8240977358149517
18900 1.5791716381533667
19000 -1.0328263329067053
19100 3.658731234336859
19200 3.349874952505062
19300 7.501956204239938
19400 -2.2950746413170577
19500 3.8292182364031975
19600 5.627069550038961
19700 -0.8077258751001503
19800 3.1683073358367886
19900 5.694435121201682
20000 4.849367810465312
20100 -1.0487083382441855
20200 2.7387529765478225
20300 7.90044200120152
20400 3.659846434505656
20500 7.870899437927411
20600 0.28676786630938933
20700 6.656692103774288
20800 8.059983481217637
20900 5.707701218095365
21000 6.461545191914918
21100 0.10082110269603511
21200 4.006416460361322
21300 9.140202869893974
21400 3.648178038679624
21500 7.436810615173456
21600 7.296281959424793
21700 7.193422269700192
21800 5.90138890241585
21900 6.524533331081053
22000 5.738030406364528
22100 5.6146854606949
22200 4.608238539608636
22300 0.23436777273737372
22400 10.159851892666238
22500 0.2881510646581198
22600 8.187220157296684
22700 6.893527264686256
22800 7.472260040405682
22900 10.515918530702839
23000 8.063989950641663
23100 2.8391856667331514
23200 3.705825341647019
23300 11.8893230715911
23400 2.772259921590207
23500 4.978791506066072
23600 10.041014460680396
23700 7.291563188103133
23800 11.026290716269166
23900 9.90544014347459
24000 11.19961143533916
24100 11.951180536232602
24200 4.4952843680767325
24300 8.41827605305598
24400 10.58725708302938
24500 8.595065329050822
24600 4.417328447960617
24700 9.523758392368059
24800 3.1749176909185373
24900 8.565487657734536
25000 7.2454017371704955
25100 4.914698349052456
25200 7.173765515129328
25300 12.166236292809701
25400 11.486354003602038
25500 5.096569450137484
25600 11.329060422514564
25700 11.347594640070769
25800 7.510854297255584
25900 6.257016021567809
26000 10.027063834545494
26100 12.339058429059119
26200 11.702524409638212
26300 10.521159185805018
26400 5.506354635520388
26500 12.358976867415008
26600 5.0707846385863995
26700 9.765124427008097
26800 7.183624086779067
26900 8.359882485731468
27000 9.697349336267594
27100 9.921696181325599
27200 12.530121785014249
27300 10.826513064749106
27400 12.575690239893111
27500 9.438038417876315
27600 13.465560910518713
27700 11.734683955159655
27800 8.924879713590265
27900 8.145028447267203
28000 6.801089286646147
28100 12.146826519771498
28200 7.099585032828349
28300 9.33519617008723
28400 9.837845051274439
28500 9.219709795403787
28600 9.008090869304775
28700 11.640738318465072
28800 11.902282223186631
28900 8.36845563006652
29000 9.568809884976126
29100 9.399071298129222
29200 10.019565928853167
29300 11.222432049662695
29400 10.55341798047564
29500 11.898592200661883
29600 7.287333631832994
29700 6.943854591535096
29800 11.975095126780756
29900 14.075729704193241
30000 7.07486545646071
30100 10.043646372156736
30200 8.38452639311296
30300 9.849382408872298
30400 8.276585509764395
30500 15.428104127926193
30600 10.71717736025985
30700 12.874134927352108
30800 12.005864146128523
30900 7.612044104329552
31000 10.795333187389268
31100 9.389321267754704
31200 9.476281528790455
31300 9.828655516009594
31400 10.302773024187873
31500 13.395811143839307
31600 3.017737474424176
31700 13.390170143211618
31800 12.346092000900617
31900 6.158126039616043
32000 9.045249752311198
32100 11.9035091196567
32200 10.964998436972902
32300 6.584974506995739
32400 12.835006133604399
32500 10.910785350015782
32600 8.219919563417845
32700 9.45579017512581
32800 12.955207099797331
32900 9.222977856062085
33000 11.005581357538192
33100 7.3929728743036796
33200 10.634843406788635
33300 11.13990206020025
33400 5.672008783382021
33500 14.39841797199451
33600 11.947669587020048
33700 7.014378947677685
33800 5.99677889002389
33900 14.344894002537327
34000 8.698648325859528
34100 13.532597868008894
34200 7.5679648524826915
34300 10.143984466975796
34400 14.481922801327743
34500 15.091709604843187
34600 10.69890144577543
34700 12.147306742670597
34800 11.20011876249879
34900 7.329905055222847
35000 10.286965506313479
35100 11.55941386711662
35200 12.901174960221088
35300 6.4932591965061635
35400 12.19477419307214
35500 14.998073368788756
35600 8.904329338618226
35700 9.520732045339011
35800 10.585570587125984
35900 14.44419892984387
36000 12.578822114948412
36100 10.928557912634725
36200 11.319338079106828
36300 14.988262507923118
36400 12.649523664644796
36500 13.904163212517075
36600 11.92544096992398
36700 8.330097116824296
36800 8.868012532643954
36900 14.700716267997745
37000 10.06991882781472
37100 11.93211294022365
37200 13.398141656889905
37300 14.637169417501005
37400 9.935266340161276
37500 11.81562647225415
37600 10.199576577241533
37700 12.60982424619908
37800 5.836201175898927
37900 11.059887244118277
38000 11.972506413248205
38100 13.389225384176857
38200 14.55676141454734
38300 10.487455266983751
38400 13.692444586770387
38500 13.954307918737786
38600 13.184650498612077
38700 12.79184853137257
38800 10.591538801588953
38900 12.753699821542309
39000 13.962653498529107
39100 15.38108885744787
39200 12.346976689632426
39300 11.182426304153843
39400 15.541850099035706
39500 13.658571976596416
39600 12.894854564335247
39700 16.527406284757845
39800 9.73121107213082
39900 12.241243443447313
40000 15.330107227398965
40100 9.782674123873567
40200 6.775276653451597
40300 9.482642606934318
40400 13.038273158617942
40500 12.671302134118301
40600 12.176097644198764
40700 13.324180858380352
40800 15.221349742910057
40900 12.59885165497813
41000 12.068844862668096
41100 12.498642105689296
41200 13.074613498052427
41300 6.935273948210713
41400 11.968990424384529
41500 12.9135895593095
41600 11.408274446003706
41700 11.86356662429032
41800 6.283854967921503
41900 15.023801381970017
42000 11.918657035523363
42100 14.164818283072668
42200 11.369178277340987
42300 12.93106571566131
42400 14.007908474313949
42500 12.190773127079227
42600 12.126191066110398
42700 9.452915389855924
42800 13.201016371365938
42900 13.783307479320532
43000 10.888334283869291
43100 13.718837156286735
43200 15.307370086599462
43300 14.287605199004028
43400 15.484416868832563
43500 14.100090252103444
43600 7.379197186869804
43700 6.170930280587517
43800 11.180616803149256
43900 11.920060913410307
44000 12.030543257505833
44100 12.877300845154739
44200 15.465321519757408
44300 12.299437338343706
44400 14.411273989263057
44500 13.444641157747288
44600 10.451682630639752
44700 10.069779038689095
44800 13.98560996941112
44900 13.6531286946846
45000 12.944254660799382
45100 8.69465402830377
45200 13.23583214393394
45300 12.835119593965512
45400 10.551299806097544
45500 15.13438353833894
45600 10.46701754491919
45700 16.041914805558886
45800 16.397626858333894
45900 14.902211545047138
46000 11.842442009208574
46100 13.60285522678141
46200 14.8309544033425
46300 15.017340010543242
46400 13.05187950355254
46500 13.651959552152293
46600 7.385725095983155
46700 12.684979310805458
46800 9.951786784291002
46900 15.933374049968702
47000 16.6191087399724
47100 14.134059849270004
47200 10.840634883134108
47300 16.994841171382955
47400 13.990528255702014
47500 16.13114644657833
47600 14.842358916773618
47700 13.173099025406499
47800 16.643383035339408
47900 13.392596018223793
48000 12.676109889723355
48100 11.482573902393097
48200 15.570312783948348
48300 16.41089470095654
48400 14.792257963438638
48500 9.557268465201378
48600 13.902400828586718
48700 14.113839750519455
48800 13.740254709100752
48900 16.638458237195657
49000 11.95501020321213
49100 14.849429520378163
49200 12.935043363801395
49300 14.905730757478892
49400 18.331714079785993
49500 14.26952239360307
49600 12.824153273043029
49700 12.923952049888642
49800 14.453392855134103
49900 14.43874785717666
50000 13.254034953683194
50100 13.986248875709117
50200 16.312308989872378
50300 16.031217502465008
50400 13.803546981152097
50500 14.801430491588
50600 15.005383562582534
50700 11.232464688490456
50800 11.988538229419223
50900 14.55775347348982
51000 12.772089565204038
51100 14.024275580366771
51200 12.115704253041486
51300 12.623760627421547
51400 12.529851429639912
51500 14.049364124182414
51600 12.99665507080869
51700 16.519109163749466
51800 13.854123636190092
51900 14.703683410337662
52000 11.488901459400912
52100 10.931134260935586
52200 14.24570603900555
52300 11.01896195570993
52400 14.107900321105772
52500 11.500222910089363
52600 13.765510626240495
52700 15.922392113580953
52800 12.836315957751266
52900 9.654884627500211
53000 10.431232720177134
53100 12.987769206475814
53200 10.902788968234107
53300 15.483643811066738
53400 15.970388890436977
53500 14.643734675161818
53600 15.094084604714595
53700 12.181303356228794
53800 14.864859280470736
53900 14.232867235917265
54000 16.160145791545443
54100 13.270315599007272
54200 15.466403383783422
54300 13.54352720404725
54400 15.28513883634698
54500 12.991621048869588
54600 11.055007884122677
54700 15.818010293265004
54800 16.017975754844795
54900 15.273448386477611
55000 15.643413462773449
55100 14.701128125660475
55200 15.109995228291218
55300 14.98063156631079
55400 15.714908760459503
55500 14.926746590619658
55600 16.002187796978323
55700 10.43387932728808
55800 11.774880676665934
55900 15.531930481664126
56000 15.234314144764614
56100 12.105484785056593
56200 16.147939464874018
56300 11.57795820107245
56400 11.802369127065466
56500 13.450262754303827
56600 8.662084589442593
56700 13.402066732865197
56800 15.70249074867893
56900 14.703993755972265
57000 14.277307212033076
57100 13.943338186395687
57200 13.799711596409972
57300 15.220205659456225
57400 16.373829520625772
57500 13.384756487158892
57600 14.49841339763242
57700 16.905356071898282
57800 10.919463279033009
57900 10.116349767756057
58000 13.94721130283619
58100 15.070294773694194
58200 17.2792113750706
58300 15.86367974464199
58400 11.67609242372609
58500 15.441665777035746
58600 14.287611969129745
58700 13.050892047587233
58800 14.89724046742161
58900 15.649118909020755
59000 15.776829420724306
59100 16.236843015105315
59200 12.344151901734119
59300 16.32344831360876
59400 14.622825155890293
59500 15.489021377812678
59600 15.216203712869227
59700 16.022446584819853
59800 15.275589690249681
59900 15.249785561548064
60000 18.206087555787754
60100 15.374988466513026
60200 13.948752758977676
60300 12.57522760898421
60400 15.058095237878895
60500 15.363585422012264
60600 16.15450195482612
60700 15.504291678445627
60800 15.714152808083064
60900 15.641072633947676
61000 17.056808474289742
61100 17.58573683572416
61200 14.843506940598699
61300 14.37498315858735
61400 14.9882368087495
61500 9.372042045484644
61600 12.682361262310692
61700 16.2414899292038
61800 13.995476907357022
61900 14.43348420974653
62000 14.55822548767013
62100 14.484558487063792
62200 14.963450360863165
62300 14.760770669830164
62400 12.548683853923544
62500 17.913078032948444
62600 14.664660341957907
62700 17.98413048160163
62800 16.10402254613267
62900 16.44088333631342
63000 13.181310359102449
63100 15.734676413772288
63200 14.009241154016665
63300 16.628795756966433
63400 15.790790682679177
63500 17.604946182545593
63600 14.155934501348057
63700 13.604799518687003
63800 13.885635351824183
63900 15.683458419748154
64000 17.123092466703127
64100 17.40460936133477
64200 15.849555638787402
64300 13.239687658223511
64400 16.610935388930393
64500 14.504354478425194
64600 15.551737254833068
64700 13.644959011567202
64800 16.97452759993244
64900 14.755031290166
65000 15.70618863288568
65100 14.209780873429233
65200 15.10601865935576
65300 16.905637325176965
65400 17.101708443989768
65500 14.742089169110548
65600 11.443795698482347
65700 16.679251280377336
65800 13.173551202660418
65900 13.03981418169844
66000 17.2214931821294
66100 16.4633322861476
66200 16.151102025871708
66300 16.134674186766528
66400 17.332056273457738
66500 17.298646286179814
66600 13.97414627907309
66700 15.327351297414229
66800 15.995303389809859
66900 17.557408842304543
67000 16.4069758099849
67100 16.921433587379255
67200 18.035856040752396
67300 15.3705038006066
67400 14.418253287218285
67500 16.494998361876476
67600 16.05271074226482
67700 15.405085753347661
67800 16.111454699964895
67900 14.492181387508833
68000 13.800784931040416
68100 14.391545683066804
68200 17.3190530354991
68300 16.955585959738755
68400 13.329167162610704
68500 11.343991939901127
68600 15.742014812950748
68700 14.65267213439338
68800 12.735020441655813
68900 16.66853844795766
69000 12.543133884913814
69100 12.293796340825002
69200 15.028942065370464
69300 16.07838656291806
69400 15.162621265446196
69500 16.90551903684812
69600 15.338352254828303
69700 16.904443585433818
69800 15.462063013171678
69900 14.9553154243899
70000 16.03613759183398
70100 17.379935876098354
70200 16.94153574602702
70300 15.671784548678593
70400 14.20378112733353
70500 15.976915165454155
70600 16.182919881179473
70700 17.020168069348873
70800 17.440656318413033
70900 16.569852908483007
71000 16.249356595757998
71100 16.317952058716287
71200 14.621275989573325
71300 18.178318939402494
71400 13.467241003050956
71500 14.797228561960658
71600 13.125259970316895
71700 13.27909358530303
71800 16.84943390308482
71900 15.218911845182598
72000 17.284893628060292
72100 14.618239929603032
72200 13.32098340467365
72300 16.7857201241277
72400 15.038057319318979
72500 14.851090089464652
72600 17.048484087682745
72700 14.851541251262411
72800 12.672694509508455
72900 12.560159587824128
73000 16.054794414879975
73100 16.568863006971018
73200 17.056603279863584
73300 17.522756824018877
73400 16.67041585093212
73500 14.974957761236153
73600 14.297494421683172
73700 12.703948010421218
73800 13.00951281229352
73900 18.266798694671163
74000 15.604006741298972
74100 15.38998508100536
74200 15.286902449836328
74300 17.74089615545896
74400 17.619157123681447
74500 14.930367296987722
74600 15.206479836233875
74700 13.718732588044771
74800 13.18863842771761
74900 15.243143318683286
75000 15.403259221263722
75100 12.623604762794994
75200 15.793272142139022
75300 14.951696682573504
75400 17.224975893569436
75500 15.241728696736994
75600 12.995860375315992
75700 15.798862950442237
75800 14.840298793776137
75900 14.541485937109229
76000 17.14026651332325
76100 14.48438276943019
76200 14.681545312187996
76300 14.922673841491351
76400 17.32011226522616
76500 12.704616535164199
76600 16.68121575724428
76700 11.260254403480014
76800 15.481343677328189
76900 15.352769596982212
77000 15.98366184368839
77100 17.68573162677276
77200 12.474930969157981
77300 16.449561529930655
77400 16.40693404224299
77500 16.8180567310033
77600 16.829147176620825
77700 12.108477536763449
77800 12.870835836021666
77900 13.834894762341335
78000 14.827153219836822
78100 17.353562396096027
78200 13.076750519465813
78300 15.91282845384368
78400 17.987742065921157
78500 16.747157667421114
78600 16.0724070658021
78700 16.483924056427437
78800 15.522610766131944
78900 16.13019935089742
79000 14.57803567855762
79100 16.48311850903195
79200 15.70878199905187
79300 16.582178136742392
79400 16.77574742020328
79500 15.799524372915334
79600 15.716413636470795
79700 13.159346610009898
79800 16.786358292088853
79900 16.93037876301094
80000 15.391985969225795
80100 13.174290564066546
80200 15.825969979112225
80300 18.300498001136116
80400 17.084099268192134
80500 13.842517774286625
80600 15.443971087369645
80700 17.227710250687696
80800 16.474477385600977
80900 15.549839959275449
81000 13.4735986313842
81100 13.713484896348595
81200 16.411914882925828
81300 13.705761128531899
81400 17.319273846117397
81500 17.38646939263869
81600 17.39763175608185
81700 16.89716420897476
81800 16.87150521001247
81900 15.719052602062192
82000 16.018924525153995
82100 15.009987973631997
82200 15.903555193023173
82300 16.42818187519021
82400 16.318416413221247
82500 14.546892580042035
82600 15.744980778342331
82700 16.24883427982557
82800 16.571580860039827
82900 16.913100728285144
83000 15.657894638148258
83100 16.74603591447361
83200 13.584813347288156
83300 18.054774800590547
83400 14.316084263767387
83500 15.951281534221286
83600 14.472053424428506
83700 17.194069714597042
83800 15.339719247069722
83900 16.290951895027206
84000 15.818141792578174
84100 14.065194656503925
84200 14.516562895198106
84300 16.252979524720043
84400 14.056162083764423
84500 16.729943725232868
84600 16.091333486928036
84700 13.907563077628707
84800 14.812995093400716
84900 15.230629355491232
85000 17.82513388562956
85100 18.80198765179533
85200 16.754119732607574
85300 16.24153060683834
85400 14.932612671746192
85500 16.51391628643077
85600 16.33726925900557
85700 17.337063409611297
85800 16.881819005524765
85900 15.502014946061262
86000 15.93463131145944
86100 14.427716030605378
86200 15.845427363793409
86300 17.93361816241515
86400 14.691059491268536
86500 17.054613716454753
86600 17.300293996099306
86700 15.32954053971382
86800 14.095166100445525
86900 12.803168142190657
87000 16.10610209137041
87100 16.786775171771243
87200 17.030406183694037
87300 17.307311250869436
87400 16.752416731438732
87500 17.357651480412876
87600 14.358222554194969
87700 16.74546030070292
87800 18.204266665968067
87900 15.794964640373134
88000 14.631506736078432
88100 14.932694959312716
88200 15.624761499321275
88300 17.160944338548973
88400 15.659506116100646
88500 16.30510318708979
88600 16.48860432615544
88700 13.808165243501215
88800 13.296671914872356
88900 14.100253197243955
89000 12.958408616491928
89100 14.752667398711349
89200 18.754041377600593
89300 18.198785226279703
89400 17.567464213897864
89500 17.124372005301232
89600 18.134595382078746
89700 15.686064561150332
89800 14.246330768076831
89900 17.031004195666146
90000 15.453599549973001
90100 17.114786008151
90200 17.14114448760243
90300 17.30135497433016
90400 17.972861565807975
90500 17.495654466576628
90600 15.280633088644647
90700 16.45620289130791
90800 15.919344674445766
90900 18.32283058681778
91000 15.636503568063445
91100 15.496625214352147
91200 15.478278818556293
91300 14.759158206510286
91400 17.97864375838921
91500 18.082496493556253
91600 14.44321313668009
91700 16.433781451287274
91800 17.424699313111944
91900 18.47634781785466
92000 18.43311476121938
92100 15.59605594949081
92200 12.316850176363682
92300 15.031166821210894
92400 17.349539437098205
92500 15.542736680301527
92600 15.993986427776294
92700 17.144254170633133
92800 16.14060576203721
92900 17.292290160997133
93000 14.905379609559226
93100 16.74513988375243
93200 15.471327777517477
93300 15.636193123035365
93400 18.221426358204912
93500 15.526600204570533
93600 16.74834772177001
93700 18.644341511168495
93800 17.265480908851295
93900 16.840260415148233
94000 15.921866476102792
94100 16.19290629484547
94200 17.161793875680132
94300 16.527179206059614
94400 16.2692616595948
94500 13.13931916442029
94600 15.845472450877555
94700 18.120613150481454
94800 15.870326710637798
94900 18.436443304353837
95000 16.848251377408122
95100 17.195715010034004
95200 16.98184644954471
95300 14.954047251449131
95400 16.831151026674643
95500 15.349040604870922
95600 17.58444954193997
95700 15.719689673997332
95800 15.482087054567696
95900 16.023158831644363
96000 14.63524082142172
96100 15.052132623074522
96200 16.739818279475752
96300 16.951507108972525
96400 16.592718591919535
96500 16.07023634845234
96600 15.496869865471563
96700 15.398083952616654
96800 13.858830348432209
96900 14.480177734934385
97000 15.872512744022238
97100 17.14251296338289
97200 15.407686067242919
97300 16.743088467292353
97400 17.188490168503293
97500 17.382864178189323
97600 16.891635998078907
97700 14.352931731627741
97800 17.51829451456001
97900 17.383223165228973
98000 17.923325877267555
98100 16.54536309158464
98200 15.779280641390175
98300 15.879219252195814
98400 14.732748470792844
98500 15.651044473829069
98600 18.82938655060283
98700 17.344759230787382
98800 14.2952877422445
98900 13.252286028970628
99000 16.422111400423475
99100 16.687387426701623
99200 17.750123190522114
99300 17.200488352905392
99400 17.559916021406924
99500 18.164666851839876
99600 16.46581144613402
99700 16.651081419100365
99800 15.638818002397956
99900 14.388443810467855
100000 14.580853622241637
100100 17.004611127037016
100200 18.668745085189407
100300 16.12413824929402
100400 16.757257599315736
100500 14.575011669751573
100600 17.07131355833081
100700 15.368998749107266
100800 17.002501059994653
100900 16.655589706105133
101000 16.73462315023314
101100 17.08464560611422
101200 17.144465379862655
101300 18.17983542980602
101400 14.483336690545547
101500 17.56381102914342
101600 18.560402634691883
101700 16.508897246429964
101800 16.645361658312915
101900 15.561820334833456
102000 16.97069835190189
102100 17.250899771087173
102200 14.52081648168111
102300 17.254799850891747
102400 16.29342870652119
102500 18.516957090333463
102600 13.973919071758841
102700 16.469157231105953
102800 15.888842317057028
102900 16.461048551759898
103000 17.02882055137675
103100 14.674582854658608
103200 15.63475065855869
103300 16.13895509159467
103400 15.329269053721852
103500 12.646129766546819
103600 15.087661816095425
103700 16.920303575723324
103800 17.673048534541348
103900 13.916669426922693
104000 17.113190698409003
104100 14.546116408485522
104200 15.402457720243158
104300 14.108225111331116
104400 16.407591304020062
104500 14.976161985619369
104600 15.673736065353731
104700 16.131392529816754
104800 13.770347479437602
104900 17.506002146489383
105000 16.72747050697957
105100 17.559437751525778
105200 17.29735032103644
105300 16.36059908440407
105400 16.99942497358438
105500 16.455274234479308
105600 15.904248207672458
105700 14.328500668946472
105800 14.456418012569305
105900 16.839666623606927
106000 16.107821145429437
106100 13.322701077934672
106200 18.37486924818238
106300 16.271548937676712
106400 12.682646712623804
106500 18.30617297718906
106600 16.375652798459214
106700 16.061606884511182
106800 17.06280036492602
106900 16.350453730839266
107000 15.486506505649432
107100 17.549617013858327
107200 16.758028810592812
107300 14.721327801502158
107400 16.039552137319795
107500 16.71302088064793
107600 13.987973472704303
107700 15.253167042341923
107800 13.526178223545184
107900 13.895122403193906
108000 17.708491219084586
108100 17.735640885052366
108200 15.807031717386444
108300 16.00050313336581
108400 18.15791078247817
108500 18.1495574460175
108600 17.87918870566938
108700 16.68937676117108
108800 16.385216662132265
108900 14.972687792095915
109000 17.084605813919556
109100 14.743427085188502
109200 18.315926918580907
109300 16.31297363834448
109400 16.723831954591848
109500 16.39012852038507
109600 15.49616385425682
109700 16.878005291599443
109800 16.952738049552188
109900 18.224096095625015
110000 15.940413122220157
110100 18.12414257295905
110200 16.59340571417
110300 17.7151299389307
110400 18.853555545775297
110500 16.353067882575342
110600 14.776240820733364
110700 17.26541020155518
110800 13.975539027640822
110900 13.989698895552632
111000 18.013111440415663
111100 18.309206928621954
111200 18.235422178335035
111300 16.36712093883394
111400 15.95592499097617
111500 15.696820958483691
111600 18.242694317799398
111700 15.531646769625402
111800 17.371661988257323
111900 14.915320080096187
112000 16.942097801037644
112100 17.187638996358327
112200 17.435094317590647
112300 14.737977928002252
112400 17.884817518978643
112500 16.747191790339947
112600 14.271436236624043
112700 17.48039838484376
112800 17.716926538515743
112900 17.168049778967543
113000 17.08123390480859
113100 15.596684821841649
113200 16.715118042507658
113300 15.102533126872975
113400 16.86492374792403
113500 17.591691121158416
113600 16.395721919506908
113700 18.360043867159437
113800 16.510606845475316
113900 18.218199283494037
114000 18.146113955987484
114100 18.706527929122906
114200 16.258617800706208
114300 15.419538714636392
114400 18.389078020227828
114500 14.39592700476734
114600 16.639349000789483
114700 15.33701286590938
114800 14.961076295419389
114900 17.851202900519606
115000 16.082407188506668
115100 13.259566195820245
115200 14.67314661846377
115300 18.041117941613116
115400 17.773402938066976
115500 15.831224141227057
115600 16.835151673805317
115700 15.911657838251688
115800 18.68690392542642
115900 16.491069711639483
116000 16.608307370006813
116100 17.73457719014762
116200 17.082364651971776
116300 17.556467102574093
116400 16.477707543411945
116500 17.44536486526693
116600 17.08874763554822
116700 18.021565882898837
116800 17.419197119284267
116900 17.96263189138918
117000 17.702492975347816
117100 17.786697302254975
117200 16.129187948508314
117300 17.532241016211835
117400 17.93218648986509
117500 17.24667299246699
117600 18.72974451821733
117700 14.952510025947543
117800 17.321397148720422
117900 17.73998538880903
118000 16.972549756246526
118100 17.96980920880513
118200 18.114189311016787
118300 18.03922015704273
118400 16.835661292291164
118500 16.99152152967751
118600 17.493857663989356
118700 17.02805040144618
118800 16.19650447274443
118900 17.579412040288318
119000 16.993751459124123
119100 18.536502290565966
119200 18.183131879883
119300 16.25222839838338
119400 18.729802898401616
119500 18.44677756724295
119600 16.91818151677317
119700 18.074935560744187
119800 18.928596143397403
119900 15.067196325859715
120000 13.090101943240947
120100 14.828486120004975
120200 16.397115081201736
120300 16.571683301882263
120400 15.675092304555443
120500 16.652387307018554
120600 16.745148859153904
120700 17.672789482414647
120800 17.116600400038543
120900 16.97395912332945
121000 16.517125451591827
121100 17.444948051213423
121200 15.639380799302462
121300 16.226199110001055
121400 14.428694543736814
121500 17.736754815542174
121600 18.64052198395535
121700 16.392991125728628
121800 15.592449949698878
121900 16.97300820039307
122000 15.454108166861376
122100 16.98796936048461
122200 16.04001256911188
122300 16.820723880095297
122400 17.522335968142226
122500 16.4965489701021
122600 16.272654014414034
122700 16.429585480654964
122800 17.907586821431998
122900 16.665687333461122
123000 17.664613603309633
123100 16.72121599964451
123200 18.600660899044662
123300 16.90389448740622
123400 14.577348429334696
123500 14.825320051757927
123600 16.782126115386017
123700 16.880582802980648
123800 16.359793224291877
123900 15.489289252482617
124000 18.045061187607544
124100 17.564093786974816
124200 15.405165560006036
124300 13.90026056906618
124400 16.32360985464606
124500 16.605528594871863
124600 16.596105997832144
124700 17.539824438230724
124800 14.300579904290357
124900 15.300240006999152
125000 16.423656552019718
125100 18.759874788918477
125200 15.54421372157371
125300 17.876905114324945
125400 14.986668152894381
125500 15.615925164285983
125600 16.07060286565843
125700 17.82950923700139
125800 14.961444394810558
125900 15.81320342477399
126000 17.651686756374723
126100 17.60180553217077
126200 16.15887700979728
126300 17.68170846385791
126400 15.287277835151347
126500 16.263933286837204
126600 17.704217938474716
126700 16.520875751420807
126800 16.21026610973436
126900 17.637472847029468
127000 15.992590806947684
127100 18.300283913446137
127200 18.096575408863174
127300 17.720775388232955
127400 17.47329840539738
127500 15.817915556996846
127600 16.215143735719902
127700 14.416145513555707
127800 16.349686009424747
127900 15.624084406985176
128000 17.133659730462224
128100 16.334991802709716
128200 16.375317040966202
128300 16.81897040621367
128400 17.86898123020683
128500 16.066154314797767
128600 18.288037224356888
128700 17.007632434311407
128800 18.862546566418654
128900 15.385407036726836
129000 15.583688731914789
129100 18.42858336845925
129200 18.101177384076486
129300 18.09024574199916
129400 16.7683135229546
129500 17.43702473752409
129600 16.398676278892378
129700 18.622185833255443
129800 16.27595508554325
129900 16.405754320622133
130000 16.831005273294757
130100 17.947375537796287
130200 16.18252147233805
130300 16.8058001362052
130400 16.866646644019067
130500 17.113964478197826
130600 17.685402746068622
130700 17.17971525777781
130800 15.711320572754907
130900 17.39627232434257
131000 16.884006467255794
131100 18.678507844367065
131200 16.929079116879524
131300 14.681565286299698
131400 16.221891854845875
131500 17.994036231853965
131600 17.22608815131005
131700 18.74433066910499
131800 17.309335984409273
131900 16.93682546667514
132000 15.338406767969024
132100 17.085913321978875
132200 18.07828175793551
132300 18.206234113928762
132400 16.687528026565317
132500 14.73401114391569
132600 15.414550236603828
132700 16.903149220228215
132800 15.101317598503307
132900 16.627833170992144
133000 13.875734220865557
133100 18.26782713634408
133200 14.647749652535591
133300 16.444133829636396
133400 18.289816105176477
133500 15.567152936183602
133600 14.733365373932232
133700 17.17972457780328
133800 19.222100300850883
133900 15.344746530403093
134000 17.790998930820567
134100 16.068145733865734
134200 17.682714400455435
134300 17.77812281985222
134400 17.517217552177055
134500 18.067825047603186
134600 16.52549454643474
134700 17.037349242311567
134800 17.789722657433373
134900 16.598560009874653
135000 15.269408251974669
135100 17.30596914712649
135200 16.68846833845432
135300 17.267435655517403
135400 17.463347409954206
135500 16.251097183992737
135600 16.91220817089486
135700 18.9261843860564
135800 16.636821730211437
135900 17.376662265131948
136000 17.38801689424042
136100 17.233861404045125
136200 17.70846575599668
136300 14.836793689532731
136400 18.001931952287897
136500 18.01843327023111
136600 16.486833455732864
136700 15.289202616279294
136800 19.317601148588974
136900 17.27966859056782
137000 17.064471959807896
137100 15.54728968680627
137200 16.878455861127808
137300 18.33472762549686
137400 17.197680896187762
137500 12.604954822361135
137600 15.808990023416763
137700 16.872003011405994
137800 18.462318364420675
137900 17.776402974442814
138000 18.857737412117398
138100 17.884818595819603
138200 18.805763362428902
138300 17.13743278627137
138400 17.816209849304524
138500 17.25496954277187
138600 17.22771248922486
138700 16.960166698600645
138800 16.104584118942316
138900 16.080770523126123
139000 15.806545150341215
139100 17.11506576773519
139200 17.97570968507667
139300 13.784922660528153
139400 17.502284231542276
139500 17.51832783370487
139600 14.669122704364762
139700 15.694501977678103
139800 17.554391272993332
139900 18.003781869941086
140000 16.419956427681285
140100 16.562388792320778
140200 17.38062173114231
140300 18.574191078337805
140400 18.191958176601226
140500 16.547247377327018
140600 18.673747095838564
140700 16.235595012712633
140800 16.719169345522
140900 16.08224632502038
141000 18.258536288731925
141100 16.962064296775605
141200 17.059675540154853
141300 17.33614894351563
141400 16.919950320220806
141500 17.34155542951671
141600 16.366339183512174
141700 17.469612223223447
141800 17.471858564026274
141900 18.856335426475244
142000 17.45533756720578
142100 15.083184984300736
142200 16.441663923055838
142300 17.430685971275196
142400 17.037074743691043
142500 16.76036107009702
142600 13.401958485270582
142700 14.948743928876757
142800 17.85484164169917
142900 18.036726119385825
143000 17.25991384927441
143100 18.015333495883446
143200 16.155505487458015
143300 15.758899960831188
143400 16.66003712692261
143500 18.784474297678937
143600 17.70009468236746
143700 17.925614911102272
143800 18.243965194495996
143900 15.441154585104746
144000 17.15744552724777
144100 17.515558714952675
144200 15.68723400650674
144300 16.240231161463655
144400 15.38659513742705
144500 18.558992387162522
144600 18.759191876850693
144700 15.650071757401003
144800 17.283355148397714
144900 17.924320682597653
145000 16.557004411571956
145100 16.897050838235995
145200 16.593395876381578
145300 18.14113825844029
145400 17.63684179879061
145500 17.926815157407216
145600 17.66887064588825
145700 14.924382498368274
145800 18.36095765648725
145900 16.38633943578967
146000 17.16977531851356
146100 16.253370394484747
146200 17.096582215554356
146300 15.619005453523693
146400 16.789560421191656
146500 18.288552692591235
146600 15.599904776260049
146700 17.471817686302778
146800 17.29900740355431
146900 17.586906577573178
147000 15.83547985594148
147100 16.341235439006844
147200 16.28354340674274
147300 18.520029029352628
147400 17.955804853630813
147500 15.847482947800808
147600 16.894574558517327
147700 17.376872585596402
147800 16.500311809205225
147900 17.93653334418315
148000 18.5791670899611
148100 17.986593440067697
148200 17.54461728996036
148300 16.09064775159011
148400 18.777061429266624
148500 16.766900580191344
148600 17.612429419508157
148700 12.340739808186965
148800 14.994977344357457
148900 16.34410746877887
149000 17.80547258850472
149100 16.909858297944574
149200 18.1887448440694
149300 15.095897827172676
149400 17.49664205921495
149500 18.184928092193484
149600 16.169076460712105
149700 18.980305899275944
149800 18.1900632892054
149900 18.22753685453561
150000 16.99992504100527
150100 16.495773655795638
150200 17.327711399532312
150300 15.38693737083581
150400 18.721320965426294
150500 16.593881015427446
150600 15.718920362427363
150700 15.822921601795725
150800 16.846587881570244
150900 16.831415845887612
151000 17.26253341824396
151100 15.060958578938726
151200 16.94626961503038
151300 16.669373154937176
151400 16.624033848378264
151500 16.288057612443346
151600 17.14662846009455
151700 17.745464859424622
151800 16.484904777303186
151900 17.060206511617736
152000 18.59183283983463
152100 18.509510005668496
152200 17.442164703317758
152300 16.890245135949414
152400 19.314025482568162
152500 18.20959736809543
152600 18.80867748158584
152700 17.799434246732368
152800 17.80536017460322
152900 16.37112763128985
153000 16.66834593996355
153100 17.102601797936515
153200 17.45673853312542
153300 16.320299066822756
153400 15.58073404127432
153500 17.30718143179538
153600 18.120681515805572
153700 17.21698056176905
153800 14.395656272959544
153900 17.103071178016272
154000 15.91122411875788
154100 15.892582702721677
154200 15.60107666374852
154300 16.610211358681983
154400 17.049534031916803
154500 17.36506952320055
154600 16.79634204951659
154700 16.047337642339894
154800 17.657798584607356
154900 17.5790368460309
155000 16.50579345596517
155100 16.94592061097795
155200 17.341615102513916
155300 18.78954215912417
155400 17.61551730931714
155500 17.693353042412067
155600 17.73358911303211
155700 18.024572520110624
155800 17.613194221007063
155900 16.962212830701212
156000 16.855144142025868
156100 16.3331883574902
156200 15.743482763525767
156300 17.241234764449437
156400 14.603920799216596
156500 17.866327231607524
156600 14.46294062271163
156700 16.584953436393107
156800 16.017422341642195
156900 19.009584956098887
157000 14.686915683172385
157100 17.36447276841528
157200 16.946900040150137
157300 15.589567893176023
157400 17.148244598510253
157500 14.130435015754085
157600 17.699879295716148
157700 16.795412715277504
157800 16.099622070130852
157900 16.696333455202737
158000 18.328390806417215
158100 18.18734815398645
158200 15.234670250305655
158300 17.238681950132097
158400 18.708118546043394
158500 17.351946538378826
158600 16.278580412851664
158700 16.9486515795506
158800 17.93532161630684
158900 16.66917389997947
159000 15.959078222203956
159100 17.33663446273385
159200 17.447473988327904
159300 16.43906649914204
159400 12.992276714157022
159500 16.159655943247827
159600 14.809537619265143
159700 16.499548052681792
159800 18.62101924085791
159900 17.2505452616213
160000 16.37519356134116
160100 17.816454461307995
160200 15.96391193824954
160300 15.71274894161184
160400 16.402393513290274
160500 17.359238162416897
160600 18.929708552912512
160700 15.619878045830292
160800 15.117172853686904
160900 17.248828085297177
161000 16.923690361556556
161100 18.456246476196824
161200 16.26397735133662
161300 18.617717535441816
161400 18.815816692960848
161500 18.548436113156722
161600 16.91204865180237
161700 19.588143638484485
161800 18.60062707368303
161900 16.98924377624099
162000 17.187125814058344
162100 16.021752156546242
162200 18.283660909417026
162300 17.636232926202286
162400 15.836631343006982
162500 15.055191278974176
162600 18.534963088443096
162700 14.549710417625413
162800 16.663351362812193
162900 16.037180261642426
163000 16.58257888109946
163100 14.631908796406263
163200 17.28515336872035
163300 14.036594463830834
163400 18.63409355867148
163500 17.43035055120677
163600 17.84210475536152
163700 18.185080795754953
163800 18.700285107153118
163900 18.127210302231457
164000 18.184948078048215
164100 15.741573337500489
164200 16.284501082848173
164300 17.557122386344794
164400 14.125028844831261
164500 16.475111749232507
164600 16.790678790698173
164700 18.168607416090847
164800 18.74609697690819
164900 17.998051681180876
165000 18.914764676323895
165100 17.385728393644374
165200 17.531561658093306
165300 18.25596215306332
165400 17.14495388656922
165500 17.911355026990822
165600 17.50033929594038
165700 14.47102570836825
165800 18.240627952400807
165900 15.615321383656559
166000 16.596720616416444
166100 17.995833999015876
166200 16.223782515131624
166300 17.0796795521497
166400 17.870377636758274
166500 18.82361207254234
166600 17.365672684704307
166700 17.867972790189793
166800 19.14133724270629
166900 17.754462014849416
167000 16.955220668474258
167100 18.192687980344473
167200 18.07116632465149
167300 14.420817198218446
167400 18.642873827640045
167500 13.892755931139945
167600 18.57619386259287
167700 17.67728732491737
167800 15.997358160174011
167900 16.291485173651058
168000 16.359518340848147
168100 16.428997537590384
168200 17.77726866146735
168300 18.212552919435854
168400 17.072015068017137
168500 16.005729776010938
168600 17.275137343180262
168700 18.123403094370953
168800 17.021826410921133
168900 16.2527475684619
169000 18.042417816491042
169100 18.47565733320248
169200 15.539384601872335
169300 18.981797626470115
169400 19.00020162787622
169500 18.012837041320303
169600 17.091637259740274
169700 16.82343499700033
169800 17.934327729654527
169900 17.425301346117273
170000 18.30049359257954
170100 16.44180384105995
170200 15.16895020331462
170300 17.869149419827195
170400 16.12550986645807
170500 18.780866340555747
170600 18.946131241525165
170700 16.484646395862494
170800 16.27092994573935
170900 16.529461669840043
171000 16.819328274671353
171100 17.763684635755535
171200 16.7783580257021
171300 16.257174602422314
171400 15.993626202322183
171500 18.15970088906655
171600 18.656648216588977
171700 18.163967861235253
171800 16.43281296438527
171900 16.630093964617377
172000 17.54312789192304
172100 16.966954747223735
172200 16.155885532668922
172300 16.97989172214346
172400 18.375285872118667
172500 16.161249830556052
172600 17.821476284109078
172700 18.865385764624016
172800 17.701173008745492
172900 18.100975407551896
173000 17.696994329191703
173100 18.835794314696077
173200 18.21416263106649
173300 17.88589428149198
173400 19.16392395567499
173500 15.47664765812208
173600 17.361119981673667
173700 18.407601248398638
173800 19.12801606757287
173900 17.799482287745285
174000 15.701055553269944
174100 17.644893500608777
174200 14.053053836517993
174300 16.893437999783767
174400 16.417855533283866
174500 18.733459237124663
174600 15.774453315598086
174700 15.594801994979326
174800 16.114584125276217
174900 15.852470286634558
175000 15.032751120506003
175100 18.630053211089315
175200 17.881394449259098
175300 17.82997562893401
175400 17.781459046441448
175500 18.26944780401404
175600 18.027172771581657
175700 17.298137804169826
175800 19.255888850673728
175900 15.332040055994062
176000 17.44058717970731
176100 16.46748933450123
176200 17.37330487590931
176300 17.542819913742516
176400 18.63553593427402
176500 17.052426889181454
176600 17.6806826193082
176700 17.927412403626857
176800 15.820398060731621
176900 14.595343495392449
177000 15.467709987317223
177100 18.61443304470769
177200 16.316934815004142
177300 17.948893515428935
177400 17.73499218758929
177500 18.491956182884092
177600 18.573804037020896
177700 15.92912642779562
177800 16.065719178638908
177900 17.061690302201953
178000 17.178398530598393
178100 17.070306462966453
178200 17.418078476511727
178300 16.996694704825735
178400 17.437188819646067
178500 18.03855196448484
178600 18.742746706104267
178700 16.184456083463864
178800 18.488702320174266
178900 17.00500189737639
179000 15.838766081644454
179100 18.700699396623826
179200 17.986917174439444
179300 18.21075032488453
179400 17.65090867991204
179500 17.521127914987012
179600 17.37877916646257
179700 14.452256188693799
179800 15.840049335538753
179900 19.08333356874368
180000 18.276907557463883
180100 17.489675610178544
180200 17.649357165889423
180300 15.515179809962962
180400 16.598394658383857
180500 16.586260078218714
180600 17.80032359040564
180700 19.214345338202467
180800 16.581317319050584
180900 19.122225285825618
181000 19.31908353516236
181100 17.355197019448745
181200 15.852195581078076
181300 16.37114690931286
181400 16.9268184511067
181500 17.97780703144511
181600 19.09970485717009
181700 18.379353392039476
181800 16.10006867803274
181900 17.76470859440687
182000 17.234051249592092
182100 17.52695333810763
182200 17.249515534423548
182300 15.614744523922356
182400 18.798095711459233
182500 17.039710092828283
182600 18.870525814018887
182700 16.693619865872908
182800 17.948884785312355
182900 19.364256365933844
183000 17.212257788199327
183100 15.880756229927194
183200 15.293492720647027
183300 19.10319616084001
183400 16.401324190986557
183500 19.21529739511097
183600 18.652000677270543
183700 17.75732862066669
183800 18.864272466363477
183900 14.858488052388878
184000 17.67013082584096
184100 18.5540322870512
184200 16.852193954450982
184300 17.23157082942652
184400 15.630311928583586
184500 17.02772823490061
184600 18.224375767008677
184700 16.720735458125933
184800 16.11236438781034
184900 16.80401184465487
185000 18.522687418555275
185100 14.929601376037283
185200 16.670334069338114
185300 16.437796418385744
185400 17.866727033812158
185500 17.30748369467097
185600 19.391271887597437
185700 17.46787439066704
185800 18.721449517647155
185900 15.964762698486627
186000 16.565791766238316
186100 19.078927825765927
186200 16.298722075689284
186300 14.618943911239747
186400 15.086192492962935
186500 16.869760680615855
186600 14.751139106598306
186700 16.9216313929081
186800 16.554763995689683
186900 16.739978064546797
187000 17.041030909761524
187100 13.685166207971731
187200 16.613396616654896
187300 15.83527418249098
187400 15.182234874187422
187500 17.635087259840056
187600 17.8871964121502
187700 16.388719252817253
187800 18.520047586069055
187900 18.086524587803112
188000 17.829786377234456
188100 15.68618209187463
188200 15.208877176718746
188300 16.15135146897955
188400 18.011594550599693
188500 16.973595959574304
188600 18.16147578184674
188700 17.543560445663246
188800 19.416818643790016
188900 18.49163535482328
189000 18.010449064241268
189100 18.796380912484686
189200 18.533617348485492
189300 17.76265244029738
189400 16.93990654155913
189500 16.276457006888503
189600 17.033408012819084
189700 18.509843500802337
189800 18.5785512941363
189900 17.951735592963523
190000 17.678630366500407
190100 18.032697743335646
190200 19.00389445017221
190300 17.674239900676334
190400 17.50519750508191
190500 17.845810823801337
190600 15.793886442542023
190700 16.373571143331727
190800 15.452785880049094
190900 16.40779995286763
191000 18.20354405698412
191100 16.87760335754729
191200 16.32050599842193
191300 17.748029564573947
191400 16.877930228331596
191500 17.517698399137124
191600 18.029917684164456
191700 17.899718066769335
191800 18.829300443650922
191900 17.743146224339736
192000 17.578858213138215
192100 18.379080178899667
192200 16.960703427058643
192300 15.847515061072185
192400 17.366273839039586
192500 16.10246908938907
192600 18.044087301567174
192700 18.478880563711723
192800 17.93601637205174
192900 18.582903563426058
193000 16.887195264260413
193100 15.235024089971917
193200 16.625818028424916
193300 16.023321366073016
193400 17.30753429258314
193500 16.46869134710899
193600 16.10487006532204
193700 17.42545313130769
193800 17.661640417800267
193900 17.841517859456086
194000 17.881843195411637
194100 17.70344006081954
194200 17.06107943358412
194300 15.66732742155809
194400 18.135704372044003
194500 16.800670559064585
194600 18.011915427818877
194700 16.645349914294734
194800 18.205197348183514
194900 16.626494663188858
195000 17.61352956043307
195100 16.637404880080847
195200 19.119191570384523
195300 15.966244091829694
195400 16.531120358507774
195500 18.474353765700446
195600 17.383185641924538
195700 18.258430930573894
195800 18.142352534513293
195900 19.08458900467103
196000 18.28134799262406
196100 15.592646107347468
196200 17.25045919955874
196300 17.267297047069075
196400 17.114081697656687
196500 18.265880365495747
196600 16.507438328854477
196700 16.064407084193775
196800 16.55911923315353
196900 18.6920656022033
197000 17.862101437383025
197100 17.074665419353117
197200 17.195767998265147
197300 17.851804625284633
197400 17.51189624578659
197500 16.911414822971675
197600 18.551399937521712
197700 16.57541319144653
197800 17.03917717303954
197900 18.29410806695704
198000 19.175587579673714
198100 18.44770339615866
198200 19.116324262990855
198300 15.924907942544555
198400 16.295016935634326
198500 17.384303028960517
198600 16.049763901559047
198700 17.412159768200095
198800 19.01610588072232
198900 16.276556710998253
199000 17.563774271723638
199100 15.184972974043092
199200 18.22906383877255
199300 16.056286527867794
199400 18.8762373744139
199500 19.15348684767816
199600 13.955132533431097
199700 16.88174042881166
199800 17.922753324201082
199900 16.854437667342278
200000 17.27318461699031
