100 5.236937414249878
200 1.773391774854303
300 2.9361561264249927
400 4.221614464583932
500 6.287231748872455
600 3.500720510318273
700 2.9681846982341145
800 4.377252463147812
900 3.099356216614076
1000 3.54829889144485
1100 3.6116089503708624
1200 4.113842592355219
1300 4.60695422735879
1400 2.9576638185397823
1500 4.5031995580127795
1600 4.4351602654524624
1700 3.592773371075457
1800 4.804565263626299
1900 5.007308775835306
2000 5.5486784707938535
2100 4.038811916968629
2200 3.6250272436296234
2300 4.307096636971071
2400 2.508089790073543
2500 5.361705161588266
2600 3.2552501367037587
2700 2.836691792302226
2800 2.117041161655491
2900 1.2765981579815184
3000 3.723208225111439
3100 6.074468137001828
3200 5.630030937115144
3300 6.167199281840785
3400 6.2438226901148015
3500 6.471179167177961
3600 2.9607403015205196
3700 4.68978742183496
3800 3.657282558638124
3900 2.5177068864855214
4000 4.618835551308989
4100 4.905231704666801
4200 3.547925905090222
4300 1.992318818529606
4400 1.899447468977213
4500 4.014588238243748
4600 4.996884426527733
4700 2.9139761774412354
4800 4.852190895496078
4900 4.809954355772705
5000 4.50571661177888
5100 5.499072822026076
5200 4.694035269878858
5300 4.688681130713657
5400 3.4260922051755016
5500 3.1248206608588958
5600 2.7686408757375025
5700 5.2257182115390295
5800 6.47582096881628
5900 4.181009782919085
6000 2.9385295490947216
6100 3.461116544056513
6200 4.057169048754623
6300 3.3944398712259063
6400 3.8414389266153592
6500 5.275906702923424
6600 5.150135326689722
6700 3.461056899914221
6800 4.595303135428242
6900 3.638735867765
7000 4.244030093829318
7100 3.1741615980530096
7200 2.685138870861402
7300 4.523802331985198
7400 4.519773653865115
7500 2.776037207011128
7600 3.278242942892091
7700 3.900591013158669
7800 3.614787199828039
7900 3.9693845017968115
8000 3.819411177171815
8100 6.137081725929928
8200 5.600444516263009
8300 4.5212899972694975
8400 4.088725766788796
8500 3.299055322554316
8600 4.39730249461966
8700 3.9076470875009672
8800 3.999446487722217
8900 3.2730099695008468
9000 2.4435089758938147
9100 4.924467159759368
9200 3.505357563912856
9300 2.061903346289425
9400 5.672330134302429
9500 3.9785604494863174
9600 2.793145691513704
9700 4.076870004875146
9800 5.699785880913223
9900 4.105583198550064
10000 3.5325652703582295
10100 4.149676958458272
10200 5.130675034121871
10300 3.2268223314427957
10400 3.165246692635866
10500 4.1433121754874245
10600 4.269894969125568
10700 2.924885742993795
10800 0.4115758742374548
10900 1.1826933996486155
11000 0.6443979784781021
11100 4.156461176632006
11200 4.351830389713627
11300 4.569492649476097
11400 4.8951840677168
11500 4.999455984370259
11600 4.511159263970233
11700 4.4234878472042425
11800 5.172387553413959
11900 3.814936949724841
12000 4.301947493401763
12100 2.296800271489555
12200 3.01476305851691
12300 2.4713111247224204
12400 3.962154475996047
12500 2.683624090657661
12600 2.8344181709047422
12700 2.339656458965973
12800 4.215243847975453
12900 3.941553832770577
13000 4.575858806106532
13100 6.752860315447135
13200 3.4345428278762746
13300 4.483777756974717
13400 4.105867275151439
13500 5.007569445231066
13600 5.154065771377859
13700 4.050423444968255
13800 4.0155943698524466
13900 2.494032844445181
14000 4.623260837359055
14100 2.2491949152880086
14200 1.57810085831083
14300 2.2325805846622013
14400 2.0858323382009
14500 4.4305719024987695
14600 3.5363087415394783
14700 4.2736041818330115
14800 3.210810608752614
14900 5.5572814909354475
15000 4.517414686363301
15100 2.1276148198182043
15200 2.4441949893418693
15300 4.195918929816721
15400 3.2581527848423955
15500 5.5321362966150085
15600 3.0801421043041635
15700 2.6576714923552047
15800 2.8585348875450602
15900 1.3373311060577626
16000 4.323718678179121
16100 2.849315693588169
16200 2.8596062173282606
16300 3.0225308392924792
16400 2.708819926486718
16500 2.9856566341192816
16600 1.9194596070754786
16700 2.603226551201223
16800 0.1548948330212614
16900 3.6009237263010228
17000 2.161576611873318
17100 4.363825404535622
17200 1.6828020777412969
17300 2.6885883484841715
17400 4.06525592068767
17500 2.368777476899372
17600 3.280378564431401
17700 3.1367853128585077
17800 2.6744287234973196
17900 4.346407398291724
18000 5.370765008724944
18100 2.4955199108868804
18200 2.605757183150515
18300 1.6125806021633156
18400 2.5874181066999657
18500 2.9442630458987846
18600 5.4030546001696695
18700 3.8752986283426125
18800 5.575048081151102
18900 4.720498738452738
19000 3.7772397534391677
19100 1.6848222510962139
19200 3.0065670377500573
19300 -0.08990624540737849
19400 3.048110570299166
19500 3.2719689473809854
19600 2.0477655309331135
19700 2.4601359429502034
19800 4.4580123046159255
19900 3.945935171549197
20000 3.345769372250535
20100 2.301462308480614
20200 4.974185808564366
20300 4.137876130401572
20400 2.946959517253015
20500 6.060965100862926
20600 5.400146457581657
20700 3.72048763421508
20800 4.255686640901493
20900 3.3451615990697365
21000 1.819810650631896
21100 3.9965205942181927
21200 1.8663148465212722
21300 2.168020065166716
21400 2.641300195386197
21500 3.885705310740623
21600 4.307906452782569
21700 6.971081300276381
21800 4.841419418217221
21900 3.4153457448825417
22000 3.6373702850133753
22100 2.4032267853457068
22200 -0.023024908096232782
22300 0.3759583267531436
22400 1.4672669708916861
22500 2.6491824887435116
22600 3.459044162600954
22700 6.265488298205783
22800 7.046201382153315
22900 3.8211372055609543
23000 4.232850881197124
23100 3.3890674715206335
23200 2.2217309149755313
23300 5.048168849770216
23400 4.194050795263471
23500 4.257066296217776
23600 3.982840152687598
23700 3.9410947324644976
23800 4.4985420431729
23900 4.123093058529897
24000 4.416348293237157
24100 3.9433980672327706
24200 4.3154532114855835
24300 5.9422245948477785
24400 5.2710682356019145
24500 4.902713243996471
24600 3.844419068023255
24700 4.170301998075726
24800 3.238822806038119
24900 3.6922178186235586
25000 4.595584560923274
25100 3.465531120244563
25200 3.8015570669820695
25300 3.4889876783710085
25400 3.9443209780821467
25500 1.5901196660354886
25600 1.8675447168597654
25700 4.980295497745058
25800 2.9474774186513577
25900 0.5178249123755145
26000 3.1392434595456544
26100 4.724640130744095
26200 3.3151192913367047
26300 1.5819452987029157
26400 0.08133189067174337
26500 1.386869437305594
26600 2.988329913405269
26700 2.5232651610032693
26800 2.201921710549434
26900 3.275799738989712
27000 2.3492946223650413
27100 4.291498876715139
27200 3.7292800318895774
27300 4.994502525914657
27400 3.7130856017911267
27500 4.5943514686937155
27600 4.016518166592827
27700 3.010953769983441
27800 3.2762304864031306
27900 2.927268787580895
28000 3.782432851748024
28100 5.313257288193001
28200 3.5051182953734257
28300 0.8146183989589768
28400 1.9060266458747472
28500 3.666590691027866
28600 5.607955788573816
28700 4.072629791472454
28800 3.422167464406399
28900 3.766898675145108
29000 3.297039440360557
29100 3.6245767108253175
29200 3.51505574627839
29300 6.0104127403823915
29400 6.185656595174026
29500 3.2274669452325933
29600 3.2002075839426545
29700 4.46195429042436
29800 5.389292030534735
29900 3.7828362030857194
30000 6.1115699150200955
30100 4.113549022741343
30200 4.096634630297718
30300 3.817021667677195
30400 4.317057533169844
30500 2.954503356281342
30600 2.2656472260865015
30700 4.998767617744825
30800 3.923782905209125
30900 4.444363020316404
31000 2.689818448609064
31100 3.3241801951283048
31200 3.38177614884962
31300 3.3600282289809162
31400 3.120029516589365
31500 5.0180792664674385
31600 4.227084682822003
31700 3.4428554661349184
31800 4.8805396892792015
31900 4.12297402268133
32000 4.987328183136891
32100 2.649849901500312
32200 2.1639045894916635
32300 2.715201211066242
32400 3.376092159373845
32500 4.5908904820990175
32600 3.8463082982565404
32700 2.7578275910510928
32800 4.341570838745629
32900 4.277905113529895
33000 4.180975820186792
33100 5.645407237899474
33200 4.778003320775488
33300 6.057717677259357
33400 3.0179251941630416
33500 3.304743479465487
33600 4.752433914508729
33700 1.4639775475469556
33800 3.806424510982464
33900 0.792167823028199
34000 2.57234711657421
34100 5.989431497077653
34200 4.700901487714422
34300 2.7204498090867006
34400 2.7897358030474235
34500 1.8322636345868422
34600 0.5970500838547828
34700 -0.37246236828564505
34800 1.0088288361634843
34900 4.169070357621203
35000 4.551524720241451
35100 4.968477446261211
35200 5.3410573544857085
35300 2.4556927919540095
35400 3.8685489544303966
35500 2.6193387354420836
35600 2.726473850906139
35700 2.304318976655089
35800 4.334835300118099
35900 4.5733474232909215
36000 4.413920742073055
36100 4.184470476893612
36200 1.912628773374102
36300 2.595705220520287
36400 4.606120667482299
36500 3.559974208360093
36600 4.852409519002364
36700 3.4587983957107564
36800 1.573495368609892
36900 3.3670589585030024
37000 5.401323172834877
37100 5.858301934353526
37200 7.681903120116873
37300 6.204696546851198
37400 6.717993852565107
37500 6.373633515816032
37600 6.3713310564644745
37700 3.9617542581114744
37800 3.2547694630765958
37900 3.2319201115130576
38000 2.4548237288041737
38100 4.150323703244292
38200 4.5346149510683045
38300 4.4306829000710275
38400 5.09359926874764
38500 5.032000357060288
38600 4.775915410058446
38700 3.8927653444365697
38800 5.438230346179933
38900 2.6516449815743295
39000 2.53067938128491
39100 5.141539453673017
39200 4.722062201002992
39300 3.143627671865992
39400 5.537757813533665
39500 3.310866489247898
39600 2.1463017705896394
39700 2.4852310553753636
39800 -0.1104105298360386
39900 1.7722536112939034
40000 3.52740504207787
40100 3.953700351444497
40200 5.544859011855943
40300 7.201648749778323
40400 4.715291521637614
40500 3.169805303570374
40600 2.7923248085949894
40700 4.566602283659921
40800 4.579432819767923
40900 5.184119021442818
41000 4.99940056106752
41100 3.7666368942898862
41200 4.0700346156384715
41300 3.6581176353737255
41400 3.3332183052109428
41500 4.279264265145408
41600 5.239230952387047
41700 5.052569211401956
41800 4.99204159737312
41900 4.056707577919753
42000 4.145349716737988
42100 5.258688177729843
42200 3.1255029606320317
42300 4.57211495920699
42400 4.2644060299794715
42500 4.069376925426598
42600 3.987930394936469
42700 4.527612375630323
42800 4.8024564063570505
42900 5.036748725935178
43000 4.820114438403071
43100 4.385165237261236
43200 2.6845299773214424
43300 2.888941521810285
43400 3.295217497779281
43500 3.842396017000225
43600 3.23100313849591
43700 2.9975841093248916
43800 3.428831115052395
43900 5.7677466509758855
44000 5.071871879813896
44100 2.992768447669067
44200 3.4405655170727703
44300 2.7128657408816985
44400 5.257080144659222
44500 3.021987436884201
44600 1.6420910497502346
44700 3.749867884409337
44800 4.974422463316605
44900 5.27213126610451
45000 4.8421597792949145
45100 6.360997270460084
45200 4.199519011978597
45300 5.2753825740899485
45400 4.597904832672959
45500 5.792824110750104
45600 5.692572130720582
45700 4.942737294206702
45800 4.7564639949568175
45900 4.512746844964574
46000 3.0974224572437383
46100 2.06135581502285
46200 2.8848964235250283
46300 2.4208048624892142
46400 2.218766070237456
46500 2.971956568725062
46600 4.374743026315268
46700 4.381880369646978
46800 3.2733178549478756
46900 4.280273750117143
47000 3.354140669894887
47100 4.776459589121282
47200 5.047432120001479
47300 3.7022820719655187
47400 2.7419642983315295
47500 4.149939192175587
47600 2.7448116052728215
47700 2.515738277092725
47800 3.777973349838419
47900 3.496249053515677
48000 4.212718017484704
48100 3.6302463642800658
48200 2.31001559499842
48300 3.5430361698840267
48400 0.6671689044140665
48500 3.276804264427307
48600 5.562279818051483
48700 4.194657655379332
48800 4.375869577906338
48900 1.7279068085388951
49000 4.087383471364723
49100 2.6570330799101454
49200 3.4661285111377156
49300 2.901855010742402
49400 2.728859779276399
49500 3.227044492115367
49600 1.372342898223063
49700 4.686680887716552
49800 1.2103049837696649
49900 2.7191596985097792
50000 3.075554870265993
50100 4.015398563569273
50200 2.725076792375641
50300 3.22197630192394
50400 3.284173730162967
50500 3.5477991526553683
50600 3.7067286117819758
50700 4.929470026138863
50800 2.3878305030526987
50900 1.837909018653937
51000 2.3049995141457478
51100 1.5207744107346222
51200 3.457820625821034
51300 4.777857141066245
51400 3.2385671465828163
51500 2.6427003131822016
51600 1.9728520670475473
51700 3.0359644962943
51800 1.3557640396710033
51900 3.499550969183705
52000 6.1331317832888494
52100 3.211935982939386
52200 2.454700756756942
52300 0.9717425712019816
52400 3.942074056531567
52500 3.5136483677590125
52600 4.849350161468292
52700 4.426338173897424
52800 4.1197112751381075
52900 2.848280146134059
53000 4.451685534718697
53100 3.0256083111619847
53200 5.500675771109572
53300 5.323292281229506
53400 3.9211685170071373
53500 5.134635769314149
53600 4.84083356927487
53700 4.6767065296898185
53800 4.293028255829552
53900 5.879844596216065
54000 5.62964191268573
54100 5.61191520001158
54200 4.790776889205011
54300 4.147860218471816
54400 3.0324378197133375
54500 3.159021009712569
54600 3.1482798062632846
54700 4.471927155314891
54800 6.456995976350774
54900 6.67080936348765
55000 2.9323727944315547
55100 3.278942238560165
55200 4.220301550402589
55300 2.0386182989052983
55400 0.43869415260060235
55500 2.3444820352749693
55600 2.15086698266679
55700 3.6819629697508143
55800 4.106861177031995
55900 4.402144988460836
56000 3.265178783454765
56100 2.081076252031732
56200 3.3595827419347377
56300 1.4528754650633455
56400 3.3297159451562988
56500 2.382652989558329
56600 4.599517873063733
56700 2.870142176671249
56800 3.529342256245846
56900 4.27136120923818
57000 4.006516323906074
57100 3.414035284025915
57200 4.43244583965191
57300 4.54225497312082
57400 5.279729716210117
57500 4.9014165695811345
57600 4.620063270259131
57700 4.881211039248378
57800 5.632439343428991
57900 3.590247405063528
58000 3.879616991233989
58100 1.2305646657739087
58200 -0.993230302195047
58300 2.119963116960074
58400 4.087577167593465
58500 3.8409056431249984
58600 2.7588633143218018
58700 2.5704594786622805
58800 -0.2689356953035757
58900 2.3109336466869053
59000 1.780058879368411
59100 1.1844780833397628
59200 1.2949546848177607
59300 2.181704875363605
59400 3.1767820528588766
59500 2.8934049013463534
59600 3.4709469455597315
59700 4.672349357064185
59800 4.144618690629081
59900 5.043588454785083
60000 2.977175125122077
60100 3.62631579482171
60200 5.749833209726385
60300 4.713738979231948
60400 4.440590732927849
60500 4.226884199948201
60600 3.2574298585213235
60700 4.144426017594285
60800 3.200720915373323
60900 5.9038618044826405
61000 4.804735437565362
61100 3.3454400597559975
61200 2.568261255833054
61300 2.7540843857816864
61400 2.0508338146862233
61500 2.2659036111634894
61600 3.1978425908149766
61700 4.879162073244162
61800 0.4469396573004687
61900 2.864055511123046
62000 4.809696837001082
62100 3.050186911674759
62200 2.8514881557281795
62300 4.626960661716451
62400 5.421431349200757
62500 2.9434423237647915
62600 4.82812262795787
62700 5.932185720806131
62800 4.179928408276314
62900 3.7148823507519664
63000 2.839083769015886
63100 4.0260087611632756
63200 1.3897958233239818
63300 3.469919478537335
63400 2.5335391712946955
63500 4.282860875347804
63600 3.747225012955799
63700 3.557142974863701
63800 3.938622038180605
63900 3.2918700530687635
64000 3.188249159534702
64100 4.6195685952060055
64200 3.468980108896645
64300 4.663086508985906
64400 3.378892363156827
64500 4.151111745468813
64600 2.6153427540513023
64700 3.849281292464416
64800 2.6175520230601936
64900 3.328256495940248
65000 2.8109767313564262
65100 6.282572118287369
65200 3.414821037875169
65300 3.667453085793926
65400 4.962148412572715
65500 5.16296796149164
65600 4.434586989658041
65700 4.06802029477314
65800 3.437714977051164
65900 2.5101675396576986
66000 3.1354827819779985
66100 2.5949850156072576
66200 4.82102257318296
66300 3.912181242909071
66400 3.147168949840089
66500 3.7172386983864842
66600 5.64293558441146
66700 7.541205708439279
66800 5.250298665221878
66900 5.511300135601874
67000 4.616656638517969
67100 3.3166374356436736
67200 3.3316150106916202
67300 3.2433003087655754
67400 -0.5865848729464738
67500 2.5207822988175477
67600 2.4768348566257528
67700 1.1716215082340873
67800 2.946788721416191
67900 4.478932283579083
68000 2.7171871021111516
68100 5.236103980538773
68200 3.5184875071972996
68300 2.040148784185186
68400 3.3073371624670633
68500 2.8025517390045556
68600 5.422913059869751
68700 1.2795699204130153
68800 2.785925490547561
68900 4.0949969371163935
69000 3.6797377341074258
69100 2.6390857192887243
69200 1.1638920302477502
69300 2.1588481714215275
69400 4.515692994514738
69500 1.6987288010436883
69600 1.4379634482505521
69700 3.82667070751683
69800 4.395664079707047
69900 5.057575185980185
70000 4.699852190141408
70100 3.5266352838949895
70200 2.743489024655086
70300 2.596493439699333
70400 3.72478709721759
70500 2.9840428897926823
70600 5.7045730742741965
70700 3.374790876353478
70800 5.059244745391112
70900 4.139333892896704
71000 6.203745349612103
71100 4.145335258366196
71200 3.2172611985386603
71300 4.1872544465382315
71400 1.1140312976442477
71500 3.1285510448558886
71600 2.7272553246356073
71700 2.8882976296960376
71800 4.774765300002373
71900 2.257330651770895
72000 3.376818768925576
72100 4.271459698489044
72200 4.34935643273297
72300 4.005313064861997
72400 4.736745780625186
72500 3.0769664437671636
72600 3.4165205314368206
72700 5.298917137643301
72800 3.04545422677349
72900 4.494875405525012
73000 4.552514442654888
73100 2.9668554839163903
73200 4.615441966041181
73300 3.598144917347668
73400 2.4520075129961665
73500 5.435214871619504
73600 4.525852636724554
73700 4.666303249336458
73800 4.813594829936627
73900 4.450853287108801
74000 4.939099001142235
74100 3.699467058487418
74200 4.700088368168251
74300 3.6883443846475172
74400 2.163846690642657
74500 2.970247096834291
74600 2.16156022549715
74700 3.842663613211589
74800 4.989751638038086
74900 2.920069955042333
75000 3.3884471472381934
75100 3.300470346628178
75200 3.1314460154811705
75300 2.2486605357951466
75400 2.8353051891423933
75500 4.54743252966028
75600 0.5237361784131387
75700 6.2500343454877205
75800 4.718493549346878
75900 5.306434303787468
76000 3.477732478886949
76100 4.8348254235333
76200 4.115698777821982
76300 4.290063893484089
76400 4.851211786915937
76500 3.062239374864167
76600 2.3575844140183655
76700 3.728116140788975
76800 5.394916655228642
76900 5.792954277680654
77000 3.4614708991365775
77100 3.792653658819556
77200 3.4269382842866576
77300 2.1267760856188476
77400 1.944239420152921
77500 4.785514475814503
77600 4.036488143382489
77700 6.916874152109803
77800 2.686694756511363
77900 4.019501873685527
78000 4.308309271771302
78100 5.728462939541258
78200 5.649201976902127
78300 4.914202673727373
78400 4.547601458125529
78500 3.7222258206403027
78600 4.820058854932165
78700 5.168024171716501
78800 1.6592549321712298
78900 3.4481068449683066
79000 3.6905549711872943
79100 6.1300501362146065
79200 5.398672322083539
79300 5.983774819580882
79400 3.728543289784893
79500 3.4919722154382695
79600 6.740986976518042
79700 4.183668466917358
79800 4.197640606793226
79900 2.4356785030192896
80000 3.0507331357396104
80100 1.2902193902222205
80200 3.2292264469383665
80300 4.244158321611816
80400 2.5992367818118063
80500 3.0366730145313916
80600 1.8998473576575663
80700 2.5292037477636087
80800 1.7615731888427975
80900 2.6616174822710144
81000 3.7110070580624024
81100 3.621532961288893
81200 3.899549700631838
81300 3.373316721151876
81400 5.127978965574357
81500 4.738423308833123
81600 6.931619566783601
81700 5.868921276637533
81800 4.047789953498324
81900 4.805089430035415
82000 6.17435842614371
82100 5.856558980147456
82200 5.833758996135594
82300 5.353559004127958
82400 4.469769311892215
82500 5.014470409101054
82600 4.206091255197432
82700 2.448826368782454
82800 3.4872912774616
82900 4.984253284464036
83000 5.931915493580787
83100 4.616133030023232
83200 4.285397529237734
83300 5.02753129843655
83400 5.930824907708427
83500 2.734273201609326
83600 3.8264942848302574
83700 3.7062560895872174
83800 2.734660979993766
83900 1.2508629562439135
84000 2.6004771699473896
84100 3.6870259128953626
84200 4.435476710056983
84300 2.962017399442891
84400 3.7835208557486126
84500 4.629397881607171
84600 1.4304686171119174
84700 0.5438317338385112
84800 0.2161464787006237
84900 2.4217898702389173
85000 2.257728950294406
85100 2.8179364702232252
85200 3.977789549017138
85300 1.86874883122918
85400 2.743811324461307
85500 4.282533410359909
85600 3.5665642521452536
85700 2.2908689862150173
85800 0.8830922264177754
85900 3.082468232847317
86000 2.874333346417087
86100 2.318978631686982
86200 4.360072015121212
86300 3.848764815752156
86400 4.158692394445909
86500 1.8212177185523477
86600 4.141695012049872
86700 4.695806774430151
86800 2.6323458394620074
86900 3.618382132272226
87000 2.0165950937168797
87100 2.579076504421165
87200 2.2372878365193043
87300 3.5696965330653265
87400 4.603718940371367
87500 4.5873192508750575
87600 4.9502016016130845
87700 4.790008867377768
87800 4.6399393349689815
87900 4.422239049193646
88000 4.075783163100863
88100 3.8678309065174306
88200 3.440942953201152
88300 6.506541879262662
88400 4.427678637418326
88500 6.177047376885397
88600 2.4402867886818997
88700 2.7418973087934053
88800 3.43500699795239
88900 3.071901909601239
89000 3.7151047967883506
89100 2.8811149422436655
89200 2.911797912380775
89300 4.788990815774944
89400 3.3656546885995335
89500 2.5446973134483337
89600 2.8009754777120435
89700 2.3250303085438886
89800 3.642521840473277
89900 1.0673616088722928
90000 2.6992594831041967
90100 4.823419302535934
90200 4.890116216029507
90300 5.4241420133125215
90400 6.259182364183054
90500 5.664713512160589
90600 4.16806819048423
90700 3.115769236644019
90800 2.8529095027137616
90900 3.1048548459064573
91000 3.1046542120012224
91100 4.6986115199430945
91200 3.1982308499039034
91300 3.2982496837586424
91400 2.718536150400842
91500 3.0987223627448484
91600 1.8585188204728678
91700 4.197255337400234
91800 3.276526610890658
91900 3.830694012707424
92000 3.606662420870365
92100 6.9972321163942235
92200 5.1270458598017745
92300 4.413099002630622
92400 4.121014242588424
92500 3.9209251830391745
92600 4.955245769964148
92700 4.913446290500854
92800 5.818869723720177
92900 3.089097022123959
93000 4.38874105303455
93100 4.347468756825783
93200 2.4197370534888614
93300 2.427943927085289
93400 2.142883475929286
93500 2.409209202685306
93600 2.9750810324104116
93700 5.01218145232031
93800 3.280160957930984
93900 3.13644742949663
94000 4.8154191755781595
94100 4.92672457130083
94200 4.097063193097792
94300 3.989344678996821
94400 3.804363452495506
94500 2.713067898081764
94600 0.9711363027684436
94700 3.4813269827795303
94800 3.128051913491288
94900 3.07009019848352
95000 5.205915249792067
95100 5.177243680398131
95200 4.4734734618674565
95300 4.197063872481129
95400 4.836771542811636
95500 4.513289489874831
95600 3.672152120209735
95700 3.64848713383342
95800 5.897678001578019
95900 4.2303577997036
96000 2.379742166916694
96100 3.206716819378912
96200 2.2106959411070117
96300 3.1016151537279626
96400 4.084342225943199
96500 0.12301145515392627
96600 2.2280198335655013
96700 1.5251710943304841
96800 3.0329290785539778
96900 3.446019044207465
97000 1.8260687192649765
97100 1.3783105370467825
97200 4.942415289161738
97300 4.264193034751827
97400 2.6278032133270903
97500 4.506041245497219
97600 4.201461184255968
97700 1.6235380919155664
97800 3.7426358720168706
97900 3.261698611849552
98000 2.9883806908242407
98100 2.5140835393421375
98200 2.6879531592256853
98300 3.4646113328107275
98400 3.277926164751281
98500 5.171124110245328
98600 4.667995592120837
98700 4.096595027426224
98800 4.431562249806702
98900 4.461652310053844
99000 5.0236603524769805
99100 5.715550997751313
99200 5.651828068679357
99300 4.81160298079809
99400 5.060225604471533
99500 4.463255574138473
99600 5.408947932771455
99700 4.715790955637198
99800 5.1407289980104744
99900 4.987896148720496
100000 2.8436050974467433
100100 3.5763778461081936
100200 4.684992308101697
100300 4.638709746177025
100400 4.069730415356168
100500 1.9209441911752971
100600 5.888511477104332
100700 3.9512730989624654
100800 2.547922308740434
100900 3.651707556396415
101000 4.870932727330672
101100 4.479023861093472
101200 2.874441440724677
101300 3.832793885699565
101400 0.8385987171057554
101500 1.7228272487907794
101600 2.854505667787944
101700 2.3773716471660777
101800 1.8237580215973848
101900 1.8542980672316574
102000 4.098182929205224
102100 4.678081909926681
102200 2.2597792236156398
102300 2.678408942059144
102400 2.7695421307466734
102500 3.2414845902022273
102600 5.26614927616685
102700 3.8762134893842974
102800 3.9997278203522404
102900 2.1939082814184645
103000 2.8545732210576085
103100 2.3344678712041143
103200 4.959315305116356
103300 4.270070016557337
103400 4.889954606671034
103500 4.269865657989593
103600 4.654852512682146
103700 1.7117069213730323
103800 3.521205929484236
103900 2.5244898962343036
104000 2.343576486913089
104100 4.352179025704959
104200 4.571514594266695
104300 2.768953082534729
104400 0.6320013350110827
104500 3.0066329923882296
104600 3.232936129380924
104700 4.957797790397178
104800 4.999000041961851
104900 5.53952679572027
105000 4.501078232339746
105100 2.6853790841435115
105200 1.4993228551711002
105300 2.685367651247651
105400 3.817120559016258
105500 4.268563900856435
105600 3.3240062007037627
105700 2.598728123888691
105800 3.8042580566596413
105900 3.5500392148189213
106000 3.793621215964651
106100 3.079790061957288
106200 2.9431561554107453
106300 4.0784014076163455
106400 3.448480497918681
106500 2.7008843603293933
106600 4.2282212718345695
106700 4.345741308899336
106800 3.4017910668396203
106900 2.0440572681252265
107000 2.2904815075782228
107100 3.4032656995742014
107200 2.708830861165825
107300 3.976013297044735
107400 2.7288469755046876
107500 3.2641436537584196
107600 3.1503685770208967
107700 3.083357012421542
107800 3.199948272431958
107900 6.320241606544159
108000 3.131396615159117
108100 5.397255922604438
108200 4.898688751829167
108300 3.33762484901473
108400 2.267103047840302
108500 2.1265190840510493
108600 2.0956762854300828
108700 -0.14430468058890644
108800 2.247889729649764
108900 4.527657532296782
109000 3.0463056375133286
109100 2.2643380555488055
109200 3.046110793610551
109300 5.7932480685243135
109400 3.38431053477444
109500 2.484393815050467
109600 2.6281488110177134
109700 5.349433073453444
109800 4.007325927684259
109900 4.034953534110297
110000 4.337780997577821
110100 3.4377942182564523
110200 1.6629572594239155
110300 1.524334901157576
110400 2.035514462740383
110500 2.0930708503101214
110600 1.1555375326413562
110700 3.1816378290666334
110800 2.667360875896143
110900 3.618001838351357
111000 4.6734224249488205
111100 2.57016181411868
111200 5.002019688776094
111300 7.094212697685966
111400 6.802525181852081
111500 2.9433704958383125
111600 4.767533006926027
111700 3.122042418025522
111800 3.9812045868570527
111900 3.9621895008663035
112000 3.352573085912806
112100 5.061284989123268
112200 4.797443710014378
112300 4.639606064460816
112400 5.5979087419304285
112500 5.800833234701186
112600 3.585234473041475
112700 2.5714012379618407
112800 4.431122908735304
112900 4.571534621595831
113000 5.156122930457729
113100 5.1336430735641265
113200 3.897625423277631
113300 5.755732163018185
113400 5.376821916690579
113500 2.4944787278634775
113600 4.814078651944527
113700 4.1884205889886985
113800 3.89215114107279
113900 2.8319121261755837
114000 3.9781206527306363
114100 3.5034592026456886
114200 4.465997574646427
114300 4.079197521164954
114400 8.33948338751919
114500 6.251095766471006
114600 4.302112421820074
114700 4.039837970777336
114800 4.6053273640183
114900 2.0447309002154856
115000 4.050959143679126
115100 3.5295826664101546
115200 3.947915171694834
115300 4.3327465094414
115400 4.267148142310652
115500 2.3390888967121564
115600 3.894543515365157
115700 6.021940779108667
115800 7.928262392734907
115900 4.3189913362842445
116000 5.72311042144543
116100 2.821996974938067
116200 2.2640375432670274
116300 4.683287555378337
116400 3.9467967425147252
116500 3.99357349853074
116600 3.006031731300775
116700 3.3029012221365357
116800 3.3055255642235264
116900 3.743066982981143
117000 3.179678803077618
117100 3.243761547198385
117200 4.148806455216208
117300 4.672708938565536
117400 3.283695865544451
117500 5.99572742687869
117600 3.424508132872994
117700 5.227948292729137
117800 3.1055622340528632
117900 5.209759026740926
118000 5.138392882930342
118100 3.4630574420534543
118200 2.9503264687009194
118300 3.6037111268628395
118400 1.902246711836179
118500 2.3704342144498995
118600 3.320046927883153
118700 4.009157486623238
118800 2.6176029783900145
118900 5.068655915118623
119000 4.562190872041816
119100 3.6937276496936744
119200 4.165166281175151
119300 3.31898936330153
119400 5.051584761347623
119500 6.205097320812196
119600 6.666310724297773
119700 4.219041231651962
119800 3.584460135850927
119900 5.590180424405952
120000 2.634368147755832
120100 3.9132596302503053
120200 5.677113992308569
120300 1.2035096606803164
120400 3.7240476778041396
120500 2.2794181094009733
120600 3.8814280218677166
120700 5.808151110822168
120800 5.978916696676552
120900 4.321412997939023
121000 3.2168016592496
121100 2.851928162772622
121200 3.0805806768118704
121300 3.113263198517095
121400 3.6268868962077447
121500 6.181030439165084
121600 6.137442675458538
121700 4.058616680742507
121800 6.509986173616729
121900 5.304097428856511
122000 3.8624706163718674
122100 2.793522520819615
122200 2.467754478345995
122300 3.0220172091362234
122400 6.2420818188768115
122500 6.298512836747827
122600 3.6511046000895
122700 4.067549732936071
122800 4.509904480726271
122900 4.245677173611011
123000 4.04904924196052
123100 4.070981676514315
123200 3.1544932755288504
123300 4.2346578455036985
123400 4.115261827738021
123500 2.3827378538719852
123600 4.297732778119311
123700 2.9629439749588395
123800 3.1070570764517127
123900 4.567672930449449
124000 3.524612200198502
124100 2.379841827512668
124200 3.5272120583876743
124300 4.699330504435815
124400 3.943286066215097
124500 1.4106837306000932
124600 3.733358118748612
124700 4.20632543059185
124800 4.404775907995521
124900 2.4309159928281607
125000 4.258327879561173
125100 4.65490937154399
125200 2.924358882632727
125300 3.5452117843907383
125400 3.0654116890084953
125500 2.378273239821878
125600 3.8314856240540474
125700 3.252635792217844
125800 4.981856271278445
125900 3.1365357004346777
126000 4.18732270456296
126100 3.243418674211363
126200 4.450214123132461
126300 4.209216026787178
126400 5.051217800956232
126500 4.6247282175087685
126600 5.413328919104026
126700 2.6449162147810807
126800 2.3660931080473127
126900 4.081851838250426
127000 3.8130491958938326
127100 2.671241902214876
127200 1.5759267759294047
127300 3.0943056363948354
127400 1.9158904016189153
127500 3.1467087453969422
127600 2.163699162064421
127700 2.771775990514624
127800 3.5292053639885057
127900 4.137568183992743
128000 3.179248293660361
128100 3.4377979528856537
128200 4.10466969731477
128300 5.13163537275869
128400 5.400328453587556
128500 5.785669415714486
128600 3.3981178159650893
128700 3.545227610784994
128800 2.777439800547576
128900 2.772613440892451
129000 1.6696402752994615
129100 3.4005670750677695
129200 3.625282047893072
129300 2.259798891755441
129400 5.1657483670179944
129500 2.332209514794122
129600 3.663097307189016
129700 5.184549695522354
129800 4.385445673710766
129900 3.2842747669570924
130000 2.8261855148858657
130100 4.156773626730242
130200 3.999534249112279
130300 3.5015780036568795
130400 5.974835606891225
130500 7.083202394567258
130600 3.920548428205386
130700 3.2804004927225763
130800 5.294907018264286
130900 4.049490646946123
131000 2.0731710239964767
131100 5.088807212158439
131200 2.826156288882398
131300 4.675451543169746
131400 5.727354521270982
131500 4.900630407135184
131600 3.318990181894239
131700 1.8111535185854197
131800 1.6704263507576405
131900 3.525370881758239
132000 2.3986393178876058
132100 3.9017586682139864
132200 1.4292050037734803
132300 3.0795200623769152
132400 2.719761738589956
132500 2.983079998546
132600 3.3990992066234256
132700 3.114175544800762
132800 3.1427812472304475
132900 4.797219499921261
133000 4.743688794297908
133100 3.652544412116584
133200 1.9425011884694967
133300 4.265197387184678
133400 2.931656684078128
133500 3.9984073881032822
133600 3.8371118121466616
133700 5.224594316675641
133800 2.9875264089876827
133900 3.361821588383171
134000 2.6446402035985823
134100 4.665518095978984
134200 4.961729997681621
134300 4.710529773243599
134400 3.0038426375085923
134500 3.2154065501860862
134600 3.6688973768432596
134700 1.6877879543815217
134800 2.3321800814366234
134900 3.896432824980779
135000 1.467054555842614
135100 2.7668472761195053
135200 4.420697792840352
135300 4.066710136702829
135400 2.7460556266214238
135500 3.294557551315369
135600 3.9613868501521123
135700 3.8201361983885143
135800 2.969109116209754
135900 3.06077711391481
136000 3.8972760259865655
136100 4.2790952634185
136200 3.5199172033171817
136300 5.420875721037037
136400 3.7301558018340573
136500 1.0540913243146286
136600 4.747164504017104
136700 1.3098991834921623
136800 3.277448911337315
136900 1.9607304196194535
137000 2.778698742336382
137100 3.9247242542841296
137200 6.121967762809509
137300 3.5604469630985665
137400 2.551281272114226
137500 2.5252698601988937
137600 4.266593057436661
137700 2.6717056174322065
137800 4.788251573767904
137900 5.25334170334542
138000 2.120416861139336
138100 0.6529180495304356
138200 3.3771701454671463
138300 4.1989367514081
138400 4.195089782751746
138500 1.594159730002629
138600 4.104744151546161
138700 2.5473070374592313
138800 2.040790668859813
138900 3.4813861556131553
139000 6.50477453921933
139100 5.513435693603957
139200 6.42189505729438
139300 5.2538955079478855
139400 4.67027605824279
139500 3.7743967986717526
139600 3.912682410905255
139700 4.726648803966496
139800 3.942663624087548
139900 4.272778407017155
140000 1.7918313634204803
140100 3.625354146653591
140200 6.005041638943255
140300 4.972552117312306
140400 5.181158644969473
140500 6.329574448431734
140600 5.464626366362452
140700 4.8337992386432695
140800 6.4469598094490275
140900 2.6854737425803332
141000 0.873435376801172
141100 2.2301706709269036
141200 4.565131763766978
141300 6.2783413222935085
141400 3.762982062173368
141500 4.91251473917028
141600 1.8719478722356853
141700 2.7143030875298253
141800 3.6089618285691167
141900 5.439512536197854
142000 4.775015372319617
142100 5.129577631243972
142200 5.623507230265843
142300 5.689967290868798
142400 2.3220660681025085
142500 3.11393059093335
142600 2.403987160754001
142700 2.3489746395584445
142800 4.697456733512991
142900 3.033123823061645
143000 2.354960840864907
143100 3.2729991424165545
143200 4.594300732559072
143300 3.34596677134349
143400 4.666425411429825
143500 3.992806090104689
143600 2.74413273608189
143700 3.2280242329365763
143800 2.724865180581801
143900 3.197621238701623
144000 4.417522607044681
144100 1.3070415183727198
144200 3.194074745116935
144300 2.493715140208389
144400 4.813725892388173
144500 5.8445447055410975
144600 6.142339586663398
144700 5.225799822264203
144800 5.363559453041958
144900 4.852466673710066
145000 3.1106549842428066
145100 3.316576352003745
145200 3.1871201604718107
145300 3.28289294729583
145400 3.311875962879282
145500 3.0022774705138104
145600 4.822168856399691
145700 5.64188524184839
145800 4.1189927807639934
145900 3.771066749236035
146000 3.796753368533481
146100 5.307334014366407
146200 4.127723583367215
146300 2.021576725505814
146400 2.8918820185636585
146500 1.4863221517310052
146600 2.353445269727364
146700 4.465288486822585
146800 2.7009502795868108
146900 5.037240747507268
147000 5.560079746664784
147100 5.15583057883078
147200 5.138618782046756
147300 4.850793445178106
147400 4.160261615478627
147500 1.96149020521281
147600 3.224120332353253
147700 3.4641406939069324
147800 3.1484784594586785
147900 1.9102040804379474
148000 4.538846483289523
148100 3.9848147136781495
148200 5.265472482651631
148300 4.233199833252759
148400 4.537773917363259
148500 3.5324003835465114
148600 6.0667370037616
148700 2.611697099267306
148800 4.223491449346689
148900 4.641157645077902
149000 3.7616653876260226
149100 3.0900828833723173
149200 5.60573461594281
149300 6.0911977219666475
149400 5.667405449111063
149500 5.105367368697183
149600 5.355613218696836
149700 6.493596834413397
149800 4.1962677647117905
149900 6.057154237238183
150000 2.801931933858559
150100 5.808972160569788
150200 4.264718495666051
150300 2.1361802865338095
150400 3.2785509904144154
150500 2.2358480692238745
150600 5.293391266396894
150700 5.604620924631058
150800 3.7530451436628414
150900 3.2171540864014294
151000 2.411438031690503
151100 1.3541233734290319
151200 2.332064677513212
151300 1.7082522838089982
151400 3.122280931158552
151500 2.23004566428754
151600 0.20091212634718492
151700 2.1069202201105015
151800 4.12202548912475
151900 1.3463924269881429
152000 4.873392645513596
152100 5.980697435405009
152200 3.514676746320983
152300 2.9987083675227924
152400 2.7146680362417066
152500 2.0753068677579867
152600 3.838498513840465
152700 1.7580616742410093
152800 1.8507155829860948
152900 3.308186514328024
153000 3.2992823899959913
153100 3.5251049826421443
153200 2.9294724009622084
153300 4.540169936181568
153400 3.8796391735163245
153500 3.842468328039195
153600 5.7716155206155335
153700 4.581455724453232
153800 3.0570306394574693
153900 1.8671683311646843
154000 2.055325305013918
154100 0.9967423496582857
154200 2.0090304602305924
154300 2.9819590306124333
154400 4.587141193028026
154500 3.371555836577563
154600 4.709694503056278
154700 5.6882887593804385
154800 6.074692469394282
154900 5.43993528377155
155000 2.5294649114451166
155100 3.5748186213404596
155200 3.7733157225137877
155300 2.787117614428646
155400 2.9252892846955154
155500 3.4075392153798076
155600 4.063434198524471
155700 4.255610614996875
155800 3.9626089241272107
155900 4.139857783424597
156000 2.628667212965074
156100 3.141536690440986
156200 2.935930228269945
156300 2.909558225735438
156400 4.18498478813014
156500 4.047511557502203
156600 3.566602809753466
156700 5.015951682573139
156800 3.3965615492373593
156900 2.501889347583846
157000 2.556188808752496
157100 3.7422662387133148
157200 2.5840106516432457
157300 4.3381725585876385
157400 6.204975901379112
157500 1.4131716988940115
157600 2.3107419653417747
157700 4.958999537214427
157800 4.464574259661617
157900 2.7384432399336145
158000 3.0097323535613274
158100 2.955201167787054
158200 2.2254354984144054
158300 5.501916201965006
158400 4.634604537142243
158500 3.471968592198018
158600 2.2088083679059856
158700 2.8989490484777747
158800 3.1084406928926276
158900 3.019237876052659
159000 3.623392100505658
159100 4.44220959688604
159200 3.3000783798201088
159300 1.2619183412798431
159400 3.3088916582021324
159500 3.8973674828274607
159600 1.8940692606681682
159700 5.2492862691518045
159800 4.192796228800667
159900 5.62939946192404
160000 6.154906824025156
160100 1.9085537263522452
160200 1.3250959255092638
160300 3.361795740383566
160400 1.9747018209162361
160500 2.9671272846066046
160600 2.648079483494655
160700 2.921449274134956
160800 6.778294907456403
160900 6.1326313726588255
161000 5.905364317565793
161100 4.275399215427926
161200 3.069003239079806
161300 3.5654541466686815
161400 3.320096921339253
161500 1.3539326207360913
161600 4.2478836535114075
161700 4.326895681221894
161800 2.988735273183978
161900 3.627688198219569
162000 4.739602612516202
162100 3.300379443245209
162200 2.94277690201945
162300 4.866643806270232
162400 6.130115636186328
162500 4.87498710618756
162600 3.9551800056546007
162700 3.945419683077777
162800 7.510254107954277
162900 2.3102483454482527
163000 3.859439008169245
163100 4.215675077956924
163200 5.380827419128623
163300 5.018929739655024
163400 3.928050331461956
163500 4.018377618317513
163600 3.104248593723785
163700 1.9596624586501192
163800 3.4408992842197814
163900 3.939832155516656
164000 4.520605583916017
164100 4.924531071967342
164200 4.115827070923521
164300 3.2318816017181367
164400 2.3270801795239904
164500 4.276511501914892
164600 5.321553873455523
164700 5.97140867434001
164800 6.500780015068597
164900 4.8545526581741365
165000 4.204908827653999
165100 3.9823298043888604
165200 5.763788445042682
165300 5.088269076262415
165400 4.540536725507945
165500 4.256772302331572
165600 4.345863731303203
165700 4.477560688288549
165800 1.7560746628713262
165900 3.3040944806017705
166000 2.9893547290069677
166100 3.775398250167341
166200 5.225422587610824
166300 4.671424422796881
166400 3.0763800192251263
166500 3.188826809660531
166600 3.324673065955526
166700 4.490892720748638
166800 4.735881410017361
166900 3.5460471427769202
167000 4.2692500481361035
167100 4.346315221417076
167200 3.3126765850454154
167300 3.7824691733880234
167400 2.7276232584983493
167500 3.851406162021345
167600 4.4651867608263
167700 2.260474812549018
167800 4.307034881091304
167900 2.726795366292297
168000 4.595507497105514
168100 5.077464566173633
168200 4.074233680145837
168300 3.418640797263086
168400 4.144435761986729
168500 1.9920072434505423
168600 2.060535157727224
168700 2.634866255244937
168800 2.2225135572372663
168900 2.812957733815623
169000 3.872140695873407
169100 4.766771408632593
169200 5.487291111301567
169300 3.898312821252526
169400 1.0312218842074459
169500 3.9750902772692136
169600 2.9135176419441313
169700 2.1866141245473765
169800 1.0404899651068868
169900 2.3646197638776254
170000 2.9641339012311194
170100 1.6736861360371833
170200 2.540409650181453
170300 1.809750368668787
170400 1.997413055528656
170500 0.9568728253804621
170600 2.8483678014217335
170700 2.0804765019609484
170800 3.102308963969112
170900 1.7532262413562412
171000 3.3701233768147056
171100 3.5180251505234374
171200 4.1352607344360885
171300 4.145814349143187
171400 4.507832201682328
171500 3.8120261645053013
171600 3.6637966674588034
171700 1.9800300241802367
171800 4.422897646981262
171900 4.250904710276991
172000 2.927206842043088
172100 1.4000787017640879
172200 2.3189823120305717
172300 5.57665018439928
172400 6.514144307603644
172500 6.9471754059602295
172600 7.377730897946078
172700 5.038198327981376
172800 4.306719832165229
172900 3.549244579962503
173000 2.4756319500456083
173100 3.887621997853193
173200 3.8569447947211275
173300 3.4836175652553507
173400 2.7513619860596403
173500 5.765285291433284
173600 3.965103147522904
173700 4.415183747714816
173800 4.000388934194527
173900 4.17953967485647
174000 3.7479850935446213
174100 3.959316675730527
174200 4.392781717111644
174300 7.676347166660304
174400 5.60537051423875
174500 5.476013743062413
174600 3.043228921812205
174700 3.259234108539624
174800 2.7908625071334043
174900 6.357252260135947
175000 5.014316825432918
175100 4.059632611842961
175200 3.206031290288782
175300 2.9643569227777222
175400 3.5513598497809546
175500 2.9359199881833353
175600 2.2172095037259667
175700 3.405040551792612
175800 4.121391285310706
175900 3.72190686811935
176000 4.548576514933673
176100 2.331396790402894
176200 4.505161094756863
176300 3.374476677503262
176400 4.432850763597329
176500 3.917445326175331
176600 4.610304464626208
176700 3.593488867479406
176800 2.6167372375895916
176900 3.69132472299348
177000 0.7561634110578419
177100 2.3867154213523145
177200 2.7047910218702973
177300 2.359185802808816
177400 2.8675760775054755
177500 3.669974937297544
177600 5.908050777750671
177700 6.796452485776958
177800 4.105010680121667
177900 3.213466924529615
178000 4.170741821565102
178100 4.3467804773036125
178200 3.361375386510438
178300 2.850290972677682
178400 3.901268800553933
178500 4.306954241534948
178600 4.920726725592865
178700 2.352550090129295
178800 3.021258946285784
178900 2.476702455382026
179000 0.6548778317970705
179100 3.4834654715555646
179200 3.7923820029271975
179300 3.551737100406762
179400 2.1597227416967213
179500 2.26119949388526
179600 4.828842376846915
179700 6.105700986407107
179800 4.375388495751475
179900 3.1063088270064356
180000 2.6811714396801762
180100 4.726687593561061
180200 4.8355824425710185
180300 1.9932301290253283
180400 2.8655013538257808
180500 2.1684761380401816
180600 3.950161513522999
180700 4.029339266355706
180800 2.390136587881374
180900 2.638470845435128
181000 3.6915200397780823
181100 3.8357037096383784
181200 4.8589430202062305
181300 3.424189984752105
181400 3.5668924091011447
181500 4.748864915258662
181600 2.278978845572246
181700 3.2050881615446154
181800 3.526109658481614
181900 3.677261805745645
182000 3.4127303807586666
182100 5.551815513822965
182200 4.588486713545194
182300 4.356259629195396
182400 3.22249335054551
182500 4.4327684781067225
182600 5.184338775267449
182700 3.843254572280056
182800 3.43037832427073
182900 5.014989218789605
183000 3.6459587962145386
183100 3.374366420144578
183200 3.608640215251277
183300 3.267750515450325
183400 5.127429115372415
183500 3.124471434012102
183600 1.8447299082721487
183700 5.773768950117511
183800 6.7741452580725126
183900 4.848371818895295
184000 4.44601643332156
184100 4.538223714182676
184200 4.084010525919899
184300 2.253079254719497
184400 4.614450447622802
184500 5.388322686948259
184600 4.850492551288218
184700 4.506124918459509
184800 5.136208046451658
184900 4.413277800644687
185000 4.813587611064032
185100 5.341508672314343
185200 4.374213909973283
185300 2.5743657368066373
185400 6.043327049804401
185500 4.814278465357738
185600 4.902895333269051
185700 5.266879195871598
185800 4.305743574573697
185900 4.0381013486341155
186000 4.741093636180552
186100 5.58864186812043
186200 2.951980591532284
186300 2.31968411488072
186400 2.140557420779166
186500 3.5103451054260613
186600 2.6027750344213576
186700 3.0784235627571417
186800 1.2618279285221674
186900 3.150877088957769
187000 3.8706506613130083
187100 6.217237538735364
187200 5.3074077380505535
187300 5.432123489501686
187400 2.9442429061462976
187500 3.38228221439039
187600 4.323712671346385
187700 4.269330968905566
187800 5.499835582389554
187900 2.5238022688614365
188000 3.6543515366048687
188100 4.3792016590531615
188200 4.635998420143085
188300 5.235019029788095
188400 3.9473703182711226
188500 2.4691499453069605
188600 3.9105364509407265
188700 3.966486678081494
188800 4.605836666325609
188900 6.450912064819437
189000 6.081610208333261
189100 5.3643735262849646
189200 2.8498673155804584
189300 1.1460139144608106
189400 3.4887574362782283
189500 4.390167088169213
189600 3.6403116988362942
189700 5.723980600600917
189800 5.90315958877626
189900 4.025305150333596
190000 2.373488144091953
190100 5.023652645681754
190200 4.571760181843176
190300 5.103032130100627
190400 5.349983979877078
190500 3.6566066842598772
190600 3.651040514160094
190700 3.642462349145766
190800 3.467821599592663
190900 1.538657350179301
191000 3.1808835459561924
191100 4.223594139601935
191200 3.4867848467727396
191300 4.597579636307715
191400 3.9684676691187954
191500 2.3809580736889293
191600 2.8503638271419565
191700 3.8468836242465705
191800 5.3034273529453175
191900 4.734843138958326
192000 2.7721960031631836
192100 2.8431318515409227
192200 2.73439031283955
192300 2.8146320235209155
192400 4.132013831058664
192500 4.518814253152719
192600 5.263121957033451
192700 4.643189659175525
192800 4.524094528443699
192900 4.746231799262417
193000 3.7926829814419882
193100 2.807895334583378
193200 5.7149810835226615
193300 7.006289119212064
193400 3.318950272062758
193500 6.097098273623942
193600 5.235836736086709
193700 6.861655220922748
193800 5.052513758663229
193900 2.917327373430043
194000 3.4364217619611668
194100 2.1569146961845385
194200 4.520034297567339
194300 4.626756179978364
194400 4.826783402530985
194500 5.1855053407779685
194600 3.0826365297312917
194700 3.564926361141022
194800 2.910662705677562
194900 3.8700955823202072
195000 4.143882336843664
195100 3.5111471052218057
195200 3.325979672639115
195300 3.4728297965353234
195400 3.872035966788302
195500 4.144820761040597
195600 4.308397577779651
195700 5.732112355030123
195800 3.336532191572932
195900 2.528962293621259
196000 4.884413380705385
196100 4.275002451775881
196200 6.196426335690156
196300 3.0356110220755754
196400 2.4552423055443997
196500 2.330275698867521
196600 5.085585984753902
196700 4.992490297537586
196800 4.298629340606756
196900 1.9404297207560623
197000 1.259947145928834
197100 5.645801247054364
197200 4.60138554993942
197300 5.049728104998167
197400 5.285659863204316
197500 2.392953401338301
197600 3.950737635333053
197700 3.0509077168451224
197800 1.0838360566138114
197900 3.7899427049239485
198000 4.267889476426441
198100 3.80611740831045
198200 6.110026773512493
198300 4.780121596272452
198400 4.541695641819287
198500 5.157678666609152
198600 2.7351686965777087
198700 3.0250318071063202
198800 2.3961877965631655
198900 4.163603226700469
199000 2.007609435023768
199100 4.680238996433995
199200 3.0365654562571947
199300 5.564875519391209
199400 4.204710303433702
199500 3.332823479587796
199600 3.4665457049956627
199700 2.6650650259708417
199800 3.754778479383176
199900 4.158306198300623
200000 3.843035253235599
