# Model = Transformer.pyTorch.aggregate-sum,6D,5L
# Num weights = 0
# Learning rate = 0.001
# Env random seed = 666
# Start time: 15-08-2022(22:35)
100 -27.45468519109842
200 -27.149757706369698
300 -27.00243883565716
400 -26.89595822688788
500 -26.706521506210702
600 -25.587866633780123
700 -26.023334780486397
800 -26.391963298789708
900 -25.36425832822554
1000 -26.00592032746918
1100 -26.02131828247771
1200 -25.604272776199934
1300 -25.44603024298213
1400 -24.4166940292776
1500 -24.353369887946503
1600 -23.540476766540934
1700 -22.38056801968747
1800 -21.31759492165361
1900 -23.09238703850688
2000 -22.191617702591255
2100 -20.015646167795314
2200 -21.307372335831012
2300 -20.526663743543356
2400 -24.16736196986828
2500 -21.208931099226195
2600 -21.64503246828801
2700 -21.834332523987904
2800 -21.0434448819801
2900 -19.527638978230957
3000 -22.5939076047111
3100 -18.696401261091857
3200 -18.90854728405308
3300 -18.511366067460976
3400 -20.66514488893054
3500 -18.969101472996613
3600 -16.556309985013414
3700 -14.425672336533458
3800 -14.325927459752233
3900 -16.089663826342434
4000 -17.261122878332504
4100 -17.843874384507277
4200 -13.967440777832444
4300 -15.196326428706108
4400 -14.244557694340775
4500 -14.145487408619871
4600 -14.935976797030749
4700 -14.893562308882563
4800 -17.47904666132362
4900 -16.059694562407454
5000 -17.13583789062575
5100 -16.876532104613556
5200 -15.016341433644609
5300 -13.928232041695855
5400 -13.861652529875945
5500 -13.617324106374367
5600 -13.238603609661189
5700 -14.243340447922545
5800 -14.319005515088188
5900 -14.68766264149684
6000 -18.99129079410374
6100 -16.098571807741
6200 -16.12022736318641
6300 -14.666126969678748
6400 -17.967301687243804
6500 -15.239156322467766
6600 -14.658857881540762
6700 -16.634863579992967
6800 -17.16644380594148
6900 -15.425660719882583
7000 -14.515236852121063
7100 -15.629369043552451
7200 -15.489555480107853
7300 -12.515538265502832
7400 -16.763191026992246
7500 -17.275048275565617
7600 -17.70255679097097
7700 -13.902474812594846
7800 -15.63176577161347
7900 -13.611351844488476
8000 -16.203001214807855
8100 -15.58188269784818
8200 -13.396252256457732
8300 -13.608888357859449
8400 -16.232871832113645
8500 -13.789944539053204
8600 -16.04739526133454
8700 -13.808332547802832
8800 -15.715694392609945
8900 -16.774849275191144
9000 -16.11063517382447
9100 -14.745363874596647
9200 -14.520742530260081
9300 -14.727835073254862
9400 -13.374779053963046
9500 -12.24895477472852
9600 -14.15367955098047
9700 -17.09127400883043
9800 -15.942436941695622
9900 -17.702841570281937
10000 -14.820210513907785
10100 -15.953561309146384
10200 -16.824937865915892
10300 -16.952165410540424
10400 -16.805217185730875
10500 -17.560977822867915
10600 -15.863443426023917
10700 -14.865691166453924
10800 -16.59605634111016
10900 -15.144504005810884
11000 -16.331335461467997
11100 -14.12147545230915
11200 -14.00050278247079
11300 -15.025249502439063
11400 -15.890003308519967
11500 -14.51823334869152
11600 -16.048261569144458
11700 -15.447364810196696
11800 -16.071615196916348
11900 -15.258691285344526
12000 -15.152668483236065
12100 -16.310365100320993
12200 -16.04680082897613
12300 -17.207868112409994
12400 -16.3733401548286
12500 -16.475400026342463
12600 -14.553243356664078
12700 -14.562866878101453
12800 -14.93799926784702
12900 -14.29662787200826
13000 -14.159194280254846
13100 -18.266358291937834
13200 -16.031495190909272
13300 -14.639992526121999
13400 -12.749879902032598
13500 -14.060456611102182
13600 -14.323537705842622
13700 -13.38899374677252
13800 -14.935122029303207
13900 -16.126545214125656
14000 -15.11750252559368
14100 -14.813865823805543
14200 -15.904283494847451
14300 -14.1088804658757
14400 -13.96949516946767
14500 -16.138614197257603
14600 -16.872198694029237
14700 -16.96794478733579
14800 -14.300158569629236
14900 -15.712807413295723
15000 -16.445732498835735
15100 -14.24529623822929
15200 -16.168203466144206
15300 -16.26620329028409
15400 -15.065921492869847
15500 -15.466968808721555
15600 -14.89448817450807
15700 -15.357320256788048
15800 -16.840556392595786
15900 -15.783942801466678
16000 -15.009610611659253
16100 -15.350434093863996
16200 -18.415311583911002
16300 -16.195626260008527
16400 -15.886410200415467
16500 -14.567681537911282
16600 -14.893642764020031
16700 -13.869794749375323
16800 -12.88347987516728
16900 -14.266629286664577
17000 -11.925938017963562
17100 -13.541446474081164
17200 -15.13352740601846
17300 -15.08602835167686
17400 -16.941352536810978
17500 -17.756882837207787
17600 -16.934593450513262
17700 -15.088291096643202
17800 -15.921379664670269
17900 -16.020331917954653
18000 -15.279620926071013
18100 -15.168182351593826
18200 -11.89866878284738
18300 -14.199046341867664
18400 -13.482316468013126
18500 -12.75108912640195
18600 -15.683761778386824
18700 -13.836005707875128
18800 -16.497760115421205
18900 -15.348782580297904
19000 -14.877371066637151
19100 -15.776860238112556
19200 -17.279927193060622
19300 -15.3878524258607
19400 -15.865300047318408
19500 -15.51425504249766
19600 -15.331300367328556
19700 -14.969514113756125
19800 -14.867847423988591
19900 -17.715429012712484
20000 -14.653235947582123
20100 -17.16756541608222
20200 -14.010275745134447
20300 -15.655139838561622
20400 -13.324443126957371
20500 -12.538882698329322
20600 -13.678762574961773
20700 -15.20209828206336
20800 -16.294051586850642
20900 -16.015530861454348
21000 -15.633597371152906
21100 -15.259740245476976
21200 -14.061493154474705
21300 -15.847431104656081
21400 -15.152488843986776
21500 -15.023568689192619
21600 -14.541041487030222
21700 -15.755497500967051
21800 -13.986432948205048
21900 -15.698660178543209
22000 -16.016086182517025
22100 -13.643796098182708
22200 -14.599724878327649
22300 -16.655089754052135
22400 -15.240659102124724
22500 -17.390492190883293
22600 -17.16616696290649
22700 -16.74069727117899
22800 -14.062670225451434
22900 -15.405633945264393
23000 -16.329272644284785
23100 -15.159837473060316
23200 -16.02557168843071
23300 -15.854256892370707
23400 -17.73735776980306
23500 -16.987241606653537
23600 -14.09236242100267
23700 -15.301221534038033
23800 -14.673117402266493
23900 -13.696757110971161
24000 -15.134638687245026
24100 -15.878809290487972
24200 -14.71535766912298
24300 -15.656718656237402
24400 -13.888961019670095
24500 -14.169805586267545
24600 -12.165302711305557
24700 -12.333648891465899
24800 -14.72972417352983
24900 -16.077440810144317
25000 -16.987657032189414
25100 -17.786977503712478
25200 -13.922985904368105
25300 -15.305687089810153
25400 -16.44463324983295
25500 -14.547932499377463
25600 -14.760480248282873
25700 -16.644420632412125
25800 -16.582166420645436
25900 -14.924499794307478
26000 -12.207091050748362
26100 -12.301450093571516
26200 -14.11530136135244
26300 -13.904436981396392
26400 -16.73950133520939
26500 -17.253355668897925
26600 -15.83074083853803
26700 -15.874440644641275
26800 -16.18609484270756
26900 -16.846399496441673
27000 -16.52730108164616
27100 -14.69027745905995
27200 -15.941269806244893
27300 -13.961247882923697
27400 -13.743739153242148
27500 -15.62537696786276
27600 -16.33947784479355
27700 -16.671846400048263
27800 -18.903369667352163
27900 -16.844402858603583
28000 -16.326906450824925
28100 -13.938099897815928
28200 -16.66679853355678
28300 -15.551238648236003
28400 -14.96956583339097
28500 -12.957103571006007
28600 -13.71438971335493
28700 -13.899020632645088
28800 -13.789853144098773
28900 -15.974086534446444
29000 -14.978962971704966
29100 -13.778623900119788
29200 -15.562171776902867
29300 -14.707966482229496
29400 -15.080643396217063
29500 -15.159888586256745
29600 -15.461184248674721
29700 -14.377570532345231
29800 -15.532857328524349
29900 -15.639502803698564
30000 -15.469572917258583
30100 -16.68487313132909
30200 -14.752912182791851
30300 -14.387887967050588
30400 -17.30907543394669
30500 -17.228204784281598
30600 -17.01000881686176
30700 -14.826384597880736
30800 -15.81286013614505
30900 -16.30795992225874
31000 -13.116638371629078
31100 -15.166078517833457
31200 -16.893846631219045
31300 -15.278721259288107
31400 -14.458448081380338
31500 -13.103372616239305
31600 -14.695040052997884
31700 -14.423680254936581
31800 -16.060791511698696
31900 -14.48403907102837
32000 -17.524739774355176
32100 -16.002079833233857
32200 -18.035962450529585
32300 -16.037982742142635
32400 -17.43704477709814
32500 -15.560831888090746
32600 -13.838274490157293
32700 -14.286200027052061
32800 -15.40858748031083
32900 -16.295564132306232
33000 -16.05516615457424
33100 -18.040562167786995
33200 -15.129999366722164
33300 -15.803409900710987
33400 -15.41331004340319
33500 -15.689851080366804
33600 -14.694272323420792
33700 -14.65378231333999
33800 -14.361721084242944
33900 -15.419819786672665
34000 -15.931213460454282
34100 -13.056614488650238
34200 -15.092446174318546
34300 -15.21768233030314
34400 -14.751442832857935
34500 -14.368436545391395
34600 -14.686919718674842
34700 -13.281763021914415
34800 -15.056260312839338
34900 -15.434972800640423
35000 -16.203136844142165
35100 -16.247300701616908
35200 -15.904009721966265
35300 -15.918724930619945
35400 -13.704192849816062
35500 -15.315370047497034
35600 -13.626180462406044
35700 -15.493983532320083
35800 -15.06653371035937
35900 -15.77625062429762
36000 -13.742463837242907
36100 -12.732548473290427
36200 -16.050212655058782
36300 -16.396693660988515
36400 -17.380128786910014
36500 -16.456502844172995
36600 -16.54870218894479
36700 -16.388748158678265
36800 -15.238456798431598
36900 -14.293077498536933
37000 -14.04933100959747
37100 -14.837973785120598
37200 -15.29196629917826
37300 -14.060539192904937
37400 -12.263701883536184
37500 -14.402283637540231
37600 -12.98772745505983
37700 -14.553550906722572
37800 -15.622607770839737
37900 -12.986389191642647
38000 -13.428678970413284
38100 -15.339817219852717
38200 -15.786954244149737
38300 -18.02880679124043
38400 -14.228120710106909
38500 -11.120806467656578
38600 -15.91937472307421
38700 -15.985648574640237
38800 -13.689729655193881
38900 -14.349525744745014
39000 -15.301520053961458
39100 -15.812384716314266
39200 -14.292306917145444
39300 -13.291501615489064
39400 -15.735823834745363
39500 -14.842141447326446
39600 -15.056353870265331
39700 -16.110736563696324
39800 -15.96209309897585
39900 -13.843051167850108
40000 -14.98828535713865
40100 -17.614588797061987
40200 -16.653806429174814
40300 -15.217358974592734
40400 -15.912153713581572
40500 -16.06237869184539
40600 -13.799583335359522
40700 -15.576961080726523
40800 -17.187408330690413
40900 -14.13565239025059
41000 -15.189735325843824
41100 -15.397876663546725
41200 -16.098928122354664
41300 -17.89404470927059
41400 -14.07724273337622
41500 -15.751091869672074
41600 -15.88242164533184
41700 -16.588706836995964
41800 -17.09616908702285
41900 -17.997328201798258
42000 -17.262798510020108
42100 -15.451829511660394
42200 -14.637682393383066
42300 -17.153027080690162
42400 -17.097582510383102
42500 -16.399452178091284
42600 -16.62896454993524
42700 -17.66101764792377
42800 -16.254551893856505
42900 -14.454397964050784
43000 -12.610300888216914
43100 -15.334493899132882
43200 -15.671756855472305
43300 -17.310925870782395
43400 -16.189921992716254
43500 -14.20713961562158
43600 -12.905102645776207
43700 -16.04679398754277
43800 -14.12017386770766
43900 -16.248930578857625
44000 -15.863856899984887
44100 -16.661384843461345
44200 -16.2512684001734
44300 -17.489065643567987
44400 -16.39082154055309
44500 -14.398185680123662
44600 -14.19687773753228
44700 -14.816768263426235
44800 -15.024854016878587
44900 -13.472482502459869
45000 -13.664722186989996
45100 -14.762807067056766
45200 -15.273750792736676
45300 -16.46370763419406
45400 -16.538510221573972
45500 -15.073008349867017
45600 -15.555670471122486
45700 -14.457524365831913
45800 -14.412306963462166
45900 -11.212672993817685
46000 -14.129607510503773
46100 -17.259953027203224
46200 -16.59086008007902
46300 -15.199559152188053
46400 -17.435246551782328
46500 -16.810812521163868
46600 -16.874135532408705
46700 -17.65781440785501
46800 -16.136167081137152
46900 -16.035648029578354
47000 -16.146969788246686
47100 -17.126265858964267
47200 -15.898876860491084
47300 -17.168190101673908
47400 -16.284020913700253
47500 -14.985838720008397
47600 -14.492944295765527
47700 -14.87711410044121
47800 -13.664065604931977
47900 -13.196339302716192
48000 -14.618208346089283
48100 -12.683626631870053
48200 -11.686287967985551
48300 -15.905531963164398
48400 -17.609134501033097
48500 -15.842764852273083
48600 -15.489894557402737
48700 -14.368229729015988
48800 -13.24185601074763
48900 -10.857068431979831
49000 -13.231339087737236
49100 -15.928962043739523
49200 -14.20346258509907
49300 -13.564565838034426
49400 -14.90071861233956
49500 -15.906923220515704
49600 -14.354877212745352
49700 -15.98875207892942
49800 -14.028900872253772
49900 -14.413174530761841
50000 -16.179390200609106
50100 -14.593499302209423
50200 -17.11213839351303
50300 -14.362174533813382
50400 -14.860826209210332
50500 -16.854316547661902
50600 -15.965246422461838
50700 -15.141866513328344
50800 -15.178452825044364
50900 -16.992096716889556
51000 -17.45143563162252
51100 -14.337034527975728
51200 -14.147590094588967
51300 -14.42491988539575
51400 -16.2528439537102
51500 -15.904433092773559
51600 -14.08520866940683
51700 -16.053538071422164
51800 -15.330124354616215
51900 -15.202123699767878
52000 -16.9114101695422
52100 -13.252927441793789
52200 -13.271576451633859
52300 -14.726678320646206
52400 -16.104448062634724
