100 1.7653778677552379
200 2.2696330639594824
300 2.701645094889962
400 2.4967364167210606
500 3.491366062962715
600 2.0047787982000487
700 1.8632635139365277
800 0.6675214845554411
900 1.1267074439458389
1000 3.385305720617053
1100 2.674358915270282
1200 5.046308855907009
1300 5.887221295591713
1400 5.137262873445698
1500 6.494642216648572
1600 7.320411565425344
1700 4.917988326757349
1800 5.800354688098419
1900 5.607814460797285
2000 7.813796924447896
2100 6.5235295874974515
2200 4.559322351073664
2300 4.002422118391778
2400 3.6657390888729076
2500 4.884567190574056
2600 4.61432211165566
2700 3.269368932073109
2800 1.6959604521859912
2900 4.015781672442239
3000 1.300516606415868
3100 3.565200197736089
3200 5.791659288450996
3300 4.787698052696108
3400 6.015678642055252
3500 3.841156170806833
3600 5.492906184102643
3700 3.5194334012552697
3800 4.084593769193949
3900 4.598655042833826
4000 3.338483431471605
4100 2.611219477136004
4200 6.001156545535793
4300 5.809115585234186
4400 3.890351139865258
4500 2.826873556245752
4600 3.411764127306787
4700 5.222125547899862
4800 5.809314373456384
4900 5.062412119740281
5000 5.100288943065825
5100 3.4398380892113183
5200 4.709601095730848
5300 3.5647007025349158
5400 6.088156328401469
5500 4.988244235213065
5600 4.250331082321921
5700 4.6606631199226625
5800 3.4545231800895846
5900 3.6069092013130626
6000 3.976357717332
6100 5.995311490773542
6200 4.234361696876545
6300 2.1907146754606037
6400 2.188192052555326
6500 5.25491919336694
6600 3.346509570278425
6700 2.6804383325359447
6800 3.326009260632171
6900 4.419819257084632
7000 4.541124503289072
7100 4.645335834529413
7200 4.914969440404586
7300 3.659909783536276
7400 3.8170674875131043
7500 3.9609567546923623
7600 2.104935902134627
7700 2.028930015239716
7800 2.5013454401401756
7900 4.080859162129265
8000 4.95972151568353
8100 3.8303323068910546
8200 3.400940444608557
8300 3.987229513915052
8400 3.08411755592054
8500 1.4566317114137788
8600 5.907528215501179
8700 7.098159361071664
8800 4.253809176354405
8900 5.66279483106566
9000 3.696470361436791
9100 3.389025930236115
9200 3.692518610365076
9300 6.595747242415346
9400 7.036599446900299
9500 6.620585466848271
9600 4.281419160252457
9700 5.108586590374964
9800 3.2476845270039836
9900 3.0324873522277334
10000 2.794512492888116
10100 2.6329804921736377
10200 2.5863528337067936
10300 3.6281778402649527
10400 3.6725689034414355
10500 2.0127295213768632
10600 3.6721836632285303
10700 4.611287122009353
10800 2.0335803199434555
10900 1.8697018619830548
11000 2.821932884486915
11100 5.976845421805894
11200 8.412106132906004
11300 4.778957746497017
11400 0.0821595981475765
11500 3.641311915552288
11600 4.0653171588502826
11700 4.354959698812334
11800 4.042263537715245
11900 2.808406394714794
12000 4.115294081558262
12100 1.5964663930430831
12200 3.6991782767143957
12300 1.890999012857709
12400 2.5798270166607713
12500 3.080125022119169
12600 3.8235937126607356
12700 2.1576429811239586
12800 3.076948234942622
12900 1.6204802769112565
13000 2.4798029292395536
13100 2.1581544096572203
13200 3.0515660530767756
13300 3.844365402665865
13400 2.8735558565442303
13500 2.405274026476725
13600 3.3393632736612275
13700 2.210713917249785
13800 2.6687843541236345
13900 4.377500374075539
14000 3.6061583460411843
14100 2.8840762490539555
14200 5.213017678557085
14300 3.4457028338207207
14400 3.9206793973983545
14500 2.3594743252283163
14600 2.8063467881484248
14700 2.069295718035267
14800 4.072422235529997
14900 4.337866844033951
15000 3.1268101768791197
15100 3.066455545253992
15200 6.291115246835645
15300 4.739558835866259
15400 6.658638850176423
15500 5.16725362013048
15600 3.461512576520264
15700 1.9934688188076488
15800 3.048827952690427
15900 3.1573290064994923
16000 2.9934608529016535
16100 4.038606767963135
16200 3.9355415159922176
16300 3.6978426425216853
16400 3.6652096553054876
16500 3.375377957696167
16600 2.7101786372840553
16700 3.2976963294948853
16800 3.8076397616013695
16900 1.6440283394212931
17000 5.118647516749631
17100 5.324821291664929
17200 2.301049385341891
17300 4.386730717963549
17400 5.682029274162084
17500 3.7409700827292127
17600 4.939361463521335
17700 4.453552400876994
17800 5.781364778371639
17900 4.801208243155157
18000 3.6076677465217615
18100 5.549268770861192
18200 3.5165474237354455
18300 3.7355015297139498
18400 4.827555611923885
18500 3.6300257739492685
18600 4.228841485982057
18700 4.49081221747817
18800 4.491861879416726
18900 2.152598268795273
19000 2.238010618129896
19100 2.461108527132443
19200 3.553688227869432
19300 5.4853695257783865
19400 5.015988726469348
19500 4.5802437057314105
19600 5.464591754162869
19700 5.242882328959496
19800 3.6182329095191825
19900 2.7516670209393896
20000 3.9052615175408927
20100 5.986130639603064
20200 3.02002995379037
20300 2.976582342947703
20400 4.289316476556312
20500 1.3662374613926764
20600 -0.025507611384836038
20700 -1.173007426055407
20800 3.460494794944351
20900 4.190464561516445
21000 4.864452341235816
21100 3.2044849781043827
21200 2.504982724242861
21300 3.3268906084217806
21400 3.587611482892994
21500 4.050115087977024
21600 2.7128157763546317
21700 3.8687119507050913
21800 4.07059022093472
21900 2.5469168665133752
22000 3.6040184796851196
22100 4.311938075412865
22200 2.674978480191338
22300 2.299041727819211
22400 2.1657402364260188
22500 6.090177801793905
22600 6.05960555862081
22700 4.254351098320185
22800 2.310989657238714
22900 4.198006116770419
23000 4.452925380957532
23100 3.9920217839949372
23200 2.879006933306331
23300 2.4522577522673763
23400 4.64688850237342
23500 4.2643555594690925
23600 4.358029002597493
23700 4.357185807058273
23800 2.0917581254261157
23900 2.8618729586614164
24000 4.39133512084179
24100 5.0769620737076595
24200 3.466744567250618
24300 2.9755399427135982
24400 4.765244339741813
24500 3.096641268085167
24600 2.3757439680744263
24700 4.8791354735780175
24800 3.720604816623257
24900 3.3617296916120316
25000 5.534032900855288
25100 1.8380761315827294
25200 2.6181591436252387
25300 1.718215127617551
25400 2.11580461910024
25500 4.2314981339007645
25600 5.753690066275593
25700 4.3021026335769275
25800 5.1139572308129395
25900 2.9009261003027103
26000 3.6005612817038557
26100 4.626888424797902
26200 2.2506143738893476
26300 2.8921031665604895
26400 2.03545148048677
26500 3.6168077467595987
26600 1.8358585415817406
26700 2.0676287034336545
26800 2.7504384765417753
26900 1.38180214257336
27000 2.86624467186684
27100 3.344821442564613
27200 4.079781576999519
27300 2.174541365719857
27400 0.7986944694309664
27500 2.792614348238926
27600 3.1824637220740786
27700 5.551536938790742
27800 4.028021247503259
27900 2.668029569264588
28000 3.3493694192674095
28100 3.9989126844193406
28200 2.91101825667509
28300 4.951856669193682
28400 6.067147072763596
28500 3.0256362120795552
28600 2.657473601753026
28700 0.541068529949988
28800 1.8770575581800528
28900 5.307783271036067
29000 2.39600184253211
29100 4.378525976117141
29200 3.017801349345692
29300 3.675438593978322
29400 3.534132604374935
29500 2.0909610190624273
29600 4.524749700652236
29700 6.503857677262651
29800 3.631563757815055
29900 2.1020975645871225
30000 3.822951473632553
30100 3.6082795306635487
30200 2.199940855255056
30300 2.2366792058879947
30400 3.518822206966436
30500 4.119446135410255
30600 4.854339719380169
30700 2.296613619247634
30800 1.919922901354046
30900 2.793663618204131
31000 3.1274357132314234
31100 1.0592494328675484
31200 1.6244492425119508
31300 3.0501255515430308
31400 3.2545785976542767
31500 4.79597473747132
31600 3.326465422771216
31700 4.799153505279106
31800 4.502836606007503
31900 4.406634932669846
32000 4.646014391259743
32100 4.369754051738027
32200 3.3640502609584737
32300 2.127313704786706
32400 5.3278805461436365
32500 4.419359453137315
32600 4.885990388157722
32700 6.744280556262367
32800 5.598178557337185
32900 3.2769973867896938
33000 3.2265367912626006
33100 3.3465518607809783
33200 1.8175304099969012
33300 3.9993107037912816
33400 1.7533833422462395
33500 1.8234634865705603
33600 2.9753461617096275
33700 1.7173821823389024
33800 5.133864090341787
33900 5.142916681529543
34000 5.646320496177262
34100 6.34124256783276
34200 5.891155131734999
34300 4.034583440998208
34400 6.230297294925574
34500 4.860970866391761
34600 5.10629693281516
34700 3.328722490309697
34800 1.5752457998193672
34900 3.4152650252456467
35000 5.37105646102664
35100 3.387450115119473
35200 4.751559512533413
35300 2.465478372042896
35400 3.8668131871502776
35500 2.395415462399185
35600 4.025075493206252
35700 5.279597308795795
35800 4.633894475651116
35900 2.9640823100452236
36000 3.0575036396271296
36100 3.085170376597633
36200 4.329865866564043
36300 5.889378561134653
36400 4.652096267699844
36500 3.887450382073504
36600 3.3504588111792577
36700 4.3490532036614375
36800 4.348211122063019
36900 5.182439816326322
37000 2.830321483119267
37100 4.442390066005783
37200 6.1023211277024885
37300 6.941263777665691
37400 1.0577804929570067
37500 2.0080759062071554
37600 1.4346453109787023
37700 3.3965061763089803
37800 3.5660738693513094
37900 4.425972026683472
38000 5.4420162147717095
38100 3.594461298473596
38200 5.786669595501294
38300 5.594340462483165
38400 5.208933978219423
38500 6.240826552283766
38600 4.179289106865444
38700 4.753910836294053
38800 4.061315473563588
38900 5.574820924989276
39000 5.086494626892011
39100 3.1517784392937807
39200 4.20315436243775
39300 4.646027793075617
39400 4.607377950573908
39500 4.597835657792326
39600 2.5121002124780056
39700 1.1484441613277614
39800 3.0501860995059875
39900 3.71348877412942
40000 6.124983769639606
40100 4.153032570717234
40200 3.956580172185954
40300 2.8800892942169667
40400 3.3862182913845964
40500 2.7348839390192086
40600 4.451941668017304
40700 3.9580011873519325
40800 3.799740792006361
40900 2.5409252307376295
41000 4.3180056116378385
41100 6.092997018749208
41200 4.171418611120012
41300 4.8617517831320445
41400 5.245110060270936
41500 2.4097314587595653
41600 4.0382007015073755
41700 6.657278339610633
41800 5.417422189284755
41900 2.2242362132475364
42000 2.7309005708813405
42100 1.65414426515648
42200 3.840725694417276
42300 4.927970729416555
42400 4.354212563790387
42500 3.495970408710493
42600 1.506737916997521
42700 3.4442470445277253
42800 3.470687157625216
42900 5.253354264277453
43000 3.552847926393702
43100 3.566262386184734
43200 5.8782950934492835
43300 5.701299180149071
43400 3.695923256362306
43500 5.129750682849524
43600 4.3027158954937805
43700 0.9468774403712901
43800 3.862673697454016
43900 1.6763981849332281
44000 0.5664545035712688
44100 3.142421195889238
44200 3.050682916498219
44300 4.240545922870818
44400 6.484783636858681
44500 5.9562946430407635
44600 1.9878068649211735
44700 2.007138198959742
44800 2.937140107966131
44900 3.055300991429461
45000 2.938441984392008
45100 2.882066899128165
45200 4.692983514907438
45300 3.4625532945366517
45400 4.170278225936559
45500 3.2802103741570594
45600 4.937158650940987
45700 5.514490016928628
45800 2.264624156096645
45900 5.525045989162304
46000 3.9856366262586977
46100 2.459187064311339
46200 5.894496961164325
46300 2.6763824754084626
46400 -0.50285904801907
46500 2.827830598513917
46600 4.030936914893462
46700 2.822511448158313
46800 4.534469785474591
46900 2.8033056063494173
47000 3.5718019348616012
47100 3.6552114107408533
47200 4.711054322575424
47300 4.101635896397778
47400 4.476455738959751
47500 4.0045933431611855
47600 4.373776969460529
47700 3.2914526537807203
47800 5.40883549234326
47900 2.906375959339704
48000 4.874314367962181
48100 4.298233165948529
48200 5.389986256702577
48300 6.475560896133204
48400 4.825071659045409
48500 5.330005914507918
48600 4.638120090874461
48700 3.801651832147766
48800 4.675344195360437
48900 6.564756743655325
49000 5.624424231112489
49100 4.9458405927430915
49200 5.4009187538424035
49300 3.6797261897696325
49400 3.4696208977424643
49500 3.1249715816034143
49600 4.50024198091451
49700 4.229339335114134
49800 3.384963342096367
49900 4.423463734897574
50000 5.495585049269017
50100 4.861199855349101
50200 4.320483226609049
50300 4.36628705477596
50400 3.5128148695303607
50500 2.618583704205388
50600 2.601412105405087
50700 2.9891199817196448
50800 3.864260127772536
50900 3.34634815379693
51000 2.393933519492011
51100 2.910540195854429
51200 1.5682389105242265
51300 1.74644130541008
51400 3.635196353492657
51500 3.7655925205580556
51600 2.0078883919722705
51700 4.737475987708598
51800 4.839117140258567
51900 3.0604851966276043
52000 2.885028955681009
52100 3.04580067196262
52200 5.3641790071840045
52300 3.917054821577862
52400 1.8983133001504633
52500 5.697021823893081
52600 4.333864894597591
52700 4.80650751413633
52800 1.9306245790171521
52900 4.2139598506134215
53000 4.916304405800818
53100 2.623165574904401
53200 1.0800885468821386
53300 1.2442697999730892
53400 1.6566501267188816
53500 4.622974377066017
53600 4.054195762836982
53700 2.7239025849423792
53800 2.132189214068013
53900 4.030395992116508
54000 4.587207541540703
54100 2.9737693498012177
54200 4.093103012212626
54300 4.129235460617029
54400 4.212067150768662
54500 1.8651019642396298
54600 4.506283748479114
54700 4.5347371125046605
54800 1.3709505617247781
54900 3.802109279059804
55000 3.2508094213883587
55100 5.515410950396523
55200 1.2339509283864707
55300 4.115207332965498
55400 4.440082239584965
55500 4.340762993081871
55600 4.014703070750018
55700 3.6920216014432596
55800 4.149455445759788
55900 -0.16539335370263022
56000 1.0845178179192343
56100 2.4653639612672986
56200 3.7392968615694473
56300 3.6312301575426607
56400 4.8841530036375955
56500 4.189963034470223
56600 5.713676136933902
56700 4.985954209568297
56800 2.2229547660556648
56900 2.656160232778386
57000 4.199055905712337
57100 5.7056776745343
57200 3.1126597493099477
57300 6.39568515377268
57400 4.872003866414133
57500 5.21111508195346
57600 3.06385433703464
57700 4.612560931423708
57800 2.165567186784144
57900 3.4263569945307624
58000 7.051692946487781
58100 5.677052955926347
58200 1.7185923493422832
58300 1.9686335610469978
58400 4.727261586226904
58500 5.837851361715685
58600 3.996463125372861
58700 5.096909868623975
58800 2.5391278375609345
58900 3.310940718563022
59000 2.5430668561036995
59100 1.410332948569994
59200 4.384433596002246
59300 4.770683797201952
59400 3.899664822160296
59500 4.684905470279298
59600 3.2866022606258216
59700 5.66653171642884
59800 4.273765236810522
59900 3.4438242554834337
60000 3.273243657577128
60100 3.364430291320652
60200 3.47321147869648
60300 3.4541100897281867
60400 2.3566865900991076
60500 3.5618167991105505
60600 1.7786455771103062
60700 1.2044096598258736
60800 1.3911618062512359
60900 3.480463615072433
61000 3.8184890387398447
61100 6.169611643410538
61200 2.8136528146388193
61300 5.310080307520101
61400 2.867456996678946
61500 1.4393495996589927
61600 3.0839479343103906
61700 1.3617373577981893
61800 3.2142285753434527
61900 5.813741910502172
62000 5.615200988714887
62100 3.0721589554600763
62200 3.403988064293946
62300 3.880735158608097
62400 3.652148580213274
62500 3.764744670523377
62600 3.4617348940911885
62700 3.0074884816776724
62800 2.3568417383534856
62900 3.851249892153764
63000 2.672625741331534
63100 3.232819925699465
63200 3.4880296914121702
63300 3.4515206318571883
63400 5.936954339814952
63500 3.504365874806379
63600 1.4507478885181846
63700 0.8671770484896943
63800 1.2492583010611384
63900 1.6517950118037392
64000 1.1354522304639598
64100 1.5391041589993528
64200 -0.16063665729807697
64300 2.6414351044017836
64400 2.1759952628357593
64500 1.8153329583733504
64600 3.28793459320307
64700 3.05994718508845
64800 5.447240421766559
64900 3.8794653828565018
65000 3.0241411876327438
65100 2.3503811489613176
65200 4.051208308566273
65300 3.282392522134051
65400 2.24064835493398
65500 4.735492713102849
65600 3.8281604416843766
65700 5.7172284862459515
65800 5.123123913545835
65900 4.408488284111909
66000 5.117847992348323
66100 4.184708097492413
66200 3.945590755773049
66300 4.659995443018755
66400 3.2592490526131637
66500 4.236031252604568
66600 2.43545910538868
66700 4.451012955368068
66800 4.312040421928133
66900 4.78449970504563
67000 4.7441123896231145
67100 2.705532861588332
67200 3.903216403711067
67300 4.70154213817307
67400 3.6253980308332117
67500 5.0412912816513185
67600 3.8106292000018636
67700 2.103445074388048
67800 1.3809597726838154
67900 2.264062426966015
68000 0.9957528353593315
68100 2.7975969116777164
68200 2.621518373071981
68300 3.1329112639707373
68400 1.3777113514509685
68500 4.075071201136516
68600 3.0565594125451057
68700 2.3561815251825533
68800 3.9321221256371395
68900 4.039231723617452
69000 4.301061717825311
69100 3.7986261324390265
69200 1.2940806703005514
69300 2.85342993552662
69400 1.2773319527474845
69500 2.575490693753925
69600 3.2594915749145525
69700 4.370183436281742
69800 4.647159627680746
69900 3.8802682903262626
70000 3.6069782124853376
70100 4.987282502062551
70200 5.053740803456933
70300 3.764846144375903
70400 2.013733362958465
70500 -0.26613602061683606
70600 2.177860714244936
70700 1.7877398893907583
70800 0.9999889421052421
70900 2.9767045258276963
71000 1.2669721784375423
71100 3.9585438612243258
71200 3.180909295657365
71300 4.941114721187285
71400 4.139932204874189
71500 5.400756288535876
71600 1.8923562025416556
71700 2.509410784395102
71800 5.148331220432276
71900 2.3258877936902733
72000 2.285903616465297
72100 3.797691450276757
72200 4.709482479960001
72300 5.162382821840302
72400 0.5167339588382274
72500 2.602094460319601
72600 5.465530784112979
72700 3.9319035906916384
72800 4.009998526960918
72900 4.00765365997036
73000 3.541763264046212
73100 1.8861969771071154
73200 5.2520375230906495
73300 3.469013800764239
73400 3.3274839577664816
73500 3.403139174514919
73600 4.3153901064581754
73700 4.02209640497141
73800 4.563424764583571
73900 2.4933028994821784
74000 2.8635996686858993
74100 0.7743117789221168
74200 4.075999940483385
74300 4.747226449985968
74400 2.821771708367445
74500 3.5001142086646726
74600 3.0451725985762015
74700 4.215195002470513
74800 3.221197350505391
74900 2.0812507444068054
75000 5.0669860073161646
75100 2.8060946614525206
75200 3.320229666128106
75300 2.2863666399341014
75400 2.1841017556212057
75500 3.826203284936544
75600 5.309606926962762
75700 4.793916758022378
75800 5.0104433981715975
75900 3.9280373708549154
76000 3.060292967434544
76100 2.5738495063108098
76200 2.853066163029289
76300 3.3094477884472964
76400 3.829566956872467
76500 4.8238440130726365
76600 3.319661683959371
76700 1.679926826321923
76800 0.9062509238043814
76900 4.3514550054957475
77000 2.746868830171885
77100 4.046476141373567
77200 4.611275366531172
77300 5.4414224746106825
77400 3.64016634817097
77500 4.833900595382875
77600 3.0984547199249373
77700 1.6831290172991207
77800 2.533966473079948
77900 3.3275446049585953
78000 3.6607250575945005
78100 3.804954069239025
78200 3.787967884874234
78300 3.5148211883022364
78400 3.067683697638047
78500 4.224383692338796
78600 3.706081153480403
78700 2.935272865788231
78800 2.8526919064758696
78900 1.5330885578422029
79000 3.583160149066916
79100 4.356492780933118
79200 3.8141231121085406
79300 5.658968144184717
79400 3.074202249692096
79500 2.2322937869995245
79600 2.198739652499263
79700 4.627616523954711
79800 5.7065968462496715
79900 4.354161077151121
80000 6.656247769860949
80100 4.234687316677867
80200 2.7161576339145097
80300 3.837133423373058
80400 2.8772399541873814
80500 2.865765897167245
80600 2.853096999309793
80700 2.3487004782766783
80800 4.054113814701688
80900 4.7399097566142965
81000 3.1243486026259903
81100 2.4308455989856754
81200 2.7445288223702478
81300 1.0766225564241192
81400 3.5268279819333146
81500 4.993365042260677
81600 3.8684032152201437
81700 3.0185806474460115
81800 4.449836306796431
81900 4.415310304843175
82000 3.0422783247059035
82100 5.542814929529714
82200 2.381064097961248
82300 2.544088084754327
82400 1.6845330110650967
82500 3.7423378990210128
82600 2.210692237283395
82700 3.1231354845489294
82800 4.576264300647275
82900 3.533441780735317
83000 2.958340020719648
83100 3.8625633154128813
83200 3.07988967930317
83300 5.540880484328374
83400 4.645667173944592
83500 5.613392032264318
83600 5.122299460866167
83700 2.263327578996004
83800 0.9435644602333886
83900 3.613505530369054
84000 1.7079970507425513
84100 1.825553131964521
84200 6.228861255333735
84300 4.807957224730677
84400 3.004657189130071
84500 2.4628467365844218
84600 2.0136746281517413
84700 2.1598838064666586
84800 2.973714594683852
84900 3.8190094576340563
85000 5.0219647041847
85100 5.669369920768192
85200 5.308097297806166
85300 4.854485845141137
85400 3.5831341645333676
85500 4.247442258422141
85600 2.7859118847829123
85700 3.9225864339226915
85800 4.864033047855501
85900 3.821589757974096
86000 3.45429860710199
86100 5.380267043208419
86200 4.606156973592561
86300 4.862266401886942
86400 7.018815830819737
86500 5.565225016906853
86600 3.337904349052776
86700 0.7359121244617572
86800 1.6619726208062942
86900 2.2177820474132455
87000 4.3999713935152585
87100 4.89624192552957
87200 4.37673315552435
87300 3.2156994739777147
87400 3.7096900412409215
87500 2.61866644545893
87600 3.3084576055544934
87700 3.926403325005512
87800 3.614639752918405
87900 3.4061247245754473
88000 1.683614090197143
88100 1.914476470698285
88200 3.4691464367502456
88300 4.864188426917605
88400 4.511922582728156
88500 3.1741057401467563
88600 2.525292264882125
88700 2.935627244292036
88800 4.633548849581465
88900 5.435687541031533
89000 2.8635418390438594
89100 4.582455251718942
89200 3.4879082941053565
89300 2.8331601965098363
89400 5.589658902901136
89500 5.965152102408019
89600 5.516212004443229
89700 3.5432476456242012
89800 3.7705824870074665
89900 3.175212476604604
90000 3.209748921186596
90100 4.428515324906003
90200 2.915460678366937
90300 -0.4371431156942497
90400 -0.07940627458176275
90500 3.0051803588691803
90600 3.5238182358980077
90700 3.5914687086191464
90800 4.869057278459979
90900 4.124778467271311
91000 5.826209204071054
91100 5.408331193288803
91200 1.9987036825230113
91300 2.875448320339853
91400 2.1841035950590086
91500 1.9462624686406464
91600 2.2298876497089006
91700 2.0556382911387137
91800 4.488098778194711
91900 3.489556845176237
92000 2.60421513486075
92100 2.8458651405017164
92200 2.0879880128341672
92300 3.5682846368248566
92400 4.164521497281538
92500 4.4869937848420065
92600 6.826724503814382
92700 6.37371867409814
92800 6.428875630565913
92900 4.760538046217448
93000 2.046617962193816
93100 4.2649062057584715
93200 6.008954281562599
93300 5.490176466352878
93400 6.431460452814309
93500 3.9134460307024037
93600 6.204050057781081
93700 3.6514394820396503
93800 5.771357912529416
93900 5.074826842298857
94000 2.0829053392251877
94100 4.2990808801059925
94200 1.2973454455010196
94300 2.9128649290620134
94400 4.047893255055842
94500 3.950336587941047
94600 0.828105282362595
94700 2.381928149179568
94800 4.249052013466166
94900 3.1296872252813928
95000 1.8963340149083499
95100 3.1317887216107905
95200 2.999444938090937
95300 2.8348367394647793
95400 2.914749434399711
95500 3.9836429998673766
95600 4.57712268503606
95700 3.48383206305472
95800 0.6705980252733534
95900 3.336351849981066
96000 3.6478487063029523
96100 4.583934303525974
96200 3.438231525441849
96300 6.0105977150302525
96400 3.89184876439971
96500 3.494595398664231
96600 4.3265998734707996
96700 4.674600880269271
96800 3.3879261256407105
96900 2.4372231516596874
97000 3.64750681410778
97100 4.700463500404239
97200 5.663167131841256
97300 5.024338870506868
97400 5.34140400171794
97500 6.598378294773036
97600 3.403000037733023
97700 3.991826970538649
97800 2.4403940114063825
97900 2.776867204259671
98000 3.429000431598349
98100 4.626327762028164
98200 3.6450102285129504
98300 4.1761021585210845
98400 3.2742414629357355
98500 4.123786722859154
98600 2.4782034133753723
98700 4.005561097815903
98800 5.269729546567916
98900 4.740851413754571
99000 3.5198745946493513
99100 4.657049746162963
99200 4.746350815794486
99300 2.0779310255336894
99400 1.812557346372749
99500 5.777245256418014
99600 3.010626186307002
99700 0.6300296478836145
99800 4.288279280213252
99900 3.576416304824699
100000 3.0004272644473424
100100 3.7840150699420256
100200 1.912140482861998
100300 2.3765623795785813
100400 5.432863411690406
100500 5.032272741756741
100600 3.052381855609877
100700 2.690525336505427
100800 3.7596825783519376
100900 1.9915595120987724
101000 -0.0247675613697588
101100 -0.0793908881198806
101200 1.9508902797947236
101300 2.4799264059305846
101400 5.443685307976081
101500 4.208830012912293
101600 4.424231221774857
101700 1.882516402235907
101800 1.9374894563898855
101900 1.511407199864557
102000 1.4108994807284208
102100 2.4249480350482204
102200 3.936788034628617
102300 3.222615613245257
102400 3.851403797293863
102500 3.3595773514115965
102600 4.138833011143357
102700 4.9758088612208695
102800 2.4328426044788554
102900 4.776118741252203
103000 5.6591683157292945
103100 5.548245673618242
103200 4.318446727141609
103300 3.9781424185098393
103400 2.8878484784219265
103500 3.8258955915602284
103600 4.423711731471745
103700 2.9910853739679406
103800 2.1843163185342287
103900 2.4362396996055193
104000 2.9301471509797654
104100 3.246055560297996
104200 4.7403179126584325
104300 4.386300793072634
104400 5.081831599502328
104500 3.9217094405656723
104600 2.3651276935134753
104700 3.73706001307915
104800 4.7376564243548565
104900 3.5106043796082838
105000 2.9358792443505584
105100 2.310377236270496
105200 4.688630168553645
105300 5.722725268058939
105400 6.9444324998266564
105500 5.292782374522937
105600 2.6286219662647117
105700 2.6524796724016553
105800 0.9807870279239037
105900 2.804942836187352
106000 1.91046135754092
106100 3.905723253901896
106200 2.194032552740312
106300 0.6653027258833863
106400 2.051160415263913
106500 1.2562614884848644
106600 2.508606660522022
106700 1.375933665038294
106800 3.0541202201066775
106900 3.1020160593081165
107000 2.286580615778807
107100 3.9519247194500147
107200 4.185994825699678
107300 5.145892832364688
107400 5.3350605923088095
107500 5.63823017630225
107600 3.4331059133201625
107700 3.6996544094876946
107800 5.479293439467553
107900 4.105478221224393
108000 3.9551832836895695
108100 4.892151001830172
108200 4.671877188443401
108300 3.2143769241597093
108400 4.373612092629966
108500 3.3119424283900263
108600 3.2080176450159406
108700 3.5678217896952944
108800 2.8088619722295185
108900 4.49920580338686
109000 3.8106315773272827
109100 3.659537582907783
109200 1.8962774910621716
109300 1.7815818807749457
109400 4.574109391073965
109500 3.3147262554625585
109600 5.918188988333578
109700 3.6553121867203244
109800 1.566870334648349
109900 0.7222770482341776
110000 1.6377222244533371
110100 2.2184221838624567
110200 3.511085471388187
110300 5.058687797332095
110400 3.176317991324047
110500 3.8585915858609967
110600 5.16476234701802
110700 4.393104990613892
110800 4.591450108370062
110900 6.5338295258347845
111000 5.175749190458684
111100 4.38657889479273
111200 4.863857654923763
111300 2.834983350607872
111400 2.0974271622532874
111500 3.5512001674065865
111600 1.9446795773696277
111700 3.590901889083493
111800 3.0867742218830427
111900 2.0422758323525696
112000 3.5574651659013834
112100 4.419914384287429
112200 2.8321768603465567
112300 2.4812484275929485
112400 3.0517047988984523
112500 2.8724759120644814
112600 4.703905290838972
112700 2.252850493485237
112800 4.617008765026711
112900 2.2574281073061724
113000 3.971902737437048
113100 5.96507046134196
113200 3.2360356616570494
113300 3.6189587352498718
113400 4.9108072592216345
113500 4.899275548655136
113600 4.433425763325455
113700 4.660358686641766
113800 3.443531312521708
113900 3.6965193219924863
114000 1.903900470794521
114100 2.3098019497185605
114200 3.829970290784918
114300 5.261977193460223
114400 4.443807949348934
114500 2.774845075347558
114600 2.751613221932175
114700 1.873555842702829
114800 2.410482033679157
114900 2.2860629651544153
115000 3.6619075597990998
115100 1.2800654089156274
115200 3.8241901628475374
115300 2.273777664588343
115400 3.2449183386104052
115500 5.504044437291239
115600 3.427045356631638
115700 3.170230210426127
115800 3.0886058622959016
115900 2.786919558397199
116000 5.297641450340805
116100 4.783586462052951
116200 5.713199070671013
116300 5.149023956678517
116400 5.268725688312131
116500 3.5648612595538838
116600 4.071175868051178
116700 3.463946810418493
116800 2.1271498651574543
116900 3.2014406817697942
117000 3.38218170206515
117100 3.7100083286069125
117200 4.171868733617253
117300 3.127469063180877
117400 3.2026623706426087
117500 3.427781370205913
117600 5.1769932744492
117700 3.6356352623959465
117800 4.2581580432650386
117900 5.434753341182616
118000 4.179176046437777
118100 3.1905446644976547
118200 3.9223102249232267
118300 4.68537544782808
118400 2.8202835910038635
118500 4.690544050548491
118600 3.3553485695851335
118700 3.108939507326568
118800 2.4392365230820285
118900 3.540581013107866
119000 2.0520811082719645
119100 1.9114374919150963
119200 2.7677023609224407
119300 3.1770575166124724
119400 1.3644828063904084
119500 2.8639104790848684
119600 2.9915275995626662
119700 4.4602134050627535
119800 3.084666515889743
119900 2.9608620552477847
120000 3.8430115519829875
120100 2.9434279131549843
120200 2.1573366257393602
120300 4.395441021482263
120400 5.513029395889791
120500 2.483570645552955
120600 2.9143778037880774
120700 2.977361230460449
120800 4.214330653745476
120900 3.035422314801018
121000 5.392327659630588
121100 4.020093444281559
121200 4.582974763673243
121300 4.079016250840673
121400 4.008840410657361
121500 6.470538018879846
121600 5.91676711444079
121700 4.791296246362119
121800 2.585734466741463
121900 5.189965962835205
122000 5.768432010899554
122100 3.8724900403210496
122200 2.3038580431963736
122300 1.1495488704998378
122400 2.9025379635177098
122500 2.815802045567575
122600 4.653868596522102
122700 4.10968797481855
122800 7.140334715345247
122900 4.9972352302121985
123000 1.5515058878465728
123100 3.8118176334754814
123200 5.967679836565673
123300 5.636850596367931
123400 5.191894924820537
123500 5.342199789605843
123600 5.28079000970594
123700 3.331269895819849
123800 5.734521458537533
123900 3.767287052509756
124000 1.8836002537946233
124100 0.2529324006208905
124200 4.347603412807723
124300 0.8808850280943392
124400 0.7994449770424621
124500 2.94040380106276
124600 2.288001806919303
124700 3.415051835685668
124800 4.236524641820777
124900 2.4629169671417586
125000 2.747822540927639
125100 2.4207083936324683
125200 4.765955816705061
125300 4.629689033315219
125400 3.2302212156595864
125500 2.767370774116359
125600 4.26192606778094
125700 2.7848643598354683
125800 2.594616466471754
125900 2.1212083628312604
126000 4.083791954201308
126100 5.096011565740716
126200 3.6194605640150406
126300 3.056296474811527
126400 -0.9985188801879741
126500 1.7271017737066452
126600 2.70833137561257
126700 4.022949166912497
126800 2.8980623467593984
126900 2.3073790769995997
127000 4.301132376802136
127100 3.903506083949242
127200 6.3640210935591055
127300 6.441107039892565
127400 3.6616917171098686
127500 5.368542019425162
127600 4.474464860426079
127700 3.989957684572432
127800 4.054881991407118
127900 4.764500515357805
128000 2.34205057546982
128100 2.3608262669693993
128200 4.523441607630847
128300 5.123420650948078
128400 5.612489672788247
128500 4.79706525121713
128600 1.6891158455723667
128700 2.9899820261112904
128800 4.653343339324685
128900 3.369040468061879
129000 4.3174122720869565
129100 4.9077976021513425
129200 4.324751794580224
129300 4.1346335371122995
129400 1.9001677706938318
129500 3.338285391077213
129600 3.107132001673439
129700 5.201707973670399
129800 5.05132581510971
129900 4.869619112310993
130000 4.1211067786799465
130100 3.9479988124413854
130200 6.266461930569822
130300 5.021034027677767
130400 2.9191478950252474
130500 5.113457704579232
130600 3.007975201169717
130700 4.07467830139815
130800 4.015364887119262
130900 4.5456619116190975
131000 4.19462039205923
131100 1.8089999343703866
131200 3.0560653739335066
131300 2.5718499509489545
131400 4.89002243414826
131500 4.245419675898085
131600 5.179057820070047
131700 6.529063672332548
131800 4.577835960561824
131900 5.112965143383912
132000 2.6901063796344147
132100 1.541506367261153
132200 0.003182626820030135
132300 1.256902279945762
132400 2.058915433756717
132500 3.1843788498645584
132600 3.508681035589812
132700 5.291294219619742
132800 5.10815856822928
132900 2.5425905353042295
133000 5.236055679663737
133100 4.101661366355823
133200 4.143690555911416
133300 4.473342427513158
133400 4.466386777976005
133500 1.345309801629517
133600 3.7337212927485766
133700 3.4835687652509684
133800 4.090631255961247
133900 1.91699959375786
134000 4.122955910735836
134100 5.017335036517042
134200 4.519682839602542
134300 3.4218551036812803
134400 3.913537455945761
134500 3.2340950907870556
134600 3.6681662525077994
134700 4.562444249741329
134800 4.832828141904093
134900 3.95097576609854
135000 3.025252553091111
135100 3.609177636739278
135200 5.033944499645601
135300 5.229179569853071
135400 4.835912569974997
135500 3.434217221071756
135600 4.487058245527404
135700 3.8799243493530833
135800 3.4695067830435784
135900 2.4625443250429853
136000 3.945034908808438
136100 4.521640968056824
136200 4.764502417818312
136300 5.510355687268775
136400 4.893688887807612
136500 2.3574758738086072
136600 4.08241711996243
136700 3.7202842542194654
136800 4.5539475099542175
136900 4.84965522307471
137000 2.5659052292010163
137100 3.9527726778914323
137200 5.327411731062639
137300 4.64875801527467
137400 4.3013843176231115
137500 3.8352641494159574
137600 3.115307289346276
137700 2.5753804507167177
137800 3.6755191373172407
137900 1.9466651261042027
138000 2.4179861283660826
138100 2.3844852688283993
138200 3.0341542719141263
138300 5.808904704124261
138400 5.654515000212898
138500 4.984457258857026
138600 4.638192447007573
138700 4.260325374327427
138800 4.1288123482402455
138900 3.209598352381979
139000 3.8798753063369067
139100 4.39894536426779
139200 3.5592300350559927
139300 1.7784023942867708
139400 1.161202851197375
139500 2.9658702920230726
139600 5.158021565716842
139700 4.401592698901251
139800 3.980490559398768
139900 3.2032888802803403
140000 4.475663069675553
140100 4.53688989486982
140200 5.497835328344671
140300 4.6168605954172195
140400 4.281700948937734
140500 4.22916468126635
140600 3.6242551723989203
140700 2.9702646789806555
140800 1.8274634611394245
140900 2.9066709397258164
141000 5.5108023117660965
141100 5.093416428969806
141200 4.943811482083491
141300 5.226517253931543
141400 3.333074142082526
141500 3.2390559091511175
141600 3.8644627748221216
141700 4.221826788873393
141800 4.124311861967615
141900 4.886072441018921
142000 4.794931022040679
142100 3.439571193025885
142200 2.6602689421277095
142300 4.429136620228006
142400 3.3641560619155726
142500 3.215950064982181
142600 6.364035792177232
142700 3.943141664661168
142800 4.114271040491749
142900 3.275930865534128
143000 3.99283013473452
143100 3.0387998684786925
143200 5.140708326971129
143300 4.133378479605175
143400 3.21475047215452
143500 0.01439126578062827
143600 1.2845569251536593
143700 3.976998509695484
143800 5.525125743516581
143900 4.334089961218143
144000 5.5434019453472345
144100 6.308019977261467
144200 3.121563582621511
144300 2.9807100012895273
144400 2.8237929722682114
144500 4.3634261989627445
144600 5.031450085216445
144700 5.232995872065512
144800 4.344383868079083
144900 3.000858297688229
145000 3.9329473134720363
145100 5.38464359203831
145200 5.165967433496896
145300 2.4494842122483615
145400 3.4163716640014123
145500 2.3803550200564754
145600 2.6950472928840443
145700 2.787082229356988
145800 3.9080179316583497
145900 2.9241543214828245
146000 3.954590112226218
146100 5.571858255622305
146200 4.678070020364634
146300 4.265283374718819
146400 1.7136168145015451
146500 3.5279653826464927
146600 4.801968546517548
146700 2.747280910568243
146800 4.341208764620879
146900 3.204869559756044
147000 4.566230886726987
147100 3.6123459549666115
147200 2.8963776093106484
147300 3.463191020867183
147400 5.741267246186859
147500 5.437723347002832
147600 3.385009101343151
147700 4.4588851564483925
147800 -0.16013263357012625
147900 4.027444500037307
148000 5.406104465048746
148100 4.638569477214592
148200 2.2103644915307608
148300 2.45100837403257
148400 2.6327572295783503
148500 3.7669200642994802
148600 2.8432025267942995
148700 5.254599129089151
148800 5.335140363847849
148900 4.381882866192897
149000 5.822889678983737
149100 5.343253838626983
149200 5.4670479460988615
149300 4.009934512922345
149400 5.365581667591424
149500 4.536831571486564
149600 3.2341839431487447
149700 4.7010515044367445
149800 5.241044866154754
149900 4.993560248681382
150000 2.53465971667048
150100 3.8300367976510277
150200 3.119892865868439
150300 2.7213505752676346
150400 4.281159553206325
150500 4.6414691453470605
150600 2.8272175914939686
150700 2.7525195704358514
150800 3.3400041971128305
150900 2.7850786331489488
151000 5.613081407160188
151100 4.765333349377301
151200 7.095776400615483
151300 4.490514189858096
151400 4.551146626820578
151500 5.220754160139435
151600 2.8622647270140367
151700 3.083413404210765
151800 3.7392884117745644
151900 3.21991202433317
152000 2.8024492677973707
152100 2.9772361014212483
152200 1.9697111455072824
152300 2.188748862559144
152400 5.427380729815075
152500 4.291203575909736
152600 2.9140569790982975
152700 4.907735276890426
152800 4.3681450678130185
152900 4.64383807515576
153000 1.774488867879515
153100 2.945109117296724
153200 4.667198678694426
153300 5.266943225812461
153400 3.790034536262562
153500 1.7112608639685725
153600 4.857229080083583
153700 4.169584860056911
153800 3.2805592123805085
153900 2.7985768924694736
154000 2.7689832804580012
154100 4.337431947487721
154200 2.259154109755018
154300 3.650269777102977
154400 2.9994707344595275
154500 2.523247571091502
154600 4.169800929994069
154700 3.85287779725238
154800 5.474783855234723
154900 7.630586748597617
155000 5.094596781379665
155100 3.9980388494928016
155200 4.585447583278216
155300 5.122828211659605
155400 1.0810594782546739
155500 2.423218694707239
155600 3.3840551043082567
155700 5.536369300934821
155800 6.338545152754737
155900 5.393381397008979
156000 4.317141153927492
156100 4.030141092092666
156200 3.474190918366648
156300 3.8318259083270076
156400 4.713614603410737
156500 3.261153095488313
156600 4.484837866815179
156700 4.196643170217638
156800 4.374075622323906
156900 5.861869152742103
157000 1.4528513244526173
157100 2.4763885341935254
157200 2.3213284203943165
157300 3.183165277100536
157400 4.641996548810274
157500 2.504076379329589
157600 2.433961206089192
157700 2.6188658519828225
157800 -2.0889861044411613
157900 -0.692390799442836
158000 -0.12005229638057319
158100 -0.5322904941564275
158200 -2.706583874204498
158300 -0.21629795900642254
158400 1.427378973554329
158500 3.8708993921402
158600 3.847034715704933
158700 3.3618392614158004
158800 2.8583220748365044
158900 6.561817174379874
159000 4.644361698993365
159100 5.260660867968075
159200 2.688651057563922
159300 6.001338895298727
159400 4.580354641817961
159500 3.3494407415336642
159600 2.5829971124284246
159700 0.22324296027201052
159800 1.1055299052617562
159900 4.035907567810116
160000 5.019602486135361
160100 2.8366859596532517
160200 3.3468218535371004
160300 1.8442326029641976
160400 3.184938922483977
160500 2.5910311344397505
160600 0.291771918734598
160700 0.037022826484390314
160800 0.009279313417447366
160900 3.0418255496929953
161000 3.444896405216054
161100 5.328741652569569
161200 5.32087816287211
161300 5.415338503310856
161400 2.5730599952370574
161500 2.7956051149805803
161600 4.819679937789262
161700 5.603777804353181
161800 4.472508401371952
161900 2.5843030474577993
162000 3.0173153458362982
162100 2.638913933829385
162200 3.726068770674584
162300 3.9689638135978207
162400 3.6649615299243186
162500 4.179448223170794
162600 4.232335925035941
162700 4.51610844227973
162800 6.20720016497175
162900 4.537984293182835
163000 4.7766972634120135
163100 6.195083102252528
163200 5.3158905153623675
163300 3.92165711542833
163400 1.7885264329647812
163500 3.908849617558336
163600 3.632970621417631
163700 4.050352582478233
163800 3.357904107044357
163900 3.8789508276161033
164000 2.581905827594714
164100 3.6678399427226656
164200 5.3363680148342265
164300 4.170818102649263
164400 4.484387193784735
164500 2.5344757951266876
164600 3.3080357216863274
164700 2.3061946950154497
164800 3.650367320076772
164900 3.786664212415889
165000 4.126128266831043
165100 4.748115967053084
165200 5.271601620822042
165300 5.26900230108294
165400 3.984622568641356
165500 3.9747050758573748
165600 2.5050319290492635
165700 2.7817369145559034
165800 2.4868721124051696
165900 2.5543422578277193
166000 2.215241268465776
166100 3.469309094123962
166200 4.068875037603993
166300 5.576390386377567
166400 5.241796937808823
166500 2.682958358507236
166600 2.7783791086453924
166700 4.844738609492689
166800 2.2724007249072136
166900 3.746250510403688
167000 4.101137419586363
167100 5.535489274630102
167200 4.079932474761638
167300 5.690277678382163
167400 4.345869795706929
167500 2.9299401857047185
167600 2.496103585846073
167700 4.318928287240181
167800 2.886871048080793
167900 2.3980926842518757
168000 2.297919750699423
168100 2.27570685861792
168200 1.4639345823733265
168300 3.9054383297856585
168400 3.1001475817021045
168500 1.9767064405972223
168600 2.9828640700309794
168700 3.9663269601783533
168800 1.290465565824396
168900 2.7751634902792754
169000 1.727804716740179
169100 3.134751164578645
169200 2.151995450055696
169300 4.613198348097176
169400 3.0744659286428533
169500 2.0121083608183277
169600 0.599214967786527
169700 1.6590907943052937
169800 3.394337401275717
169900 4.907452122973204
170000 4.313192082899812
170100 3.8302564435376607
170200 4.141042468310442
170300 3.874251930433365
170400 5.690824196316711
170500 4.869425600678934
170600 3.3383925304977673
170700 3.8374661826790275
170800 2.343573293673798
170900 2.6585293357254463
171000 2.4313788284572126
171100 3.4291275980107585
171200 3.8433707144783464
171300 1.3762419773250247
171400 2.8228952506016314
171500 3.2623236858583393
171600 3.792325304363655
171700 2.364807053909255
171800 3.1506760543325893
171900 4.073616208308948
172000 3.58395262152997
172100 1.9163874749921517
172200 1.8296087574494415
172300 4.313530393137956
172400 2.6176217590215973
172500 2.488032853009516
172600 2.746143286465821
172700 4.269963086289338
172800 3.2273849208457603
172900 2.137879272720117
173000 3.817645811081095
173100 2.728976363663365
173200 2.8002870477439643
173300 4.682147460110765
173400 2.472505253394247
173500 1.8120724958320664
173600 0.9255611384641091
173700 3.2219286588988747
173800 4.810686029798399
173900 2.2562646890955005
174000 3.472104030944943
174100 1.6398909026281474
174200 3.797344251430103
174300 4.126919821035731
174400 5.432095704481269
174500 2.4605497345506007
174600 2.746338387381689
174700 5.32267013694189
174800 5.0230676432701795
174900 6.073487723088255
175000 4.159612071766386
175100 4.768026720751875
175200 5.398125737107957
175300 4.540408686635215
175400 5.0883118004433685
175500 5.404670656398804
175600 4.778279518202414
175700 2.8805499881760306
175800 6.194005837875932
175900 4.445885507478937
176000 4.695412690192952
176100 4.835101780778733
176200 4.27848430509878
176300 3.2974152066883735
176400 3.2200196820757867
176500 4.5142622129752725
176600 2.3370441618820856
176700 5.218657086097371
176800 4.549724502256716
176900 5.24248273804139
177000 2.391067238139148
177100 3.354589190431882
177200 5.239773471173116
177300 3.511938044992653
177400 4.630326471817258
177500 5.183884149273887
177600 2.2902903229157543
177700 3.8323609204102285
177800 3.1152532125143813
177900 3.178192076627183
178000 4.163420299030552
178100 4.936704423110344
178200 5.031111782593536
178300 4.153686927797687
178400 5.5697644994210425
178500 5.2086081691187704
178600 4.21583299946782
178700 3.6538455715009834
178800 2.910686153099002
178900 2.9000688892665014
179000 3.303245446789792
179100 3.64341295086791
179200 3.3406327888821017
179300 3.3322216377736957
179400 3.5669437912668642
179500 4.046878239965344
179600 4.888596150367023
179700 4.296253577663993
179800 4.067240615059504
179900 4.685020205904933
180000 3.461734583324393
180100 3.800151486290015
180200 4.03857122924045
180300 4.692592342228462
180400 3.4476981962857796
180500 2.9295113193928692
180600 2.134561372445262
180700 6.413478778417672
180800 6.191254477216516
180900 4.379777375093859
181000 4.530353971446259
181100 4.496433783696265
181200 5.254216355926786
181300 6.133121451028459
181400 4.801202500261426
181500 5.260760827217736
181600 2.1550089245628783
181700 1.4531230483965083
181800 0.8360567896106605
181900 2.4813770003296884
182000 2.3800329363757062
182100 1.9623056432491643
182200 4.471438631862137
182300 4.177151063532236
182400 4.4311891564559724
182500 3.886836234590932
182600 3.4332208457054487
182700 3.3745418681830652
182800 2.8217572756907714
182900 3.4909855689655584
183000 5.0268585778233525
183100 4.033798869700973
183200 5.401269235226064
183300 4.023159588535025
183400 2.930041060568718
183500 0.2611720384850749
183600 -0.12043887624891443
183700 0.16815281843361107
183800 3.4977498824686966
183900 3.2517885723487963
184000 2.708053335705291
184100 4.27093158599273
184200 3.9459243871306717
184300 4.236858210514447
184400 4.181973330812834
184500 2.798171580470009
184600 3.5488158165664854
184700 4.431891293259062
184800 4.888776899408293
184900 6.084187846188523
185000 3.063526194357366
185100 3.3587411101871596
185200 6.34505604101784
185300 4.190866317248846
185400 2.9114609699739167
185500 3.934981448229414
185600 2.6903467372869363
185700 1.9313229860078827
185800 1.4178026686585656
185900 5.472179200258819
186000 4.494005614940775
186100 1.5103576200101154
186200 4.664352595179462
186300 5.387638838210657
186400 3.7534544577588567
186500 3.2458105625355764
186600 1.631144794175689
186700 2.578908155008128
186800 2.9766698889239818
186900 4.815546007647519
187000 5.600488870350001
187100 5.107100634293316
187200 3.180179537241559
187300 3.9008665067918304
187400 3.9601076861433953
187500 4.595357501645573
187600 4.380420748701727
187700 3.980011838827095
187800 3.5088860966248987
187900 4.588273612121497
188000 2.461486699645612
188100 2.5136358047922407
188200 1.1854570875741879
188300 2.8386225222114567
188400 3.522358570767049
188500 4.49011046371765
188600 3.872607880172718
188700 3.2427079830432617
188800 3.3818590786607876
188900 2.2045249630731756
189000 1.1723946324955736
189100 4.747625837391511
189200 5.81199147890344
189300 4.422729792188477
189400 4.705458850672724
189500 5.158545850850296
189600 5.210105861261887
189700 4.0208822285134955
189800 2.7725935341486774
189900 4.36281088190186
190000 2.854737379644333
190100 5.162027712682342
190200 5.425882352441697
190300 5.269779249543045
190400 5.159778629935474
190500 3.9343372843879036
190600 3.5622999128866986
190700 3.294926086302773
190800 3.663208630917268
190900 3.9917940045727947
191000 2.0129762929885273
191100 2.754918922803882
191200 2.009100299860364
191300 2.930803702253082
191400 1.073793909873165
191500 2.0524110036357315
191600 2.0227046504043042
191700 2.0216921007537745
191800 2.4904168738977286
191900 3.550463446034322
192000 2.2818508862201883
192100 2.9343319918000295
192200 3.498890294967643
192300 2.229939966034633
192400 2.78256534679115
192500 2.1156587042649733
192600 3.9433619781783142
192700 6.20362662991902
192800 6.217679690262994
192900 3.1465867007399506
193000 2.374111448423891
193100 0.3917813848999861
193200 1.6872983774251982
193300 0.45796889283268477
193400 2.6125612962124465
193500 4.411854616349181
193600 2.9238636843354606
193700 1.507391107563488
193800 3.514601112268318
193900 3.256539481847024
194000 2.326590814041623
194100 2.8237253985957795
194200 4.599798323046058
194300 3.1924880777202325
194400 3.3034712869406855
194500 1.1935000355135277
194600 1.2980798429240834
194700 2.3840328884471376
194800 6.752846018636816
194900 4.232160281777682
195000 5.604571183633053
195100 4.292976599493779
195200 3.069099435209649
195300 0.8738688122312925
195400 2.5260950689688033
195500 0.6722038893272375
195600 4.9374770766996265
195700 4.500011899603422
195800 3.7138989849914723
195900 2.682937191189255
196000 2.5107297420840204
196100 2.3254879848394268
196200 2.6335305948519654
196300 2.879379656275108
196400 2.3541278791865907
196500 4.647371021553605
196600 5.844153633717077
196700 5.415220694723038
196800 4.690006062727492
196900 4.584574949665672
197000 5.210025671142192
197100 2.389372228851177
197200 0.9784416638613442
197300 2.2619773325207526
197400 2.241257979725216
197500 2.921439680764135
197600 5.879445774540321
197700 4.624831304280268
197800 2.570469813600977
197900 4.394034120765155
198000 4.495367886582053
198100 4.959993680454445
198200 3.9923355420556708
198300 4.33881236624979
198400 4.051538940008354
198500 6.134968764294643
198600 3.790290277075862
198700 3.2509836989047747
198800 0.9445333263621334
198900 2.7645808112116153
199000 2.8990932522626944
199100 3.7459888758632407
199200 2.826597060386196
199300 3.592756268536162
199400 0.4543333900214907
199500 0.04528104384322593
199600 1.1506875011257969
199700 1.3873695100302577
199800 2.4519248597765446
199900 -0.3758826677825054
200000 -1.404039050475163
