# n_features= 27
0 20
100 -14
200 -15
300 -11
400 -18
500 -12
600 -15
700 -10
800 -16
900 -13
1000 -16
1100 -13
1200 -14
1300 -14
1400 -15
1500 -17
1600 -15
1700 -15
1800 -14
1900 -16
2000 -17
2100 -15
2200 -10
2300 -14
2400 -15
2500 -16
2600 -13
2700 -15
2800 -11
2900 -15
3000 -16
3100 -11
3200 -15
3300 -15
3400 -15
3500 -9
3600 -14
3700 -13
3800 -14
3900 -15
4000 -8
4100 -11
4200 -10
4300 -9
4400 -8
4500 -13
4600 -8
4700 -6
4800 -3
4900 -14
5000 -2
5100 -2
5200 -12
5300 -10
5400 -10
5500 -9
5600 -8
5700 -8
5800 -10
5900 -17
6000 -9
6100 -14
6200 -14
6300 -12
6400 -15
6500 -10
6600 -14
6700 -12
6800 -12
6900 -13
7000 -12
7100 -10
7200 -8
7300 -13
7400 -6
7500 -1
7600 -11
7700 -11
7800 -7
7900 -7
8000 -4
8100 -6
8200 -6
8300 -10
8400 -2
8500 -11
8600 -8
8700 -6
8800 -8
8900 0
9000 -17
9100 -16
9200 -5
9300 -11
9400 -8
9500 -17
9600 -18
9700 -12
9800 -3
9900 -4
10000 -3
10100 -14
10200 -6
10300 -2
10400 -9
10500 -12
10600 -9
10700 -7
10800 -8
10900 -1
11000 -17
11100 -15
11200 -3
11300 0
11400 -13
11500 -15
11600 -11
11700 -13
11800 -6
11900 -7
12000 -6
12100 -5
12200 0
12300 0
12400 1
12500 -1
12600 0
12700 2
12800 0
12900 0
13000 0
13100 -2
13200 0
13300 -7
13400 -10
13500 -12
13600 -12
13700 -7
13800 -8
13900 -6
14000 -7
14100 -4
14200 -10
14300 -7
14400 -3
14500 -9
14600 -4
14700 -5
14800 -5
14900 -4
15000 -7
15100 -9
15200 -6
15300 -2
15400 -8
15500 -8
15600 -4
15700 -8
15800 -8
15900 4
16000 0
16100 -1
16200 -2
16300 -3
16400 5
16500 -4
16600 -3
16700 1
16800 -3
16900 0
17000 3
17100 0
17200 -14
17300 -8
17400 -2
17500 0
17600 1
17700 -1
17800 -7
17900 -2
18000 3
18100 0
18200 8
18300 -1
18400 5
18500 1
18600 10
18700 3
18800 5
18900 8
19000 7
19100 7
19200 1
19300 8
19400 2
19500 -4
19600 -8
19700 -3
19800 -8
19900 -1
20000 -6
20100 -15
20200 -5
20300 -7
20400 -7
20500 -9
20600 0
20700 -6
20800 1
20900 2
21000 -4
21100 1
21200 5
21300 -9
21400 -4
21500 -2
21600 -1
21700 -1
21800 -3
21900 -7
22000 -11
22100 -12
22200 -7
22300 -11
22400 -6
22500 -2
22600 -6
22700 -3
22800 -6
22900 -3
23000 3
23100 -3
23200 4
23300 -1
23400 -3
23500 0
23600 -3
23700 -2
23800 0
23900 -5
24000 -6
24100 0
24200 -2
24300 0
24400 0
24500 -2
24600 -2
24700 -6
24800 1
24900 2
25000 -8
25100 9
25200 5
25300 0
25400 2
25500 -4
25600 -1
25700 4
25800 4
25900 5
26000 0
26100 7
26200 0
26300 2
26400 0
26500 2
26600 -3
26700 6
26800 1
26900 -6
27000 1
27100 0
27200 -1
27300 -1
27400 2
27500 3
27600 1
27700 -1
27800 1
27900 -1
28000 6
28100 3
28200 1
28300 0
28400 0
28500 6
28600 0
28700 -1
28800 -2
28900 4
29000 1
29100 2
29200 6
29300 7
29400 -2
29500 -1
29600 -4
29700 -4
29800 -1
29900 0
30000 3
30100 0
30200 7
30300 2
30400 4
30500 6
30600 -1
30700 4
30800 4
30900 2
31000 -1
31100 -4
31200 -2
31300 -2
31400 2
31500 2
31600 3
31700 -5
31800 2
31900 0
32000 -1
32100 6
32200 4
32300 7
32400 12
32500 3
32600 2
32700 4
32800 3
32900 10
33000 -15
33100 -19
33200 -19
33300 -19
33400 -19
33500 -17
33600 3
33700 0
33800 -18
33900 -17
34000 -10
34100 0
34200 2
34300 10
34400 10
34500 3
34600 -9
34700 -5
34800 -1
34900 1
35000 0
35100 -4
35200 5
35300 -5
35400 0
35500 0
35600 -7
35700 -6
35800 4
35900 -4
36000 -1
36100 -5
36200 -8
36300 -9
36400 -11
36500 -9
36600 1
36700 4
36800 4
36900 0
37000 4
37100 2
37200 -2
37300 -1
37400 9
37500 8
37600 3
37700 5
37800 10
37900 6
38000 9
38100 2
38200 2
38300 1
38400 6
38500 2
38600 13
38700 4
38800 -3
38900 -4
39000 4
39100 -1
39200 0
39300 0
39400 -4
39500 0
39600 7
39700 6
39800 5
39900 0
40000 0
40100 2
40200 4
40300 1
40400 -1
40500 2
40600 9
40700 5
40800 4
40900 11
41000 10
41100 11
41200 -5
41300 -6
41400 0
41500 5
41600 11
41700 8
41800 4
41900 3
42000 5
42100 2
42200 10
42300 5
42400 5
42500 9
42600 14
42700 11
42800 10
42900 7
43000 5
43100 7
43200 11
43300 7
43400 0
43500 8
43600 9
43700 11
43800 6
43900 11
44000 7
44100 15
44200 11
44300 9
44400 15
44500 16
44600 18
44700 15
44800 12
44900 13
45000 13
45100 13
45200 11
45300 6
45400 6
45500 0
45600 2
45700 2
45800 2
45900 5
46000 8
46100 9
46200 8
46300 4
46400 0
46500 5
46600 0
46700 8
46800 8
46900 15
47000 15
47100 9
47200 11
47300 13
47400 12
47500 14
47600 16
47700 0
47800 0
47900 -9
48000 -2
48100 -6
48200 -7
48300 1
48400 9
48500 14
48600 11
48700 -7
48800 5
48900 6
49000 7
49100 7
49200 -4
49300 1
49400 10
49500 -1
49600 8
49700 1
49800 4
49900 5
50000 9
50100 4
50200 8
50300 5
50400 1
50500 -9
50600 -5
50700 0
50800 7
50900 4
51000 0
51100 4
51200 9
51300 3
51400 8
51500 8
51600 4
51700 0
51800 7
51900 9
52000 10
52100 0
52200 9
52300 3
52400 10
52500 12
52600 9
52700 11
52800 10
52900 4
53000 0
53100 4
53200 0
53300 6
53400 6
53500 4
53600 0
53700 5
53800 12
53900 4
54000 7
54100 7
54200 5
54300 2
54400 6
54500 4
54600 7
54700 12
54800 7
54900 -2
55000 10
55100 6
55200 7
55300 6
55400 7
55500 10
55600 9
55700 7
55800 9
55900 13
56000 4
56100 10
56200 11
56300 3
56400 10
56500 5
56600 3
56700 0
56800 10
56900 8
57000 5
57100 8
57200 14
57300 5
57400 9
57500 8
57600 5
57700 9
57800 7
57900 13
58000 10
58100 8
58200 5
58300 11
58400 6
58500 7
58600 7
58700 3
58800 11
58900 7
59000 11
59100 12
59200 13
59300 7
59400 10
59500 10
59600 13
59700 12
59800 7
59900 13
