100 19.057149695356323
200 17.39931377464183
300 18.041232011930894
400 19.199422349480834
500 17.070782193754276
600 18.726771263311747
700 17.75143009510058
800 18.289824901555185
900 17.701266054816767
1000 18.833177007571447
1100 18.51781382243765
1200 19.146874672487503
1300 19.24893701677313
1400 18.01921836673283
1500 16.990067350627996
1600 17.580030396568866
1700 18.814449179969696
1800 19.221609145430328
1900 18.564442179041585
2000 17.16165337445191
2100 17.000408972591313
2200 19.207020367400517
2300 16.943294210984835
2400 17.528514927820048
2500 18.21039455712677
2600 17.263385225677954
2700 18.047978580502786
2800 19.010412865545398
2900 18.610780255870424
3000 18.665127757755098
3100 17.588644040379954
3200 18.90310385458885
3300 17.56515866414807
3400 18.034607651634808
3500 19.12211197835149
3600 18.80222095601306
3700 19.386999889874012
3800 17.906711933205436
3900 18.14576344274282
4000 18.956260899696495
4100 16.209553894066058
4200 18.718727159618364
4300 19.47555815615903
4400 18.669616092007736
4500 19.34339281359292
4600 18.67503556730547
4700 17.741647754900626
4800 18.693502108222795
4900 17.446371396054854
5000 18.825061161269364
5100 18.086674957008633
5200 18.96200053802223
5300 18.30586765253116
5400 18.432384359497526
5500 18.64473158485236
5600 19.141551052224308
5700 18.95317743224135
5800 18.944199147990563
5900 18.628632431227288
6000 18.621397726219932
6100 18.79783679714673
6200 19.447550458428463
6300 18.4506954987068
6400 18.136668739170975
6500 17.838514413108655
6600 15.900671094517934
6700 19.012542999361138
6800 17.813591650741948
6900 17.311286977125352
7000 18.741351140634222
7100 18.901042766134665
7200 19.13670948142187
7300 18.24706956013868
7400 19.33560850599134
7500 18.677581000200405
7600 18.651079960753584
7700 19.04188678058168
7800 17.64893669313173
7900 18.932527362517682
8000 17.839220167708405
8100 18.86972587302066
8200 16.480946491509695
8300 18.59327022315983
8400 18.097953149567587
8500 16.904891381173744
8600 18.70788302625835
8700 18.355255891244948
8800 19.152402681229134
8900 18.263275458807883
9000 18.814363072251368
9100 18.01737748923515
9200 18.396531762775588
9300 19.34371889944062
9400 16.54204794891769
9500 16.3680958747536
9600 17.731102717510186
9700 19.05741103424764
9800 19.21558842250425
9900 17.713822028684184
10000 16.934197244958245
10100 17.05452898910076
10200 18.615979889348285
10300 17.792653828225767
10400 17.75073042223699
10500 19.243931196577808
10600 18.399685619875175
10700 19.1700014393993
10800 18.0958092007359
10900 17.66144724926419
11000 18.70722919589242
11100 19.56232356863787
11200 16.993198731169166
11300 17.612497836761378
11400 17.76063711332309
11500 17.65804465727322
11600 17.24416608642597
11700 17.54427641830634
11800 19.275763060727556
11900 17.615683908552853
12000 18.365611251119812
12100 19.256625665411587
12200 18.596623592319435
12300 18.952977664161
12400 17.457581482281665
12500 18.535820670707363
12600 18.133864423701173
12700 17.06555993542283
12800 18.424790600353347
12900 19.357678218296623
13000 18.05554411214201
13100 18.731471155521408
13200 19.465778806175713
13300 18.15203362569436
13400 18.186688655400754
13500 16.828478324734554
13600 18.578531001240695
13700 18.387550859441728
13800 19.05062974401997
13900 19.135049724246226
14000 19.270961629872843
14100 18.00839193256992
14200 18.765830217367352
14300 18.986505746604575
14400 19.32265573079838
14500 19.25033599843887
14600 19.154059188585
14700 16.787538853891395
14800 18.13544797337843
14900 17.88243363904177
15000 19.22925609847273
15100 18.80081378277319
15200 17.845639172502107
15300 16.89823517048995
15400 17.47738232684354
15500 19.11561199374074
15600 16.92669551087151
15700 18.85828456530054
15800 16.97495428425635
15900 16.892758142257286
16000 19.546412958173224
16100 18.974074348806276
16200 18.827314943930116
16300 17.491029582163783
16400 19.20024414261083
16500 17.66868645326347
16600 17.944988492836384
16700 18.023659133757853
16800 18.678059715441016
16900 19.27892547878117
17000 19.657549585604475
17100 17.522633489344273
17200 17.641550889323103
17300 17.00388601546579
17400 18.246234744234744
17500 18.506849032591738
17600 18.016135546298617
17700 18.720829011010096
17800 18.490072864803665
17900 18.97181636608589
18000 18.745626019938623
18100 16.173620631536714
18200 17.667064905821334
18300 17.225909322815898
18400 18.830380928680054
18500 16.60945051513165
18600 18.666158206375975
18700 18.164383052327118
18800 18.426659086955606
18900 18.580383418388017
19000 18.64903464930887
19100 19.02779130959811
19200 18.928257142134605
19300 18.764288556566633
19400 18.922805183623794
19500 18.593675435251903
19600 18.640278471972522
19700 18.9441627830202
19800 19.58518447345336
19900 18.898094287498125
20000 18.57131190979179
20100 18.69324791221747
20200 18.395646899158983
20300 18.14964663909367
20400 18.086522905227163
20500 18.31126291514813
20600 18.614462235817875
20700 18.69854521899856
20800 18.90606392227129
20900 18.386521110652975
21000 17.909362155011397
21100 18.433413786733794
21200 16.93672963225391
21300 18.885846087881657
21400 17.734365311117223
21500 19.293035343312518
21600 18.9281785100422
21700 18.799421548643075
21800 18.99117765010988
21900 18.890106972033774
22000 16.727539118878227
22100 17.93462476767934
22200 17.94031884795142
22300 17.52499017210743
22400 18.692619415639687
22500 19.02337513467463
22600 16.18789089715291
22700 18.78988467550647
22800 18.9663225975591
22900 17.422277410689468
23000 18.616660416667546
23100 19.640452831809636
23200 18.92346964872428
23300 19.455283448246213
23400 18.756550443621357
23500 18.177801452241898
23600 18.21941655030101
23700 18.72924371106432
23800 17.62954281815241
23900 19.2517752882721
24000 17.429065221302782
24100 16.97177694426176
24200 18.61799662940308
24300 19.416308945380827
24400 19.103283270532213
24500 19.471309709153704
24600 19.04149982510848
24700 17.442691975656363
24800 19.14915614748016
24900 18.74768502899338
25000 18.123173755816723
25100 16.776114897030205
25200 18.80954351245726
25300 18.35881884953864
25400 18.43865961498872
25500 18.972021115266898
25600 19.12976096706025
25700 17.81958528301345
25800 18.53181234447249
25900 17.66337761777961
26000 17.470183997364746
26100 18.188620010690972
26200 18.052459465243388
26300 18.86489932539324
26400 18.91810625807275
26500 18.6885320423835
26600 19.283664082256664
26700 17.585529804791975
26800 19.17622280431114
26900 18.006434251290855
27000 19.097548793848635
27100 18.20142096473533
27200 17.909858603120636
27300 18.28221193404076
27400 18.187219309424258
27500 18.692058044964966
27600 18.519959450459446
27700 19.55651196426383
27800 18.871808246052307
27900 18.7905701719557
28000 19.24992674359313
28100 18.95838798519011
28200 17.78035092124074
28300 17.316516934122365
28400 17.5911240183094
28500 18.857343841722237
28600 18.657696115126427
28700 18.184044934911075
28800 19.397073620218162
28900 17.042878578050317
29000 18.984614029587068
29100 19.213837990589766
29200 18.939031444290254
29300 18.051340734593186
29400 19.12004433363786
29500 18.41692986629033
29600 18.35197014858041
29700 18.057456045848248
29800 17.79643357006147
29900 18.66988960413826
30000 17.893814092312166
30100 17.538712988200068
30200 19.132974536110265
30300 18.781720153151728
30400 18.74553925885867
30500 17.91581676607079
30600 17.525983508628308
30700 18.404012798417757
30800 18.274736427950103
30900 16.049754709305677
31000 18.60488678233785
31100 18.338014378932115
31200 18.65258434185584
31300 19.68538951712301
31400 19.34469081497385
31500 18.398518548369406
31600 17.80913558800029
31700 19.385429705225867
31800 18.18703847815669
31900 17.68791027229839
32000 19.334051052899305
32100 19.396627483570345
32200 19.266094137647006
32300 18.46777785408277
32400 18.819174144131505
32500 19.284750056239247
32600 16.166339418648082
32700 19.168536075319345
32800 18.18788548698388
32900 17.56503181022765
33000 19.04566355095208
33100 18.59473018854931
33200 18.289145047259616
33300 18.59989776095231
33400 17.627004939072474
33500 16.55701115600596
33600 17.037664995777043
33700 18.72128263079955
33800 17.382835762437157
33900 18.980911458957614
34000 19.7122784761827
34100 18.90192632204636
34200 16.062042904819712
34300 18.20320859665263
34400 18.28242324372773
34500 18.367774858721535
34600 18.05897032350647
34700 18.183305205002327
34800 18.309622454115463
34900 17.95983374266979
35000 18.23056143773052
35100 17.138981377910856
35200 19.119811059704357
35300 18.995010707813446
35400 18.959759572658786
35500 18.087970533480384
35600 18.673354457455886
35700 18.0954635165874
35800 18.355733592071186
35900 18.90626886765303
36000 18.910271591296276
36100 18.609055994368674
36200 19.77387062244629
36300 19.30915209883614
36400 18.85054114237082
36500 18.908587413811635
36600 19.01775725506255
36700 17.205486565508163
36800 17.644426741258805
36900 17.69229219396595
37000 18.086549882062062
37100 19.091179282056352
37200 19.145304741302077
37300 19.239613629714757
37400 17.57796387258028
37500 19.19813344143168
37600 17.79984470409765
37700 18.881642473862463
37800 18.673319122345067
37900 18.057729527150045
38000 19.518241061064344
38100 17.44568424115174
38200 18.85485442621504
38300 19.55303186028969
38400 19.47121545973224
38500 19.11635596772008
38600 19.25176040143306
38700 18.341055944356643
38800 18.79158884961222
38900 17.42697841168028
39000 18.529409662355388
39100 17.94830735285292
39200 18.819844966216735
39300 16.698927224125505
39400 16.903826308850945
39500 18.507324983010086
39600 18.271709225180768
39700 16.809405124617598
39800 18.41394681760146
39900 18.50952499139365
40000 19.19433293511139
40100 18.788114888798543
40200 18.88213145309162
40300 18.96635103132576
40400 16.736943531539325
40500 18.75709027607944
40600 15.592096951830673
40700 18.766536472869625
40800 18.862266889148362
40900 18.49194690490822
41000 18.68630614840707
41100 17.95236098466831
41200 19.000180821231197
41300 19.087126736803395
41400 17.023822030744316
41500 19.043789144339545
41600 18.24005423293718
41700 18.392337239472635
41800 17.793773613432297
41900 18.57846768939429
42000 16.945220346392432
42100 18.205946893609138
42200 18.76122151579284
42300 18.731794866658596
42400 18.041318671213023
42500 18.981688832788695
42600 17.62576125457564
42700 17.202916617641645
42800 18.32693538287659
42900 18.878877453816187
43000 17.517285133312964
43100 19.046208064989155
43200 18.967584170454785
43300 19.05220974505849
43400 18.761814253836345
43500 18.091408340102667
43600 17.23123669437427
43700 17.934596939627017
43800 18.559908376299354
43900 18.72702869936409
44000 18.712511214134675
44100 18.44011345120939
44200 17.075557505072556
44300 19.151502000365046
44400 18.843293812836233
44500 17.574981255676995
44600 17.487085868090702
44700 18.77092572679437
44800 17.865911276392016
44900 17.693778309452213
45000 17.076132615680077
45100 18.4801190334809
45200 19.027984426486196
45300 18.244840256726402
45400 18.809167470865702
45500 19.470735323817326
45600 17.862886143545367
45700 17.884721947034866
45800 17.7720635659617
45900 18.877019538317334
46000 18.32246874749796
46100 19.552277104202965
46200 18.87685196417792
46300 18.01805821139246
46400 17.868647612122334
46500 17.61900625530842
46600 18.418115102412578
46700 18.95339766821102
46800 18.57049128620639
46900 18.60754619115433
47000 17.58850585248452
47100 17.445641599745965
47200 18.49230381560876
47300 18.00175365727155
47400 18.700512286981816
47500 18.467508107660713
47600 19.01895388090858
47700 19.639480406431737
47800 18.660511137058553
47900 19.01171844506044
48000 18.885929376489273
48100 19.07759627461732
48200 18.253245361720584
48300 17.7824080696459
48400 18.951289095644476
48500 17.666940004148355
48600 19.063217119499665
48700 18.849353786144444
48800 18.60832272307411
48900 18.045710412969488
49000 18.82423043167289
49100 19.071624298235236
49200 17.6971624986078
49300 17.863257095761497
49400 18.373536495474294
49500 18.72022980696753
49600 18.543793297463004
49700 19.253489584560704
49800 19.177204050943143
49900 19.025788781297656
50000 19.31737000148906
50100 18.43097029731075
50200 18.284864831849575
50300 19.38627928509849
50400 19.2033386058837
50500 18.461504374524715
50600 17.763005998488442
50700 18.420702011152322
50800 18.491769853891633
50900 17.15828899182297
51000 18.360039735548053
51100 18.203721568642845
51200 17.353750123599408
51300 18.426258251927564
51400 17.914183926797357
51500 19.124834106317884
51600 18.315965432223948
51700 18.207794425652168
51800 19.57093268610912
51900 17.46149272620229
52000 17.612866378864833
52100 18.767311334428896
52200 18.26340597638587
52300 18.306032816064878
52400 17.661303104600286
52500 19.238520600350164
52600 18.75759433718934
52700 18.26506047474686
52800 17.423391166567015
52900 17.6312896352905
53000 18.595809946657358
53100 17.592539824637193
53200 19.201836853723496
53300 19.504985551895473
53400 17.506626963506772
53500 18.356060681755455
53600 18.050162744822646
53700 18.155980702487238
53800 18.208851975971125
53900 19.01862679361552
54000 17.55108529152823
54100 18.582976709178528
54200 18.236514301170246
54300 18.430861082071644
54400 18.375473572354792
54500 17.80786908595773
54600 18.025824117230105
54700 18.609624686449656
54800 18.693098097011134
54900 19.11276751825554
55000 18.83368956802024
55100 16.503938907432865
55200 18.1150068674798
55300 18.04306226641724
55400 17.924502869224
55500 17.982153823301736
55600 17.426223404129782
55700 18.156221352735567
55800 18.894702955717893
55900 18.898225873214066
56000 19.58922382411511
56100 17.056433715417832
56200 19.049249608477247
56300 19.26943217935913
56400 19.68682940211394
56500 18.859782446922203
56600 18.145932341100036
56700 18.27746691899746
56800 18.32824174003902
56900 18.699743095190442
57000 19.030229238870774
57100 17.97510169904786
57200 19.06150352782196
57300 18.441967483249513
57400 19.156006952284077
57500 18.67294705153048
57600 18.57447692327206
57700 19.144391847396587
57800 18.787095737094717
57900 18.073871995142866
58000 19.18876130151378
58100 19.24803814321432
58200 16.03567205811137
58300 17.968708409122396
58400 16.856205208877782
58500 18.032087126291408
58600 17.085189904943608
58700 17.38862913383383
58800 19.20505652393154
58900 18.64727072306246
59000 18.424613453047947
59100 17.44791005820794
59200 19.141151289287794
59300 17.971950050754156
59400 18.89106756394351
59500 19.477995007749584
59600 18.712758483506118
59700 19.22128317385127
59800 18.350412677842943
59900 18.75604991294059
60000 18.957335184204375
60100 19.13100843954175
60200 18.620950285526025
60300 16.571062978181267
60400 16.1462049194864
60500 19.32696981872282
60600 16.280790627989358
60700 18.38130314902002
60800 17.90025206989711
60900 17.34097013602974
61000 18.173096913690955
61100 17.609546519173037
61200 17.173309219688445
61300 17.66805436123173
61400 19.329760755067035
61500 18.783263236171898
61600 16.928016432202185
61700 18.540112695074107
61800 19.056721826186727
61900 18.665989044502123
62000 18.247640150490582
62100 18.25679837058353
62200 18.8162319135574
62300 18.136953389632705
62400 17.547942690948762
62500 18.475296830369324
62600 18.281588922374805
62700 17.764276464910566
62800 18.230723839590354
62900 18.59649361948156
63000 19.057495659266397
63100 19.162981154057555
63200 18.576531911590752
63300 18.64125017461263
63400 18.47613741196915
63500 18.507623862023436
63600 19.28127308679581
63700 19.07511358353557
63800 17.361460271602546
63900 16.3601231914073
64000 16.971891118157192
64100 18.328458699726948
64200 18.614454991220317
64300 17.929002399809747
64400 17.831086092865988
64500 17.20441943248061
64600 19.358088872532445
64700 18.577422726779364
64800 18.396948514414294
64900 18.728674735536686
65000 19.41922231452212
65100 18.74433274631926
65200 18.835830764483553
65300 19.400250211412168
65400 18.35725361002324
65500 19.21309165510649
65600 18.692248349528757
65700 16.121731829343897
65800 18.605651129008727
65900 17.597474367176
66000 18.647575992755954
66100 17.459585925496786
66200 19.220026261933135
66300 17.8128669678824
66400 16.01190128461403
66500 18.220021777060765
66600 18.235458859352374
66700 18.945367363406213
66800 18.34926674169923
66900 19.003901817519658
67000 17.508385489261485
67100 19.027917650045723
67200 18.91490475579763
67300 18.85761731726694
67400 17.350463307780522
67500 19.04333941240875
67600 17.29714236967914
67700 18.965229146053627
67800 18.523540362247807
67900 18.29982812446212
68000 18.350782587052194
68100 19.38536876244209
68200 18.714996561506023
68300 18.989675464922957
68400 17.919169802198965
68500 16.890187323289457
68600 17.07764421840273
68700 18.66429507770536
68800 18.972627003565403
68900 18.265191740223113
69000 18.56573711867338
69100 18.163236272257233
69200 18.114871828580736
69300 18.179875435648373
69400 18.757693363483686
69500 18.633437530364706
69600 17.589183653226563
69700 18.61883171939394
69800 17.201848841354465
69900 18.457709979630042
70000 17.645122047132574
70100 18.633435106677624
70200 18.32661701782011
70300 18.610712258309913
70400 18.64616965160962
70500 18.626932054650506
70600 19.15633209642395
70700 19.00643085955219
70800 19.05584409055935
70900 19.220381913448012
71000 19.1588116874686
71100 18.927569911449492
71200 17.32439216102641
71300 19.2421058889569
71400 18.106223026532874
71500 18.075965571729512
71600 19.017767532595897
71700 19.249371191662025
71800 18.52138856590742
71900 18.492252874288365
72000 16.309220107043263
72100 19.42371084263395
72200 19.201835293541524
72300 18.460886960686153
72400 18.37953816495213
72500 18.413278292227364
72600 18.78264493400051
72700 17.842489821385406
72800 18.676179654658863
72900 18.555077604155535
73000 19.12122215328074
73100 17.33756887238726
73200 17.175076039156853
73300 18.489411405865887
73400 17.427632182965315
73500 17.561404367285125
73600 18.694409979926537
73700 18.22452545734116
73800 18.56801116759682
73900 17.325218488304312
74000 19.56417706659434
74100 17.762641871867988
74200 16.96641383799956
74300 17.888228426288837
74400 16.939245672371495
74500 18.306387975441602
74600 18.12008648033052
74700 17.656617820669215
74800 17.91720250177359
74900 17.688775457859595
75000 18.047106431246714
75100 18.08200820067885
75200 18.75212090443531
75300 18.872260629291368
75400 19.435489196959992
75500 18.784942477337992
75600 18.937483350061047
75700 18.301447586475636
75800 19.320496829044536
75900 19.172180759309015
76000 18.616533170088033
76100 17.162617758408874
76200 19.159483560125427
76300 19.138149728976526
76400 19.40325181885996
76500 19.312956910551605
76600 18.504354273974272
76700 17.994920718083343
76800 17.9393301938211
76900 18.935144016367737
77000 18.933570406438072
77100 19.289927570215884
77200 18.40775172513959
77300 19.062676565305843
77400 18.886088504073445
77500 19.060756526254423
77600 18.1936273680281
77700 17.714410126019974
77800 17.066219468329056
77900 18.295808218834246
78000 18.514044758151737
78100 18.016298397762558
78200 19.09577194853369
78300 19.05437936414618
78400 18.118206640326115
78500 19.160860497125185
78600 18.566227912460256
78700 18.71910769237578
78800 18.733091131103627
78900 19.120778273636617
79000 19.161236650486558
79100 18.822589396621943
79200 19.017017934515604
79300 18.564538096748223
79400 18.795043337093716
79500 18.89968843898855
79600 18.8206843365394
79700 18.300431268575885
79800 18.16449952400007
79900 18.30420499111269
80000 17.61439455759634
80100 18.28970143963779
80200 19.203289372955197
80300 18.966884494750197
80400 18.66261026453177
80500 18.220474786032927
80600 18.37667523998996
80700 18.950241309870094
80800 17.949810225879286
80900 18.990778755820916
81000 17.28570642837753
81100 17.23723231209599
81200 18.13173996021041
81300 17.967642379000743
81400 18.733569687270617
81500 18.669073798274017
81600 18.757258465548617
81700 17.282810916274453
81800 18.925054389803048
81900 16.639467857485535
82000 17.95328942853698
82100 19.327288282949862
82200 18.768638874461775
82300 17.405741127163907
82400 16.809663065249428
82500 17.453218924522197
82600 18.10719853103836
82700 17.983684329450405
82800 18.00537604515208
82900 18.82329545223841
83000 19.100024558976784
83100 17.32539518650433
83200 18.582500874506966
83300 17.941132378869334
83400 18.787031082876062
83500 17.982815755179715
83600 18.269056176985597
83700 18.5024501599421
83800 18.717622210467347
83900 18.79713419674076
84000 17.2516005847849
84100 18.225729677682708
84200 19.08362165181993
84300 18.406774319172584
84400 19.103535199538868
84500 18.993600768977387
84600 18.342849936204043
84700 16.605591458302346
84800 17.3497505196872
84900 15.902478158832734
85000 18.568689173323648
85100 18.502480111230177
85200 18.73110986550079
85300 18.872739461044144
85400 18.6444903342279
85500 18.994043006686578
85600 17.966119518054096
85700 18.314220557045328
85800 17.854490397499767
85900 17.750913431859335
86000 19.27209687605701
86100 19.318144663500092
86200 19.696885835128075
86300 18.284554578183034
86400 18.34400275506847
86500 18.174071117881258
86600 18.85697774496836
86700 18.68069658231291
86800 17.22507606541527
86900 18.583055112990518
87000 18.52682223466178
87100 17.169239192879445
87200 18.74921256898865
87300 18.465495425950394
87400 19.55623612280935
87500 18.65175412390104
87600 16.5575156475906
87700 18.206201222237233
87800 17.53810624126685
87900 18.473510939107953
88000 19.780071258615987
88100 17.73853033289401
88200 19.168197709070984
88300 18.486506741604707
88400 18.219702977630742
88500 18.849825658959233
88600 18.092565056374262
88700 18.331042175071985
88800 19.12695465909902
88900 19.079897547181464
89000 18.398200271047475
89100 18.692356095832977
89200 17.602325427583956
89300 19.074940762054602
89400 18.683952096230996
89500 19.2525217148498
89600 19.236694184270284
89700 19.24671372377847
89800 18.86166847774378
89900 19.287533205412565
90000 17.831350300628348
90100 18.57934730203447
90200 19.258481467704595
90300 18.266693694325525
90400 18.463578347339805
90500 18.056067763643945
90600 18.65318782976658
90700 18.621865688190113
90800 17.675037457271017
90900 17.261612728180413
91000 18.46695955105252
91100 18.269477503897576
91200 17.970949926147156
91300 19.490379008061133
91400 18.96362501936749
91500 17.43897348087761
91600 18.730266739118356
91700 18.93058307236554
91800 18.83820070394869
91900 18.781469384453494
92000 18.783810146661192
92100 18.908637027667194
92200 18.174186589311088
92300 18.751619716105036
92400 17.039092534835603
92500 18.63705248954986
92600 18.989974980542467
92700 18.84913985478184
92800 18.702055261620895
92900 19.458500016775265
93000 19.13002121518022
93100 17.499856090115316
93200 17.23193040298605
93300 18.71971251659408
93400 18.894722555335587
93500 19.31606787939717
93600 18.406925066224417
93700 16.941417661110695
93800 17.829817940668505
93900 17.550745041187547
94000 19.1862304733677
94100 18.34154630859693
94200 18.472394592486275
94300 17.82864297491431
94400 18.955733376330606
94500 18.96663130861879
94600 17.909163931991962
94700 19.203779191554972
94800 18.195546719692466
94900 18.046847614668607
95000 19.066614986557074
95100 18.770883629892428
95200 18.713606247888126
95300 18.4502116848456
95400 17.84927791505403
95500 18.150352970410783
95600 18.5708339958928
95700 18.069747355037276
95800 18.47071540257896
95900 17.180334890614983
96000 19.543735896220507
96100 18.211600543980172
96200 18.58063847017511
96300 19.815599493309726
96400 18.223560498808183
96500 18.873464720915294
96600 18.440028724078818
96700 18.47203473336722
96800 17.07536650000229
96900 17.689589785398017
97000 17.97397324479251
97100 18.94390397277308
97200 18.528913758519735
97300 19.427208405839796
97400 19.343924327552397
97500 18.982132645062396
97600 17.260335012502246
97700 18.547665961249418
97800 18.99427201348091
97900 17.61412890023916
98000 18.60831785730481
98100 18.440993193728332
98200 17.79592762899013
98300 17.929034420370986
98400 18.112962190049615
98500 17.61971265452482
98600 18.57082653368062
98700 18.215981413474708
98800 17.642835924707388
98900 18.386857384491496
99000 17.979700144643566
99100 18.08994125027386
99200 18.10461019500794
99300 18.871775366799103
99400 18.22250133661328
99500 18.78538697943226
99600 16.995937653075895
99700 18.283377880165325
99800 19.051130949733007
99900 17.40825652284676
100000 18.29977433977668
100100 17.74433333411284
100200 19.073493268343565
100300 19.192470183627595
100400 18.996888136596223
100500 18.558879351694696
100600 17.893451355438255
100700 17.527416110324307
100800 18.407278912275565
100900 19.12197197455266
101000 18.047237019749414
101100 19.168415067147738
101200 16.960923291143384
101300 17.754586902657053
101400 18.824849735031616
101500 18.141622966486246
101600 17.714053436917283
101700 18.895306060661888
101800 18.818504052105453
101900 16.948308677768434
102000 18.925341005098467
102100 16.113075591146096
102200 17.60758240905003
102300 16.235553327504576
102400 18.294620905843907
102500 18.31013266469979
102600 18.373522099169666
102700 18.754904063532187
102800 18.928292382955412
102900 18.776096193303843
103000 17.921166568760533
103100 18.345201048615245
103200 18.451830193639246
103300 18.233052296577092
103400 17.61129730154671
103500 18.043436923832672
103600 18.07832070726062
103700 18.57218397635359
103800 18.86712951388917
103900 16.896646244799413
104000 19.2242531121936
104100 16.72140993535692
104200 18.853774929610335
104300 18.21691541736968
104400 18.316210189747277
104500 18.23544931721018
104600 18.00417360199009
104700 18.05873675502635
104800 19.52033070000496
104900 17.79114884921444
105000 18.163648643232808
105100 16.30440355170247
105200 18.06655996206732
105300 17.608696118389133
105400 18.28013222368022
105500 18.805810259715525
105600 19.384662229131088
105700 18.312146401255763
105800 18.693757280511687
105900 19.076155408940988
106000 18.091212930540117
106100 18.11621205514591
106200 18.90300823879409
106300 18.903650733190055
106400 17.031068509330005
106500 19.00694698898595
106600 18.900694241160203
106700 18.62367332635715
106800 17.678196796068548
106900 18.620189238616803
107000 17.969234286008568
107100 17.68690565211592
107200 17.18064165934909
107300 18.776999772423242
107400 17.252613919308125
107500 19.58266460476621
107600 18.200899754670328
107700 17.7278182194404
107800 18.226203100817724
107900 17.615449952588413
108000 17.015060006823695
108100 18.286906704167126
108200 18.35774138971987
108300 18.04647451453329
108400 17.374013378939996
108500 19.1075291859336
108600 19.356538797001846
108700 18.881891798453506
108800 18.63576341827666
108900 17.947388185646638
109000 18.4565918706314
109100 16.808966823746083
109200 18.431284934770318
109300 19.032636125703117
109400 18.866209967067515
109500 18.04053354143687
109600 17.35009860985707
109700 18.158008480814715
109800 17.77207954440516
109900 17.815112161184242
110000 18.386201296216424
110100 19.327355898096158
110200 19.130032832446357
110300 18.59877153812609
110400 19.387135558852872
110500 19.04291968730738
110600 18.674430328597328
110700 18.849103255633853
110800 19.052390232144223
110900 18.148129711501394
111000 17.41706124329524
111100 19.085041661877522
111200 18.77883493630708
111300 19.015918122789106
111400 19.572144418529952
111500 18.60144427883742
111600 18.53023694274648
111700 18.65737819815342
111800 18.02146586078418
111900 19.173978423134777
112000 19.490807955980383
112100 15.644019369887152
112200 18.469793984877768
112300 18.672268974573758
112400 17.327864859033912
112500 18.550249431866572
112600 18.90491333597714
112700 17.864772398477918
112800 16.156426743249607
112900 18.337270967999885
113000 18.307353152006904
113100 18.63842576639424
113200 18.181501954742057
113300 19.003083919792847
113400 16.849411310842534
113500 17.998203305970417
113600 18.459797032074444
113700 16.808656625716207
113800 18.28110093314695
113900 18.10551041510721
114000 19.14404307021686
114100 19.06879497880734
114200 19.319572087132148
114300 18.62134634489085
114400 16.572051820093588
114500 18.47594556587978
114600 18.33988138536097
114700 19.722868607869906
114800 18.926151376175426
114900 19.30215367511305
115000 18.770935173157387
115100 18.56482906523657
115200 18.526047454043194
115300 16.170888600099126
115400 17.920633173294522
115500 18.338414684691028
115600 18.92228115622615
115700 19.049212364599416
115800 18.66075821811019
115900 19.01962550355286
116000 18.912648856053707
116100 19.33329478777211
116200 17.346804880449895
116300 18.56642634306363
116400 17.57428807987213
116500 18.933662649462253
116600 18.382445425754675
116700 18.56996401200337
116800 18.7731880217579
116900 19.73730423252826
117000 17.01258029241288
117100 17.160822368169146
117200 18.80370495253243
117300 18.16354333833432
117400 18.525429568809415
117500 17.500871680969844
117600 17.680492216142486
117700 19.152654312065476
117800 18.150965986678997
117900 18.542122795474867
118000 18.59384126919884
118100 18.794663561108816
118200 18.00808495502704
118300 17.321757790605854
118400 18.991317615721297
118500 18.633812970621467
118600 17.014464955095818
118700 17.709970265789977
118800 19.061104203862484
118900 19.829041356357745
119000 16.460386678270424
119100 19.29379086417157
119200 19.599985658471425
119300 18.882790383513818
119400 18.73035944507738
119500 17.886597332288172
119600 17.602197440466604
119700 18.922749554812256
119800 18.98135742298312
119900 18.109664440621035
120000 18.452491983150868
120100 15.977323195116028
120200 18.9762343297008
120300 19.099380595039214
120400 17.86931775020696
120500 17.54833302666427
120600 18.77487944083444
120700 17.861354807722833
120800 18.443307333939135
120900 18.608938717590213
121000 18.58288626964235
121100 18.925136564900434
121200 17.851990439695847
121300 18.530071136460435
121400 17.547976803155322
121500 18.952525245925706
121600 18.873209753260394
121700 18.264358411246548
121800 19.325428801913972
121900 16.851098457017862
122000 18.21370579935462
122100 17.537462526190566
122200 18.674326506198682
122300 18.483274822633273
122400 17.761219147972216
122500 17.608497841175605
122600 17.999630631998244
122700 17.553310987903682
122800 19.11774635190283
122900 18.154059354408002
123000 18.3038815392759
123100 19.22652627032346
123200 17.87035940086118
123300 17.069117233621704
123400 18.134815579809075
123500 18.81343643767803
123600 17.762401473180578
123700 18.90049386592475
123800 18.84471421010464
123900 18.047989686781214
124000 17.72153694087381
124100 18.463008918792717
124200 19.510055091917664
124300 18.2425159450907
124400 18.32702471857127
124500 19.21072793412802
124600 19.634080847298296
124700 19.520408433217995
124800 18.873818941074273
124900 16.76068235653458
125000 16.448886040788516
125100 18.581845249002267
125200 17.35186142548394
125300 18.15845099452834
125400 17.599264327742155
125500 16.730126055512333
125600 17.181312699874404
125700 17.443931135501412
125800 18.752016437134664
125900 17.198630050428818
126000 18.561646988386304
126100 18.63832507814994
126200 18.807875562771606
126300 17.727675121572997
126400 18.712031148871112
126500 17.393644067869978
126600 17.843747250642767
126700 18.50503273445276
126800 19.30510618041733
126900 18.70821208518058
127000 16.08315305539616
127100 19.07683681004652
127200 17.687046157636892
127300 18.887878457160106
127400 19.25914625061194
127500 18.23425292716465
127600 18.719993910672734
127700 18.507458314355397
127800 19.178063800554572
127900 19.126117429765205
128000 17.815734249424334
128100 17.995113351612833
128200 17.5124920781515
128300 18.634363804882796
128400 17.675814054031992
128500 18.605333400491663
128600 16.192629195479817
128700 16.667825115797793
128800 17.986653789615268
128900 18.73642644295431
129000 18.954960729363012
129100 17.990991699560173
129200 18.96265806934137
129300 17.478953977126984
129400 18.854839863946893
129500 18.836641508711885
129600 18.088763887275018
129700 18.58703128274726
129800 18.013968450526548
129900 18.46520731724058
130000 19.246346734424623
130100 19.070177578955672
130200 16.101338989428505
130300 18.771340810256316
130400 18.402362916762325
130500 19.178949236988426
130600 18.822136948578624
130700 19.18590145737441
130800 19.03431249696623
130900 18.33370222764488
131000 19.160488385258226
131100 17.72814418912638
131200 17.78665299076661
131300 18.33547513399341
131400 19.220175178576472
131500 17.935221092920674
131600 18.882299187130442
131700 18.592352298846684
131800 18.371649006168063
131900 18.28651978069974
132000 17.929081101228604
132100 18.411806250593088
132200 19.29544763193155
132300 17.14408677138681
132400 17.74958934880223
132500 17.783829154368984
132600 17.472945756866938
132700 18.503144481755633
132800 18.285694409102394
132900 18.444013460215263
133000 18.624786061315163
133100 18.902235711249567
133200 19.043473439360913
133300 18.87766303306383
133400 18.151937566339836
133500 19.281376264307823
133600 18.244574683852324
133700 15.375885061086858
133800 17.697118850951306
133900 18.19626579954048
134000 17.881857459299134
134100 19.061782766376783
134200 18.645406965734978
134300 18.645199873913537
134400 18.474516176454074
134500 18.10276312188901
134600 18.083554614428493
134700 17.82101053823646
134800 18.427490052187242
134900 17.737120050933115
135000 17.033073699133695
135100 17.840233822459293
135200 18.544652275857054
135300 19.286956229829013
135400 19.547353493413233
135500 19.676456074670018
135600 17.12238567701352
135700 18.17812131934959
135800 18.79974285075855
135900 18.519477959794877
136000 17.72286908410741
136100 17.50259457784785
136200 17.677260826888983
136300 18.99363276179653
136400 18.25575392553771
136500 18.53056141841325
136600 19.334556669950853
136700 18.882400547320163
136800 17.014250440910807
136900 17.284513784534244
137000 19.383740122361484
137100 15.776594305595234
137200 18.760787636850775
137300 18.4779090156117
137400 18.22262822494033
137500 17.30762163584432
137600 18.75308628960689
137700 17.060067999400474
137800 16.26168743681328
137900 19.008192799729684
138000 17.64393214266512
138100 19.47866773163596
138200 16.979239086176413
138300 18.810641476064298
138400 18.519296211300702
138500 18.49412951028779
138600 19.46587393841074
138700 17.674708838374347
138800 18.24339684197233
138900 17.160569596010557
139000 19.121171326458576
139100 18.88688479384391
139200 18.81792050516052
139300 18.720339585335186
139400 17.779902976362752
139500 17.269978047539524
139600 18.875194968896718
139700 18.0608305823111
139800 19.42226640007791
139900 18.962384506491347
140000 18.670336062519404
140100 19.720639315409265
140200 18.269786811705618
140300 18.863650939350038
140400 19.171659304440354
140500 17.006459167129456
140600 17.851082253557536
140700 17.921131597154396
140800 18.68304428447422
140900 18.553625226942266
141000 19.029662912309565
141100 19.519819401961758
141200 18.719140983139386
141300 18.679073365025534
141400 18.504658425178143
141500 17.680568660694956
141600 18.85705565026622
141700 18.848557165104108
141800 17.23935152691537
141900 17.656007256210632
142000 18.021160977485852
142100 17.52808473614614
142200 19.18295749132899
142300 18.02416256390729
142400 18.55617485654714
142500 18.768769279322978
142600 17.26876703518429
142700 19.11014283257838
142800 19.401255300292696
142900 17.47561418862656
143000 17.380040144572412
143100 18.65368615268476
143200 18.43862384362608
143300 16.86583781140689
143400 18.651182897267628
143500 18.585675002095766
143600 18.20440818160396
143700 19.16211388236059
143800 18.246737352054296
143900 19.34122647676614
144000 19.345224467692162
144100 18.034513492595387
144200 18.244875539315736
144300 19.04660430157048
144400 19.178681271538974
144500 18.999265165452755
144600 18.99312204210313
144700 19.35677165016323
144800 19.276728404350607
144900 17.528828794495457
145000 19.142848940049852
145100 18.9397553917491
145200 18.727729856314884
145300 18.32703147179283
145400 16.815473213438327
145500 18.756254610489442
145600 19.501494950263627
145700 19.19361123928275
145800 18.34234292768471
145900 18.271857153292938
146000 18.661491947196463
146100 18.160080260033183
146200 19.05121190037325
146300 19.303331209670016
146400 18.175405268516094
146500 18.59904448072267
146600 17.409354200607662
146700 17.988048271500336
146800 18.966739724363038
146900 18.937771718438498
147000 17.399792876410658
147100 17.443318987115642
147200 17.383567660746262
147300 18.137767672524266
147400 18.210780556554738
147500 16.148870549702746
147600 18.272972501432907
147700 19.38932683382067
147800 18.732852131212766
147900 19.067428233343577
148000 17.368852230155746
148100 19.008705404731714
148200 18.86015401432452
148300 17.695562106286584
148400 18.609824017751645
148500 19.0659962698981
148600 19.488588261752763
148700 18.200107528772673
148800 18.790548295916
148900 17.992467111454634
149000 18.960300319002194
149100 18.38100798629573
149200 19.09619265147742
149300 18.710622739869876
149400 18.101512599993313
149500 18.41778357738289
149600 18.21867686139909
149700 18.471693422593507
149800 18.50167132955819
149900 17.944032141045394
150000 18.1044752948212
150100 18.070783855983294
150200 18.50463656881419
150300 15.7186007182415
150400 18.79738164221671
150500 17.973528208627418
150600 16.148246895671
150700 18.96894444460903
150800 19.174538232009404
150900 18.012103400526563
151000 19.044735541234463
151100 19.426869930506687
151200 18.636889993729977
151300 16.59240296522187
151400 19.60407639779131
151500 18.36268007689584
151600 19.15538489777619
151700 17.48140307711255
151800 18.314888461162834
151900 18.229177578962393
152000 17.450248213320247
152100 19.310812288384184
152200 18.898516757033722
152300 18.388805999806035
152400 17.416803916525165
152500 17.861262743965398
152600 19.61990103671022
152700 19.355901102183672
152800 18.780112270022883
152900 19.447714028780226
153000 18.493709978493094
153100 17.648156854038476
153200 19.17824377354647
153300 19.042802468315397
153400 19.263887371558898
153500 19.297839920830494
153600 18.46117918951781
153700 17.701828935583844
153800 19.406672873626878
153900 18.80653203955072
154000 16.956011716973446
154100 19.008498575079532
154200 17.562614729458993
154300 17.612951406200587
154400 18.85570679204386
154500 19.211992822557622
154600 17.81740168733323
154700 18.81478493859552
154800 17.752140938600174
154900 18.68457839816445
155000 17.860419420590013
155100 18.117336131100444
155200 18.581252411384945
155300 18.049326119498502
155400 18.338459589441
155500 18.02671317838731
155600 17.894009145928024
155700 18.96300888620889
155800 18.6665881040956
155900 19.326673302432674
156000 18.13210066368143
156100 17.758678181039397
156200 19.390185015734566
156300 18.33751418253724
156400 18.38651878538335
156500 18.645291085233982
156600 18.87783978293287
156700 19.016578171340925
156800 18.010238129155812
156900 18.789310179203436
157000 19.299387901212867
157100 18.526125954109624
157200 18.248833178300337
157300 18.647287137338385
157400 17.727866546320445
157500 19.00363568542571
157600 19.08106348199428
157700 19.32828949316758
157800 17.788889257772944
157900 17.751878338602406
158000 16.943824089292903
158100 18.74233113909086
158200 16.442068772659336
158300 17.31048460967561
158400 19.360915182782414
158500 17.77866015562538
158600 17.207429549281574
158700 19.50854064723623
158800 16.637943347121663
158900 19.421701577954114
159000 18.6721185475615
159100 18.564049962099848
159200 18.37931177329932
159300 18.910738335640048
159400 18.393976341876208
159500 16.006056203261164
159600 17.165420159650754
159700 18.812569669096902
159800 17.291874451477582
159900 17.560102479184764
160000 18.996946450081595
160100 17.21293519784901
160200 17.823356144538646
160300 17.678544190455906
160400 18.721815075201295
160500 17.89441716377175
160600 18.766726455428493
160700 19.27362566527478
160800 16.151939008178115
160900 17.724164938498667
161000 17.439987479700353
161100 18.08351553024941
161200 19.194692547069618
161300 18.048748832380216
161400 18.372456254952137
161500 17.719973535913304
161600 19.554717791081487
161700 18.340426006363238
161800 18.275315329039593
161900 19.361467051258106
162000 19.387522379162313
162100 19.189548448565397
162200 19.32093363167772
162300 18.16700450601536
162400 17.43868261007173
162500 17.906387493653476
162600 19.157497097093017
162700 16.956006578511165
162800 17.153246206074716
162900 18.43537997321424
163000 18.84712595126042
163100 18.230719298519688
163200 17.22748474417983
163300 17.62782407585563
163400 18.699000343546448
163500 17.964014290628658
163600 18.556523763177378
163700 19.392393597240552
163800 17.324164105721998
163900 19.057996675016945
164000 18.06363155430758
164100 18.86111514803997
164200 17.741943395271974
164300 18.479336309578567
164400 17.800073404459987
164500 19.10987852162131
164600 17.30719217581477
164700 18.209853441504123
164800 18.850492952950614
164900 18.99504540302778
165000 17.58310956745253
165100 17.366997553537868
165200 18.37486078163936
165300 17.327179301613796
165400 18.146454119439557
165500 18.73894878608003
165600 18.63430236074679
165700 18.466109491004755
165800 19.47237032183261
165900 16.46050689798674
166000 19.620422435653886
166100 17.418995467048987
166200 18.63352321998227
166300 18.20941104201761
166400 17.56177125547166
166500 18.955236888937577
166600 18.37242780505051
166700 17.60776832025919
166800 16.861170429596058
166900 18.481465523496237
167000 18.550986238525738
167100 17.783316229205806
167200 17.047590167341596
167300 17.573215484547777
167400 18.597980125892427
167500 18.34978556809622
167600 18.206425144523802
167700 18.374549300563714
167800 19.21431843305617
167900 18.56223100908702
168000 18.64913194961376
168100 18.10879525373048
168200 18.1099652190348
168300 18.872690835637822
168400 18.637254462447224
168500 17.305625530392348
168600 18.078444289965375
168700 18.626482282841987
168800 18.028254056727036
168900 18.74177911853788
169000 18.158943428083234
169100 17.364624829750188
169200 18.28053221109174
169300 19.405872137450228
169400 18.33631315429643
169500 18.03702132907904
169600 19.49974476000237
169700 17.16236005697796
169800 18.804572651544788
169900 18.44922728586334
170000 19.42499356650784
170100 18.291109317344905
170200 18.498893857838574
170300 17.7710118736355
170400 17.452295146824184
170500 18.637058465574572
170600 18.380722023366527
170700 18.231663493384325
170800 17.5084613890506
170900 18.390395672488133
171000 19.283669120386737
171100 18.778156522641304
171200 18.897951368601337
171300 16.98806328851481
171400 18.925236295932525
171500 17.971520224248604
171600 18.34520010118688
171700 18.823211395749635
171800 17.647515991521555
171900 17.35595754160413
172000 17.338747688814532
172100 18.657355958017032
172200 17.571411417205933
172300 18.9538509260857
172400 18.31848276128695
172500 17.07117065390464
172600 18.5191377737421
172700 18.24354366443637
172800 17.96723495371558
172900 18.00438717875837
173000 18.54774341263805
173100 18.110655442181322
173200 15.822691462210482
173300 18.716105373123792
173400 18.577104747192948
173500 17.0528914089923
173600 18.928170340507094
173700 17.72805168144743
173800 17.517268986083952
173900 17.749408882552732
174000 18.772229810498036
174100 18.06854332969572
174200 18.92145092378137
174300 18.260690196072822
174400 18.022319743246364
174500 18.497211263526275
174600 19.23669874419362
174700 18.226971062681923
174800 17.22363752360713
174900 16.80334327314247
175000 19.185114454991332
175100 17.195030231435847
175200 18.651286625861072
175300 18.025202746726787
175400 18.409939339308146
175500 17.643006002404697
175600 19.14144994786022
175700 17.62244763428392
175800 18.890877814748215
175900 17.36704169949037
176000 17.618911978979312
176100 19.428772003057528
176200 19.416274624690242
176300 19.48555066193886
176400 19.265922439273716
176500 18.503708385129748
176600 17.825886429271872
176700 19.039668523790976
176800 18.27788165067614
176900 19.003710799894407
177000 18.718923778125266
177100 18.507674485821685
177200 19.068672625520744
177300 17.476548537519914
177400 18.909707246146343
177500 16.77610608295358
177600 17.832109803738444
177700 18.028620378600625
177800 18.523569079804908
177900 18.20985757767608
178000 19.157422512470365
178100 19.2636986548074
178200 18.158238790780114
178300 17.481108577785655
178400 16.51604685077957
178500 18.763541830409018
178600 19.50909817061619
178700 19.00070755458926
178800 19.371357169076052
178900 18.850623303394027
179000 19.123513821177312
179100 18.84180879419471
179200 17.934842230945687
179300 19.26757448938915
179400 17.883762323814622
179500 16.771580365442922
179600 17.81247738935796
179700 18.261754514331088
179800 17.943627724548968
179900 18.835699563694853
180000 18.65939731440937
180100 18.671047092089964
180200 17.95566367803472
180300 18.838619161721684
180400 17.915807302029517
180500 17.809346920969933
180600 18.902910052442614
180700 19.00608650203521
180800 19.551393840930913
180900 17.358069413383205
181000 18.50238237048718
181100 18.945252461849417
181200 19.322349655317606
181300 18.818402145990277
181400 19.350791830495474
181500 17.91729006863786
181600 18.347501410363193
181700 17.95455089419884
181800 19.107346578380596
181900 16.567576258160813
182000 17.208276841234838
182100 18.261651352369853
182200 18.08634664243507
182300 18.864422975522658
182400 19.126297019338367
182500 18.492946719943294
182600 18.85213445820868
182700 19.2771721101863
182800 17.587969548834682
182900 17.65863000223847
183000 16.942359519828173
183100 19.194593524384246
183200 18.73733210123944
183300 18.57414498560394
183400 18.54869364601879
183500 18.76741203930526
183600 18.436903698902697
183700 19.74578939139287
183800 18.49655399880497
183900 16.227403539815526
184000 18.816996792269858
184100 16.3353765406637
184200 18.098726876244257
184300 18.705746219722013
184400 18.281355249022592
184500 18.980312863818693
184600 18.902780602142855
184700 17.479543390100233
184800 15.6134680001382
184900 17.5024027205008
185000 18.28765058351031
185100 18.395363807763328
185200 19.492806389323878
185300 17.73257910608542
185400 19.003984938903326
185500 19.1134943158987
185600 19.467002193134984
185700 18.739888405563196
185800 18.213789318747867
185900 18.269429932288645
186000 18.7386339356092
186100 19.594344342177347
186200 19.0496124715537
186300 18.135240820262137
186400 19.105995018882638
186500 17.902707731295926
186600 18.28043569174438
186700 18.06496001863702
186800 18.92612973798462
186900 18.62291721942504
187000 17.88187747412616
187100 18.989535772578204
187200 18.877537963733065
187300 18.90342180878382
187400 19.431772278266948
187500 19.273044085198467
187600 17.72267352302303
187700 18.533060093376267
187800 18.438043638158632
187900 17.45691776096949
188000 19.242936636568306
188100 17.31800316537549
188200 18.817306622749065
188300 17.11035416040429
188400 18.753214198662615
188500 17.19153933616118
188600 18.032802305564232
188700 18.812464847201106
188800 18.55904063635187
188900 17.75498512543593
189000 17.826960442985488
189100 17.756445929638428
189200 18.753270300913453
189300 18.021448848376135
189400 19.337452291502583
189500 19.45862409497209
189600 18.67563963258621
189700 18.86662308124931
189800 17.25614627849754
189900 18.196669381389718
190000 18.109690091429815
190100 18.576532819128126
190200 18.35959827487928
190300 19.21165973419059
190400 17.880382849432834
190500 18.313521040734734
190600 19.609141837147458
190700 19.33463182257624
190800 19.024329845485592
190900 17.79275219641017
191000 17.120822104856178
191100 17.56137058087837
191200 18.2510865789469
191300 18.187370936950185
191400 19.34231959831934
191500 18.172034319323696
191600 17.870758906988854
191700 18.975831885760105
191800 19.14935021250961
191900 17.42287892334878
192000 18.695821584705083
192100 17.930284707913867
192200 18.924004583356755
192300 17.289980029028207
192400 17.3822078670057
192500 17.01097574936291
192600 19.02129257182799
192700 18.47061797397535
192800 18.13353405061365
192900 19.0263568424063
193000 18.86739949901161
193100 17.69643581126349
193200 17.492854598726606
193300 18.115054360199487
193400 19.04660392058322
193500 18.45064545445478
193600 17.77532485475186
193700 19.070848078103708
193800 19.164665429034972
193900 18.735655039508156
194000 18.122915267306553
194100 18.90790401098956
194200 18.894736312229966
194300 18.609768106293277
194400 18.462180210885432
194500 16.95656644237464
194600 19.18753966059253
194700 18.12884116507441
194800 19.18700780538052
194900 18.296458855159813
195000 17.718798665525696
195100 18.39343021859149
195200 14.518190828510864
195300 19.046049559626237
195400 17.029674606189623
195500 19.43363454604771
195600 18.049998058611223
195700 18.3042179398346
195800 15.778078046230336
195900 18.027965682487
196000 17.367456640036337
196100 16.258951419591217
196200 18.299859408783888
196300 18.266592875106568
196400 18.95304998854513
196500 18.27643157849029
196600 18.363452086793046
196700 19.19519614379013
196800 19.0547184170837
196900 17.542694192219905
197000 19.209258642877636
197100 18.213151727240817
197200 19.599339506839193
197300 18.979832186067906
197400 18.12129421496766
197500 18.84169875504689
197600 17.492793399756348
197700 17.84298041081349
197800 18.722440497993517
197900 17.33128992717265
198000 18.27243007268466
198100 18.544147292397916
198200 18.6263915787238
198300 18.87702077477567
198400 19.501319903228545
198500 18.95341270016267
198600 17.90579860457138
198700 18.13643123578565
198800 18.510724789859744
198900 18.610146982348525
199000 18.489950475051455
199100 19.084441414103576
199200 18.46621903031234
199300 19.376749302331305
199400 19.735502188065247
199500 18.700759616613922
199600 18.77687195138117
199700 18.336236858521183
199800 18.736227825740873
199900 18.638951635428633
200000 17.4150086355955
# End time: 23-11-2024(00:06)
