# Model = symNN.TensorFlow.(3)-8-9x9-12-(9)
# Num weights = 1080
# Learning rate = 0.001
# Env random seed = 111
# Start time: 30-08-2021(15:28)
100 -3.186744694339322
200 1.3123929615937693
300 6.759627094229579
400 9.624027809226114
500 12.449596576244994
600 8.256020193725666
700 7.691966613164018
800 6.8772456456642805
900 9.003295740968262
1000 7.2583525112290195
1100 7.641790938852522
1200 8.236870527071419
1300 8.257393985290898
1400 5.879391186508402
1500 8.756620388099105
1600 9.123330965373976
1700 10.264071475043854
1800 4.696685216562071
1900 2.4595191592411734
2000 5.841472425121155
2100 7.282206719327745
2200 5.864673083276602
2300 6.4624182688747815
2400 8.619217268192788
2500 8.541059061622732
2600 10.561482396465706
2700 8.55896208761102
2800 7.3713491444405514
2900 5.026186126864718
3000 7.502998279229618
3100 5.395926973829959
3200 2.989489796756539
3300 0.2981311145795364
3400 1.0741100715860104
3500 1.716092891359995
3600 5.4830618486958125
3700 11.06504735479404
3800 9.903867575439952
3900 9.141500146739203
4000 11.37046945227587
4100 13.616395136314914
4200 15.6701737959378
4300 14.94660099586337
4400 15.6904048406566
4500 14.517884147544196
4600 14.342282472286357
4700 15.605941922663867
4800 14.54467054616845
4900 13.11069395831664
5000 14.073637321472642
5100 8.08503335945602
5200 5.3907099987639375
5300 13.199106464704899
5400 14.867142516902657
5500 15.613098287076582
5600 15.51623138484773
5700 16.43671506827152
5800 17.021062973301586
5900 16.30504833617558
6000 11.842491437641304
6100 6.014969233705439
6200 7.9408570477971425
6300 10.365896514132746
6400 10.886769232951846
6500 6.961726115145238
6600 6.789528089334652
6700 9.969651479912287
6800 12.837398312511748
6900 12.158662904575369
7000 14.504008328288315
7100 13.619946760387455
7200 14.435664150431247
7300 15.637797087848647
7400 16.263699939764244
7500 17.105635779799794
7600 17.57875831018309
7700 17.062493978788826
7800 14.87636689257293
7900 9.115102554937883
8000 3.2307050228115655
8100 4.047088173543963
8200 4.133764331216365
8300 3.729479093307205
8400 3.830578000383367
8500 5.7616876132314125
8600 6.817214539937518
8700 8.169713131564373
8800 8.96554639630268
8900 9.397820111732678
9000 7.818383217798735
9100 8.648610129461069
9200 6.283212051932238
9300 7.183153806644924
9400 8.181773248030117
9500 5.488532489554715
9600 -2.1473728234775646
9700 0.6020042849917089
9800 1.8931122123302673
9900 1.985477080412446
10000 5.026296242426422
10100 5.449603416504191
10200 2.7099539863269873
10300 3.457340183691913
10400 4.270028251855959
10500 2.934899841211181
10600 3.594145693757018
10700 5.27452377153726
10800 3.660468106211894
10900 4.510329500940905
11000 6.195122498071142
11100 8.463865495670692
11200 11.553290491407418
11300 11.997034767819104
11400 13.165501005345979
11500 15.60338903223352
11600 15.68872788286831
11700 13.052953552642784
11800 12.495708065500946
11900 12.191981719134223
12000 13.364268234817185
12100 11.748411647229606
12200 11.563848096489476
12300 14.451556149561936
12400 14.341909584430942
12500 15.407323571716566
12600 13.705385118382788
12700 11.496030913713819
12800 14.052097287331947
12900 13.79142845444969
13000 8.36494196135949
13100 9.713732906801718
13200 11.84807970360522
13300 12.575711194104697
13400 11.218892114124118
13500 9.648934932329755
13600 12.87008289847311
13700 11.570449562213819
13800 12.120461350593626
13900 12.31010680094363
14000 11.547737268379933
14100 10.88017056208007
14200 11.949912999712963
14300 12.479648231054126
14400 12.313363804662776
14500 13.490153492752894
14600 13.379749399193507
14700 13.751190451388842
14800 11.347301892668511
14900 12.686321424779129
15000 13.544921481272704
15100 11.18768976794587
15200 11.795078541818137
15300 13.647063624079998
15400 13.816875729674694
15500 13.67629239903454
15600 12.449537165492341
15700 13.318456089605425
15800 14.40940839812908
15900 11.091109516678705
16000 9.839222068864265
16100 10.05704764180436
16200 10.729642926543589
16300 13.442434199370748
16400 13.47925197196668
16500 11.698848672399825
16600 12.244894130332982
16700 10.478849484658824
16800 11.330447436556705
16900 12.008309072334532
17000 12.20778455796939
17100 10.308529856070791
17200 6.033194296903031
17300 3.404961348636271
17400 5.604894541363535
17500 7.981882575825762
17600 8.005568053120607
17700 9.949514168830637
17800 10.976160404698788
17900 10.93691192883674
18000 11.156262812084554
18100 11.378332333972885
18200 13.12165581094411
18300 12.899662813697422
18400 13.183529245516615
18500 11.6041133352821
18600 10.352646541422482
18700 10.272205244427052
18800 8.83845856220596
18900 12.41724692731771
19000 10.923307643999769
19100 11.580121023822887
19200 12.989076236196508
19300 12.81313986314592
19400 12.164609235878578
19500 12.723592821594812
19600 12.35688285965077
19700 13.59591154908697
19800 13.756464604240467
19900 12.41562861485085
20000 10.097874357494696
20100 13.101359903735991
20200 12.218829825525356
20300 12.348521719368089
20400 11.773884416002037
20500 12.984930067078386
20600 13.876009445491714
20700 13.888469730082388
20800 14.219619646301938
20900 11.152639307934072
21000 10.525628322653091
21100 11.960010270055523
21200 11.364460444992552
21300 14.237277130925115
21400 12.56491312827917
21500 14.357689301919752
21600 14.538676301332414
21700 16.046404742002785
21800 8.001175870278624
21900 4.738021100399619
22000 7.111372632516082
22100 5.901134743257904
22200 2.653989453050409
22300 -0.9812455790919843
22400 -1.1645755696274134
22500 0.6999036148375547
22600 -0.45065312114923545
22700 1.2323714751711363
22800 1.0465162683365288
22900 -0.34650713995053156
23000 0.5700883877656471
23100 2.9735916281785353
23200 1.7411458526071808
23300 1.5310189884561984
23400 -0.9239048922273752
23500 -0.9460083690572747
23600 -1.22211382165316
23700 -0.7674876373882813
23800 0.20495783597483916
23900 1.9623509720465304
24000 2.685941366969669
24100 1.2523744213126906
24200 1.8629729626226184
24300 0.7325491050571356
24400 -0.10829978799370199
24500 8.347570999781201
24600 9.52418019512977
24700 11.393046142846835
24800 11.37063832594016
24900 10.605489953355132
25000 10.716339629437291
25100 12.534221083074257
25200 8.784563384619407
25300 10.551833111722571
25400 10.541316857848267
25500 9.985937298977587
25600 11.17592515621847
25700 9.43662857047317
25800 11.415520606904447
25900 13.006219839535472
26000 12.648558937449094
26100 11.405390917245532
26200 11.009885279108607
26300 12.510872624244092
26400 11.622257162355735
26500 12.523806318345834
26600 13.71483755387897
26700 14.44649001775358
26800 15.132571381808802
26900 16.43613587049813
27000 15.976503391430452
27100 12.857993455306252
27200 12.790034898684313
27300 11.880211883977884
27400 11.864841688535689
27500 12.343057682782696
27600 12.786147922321733
27700 12.406199719156787
27800 12.510204843018645
27900 13.430191396554445
28000 13.456251495646688
28100 11.593561303279065
28200 10.662337219860778
28300 9.536005834179734
28400 11.59144735503683
28500 12.651685960958503
28600 12.986937718464649
28700 11.735427558776191
28800 12.096801447540539
28900 13.05802195842095
29000 12.108104500132916
29100 12.993828324190137
29200 13.824233745347025
29300 13.889282174890353
29400 14.403951856740576
29500 8.928754945214408
29600 10.954270080566426
29700 12.288725567713831
29800 11.005594500589606
29900 12.817269284118971
30000 13.736539432917029
30100 14.413322469541699
30200 13.990678452896777
30300 11.24411182619858
30400 12.499937405595418
30500 13.684210905494988
30600 13.08518977410044
30700 13.711220664418834
30800 12.735422108118454
30900 11.36105868289483
31000 11.729302654561213
31100 11.446564326115055
31200 10.102664978435515
31300 12.320205385389881
31400 12.269973292146572
31500 7.641770428519308
31600 10.01644230823248
31700 10.996144751427456
31800 12.31890229356484
31900 9.835013496522485
32000 12.15123662615316
32100 11.357291893925003
32200 10.36606822607938
32300 12.615085606934121
32400 12.744268088320254
32500 11.16429232555229
32600 12.583196426604069
32700 12.569196227628932
32800 9.792488393985062
32900 11.358097244891715
33000 13.018453776225881
33100 12.941706357675002
33200 11.388052517448855
33300 13.282185509820305
33400 12.007386080555943
33500 13.27959174386813
33600 4.28596014655901
33700 5.602948644552377
33800 4.281942579775249
33900 2.1321050773059986
34000 -0.8999511718070297
34100 1.3418370772364896
34200 3.646126195533807
34300 4.976620663909155
34400 4.63137698378314
34500 1.747710077807547
34600 1.8983051532853128
34700 2.6728157291351446
34800 3.494741294310383
34900 3.983736552657427
35000 1.051354045823903
35100 0.6853436469332814
35200 2.4393855843027064
35300 1.3346223281799383
35400 2.328772066732404
35500 2.1849454559190558
35600 2.101430396818376
35700 1.7720555339772224
35800 -0.7046062525665673
35900 -0.35649406039176196
36000 0.6752679931387833
36100 0.011149801910387697
36200 0.1953503754674366
36300 1.2955359772860058
36400 -0.7431400261688035
36500 2.6055964127005713
36600 3.8277335229484355
36700 2.7047093666831814
36800 2.304237846546266
36900 1.2237563411172439
37000 1.220179443932125
37100 2.556026127755354
37200 2.453552957449589
37300 3.788421919249882
37400 3.757742051710829
37500 0.8463998671064898
37600 2.3825768497112962
37700 4.281658093402041
37800 6.933154969903638
37900 4.699514792889605
38000 3.878393300313314
38100 2.1785600214620873
38200 1.3973642839653564
38300 2.506997255377809
38400 4.148147024270937
38500 2.22554779827452
38600 3.0548437100237273
38700 1.5730738525072365
38800 2.693835804068807
38900 3.551420077356068
39000 1.6828668839588932
39100 3.992507556855725
39200 3.2901170802979105
39300 1.7450600580283724
39400 1.813392689760472
39500 2.3499341907671356
39600 4.24454602130134
39700 1.83093014748407
39800 4.144608845082782
39900 2.759930091991113
40000 3.8024367468888753
40100 2.6893533084733057
40200 3.607137550967499
40300 2.1647726021999203
40400 2.3528142570865707
40500 1.1392435692127167
40600 2.616131839679665
40700 3.6113979683707944
40800 3.3992185563650676
40900 4.346846741189191
41000 4.486538554371667
41100 4.705685418388229
41200 4.0727417225780895
41300 4.3697315354177935
41400 4.397815042922095
41500 2.418337739689935
41600 2.2099969197129776
41700 -0.18607640454136554
41800 1.7187063050909273
41900 1.4529773683040326
42000 -0.7342632841304668
42100 1.0789321545175874
42200 3.063886504352038
42300 2.4069328908586973
42400 3.1421791249950966
42500 3.6593640877323574
42600 3.273910358445094
42700 1.8283468450889493
42800 2.998673328475163
42900 5.307062980781894
43000 4.023168499127303
43100 3.962156763129288
43200 6.016861935035476
43300 3.074394323625812
43400 2.014367741270151
43500 0.8852306658496683
43600 2.053692140049567
43700 2.886756495833017
43800 4.325435667710255
43900 3.9705687260479388
44000 5.0882155841251135
44100 2.2442831241951833
44200 3.460590527993285
44300 5.53443825186388
44400 6.983829500304296
44500 5.107958459418688
44600 5.276820394578977
44700 4.377609826296172
44800 4.220022503067065
44900 4.21251367177507
45000 3.471437959876857
45100 5.350099936563384
45200 6.996936372743632
45300 7.449588055844215
45400 8.30790993104191
45500 6.120029590931939
45600 7.803812584552872
45700 10.355355205726381
45800 9.765914105524185
45900 8.066760086977208
46000 5.772447489519668
46100 8.24165724330612
46200 8.327295228918008
46300 6.722733534822882
46400 9.724317381585141
46500 9.2635576887302
46600 8.172536318635881
46700 10.02502553848078
46800 6.0631917118205605
46900 7.66548439329871
47000 9.012484645827701
47100 9.66442809447004
47200 4.960580150736609
47300 5.920867830705922
47400 6.707804664124299
47500 6.38115593674854
47600 5.540610068574512
47700 5.512176021107524
47800 7.766702049590718
47900 6.403426783102149
48000 7.2234730994331455
48100 6.542455980306928
48200 10.002781517709877
48300 11.032150315572178
48400 11.18765327441101
48500 10.829733975230116
48600 10.32838218786544
48700 10.733455999555321
48800 12.333882145445685
48900 9.963270178618473
49000 10.973636077048315
49100 6.770429653766766
49200 6.872182353213584
49300 4.939749392356489
49400 7.154260354711878
49500 9.275839829304047
49600 7.323677518832401
49700 8.896322224598192
49800 6.716175701337732
49900 5.136208163783462
50000 5.2347698633501345
50100 3.2276812357567732
50200 6.54485315627474
50300 9.245711925979295
50400 10.412290719505412
50500 10.662438557360714
50600 9.190865737663238
50700 14.521652875554585
50800 15.533843708946803
50900 15.98690599365207
51000 16.781076785397907
51100 14.887483778282279
51200 14.21379981311562
51300 14.919971877235703
51400 15.89459815939886
51500 15.084224916810356
51600 14.5861780699256
51700 15.831752428209205
51800 14.803554854942476
51900 15.47259828145546
52000 15.819951636097493
52100 8.941308874205617
52200 3.176275111072025
52300 7.703699465509564
52400 8.086524528329125
52500 7.868537458459914
52600 7.844932978151637
52700 8.315351040041289
52800 8.653869781413144
52900 8.843028742687734
53000 10.268748836174806
53100 10.009367424974448
53200 9.04940377393269
53300 9.766271850970533
53400 10.636981356165714
53500 10.78130478100402
53600 9.194064657136584
53700 10.912249676260181
53800 12.835027219622424
53900 13.899728159529447
54000 14.585657557531048
54100 12.486587580824756
54200 12.2719879859499
54300 12.763633517582672
54400 13.383822685845079
54500 13.016097220916466
54600 13.99251464420892
54700 13.171401851277189
54800 14.034866775118255
54900 12.633459618709601
55000 11.97852926007342
55100 13.14757372707661
55200 13.27062089038494
55300 12.847086704660079
55400 13.216503651180435
55500 13.775277324211388
55600 13.904704505449354
55700 13.537163786518088
55800 13.490811019003294
55900 12.607072033716594
56000 12.905753320001203
56100 12.97600360655119
56200 12.926124051194941
56300 12.983959012741487
56400 13.337594413763217
56500 10.356857219850681
56600 11.644869026807456
56700 11.537625681537444
56800 13.00754154703158
56900 12.228495564473128
57000 11.671600310179478
57100 11.272664618970397
57200 12.25000849409402
57300 13.116082391979992
57400 14.944585408714488
57500 15.0692045787252
57600 13.356222925809586
57700 13.975917813007111
57800 13.110917763541734
57900 12.6399506550057
58000 13.209168528444962
58100 14.875222502698344
58200 12.187499382942104
58300 11.883694761869906
58400 11.92238572990957
58500 10.278404913521575
58600 9.4612221484778
58700 13.70734710104055
58800 12.108770473890585
58900 13.145732965684784
59000 12.579492189168008
59100 11.293788123175263
59200 10.457020353288785
59300 11.78888402465707
59400 12.195720566106907
59500 14.505022051194649
59600 13.294745685772408
59700 14.650794049865366
59800 14.612244474345326
59900 15.214707482359618
60000 11.984960492050833
60100 12.559004772700161
60200 13.397283442430101
60300 13.173996420400877
60400 4.74839261056342
60500 8.06606281495622
60600 7.654743051177226
60700 8.284340606173567
60800 8.261427434971665
60900 8.438385927846735
61000 9.763975520162608
61100 10.964514803529832
61200 10.741921117975444
61300 11.671197261796541
61400 14.250244996765543
61500 14.3299793137481
61600 13.158581843557636
61700 14.561981092895095
61800 14.563105548679223
61900 13.416570951344745
62000 11.437968903049725
62100 13.213311711444009
62200 13.34838199340148
62300 14.752747358569875
62400 14.07524469098826
62500 15.736341710951983
62600 14.308005679775833
62700 15.114985547946278
62800 15.119608383133084
62900 10.847440898760778
63000 11.328671831904435
63100 11.10846893122859
63200 9.908078842513708
63300 10.610449965104143
63400 11.488757027192564
63500 12.90260980740715
63600 12.980322438565139
63700 12.863441223584939
63800 12.42416547865859
63900 11.496483602423075
64000 14.11968862713892
64100 13.526863733492238
64200 13.75279099330637
64300 14.187654122915601
64400 10.283669064647787
64500 5.721017234870213
64600 5.88748792776567
64700 9.777096999912112
64800 9.444917490648189
64900 10.204540068074136
65000 9.348935570942093
65100 11.334380226992549
65200 13.177797020869948
65300 12.753652841428153
65400 12.649583821065617
65500 11.2793513667269
65600 13.356714240290177
65700 13.962860589144379
65800 11.95729923446831
65900 12.271280495443127
66000 13.958361016614937
66100 14.631235565800486
66200 12.419415614194076
66300 14.50741137756515
66400 13.83376662987046
66500 11.175212329082763
66600 11.52011146760156
66700 14.463531922325135
66800 13.358432907591123
66900 13.13169624579871
67000 14.042745555873683
67100 13.332113806134927
67200 12.779994530990203
67300 13.411171207003383
67400 12.817641756000638
67500 12.423043489253665
67600 11.270254141326435
67700 14.565579572518804
67800 12.437288771860906
67900 13.31787717559655
68000 13.804556374171867
68100 13.375501374743987
68200 13.588196341289038
68300 13.044513238552142
68400 12.89186778021575
68500 12.779892354740264
68600 12.006939444429475
68700 14.140105655992475
68800 12.335188101280536
68900 13.361216609186494
69000 12.143413598166825
69100 12.71731724724858
69200 11.809426408383633
69300 10.228748293787088
69400 11.900862460858022
69500 13.11408987904351
69600 12.674740516465745
69700 13.891295203899881
69800 12.957085432672722
69900 12.37770607581105
70000 14.749657340903319
70100 13.689933404065663
70200 12.316174385317732
70300 12.732316283604062
70400 11.291506351797404
70500 11.221619729553066
70600 11.155564512708816
70700 11.796527655363464
70800 12.075957174390128
70900 12.567240942765975
71000 14.240449722446128
71100 10.38118230583215
71200 11.83351240365337
71300 11.702948314595982
71400 9.615941785152623
71500 11.490182398912506
71600 12.424061975962575
71700 12.873054957923658
71800 11.329726099593817
71900 11.062967860604163
72000 9.675053548599422
72100 11.746963159288805
72200 11.729729795273224
72300 9.97930594649316
72400 10.744469361171749
72500 12.439816845613636
72600 13.50992083898606
72700 14.32902099420631
72800 13.0841621721726
72900 12.2703075443907
73000 11.58953326865836
73100 8.801650409806243
73200 8.537080276589874
73300 11.161195630548637
73400 11.842518093887257
73500 12.414474203491118
73600 12.767200235883813
73700 13.208459201577702
73800 13.385874321921522
73900 12.72808077113924
74000 15.737393132938204
74100 13.024068036688137
74200 13.850037809376994
74300 14.942631468205338
74400 14.457992272990792
74500 13.74866658019726
74600 10.99284452798561
74700 3.468572686664498
74800 -1.3020031726250454
74900 1.7346220542456408
75000 11.575764360664412
75100 11.34233380857074
75200 11.268095820649975
75300 12.889765815345744
75400 11.930686111520542
75500 11.857477977991504
75600 12.671923773733932
75700 13.590628307909341
75800 12.82629564751913
75900 12.422863617072004
76000 11.650949877799276
76100 11.438077776760094
76200 10.957680259362792
76300 2.4788897244370784
76400 0.031420580368897416
76500 0.5466674316562996
76600 3.9798092573450425
76700 4.7026404128082495
76800 2.8689587104346437
76900 3.7867386812799357
77000 4.693728021357991
77100 4.663811075364191
77200 2.526618347270199
77300 4.314587502207723
77400 4.118244047029733
77500 5.118324016932103
77600 5.87344001863792
77700 7.085364866960417
77800 7.245533300006127
77900 8.051651994642562
78000 9.879770431007017
78100 7.525972795713774
78200 8.681589216555789
78300 7.629652587429259
78400 7.633200743537889
78500 9.734499255458386
78600 11.068186441854706
78700 11.388848516300556
78800 11.390412570177707
78900 11.4273700740026
79000 9.406011026756513
79100 10.016394244616842
79200 10.335273948252182
79300 9.341592971749192
79400 11.425849295277484
79500 13.382831379724667
79600 13.169518862146269
79700 10.785111622952703
79800 10.887567258107238
79900 10.913993328544557
80000 12.01825545499005
80100 10.591555831857567
80200 12.3974670700643
80300 9.828484914788245
80400 10.678621491664137
80500 12.106696071862226
80600 9.198374069116918
80700 9.735308340538399
80800 10.947616818598743
80900 9.173175473101757
81000 8.218323748806599
81100 9.734179160183997
81200 10.918346349548212
81300 10.658952780683977
81400 11.19874549864154
81500 10.173112112796355
81600 8.11964549384201
81700 9.370349315814785
81800 2.7162088033965555
81900 4.262578434937177
82000 5.743350638926297
82100 4.308382029201649
82200 1.9661239792050675
82300 1.6115212234465983
82400 1.595032044749759
82500 4.249869176854567
82600 4.203615478727533
82700 7.590487948544137
82800 7.7195549465384925
82900 9.751059731758543
83000 11.985654828768363
83100 11.120925531457079
83200 12.320277002152794
83300 12.520334585259821
83400 13.817034848193808
83500 11.805922006253363
83600 11.030790064969679
83700 11.919117167826467
83800 11.827948398256826
83900 13.637054900945367
84000 11.998216780939634
84100 13.104326348303596
84200 14.193176589045184
84300 14.266531158596433
84400 13.089276306919974
84500 12.941308534874862
84600 12.006334456209897
84700 13.051921106658442
84800 12.881678256601575
84900 15.06285668452482
85000 14.527719867762787
85100 12.11061319513851
85200 10.776923088637448
85300 12.235701930889231
85400 9.196444394615668
85500 3.881986374889313
85600 2.6798637859863708
85700 3.1461304003084614
85800 2.780756645588112
85900 4.449820143816724
86000 0.9933636462211859
86100 -1.3659583310354835
86200 0.33126468224405403
86300 1.1124831370155392
86400 4.663556147627103
86500 5.793991813246003
86600 4.0882979623447815
86700 4.470190917401092
86800 4.144656284160109
86900 6.1222819434599876
87000 0.7440984107258328
87100 0.5302067664047194
87200 0.32907745477709194
87300 -2.087977501418422
87400 -2.255398196109059
87500 -2.233631764115513
87600 -3.785780090316511
87700 -0.8394866800840752
87800 0.13905548627144687
87900 3.983707872229446
88000 4.63886204369221
88100 8.953156655595702
88200 10.538290465242017
88300 14.218593175823722
88400 14.112354284216417
88500 14.653325218035189
88600 15.656782572316647
88700 13.958872964959781
88800 12.94506029155427
88900 9.325358469233045
89000 7.377240614136347
89100 4.4110176047978396
89200 2.000444984696513
89300 0.07657811545458938
89400 -1.8493358368832322
89500 -0.6860618041232547
89600 0.44047952077716185
89700 1.728429665833397
89800 -1.0006284644074832
89900 -0.3405471985395715
90000 -2.5443908552099814
90100 -1.538103496065181
90200 0.7382751126289544
90300 3.822223561625221
90400 3.566691714371453
90500 2.6719413698641756
90600 4.661773365473405
90700 4.208208394916814
90800 8.168109675197416
90900 7.705010892414007
91000 9.158709739253663
91100 5.162999323438883
91200 6.158605609311542
91300 6.7530619382556285
91400 6.339177994269218
91500 7.9216178036803475
91600 10.824942220115057
91700 11.038078929563993
91800 7.599742504546344
91900 2.957002687878501
92000 3.205642186734746
92100 3.7028262493915975
92200 0.8363233147771596
92300 -0.5749892864462763
92400 1.0193556402132786
92500 0.5935667192519485
92600 3.7165414538316806
92700 3.940242633337448
92800 3.7838489667522093
92900 1.2791879140523261
93000 3.5014982286946466
93100 2.1176003502916583
93200 3.843718933945641
93300 4.862153163345696
93400 4.049928054279805
93500 3.3777563714495864
93600 4.885390203602128
93700 6.669538393434953
93800 7.554048019815395
93900 4.687335277616271
94000 7.557243148327457
94100 6.755291123931245
94200 7.658882028363931
94300 6.192743082011422
94400 8.063386059369288
94500 5.269478321733697
94600 5.212959004658751
94700 2.9392863471067634
94800 1.5863723214883587
94900 1.7744364868283187
95000 3.731353429330323
95100 5.760172851873553
95200 5.886839231481271
95300 6.737995805225343
95400 7.7280025091438205
95500 7.302572073153244
95600 7.182409415808661
95700 7.151627234953558
95800 8.06368410070978
95900 8.768519773542334
96000 8.76110536229023
96100 5.810751054127669
96200 6.74751824574828
96300 9.304564846467615
96400 10.142341919670711
96500 7.22409165287363
96600 7.560955162182372
96700 8.976834863627335
96800 7.1402660901182164
96900 6.20172421904911
97000 7.2852126116129705
97100 7.506639750758687
97200 5.884234604364702
97300 8.916672463854574
97400 7.860853567333279
97500 10.095823967052139
97600 10.477522499938523
97700 10.26061569902699
97800 7.681687080933199
97900 4.850174255406776
98000 1.314000323139019
98100 2.7978920999316172
98200 5.43979522449122
98300 2.429332541719939
98400 2.7590971814447673
98500 1.3582383787758525
98600 4.435218923268454
98700 1.7416922669647603
98800 1.937266587239355
98900 3.839392630636138
99000 4.3353802010349245
99100 2.514319119883874
99200 5.029895220723664
99300 4.73369391196279
99400 5.939416138174444
99500 4.548357884580562
99600 4.027815313679808
99700 4.934116128613512
99800 4.685017603799653
99900 5.451809410312707
100000 6.677887349124353
100100 8.319614095437624
100200 6.432466397704169
100300 7.054334841815355
100400 6.278651480837293
100500 8.827057841770305
100600 7.269420945808246
100700 8.442421761376174
100800 6.754211215658212
100900 8.750149409376204
101000 9.349423109487967
101100 9.013926943761607
101200 8.835555512262676
101300 9.15187957994107
101400 7.1102142050565185
101500 7.860872036714321
101600 7.728839036429569
101700 10.336477222398793
101800 10.889797221174947
101900 7.936562047929798
102000 5.680138489254351
102100 6.838702978318655
102200 7.750156724207188
102300 7.6710613061892365
102400 8.459730359749939
102500 10.293649760280863
102600 8.858947432135803
102700 6.0081880633079265
102800 8.88310586650938
102900 8.556827735013474
103000 9.314315695703346
103100 9.065837127841625
103200 7.748584856073462
103300 9.91448697578284
103400 10.504644096623831
103500 10.512119714139807
103600 7.876862189573204
103700 7.087281483898982
103800 6.045910848542022
103900 7.830294635188569
104000 8.290812563125042
104100 6.378829396808983
104200 8.401886570792893
104300 8.882656201027325
104400 8.484025178245751
104500 9.115464046798268
104600 7.197131721951761
104700 9.120301065007585
104800 8.761175961612539
104900 9.591013391776768
105000 12.045305097592857
105100 11.32428799158228
105200 11.128927763443704
105300 9.360515264740346
105400 4.85104363796676
105500 8.87270244130411
105600 7.872179270387643
105700 6.250006390144278
105800 5.174134456456557
105900 3.889900800812791
106000 4.374521283339018
106100 5.124691242149498
106200 8.13215739840207
106300 7.172585888229854
106400 5.302760259830635
106500 1.6216331380618616
106600 1.007729896335664
106700 3.1369944397587024
106800 6.043516633498842
106900 6.622754521114701
107000 8.885384654946508
107100 6.4266121497040425
107200 8.177234048528902
107300 9.271756700248941
107400 8.005811204284251
107500 8.072539324808892
107600 8.161040357437756
107700 9.396942373762117
107800 9.763807859115834
107900 9.428461139160943
108000 6.950461235356856
108100 8.474959734616462
108200 10.179779685268326
108300 12.574288040553121
108400 12.612912411730816
108500 12.250734381975871
108600 12.79953275188324
108700 12.892900666780895
108800 12.566303900544439
108900 13.8585151667995
109000 12.900230857533183
109100 13.200113803443113
109200 14.344904020589091
109300 13.654570207348375
109400 14.33391816299464
109500 12.376294815695532
109600 11.45328239322727
109700 12.221265243981156
109800 12.509172285377176
109900 12.845542093743088
110000 13.737753280533763
110100 12.91998760668067
110200 12.46397610800885
110300 10.12006432515862
110400 10.803727221862426
110500 12.919409482354311
110600 12.070503177719816
110700 12.827423679865047
110800 12.65911650762142
110900 14.663362999887308
111000 12.303771831055307
111100 5.204047997255568
111200 3.9346589586874003
111300 5.83858416828242
111400 10.338852876242925
111500 13.689460473737844
111600 12.122609117999328
111700 10.142127768404846
111800 7.98281116689127
111900 5.377730994319245
112000 3.345106297290526
112100 8.25975507357715
112200 10.828070121656546
112300 13.543412267758313
112400 11.490340507428316
112500 12.623991353895018
112600 13.622798061026568
112700 14.386973786189232
112800 13.063321501848598
112900 12.519906440310182
113000 10.972350220102133
113100 9.361184419290574
113200 8.876344379125184
113300 8.321055331094575
113400 11.451422849787104
113500 11.482253537676067
113600 12.626532649379934
113700 13.230518472946246
113800 10.761018747284997
113900 12.658569650259158
114000 13.96094547932066
114100 14.192756193476056
114200 13.499801286935211
114300 12.228379507632308
114400 12.380875882276703
114500 12.670809232033825
114600 14.887396119435925
114700 14.517689504371054
114800 14.001592950840536
114900 14.50826215741977
115000 12.836166478344513
115100 12.95491443963537
115200 11.243342316906757
115300 12.147711161105187
115400 13.407754494628866
115500 12.932819280312005
115600 13.714054231306216
115700 13.466440870708714
115800 13.786547273832566
115900 13.211121965175272
116000 14.054480617134097
116100 12.225320266591224
116200 13.901279466117952
116300 15.832287287476545
116400 15.300284626839177
116500 14.447400105886324
116600 14.767501449205263
116700 15.583414000244929
116800 15.294133202100609
116900 13.733475096219442
117000 11.57282710900061
117100 11.233826219342966
117200 12.408940384707845
117300 14.20058053481082
117400 14.980428620850544
117500 15.193313635261097
117600 11.413858878035196
117700 11.722619356362165
117800 12.087997457434513
117900 12.726452294773571
118000 12.234777214595985
118100 11.570153099732948
118200 12.578381661463661
118300 11.458837795148279
118400 12.812368267984642
118500 12.252552263935305
118600 13.49596453211377
118700 13.901580483528724
118800 15.394324685649915
118900 15.232812073007409
119000 14.348172996543022
119100 14.58837343798766
119200 14.221551703364154
119300 14.144324486307692
119400 14.89415607205616
119500 15.080669237913511
119600 14.490378945025471
119700 12.598107133618816
119800 13.843516221453653
119900 14.441035807367546
120000 13.892775866450654
120100 13.40865618089348
120200 11.893620648395295
120300 13.212545660688527
120400 14.038285936824657
120500 15.090123386355556
120600 11.430103926032162
120700 14.345939489594178
120800 12.715732094117802
120900 2.4816506679494434
121000 -1.6302801634671171
121100 -0.49804318136849385
121200 4.913010598605244
121300 3.8475422253726
121400 7.264188469940234
121500 7.8237228388505935
121600 10.248075254415253
121700 12.646607551136375
121800 13.462238033099789
121900 13.839709525886821
122000 13.572823785435174
122100 14.970668493195506
122200 14.74378394977247
122300 15.855238913311304
122400 14.975016997008844
122500 12.100665750957154
122600 12.016125421092053
122700 11.163845877311227
122800 12.787064967004234
122900 14.581358643891155
123000 9.187671219925601
123100 9.321169675838105
123200 11.488763947813672
123300 14.304886523345004
123400 15.337888050580581
123500 14.1892933495142
123600 16.177942864117696
123700 16.403709227441244
123800 13.507020313175815
123900 13.319823845405438
124000 12.567640895118231
124100 11.952421460053047
124200 12.618889160784839
124300 10.002076019027543
124400 11.753756845781119
124500 11.630840882151672
124600 11.313198167880074
124700 11.154293623633052
124800 6.61594622510894
124900 4.302516476263442
125000 2.907458158438034
125100 3.101746770186406
125200 4.965552518243293
125300 7.159964435795444
125400 6.2183968963447205
125500 5.457763605945596
125600 5.6150049111813685
125700 4.422912156291285
125800 6.77724910058104
125900 5.111281498222409
126000 5.490915859389501
126100 5.467290688247509
126200 8.12787852946426
126300 9.030237987270096
126400 5.691953270507277
126500 5.057291167160259
126600 6.52726241593651
126700 8.483120348388189
126800 4.04172673951956
126900 -0.2525008651212859
127000 4.491186122629129
127100 6.537086781113792
127200 6.837611213210126
127300 3.150514527602542
127400 2.364959676447551
127500 2.397823923898022
127600 -1.8399439134921063
127700 -4.056966379822393
127800 0.4394223165695291
127900 7.189714839654117
128000 10.982556215628035
128100 11.145083332197817
128200 8.845077285857183
128300 11.025044566711895
128400 7.832858894864353
128500 7.899983772167686
128600 6.794164677956627
128700 10.196089988870112
128800 10.140910179768747
128900 11.377549114493185
129000 11.095530923068408
129100 10.544518026053144
129200 6.587357596996429
129300 10.981608482361098
129400 10.67436686618168
129500 9.351539783314813
129600 9.822800436333932
129700 10.839772070022505
129800 11.888925186254912
129900 12.48217292136892
130000 12.985677299561512
130100 12.946617566463791
130200 12.891738535111367
130300 12.811262679241926
130400 13.631162641951736
130500 12.691755449299182
130600 12.308179169049259
130700 10.376496908740393
130800 9.812212105698098
130900 9.467855926592199
131000 8.998317631201447
131100 9.373790785198544
131200 10.668503689795354
131300 12.97945695017402
131400 13.876806064376025
131500 13.73555333275794
131600 7.219043697726726
131700 2.5195199793736687
131800 6.332224185743303
131900 12.109145077859276
132000 11.257884758849105
132100 4.208209579115252
132200 2.2750257291644544
132300 0.4028059479427974
132400 5.412262764380176
132500 7.520820319739333
132600 10.312955511920459
132700 10.569685142492192
132800 10.650758674416169
132900 10.465976606734893
133000 10.31998132715437
133100 11.017910792275304
133200 11.644859682599897
133300 12.770165893412466
133400 12.22521004655848
133500 13.016996661360139
133600 11.464924811804964
133700 13.45392966695469
133800 12.6113984485488
133900 12.30358474805056
134000 10.864783841378786
134100 11.249602566081682
134200 13.362652562958653
134300 11.97467130036248
134400 12.30521955158765
134500 13.170117021386575
134600 13.04221172875002
134700 12.490041267148795
134800 14.545699352493935
134900 15.036029316765816
135000 14.815120580101654
135100 15.307026948267966
135200 15.252635033534885
135300 15.385816490931798
135400 16.022739798727358
135500 15.847786810959805
135600 15.272532244629513
135700 14.31026490680433
135800 13.251503341767144
135900 13.903102774452806
136000 11.965266797234642
136100 10.654282577169258
136200 8.170423867427786
136300 8.897411207645883
136400 9.818189682126935
136500 4.598800701853273
136600 6.455554687710836
136700 8.72698719840668
136800 9.817357818794555
136900 8.415409195455547
137000 6.6006661374092666
137100 4.470515606416655
137200 7.5116445449353115
137300 10.660536265709805
137400 12.586728625728925
137500 12.226626272846396
137600 10.711839668623652
137700 13.02369057569788
137800 14.456600712898739
137900 13.373671197471023
138000 9.769933153757487
138100 9.317349886996949
138200 5.839003110439009
138300 4.526868786850322
138400 4.039687053676186
138500 3.7998357305459303
138600 2.1549158609384675
138700 8.049693603902009
138800 10.500151855948115
138900 11.358224826821372
139000 10.738599629223229
139100 10.191772462507327
139200 10.811017242879403
139300 12.488693226908754
139400 15.422525548017164
139500 16.535435827388774
139600 14.918356977147008
139700 15.790067465408772
139800 14.245436114071614
139900 14.626266171621403
140000 14.67412841257666
140100 16.434238218358914
140200 16.046343746091573
140300 16.599090775320732
140400 14.399611112277231
140500 16.09863289301076
140600 15.387953211655669
140700 16.112519335520822
140800 16.408870224893246
140900 14.798252224491641
141000 16.812293815221597
141100 11.347877477783749
141200 7.767357696037543
141300 12.722906124991182
141400 11.262712353538001
141500 12.319965944374133
141600 11.059847555688075
141700 9.733298620923609
141800 12.33222664186784
141900 12.868514848048687
142000 13.200326767222995
142100 13.198305318345568
142200 11.299499867349354
142300 12.815577148712926
142400 10.502625590884808
142500 7.816521352942
142600 10.055077529143514
142700 9.280030080112226
142800 8.78479461572684
142900 7.812152358373533
143000 7.819266571159469
143100 11.11744755485681
143200 10.824237838479135
143300 12.49985770748511
143400 10.541635225095089
143500 11.173724066799995
143600 11.350224112502344
143700 11.868295596861357
143800 11.907206377416825
143900 13.591341577422364
144000 13.950560061275327
144100 13.283435155987856
144200 12.758410357000795
144300 12.270701984828783
144400 12.00290945938129
144500 9.670457800936285
144600 12.12024349588302
144700 12.105376713748164
144800 10.176696096787273
144900 10.08001328271497
145000 8.173409177259211
145100 6.818134517029565
145200 8.175327793535441
145300 10.774780148826492
145400 11.273584775338524
145500 9.211434445479723
145600 4.788820960977703
145700 4.761759977678375
145800 8.179151824696884
145900 11.693910260607753
146000 10.601195036771223
146100 12.984995371806422
146200 12.257662761450279
146300 14.4632095690933
146400 14.186608240820535
146500 15.554158705679662
146600 14.090134379608127
146700 13.728996770486878
146800 15.053297521622591
146900 15.324996469541759
147000 15.037796926436977
147100 14.634520095544353
147200 14.076657198224988
147300 14.264863806474569
147400 14.443807349395842
147500 15.006551013303277
147600 13.87402195072647
147700 14.5826354801546
147800 15.387449260736533
147900 15.797208055355988
148000 13.47970127062802
148100 11.644573574253094
148200 10.61857661071811
148300 12.155400647216517
148400 11.4259365110637
148500 11.552154011881866
148600 13.613789889424758
148700 14.421551981148244
148800 14.368009992172231
148900 13.379483259495982
149000 15.087726631527525
149100 12.978667304985123
149200 14.198192486466523
149300 14.551985589835063
149400 16.278611179420185
149500 15.539791592648436
149600 14.539126961096722
149700 15.856234059369083
149800 15.88676376535892
149900 14.926826470160147
150000 15.26779813254936
150100 14.469061644497545
150200 14.390891899813624
150300 13.933304548724548
150400 15.90376664719332
150500 14.163715843457265
150600 13.604932548396244
150700 12.561727884598128
150800 12.779446329394482
150900 12.078733028246527
151000 12.187875196520324
151100 9.589615863785255
151200 7.365529148350243
151300 5.911565254654346
151400 7.338963841308306
151500 8.427279722617328
151600 9.768221825105828
151700 9.516586677566236
151800 8.406023490809082
151900 8.160746405692302
152000 9.830365992643369
152100 7.598613670635887
152200 10.304575279201714
152300 10.608641535377947
152400 12.46078936835269
152500 11.675217434061944
152600 13.171744208398188
152700 11.030169701088733
152800 10.72707394120851
152900 10.00744697567328
153000 10.64896051223511
153100 13.029415491566738
153200 10.57019673637397
153300 11.498490641861517
153400 11.509017658325394
153500 10.35347829368364
153600 13.045018506685533
153700 13.055740137550035
153800 12.29000931289491
153900 12.947056388525484
154000 13.153439947388563
154100 10.737758302199813
154200 11.100130757294556
154300 11.845044968199385
154400 11.397910939381957
154500 11.592430002187697
154600 11.04539060765708
154700 11.79093885342663
154800 12.266263174270263
154900 13.17921930198261
155000 12.739973130197617
155100 12.360718833839455
155200 12.375798350056176
155300 14.0009810737394
155400 14.193228071677904
155500 15.332455597361234
155600 14.850628869323344
155700 13.334163152632202
155800 13.517131277674673
155900 11.969189327976302
156000 11.458658079110647
156100 12.689427898257392
156200 12.680274404138839
156300 11.76585541385755
156400 13.14357688194698
156500 9.527977005865592
156600 10.838083645996624
156700 9.37208892478019
156800 10.15218418608569
156900 10.517387168658411
157000 11.994682343751531
157100 11.070185337553482
157200 9.734528405197617
157300 9.401972405603415
157400 11.109750945037185
157500 10.812590636873471
157600 11.29840283490027
157700 10.49273935912206
157800 10.612345073006342
157900 10.620927919242177
158000 9.230920711818628
158100 12.728126722735647
158200 12.549326310395859
158300 11.254920766774886
158400 12.094777738653264
158500 13.81315900539616
158600 11.01585443257356
158700 10.314499312024692
158800 10.185652105307891
158900 8.965306772926967
159000 12.345651172541519
159100 11.905467047930442
159200 10.887297004775416
159300 10.94041223316393
159400 8.33177654834384
159500 7.420279920470408
159600 7.44031302065799
159700 11.055582057722823
159800 12.04523836816495
159900 10.570584309035786
160000 10.302304473991782
160100 11.342168348665728
160200 9.97686042990017
160300 10.223265382565499
160400 9.423765191221529
160500 10.107206287469051
160600 11.443072277085992
160700 9.993021114608215
160800 11.284248753649194
160900 10.467410509250064
161000 12.689333288507433
161100 13.275166701063203
161200 11.888625559682772
161300 11.848722511908957
161400 10.890235230008258
161500 10.323366193915929
161600 12.02594687199633
161700 11.708181164782905
161800 10.061812131581856
161900 11.86306152825588
162000 11.653361764051912
162100 10.052913560405054
162200 10.064237825251537
162300 13.291124418062065
162400 13.35749649368435
162500 14.120859410393527
162600 14.143679763331258
162700 13.873373306356184
162800 13.970818677259073
162900 13.45911406063819
163000 13.78548770535863
163100 13.174937839079238
163200 10.876560348817007
163300 11.268800323585396
163400 11.41405583741603
163500 11.924901189855563
163600 11.773164727011803
163700 13.04239148174211
163800 11.012197876111347
163900 13.005303215658515
164000 11.754719940039955
164100 14.544556651496178
164200 12.133738909459012
164300 7.370566979928965
164400 8.83855845187358
164500 10.119400482615497
164600 10.743325876485349
164700 11.29238856926555
164800 10.202962248878222
164900 13.009559947151887
165000 14.497694295614336
165100 14.877091101700888
165200 14.776227281336599
165300 14.21403918628677
165400 15.500692399864526
165500 15.110635309245819
165600 10.206684380991923
165700 11.232284005028742
165800 10.180930004262182
165900 9.157016645193327
166000 9.150327062384461
166100 9.554881785910574
166200 9.038681853577389
166300 9.764083201974595
166400 10.34773640576624
166500 11.556027933484964
166600 13.87949378690663
166700 14.433293195718049
166800 11.453813299123857
166900 14.499156818783934
167000 14.404776113790545
167100 15.089105282606436
167200 12.252367101387565
167300 11.939695552645787
167400 13.680669924352403
167500 12.249180647844724
167600 11.938771973591676
167700 12.457745767863807
167800 11.533405089752952
167900 13.428542101487574
168000 12.987382637884172
168100 12.603619937387903
168200 11.290610483522858
168300 11.126066555219591
168400 9.823547854889041
168500 7.315569497173567
168600 10.233877710486034
168700 13.667096160372449
168800 15.856189630952093
168900 16.51342844663422
169000 16.944022616746867
169100 16.554037717115726
169200 13.388495660012135
169300 9.784832466590382
169400 8.639287461637833
169500 9.660958000599075
169600 8.14706838847971
169700 12.126330992481204
169800 11.735853579929934
169900 11.600518286006832
170000 13.320737020085096
170100 12.881672016469764
170200 12.992500990234412
170300 13.737071677591658
170400 14.845912134420477
170500 11.990470955419532
170600 11.942866983135948
170700 12.139014879417479
170800 13.324849735835752
170900 13.602421584236772
171000 14.134617462293726
171100 10.011546756138209
171200 7.765653543655202
171300 6.917853361934228
171400 9.109260387537903
171500 8.963563771346031
171600 9.330210518364494
171700 8.816957786845222
171800 9.079667837628529
171900 11.747820811466212
172000 14.141895193172516
172100 14.796483296080963
172200 12.89963799667838
172300 10.891152537318334
172400 10.505094516533191
172500 9.48822064594647
172600 10.562951439252432
172700 11.315073910567424
172800 9.347291478808883
172900 6.711392641963636
173000 9.894786136756053
173100 7.57248682880597
173200 7.87034561742341
173300 8.264973135863844
173400 10.631358405983832
173500 11.98159043244066
173600 13.934371174523566
173700 12.761127918564053
173800 9.612661920214668
173900 10.2303759509158
174000 12.177149811740072
174100 11.220035787309667
174200 11.842432283313661
174300 12.126240822363172
174400 10.32625806155456
174500 10.140393255988995
174600 11.556569754979797
174700 11.046097687842654
174800 11.34075098323289
174900 10.107440540166035
175000 8.17215897849937
175100 9.906195986034112
175200 12.474799696978064
175300 14.307604396660663
175400 13.402954041643305
175500 12.177490924931424
175600 11.24640036392885
175700 11.571348166172063
175800 12.244591980331185
175900 11.573331812035859
176000 12.236744680768517
176100 9.450742234878758
176200 11.357523342052206
176300 10.861061963396828
176400 13.104445355532343
176500 13.539666168755367
176600 11.03201969907362
176700 10.093464986067463
176800 10.45392747774955
176900 11.391061262216176
177000 11.032847575953047
177100 8.945473345537286
177200 8.34594766831649
177300 7.927248101684174
177400 8.110042856717362
177500 8.290780779953506
177600 9.89442846118889
177700 11.915395386521364
177800 11.784303126761456
177900 9.994461642556063
178000 11.007974765854348
178100 9.674984347258844
178200 10.602713928241496
178300 11.999503722407884
178400 11.447992375356682
178500 11.346388103775467
178600 10.25180314565979
178700 9.618740311894808
178800 8.461500679972987
178900 9.531934861046581
179000 12.596861650167465
179100 14.550424309626173
179200 15.476113601163183
179300 15.429375494069884
179400 15.052935894651169
179500 14.184660148935754
179600 13.010394569943564
179700 14.74499495284401
179800 14.475253738432784
179900 12.969979154562058
180000 12.178352839314417
180100 12.434416034474472
180200 14.96972572808673
180300 15.612600975971196
180400 15.72326102234258
180500 14.444478899849543
180600 15.646318895558236
180700 13.229983545156282
180800 13.643048797572236
180900 15.568508694421839
181000 14.188466519787577
181100 14.238863195536148
181200 13.749532596905015
181300 12.961176548096317
181400 13.460656618830239
181500 14.408377049188474
181600 14.049599080803157
181700 14.510972075192731
181800 15.42912368324596
181900 14.989770245371748
182000 13.080089839370695
182100 12.914018293277193
182200 13.301146831504251
182300 12.636993114579012
182400 13.442985098138458
182500 14.967394857613742
182600 14.627627643289403
182700 14.089846854733592
182800 12.560596644725965
182900 13.120900576788756
183000 13.716880318162612
183100 12.167868650720012
183200 9.965759673572157
183300 12.610007769016498
183400 9.70082744852594
183500 10.882642813543308
183600 11.766837605530268
183700 11.608745055095264
183800 9.929155649694094
183900 10.800845499692905
184000 11.065632458330967
184100 5.847735723132995
184200 9.150282528178186
184300 10.667671427808449
184400 11.883748695287581
184500 12.036607290103404
184600 12.392686092155795
184700 13.540151347602109
184800 14.09597983800529
184900 14.436979820691013
185000 12.585945795193272
185100 11.654103637561049
185200 12.220912982367226
185300 13.616007858995902
185400 13.55426257289219
185500 14.517816732550354
185600 14.761740938993638
185700 13.936854940509368
185800 13.32659898802356
185900 13.166689718039446
186000 13.721106630319138
186100 15.241475678849008
186200 11.736237581895454
186300 10.46442797945176
186400 11.927783902741897
186500 12.304895038742778
186600 13.47294293985348
186700 14.42305290975327
186800 14.541174401991716
186900 12.54123706377198
187000 14.115089564877842
187100 13.816823286715184
187200 12.744342408784295
187300 14.12881301856678
187400 11.824311765016846
187500 10.088552905285677
187600 11.93378854419614
187700 11.178288165816472
187800 9.483262559788432
187900 11.817999012796358
188000 12.16755210129009
188100 12.55740900614821
188200 12.463646138926341
188300 10.937534686004357
188400 12.120184162012848
188500 12.037190966828641
188600 13.554517254441333
188700 12.00371014574422
188800 11.13487825824306
188900 12.050348694031035
189000 11.727904600429273
189100 13.908547890482438
189200 9.801753192064066
189300 10.739796223561223
189400 10.16192839550296
189500 12.217290734526266
189600 12.657701954751534
189700 11.975114691868171
189800 7.848065230969426
189900 1.99264224536124
190000 0.041193954597583904
190100 0.617311613250686
190200 0.22815604909964743
190300 0.9638515774440717
190400 -0.19421404163845898
190500 -1.339415263308863
190600 0.12467560264204752
190700 -0.15180636476734916
190800 1.8331986834627392
190900 3.0350529915309923
191000 2.811492512627155
191100 2.240990105257692
191200 4.03283557627107
191300 3.9056124884859837
191400 4.201990687952108
191500 5.815409278234114
191600 8.8202742553605
191700 10.649220058050254
191800 9.76613069139771
191900 7.9281531558163385
192000 4.0719644728005315
192100 8.565334260198355
192200 11.662784671689671
192300 12.395231155186545
192400 14.329677576064137
192500 13.208215140037908
192600 12.760311438991348
192700 10.005211176461486
192800 9.662810021036314
192900 8.62137578600987
193000 8.034015881358282
193100 7.6637697142474
193200 7.815136079617099
193300 5.131132571323607
193400 3.523113064064339
193500 6.855885637306565
193600 4.454484462934244
193700 4.970565286236722
193800 7.840674418676781
193900 6.91419920971381
194000 9.848535753750157
194100 10.198434543251844
194200 10.74913965922771
194300 13.903189187640987
194400 11.281916432795413
194500 10.789960723573834
194600 12.982929345003955
194700 12.719948782839626
194800 13.869402183452689
194900 11.808649586462826
195000 13.466844934324769
195100 11.845327554769435
195200 11.776979191984509
195300 12.058229348567494
195400 10.511198362032147
195500 10.714049686853706
195600 11.95976135616951
195700 12.46854789996835
195800 14.637702235092004
195900 13.495001982542602
196000 13.68731153137856
196100 12.975887409775783
196200 13.259831214581187
196300 12.32481723758871
196400 13.323981813410331
196500 12.685774599767976
196600 11.626754172706706
196700 12.097528629874157
196800 13.464413766725519
196900 12.621667243103193
197000 13.334946553898554
197100 12.116159488038896
197200 12.43618734562883
197300 12.230981584878108
197400 13.35649966000898
197500 11.873466017111244
197600 12.79048408176682
197700 13.27907027479393
197800 13.794627393045387
197900 16.2898222739403
198000 11.911588945644082
198100 10.220731392285158
198200 12.383098332223042
198300 12.60153506716577
198400 11.826017621334273
198500 14.20519604754529
198600 12.899085502553143
198700 12.70744052481138
198800 12.819495578835967
198900 13.323303879538576
199000 13.071591639253606
199100 14.69928114071778
199200 15.386676899875285
199300 13.192334685646172
199400 13.125043855436996
199500 12.827996319571337
199600 13.291615918820895
199700 13.299483803267174
199800 14.488555667638904
199900 14.04196322892756
200000 13.56374934395276
