# Model = Transformer.pyTorch.3x4x3
# Num weights = 36
# Learning rate = 0.001
# Env random seed = 113
# Start time: 11-08-2022(00:45)
100 -20.0
200 -19.521963052553097
300 -19.82502301691085
400 -19.7865670530292
500 -19.92187663871538
600 -18.723190261392233
700 -15.01145679431991
800 -14.000785580954373
900 -16.90626567599043
1000 -17.90829816500089
1100 -18.216573753472186
1200 -19.21562306495227
1300 -17.94385657890279
1400 -18.793081148401566
1500 -19.558228667022572
1600 -19.838297404682816
1700 -19.77396326847275
1800 -17.218463522671286
1900 -16.165268591330474
2000 -17.677996694991766
2100 -18.79551774513715
2200 -19.559120540230424
2300 -19.40448766063062
2400 -19.782023224163467
2500 -19.920213450397313
2600 -19.80561567399322
2700 -18.457169274809676
2800 -18.90403161541203
2900 -19.34179548539389
3000 -19.553021013512545
3100 -19.44039123507601
3200 -19.1308893568517
3300 -19.681877396462887
3400 -18.654582489744218
3500 -17.67349763977494
3600 -16.583737465196347
3700 -16.684776040835313
3800 -15.02290499864354
3900 -16.803058296332686
4000 -14.973647019807522
4100 -13.549079661990094
4200 -16.08223028167919
4300 -17.16309433264545
4400 -17.662094798525832
4500 -18.786115783726004
4600 -18.94867042516758
4700 -16.88352864648272
4800 -16.933436929526174
4900 -16.340137233822883
5000 -18.169277957536917
5100 -19.104334448395726
5200 -19.358887856092974
5300 -18.723414974014727
5400 -16.862874049938906
5500 -12.658364058210186
5600 -14.925393523421775
5700 -16.1205565696774
5800 -16.06350762147532
5900 -18.07957541788862
6000 -19.29706249397106
6100 -18.706767528044903
6200 -14.792380925936143
6300 -15.830035644268232
6400 -18.10020425260469
6500 -18.530779122581606
6600 -19.462217642390986
6700 -19.803154264548883
6800 -19.927948094583122
6900 -19.97362667236701
7000 -19.990346509139272
7100 -19.99646651013873
7200 -19.99870662843315
7300 -19.999526584177186
7400 -19.999826714497917
7500 -19.999936571901905
7600 -19.9999767832647
7700 -19.999991501923965
7800 -19.999996889429287
7900 -19.99999886143048
8000 -19.99999958324667
8100 -19.99999984745476
8200 -19.999999944163452
8300 -19.999999979561967
8400 -19.999999992518962
8500 -19.999999997261636
8600 -19.99999999899762
8700 -19.99999999963304
8800 -19.999999999865626
8900 -19.999999999950756
9000 -19.99999999998191
9100 -19.999999999993324
9200 -19.9999999999975
9300 -19.999999999999034
9400 -19.999999999999563
9500 -19.999999999999737
9600 -19.999999999999737
9700 -19.999999999999737
9800 -19.999999999999737
9900 -19.999999999999737
10000 -19.999999999999737
10100 -19.999999999999737
10200 -19.999999999999737
10300 -19.999999999999737
10400 -19.999999999999737
10500 -19.999999999999737
10600 -19.999999999999737
10700 -19.999999999999737
10800 -19.999999999999737
10900 -19.999999999999737
11000 -19.999999999999737
11100 -19.999999999999737
11200 -19.735087183606204
11300 -19.903033341582052
11400 -19.964507066993786
11500 -19.98700843863303
11600 -19.995244668375996
11700 -19.998259394832072
11800 -19.99936288221511
11900 -19.999766794285463
12000 -19.999914639166246
12100 -19.999968755174116
12200 -19.999988563383155
12300 -19.999995813828292
12400 -19.99999846772572
12500 -19.99999943913799
12600 -19.999999794706312
12700 -19.999999924855807
12800 -19.999999972494738
12900 -19.99999998993214
13000 -19.999999996314774
13100 -19.999999998651035
13200 -19.99999999950618
13300 -19.99999999981919
13400 -19.999999999933777
13500 -19.999999999975703
13600 -19.999999999991047
13700 -19.999999999996668
13800 -19.999999999998725
13900 -19.99999999999946
14000 -19.999999999999737
14100 -19.999999999999737
14200 -19.999999999999737
14300 -19.999999999999737
14400 -19.999999999999737
14500 -19.999999999999737
14600 -19.999999999999737
14700 -19.999999999999737
14800 -19.999999999999737
14900 -19.999999999999737
15000 -19.999999999999737
15100 -19.999999999999737
15200 -19.999999999999737
15300 -19.999999999999737
15400 -19.999999999999737
15500 -19.999999999999737
15600 -19.999999999999737
15700 -19.999999999999737
15800 -19.999999999999737
15900 -19.999999999999737
16000 -19.999999999999737
16100 -19.999999999999737
16200 -19.999999999999737
16300 -19.999999999999737
16400 -19.999999999999737
16500 -19.999999999999737
16600 -19.999999999999737
16700 -19.999999999999737
16800 -19.999999999999737
16900 -19.999999999999737
17000 -19.999999999999737
17100 -19.999999999999737
17200 -19.999999999999737
17300 -19.999999999999737
17400 -19.999999999999737
17500 -19.999999999999737
17600 -19.999999999999737
17700 -19.999999999999737
17800 -19.999999999999737
17900 -19.999999999999737
18000 -19.999999999999737
18100 -19.999999999999737
18200 -19.999999999999737
18300 -19.999999999999737
18400 -19.999999999999737
18500 -19.999999999999737
18600 -19.999999999999737
18700 -19.999999999999737
18800 -19.999999999999737
18900 -19.999999999999737
19000 -19.999999999999737
19100 -19.999999999999737
19200 -19.999999999999737
19300 -19.999999999999737
19400 -19.999999999999737
19500 -19.999999999999737
19600 -19.999999999999737
19700 -19.999999999999737
19800 -19.999999999999737
19900 -19.999999999999737
20000 -19.999999999999737
20100 -19.999999999999737
20200 -19.999999999999737
20300 -19.999999999999737
20400 -19.999999999999737
20500 -19.999999999999737
20600 -19.999999999999737
20700 -19.999999999999737
20800 -19.999999999999737
20900 -19.999999999999737
21000 -19.999999999999737
21100 -19.999999999999737
21200 -19.999999999999737
21300 -19.999999999999737
21400 -19.999999999999737
21500 -19.999999999999737
21600 -19.999999999999737
21700 -19.999999999999737
21800 -19.999999999999737
21900 -19.999999999999737
22000 -19.999999999999737
22100 -19.999999999999737
22200 -19.999999999999737
22300 -19.999999999999737
22400 -19.999999999999737
22500 -19.999999999999737
22600 -19.999999999999737
22700 -19.999999999999737
22800 -19.999999999999737
22900 -19.999999999999737
23000 -19.999999999999737
23100 -19.999999999999737
23200 -19.999999999999737
23300 -19.999999999999737
23400 -19.999999999999737
23500 -19.999999999999737
23600 -19.999999999999737
23700 -19.999999999999737
23800 -19.999999999999737
23900 -19.999999999999737
24000 -19.999999999999737
24100 -19.999999999999737
24200 -19.999999999999737
24300 -19.999999999999737
24400 -19.999999999999737
24500 -19.999999999999737
24600 -19.999999999999737
24700 -19.999999999999737
24800 -19.999999999999737
24900 -19.999999999999737
25000 -19.999999999999737
25100 -19.999999999999737
25200 -19.999999999999737
25300 -19.999999999999737
25400 -19.999999999999737
25500 -19.999999999999737
25600 -19.999999999999737
25700 -19.999999999999737
25800 -19.999999999999737
25900 -19.999999999999737
26000 -19.999999999999737
26100 -19.999999999999737
26200 -19.999999999999737
26300 -19.999999999999737
26400 -19.999999999999737
26500 -19.999999999999737
26600 -19.999999999999737
26700 -19.999999999999737
26800 -19.999999999999737
26900 -19.999999999999737
27000 -19.659416891561808
27100 -19.875335567420215
27200 -19.954368785869274
27300 -19.983297499856537
27400 -19.993886344767315
27500 -19.99776220446138
27600 -19.84522246290226
27700 -19.943346415719546
27800 -19.97926295590424
27900 -19.992409571198497
28000 -19.99722165757446
28100 -19.998983036817062
28200 -19.9996277585851
28300 -19.99986374760333
28400 -19.999950127216184
28500 -19.999981744948123
28600 -19.999993318060575
28700 -19.999997554194003
28800 -19.999999104755844
28900 -19.99999967231162
29000 -19.99999988005541
29100 -19.83146626723443
29200 -19.93831120321225
29300 -19.437586572777555
29400 -19.794138496470207
29500 -19.522515274715122
29600 -19.825225148081707
29700 -19.93602675175662
29800 -19.976583722166566
29900 -19.99142888500066
30000 -19.99686269470942
30100 -19.998851644799128
30200 -19.999579664857155
30300 -19.999846143743486
30400 -19.75794125677914
30500 -19.28382288480255
30600 -19.737856013757913
30700 -19.90404682296506
30800 -19.96487803395724
30900 -19.74022816816228
31000 -19.904915108195528
31100 -19.121043346563095
31200 -19.67827343826475
31300 -19.571109129598536
31400 -19.843012070556178
31500 -19.942537340633976
31600 -19.97896680825642
31700 -19.82206512222613
31800 -19.93487008009421
31900 -19.976160342929894
32000 -19.991273914507413
32100 -19.996805970496947
32200 -19.99883088190284
32300 -19.99957206496561
32400 -19.999843361937405
32500 -19.99994266540316
32600 -19.999979013683227
32700 -19.999992318329284
32800 -19.800062376300346
32900 -19.926816363488552
33000 -19.97321242218477
33100 -19.990194880175203
33200 -19.996411009034
33300 -19.998686313233865
33400 -19.999519148157233
33500 -19.999823992674127
33600 -19.999935575626367
33700 -19.999976418595633
33800 -19.999991368443304
33900 -19.99999684057104
34000 -19.679346607731155
34100 -19.882630488090562
34200 -19.957038962761644
34300 -19.98427487095605
34400 -19.99424409419917
34500 -19.997893152323506
34600 -19.999228825612203
34700 -19.99971772523325
34800 -19.999896678306197
34900 -19.999962180918445
35000 -19.99998615699298
35100 -19.999994933011674
35200 -19.999998145318337
35300 -19.99999932112647
35400 -19.999999751510288
35500 -19.999999909044664
35600 -19.99999996670735
35700 -19.99999998781375
35800 -19.999999995539397
35900 -19.99999999836722
36000 -19.999999999402295
36100 -19.999999999781167
36200 -19.999999999919858
36300 -19.99999999997061
36400 -19.999999999989182
36500 -19.757997573140972
36600 -19.911419285102934
36700 -19.967576593534506
36800 -19.988131984619326
36900 -19.99565592254389
37000 -19.998409927158015
37100 -19.9994179819148
37200 -19.999786962557543
37300 -19.9999220214061
37400 -19.999971457312647
37500 -19.999989552453247
37600 -19.999996175859934
37700 -19.999998600241007
37800 -19.99999948764287
37900 -19.99999981246067
38000 -19.999999931354477
38100 -19.999999974873468
38200 -19.999999990802827
38300 -19.999999996633473
38400 -19.99999999876769
38500 -19.999999999548876
38600 -19.999999999834827
38700 -19.999999999939497
38800 -19.999999999977796
38900 -19.99999999999181
39000 -19.99999999999695
39100 -19.99999999999882
39200 -19.999999999999492
39300 -19.999999999999737
39400 -19.999999999999737
39500 -19.999999999999737
39600 -19.999999999999737
39700 -19.999999999999737
39800 -19.999999999999737
39900 -19.83482013154629
40000 -19.93953882601864
40100 -19.45793136055036
40200 -18.42234162375564
40300 -19.205851980427166
40400 -18.932277520761843
40500 -18.874234225645626
40600 -19.587933317887757
40700 -19.84917026758571
40800 -19.94479143991071
40900 -19.633619912625555
41000 -18.894983485936777
41100 -18.940424506103202
41200 -18.944157848222872
41300 -18.34487277806217
41400 -17.628515103493157
41500 -19.13195983103743
41600 -18.945820813545485
41700 -19.614136324260496
41800 -18.532523581117275
41900 -19.169934822771282
42000 -17.874646880146226
42100 -18.061403424780394
42200 -18.04795144934622
42300 -16.47607862632065
42400 -15.410731879788672
42500 -17.393427782458954
42600 -18.694901859316055
42700 -17.643812677997836
42800 -17.797495022865146
42900 -17.390552848290977
43000 -17.051068337995456
43100 -13.442241942889334
43200 -13.892967767130811
43300 -14.531657908808036
43400 -14.784780060707195
43500 -16.180836275451224
43600 -17.351901392003445
43700 -18.346765047482847
43800 -18.469810852501507
43900 -19.439901283750174
44000 -18.815772176278504
44100 -18.564027587024093
44200 -18.936642883700987
44300 -19.25622295642503
44400 -19.557517497999452
44500 -19.83803709382025
44600 -19.94071633825156
44700 -19.978300262490908
44800 -19.992057194274476
44900 -19.844673828982145
45000 -19.94314559796127
45100 -19.979189450110013
45200 -19.992382665700532
45300 -19.997211809292043
45400 -19.998979432027202
45500 -19.634219540121993
45600 -19.866112521878794
45700 -19.950992852916063
45800 -19.982061799213685
45900 -19.993434038367894
46000 -19.99759664569104
46100 -19.999120294595325
46200 -19.99967799937105
46300 -19.999882137355847
46400 -19.99995685846035
46500 -19.999984208801177
46600 -19.999994219910473
46700 -19.999997884300246
46800 -19.999999225585416
46900 -19.999999716539158
47000 -19.999999896244116
47100 -19.999999962021946
47200 -19.99999998609875
47300 -19.755553099098496
47400 -19.696017238463103
47500 -19.649150075501428
47600 -19.8715775807002
47700 -19.952993241191677
47800 -19.982794006017667
47900 -19.99370204973865
48000 -19.99769474652056
48100 -19.99915620267163
48200 -19.999691142888295
48300 -19.99988694830824
48400 -19.99995861942453
48500 -19.99998485337101
48600 -19.999994455843872
48700 -19.999997970659496
48800 -19.999999257195693
48900 -19.99999972810954
49000 -19.999999900479242
49100 -19.999999963572133
49200 -19.99999998666617
49300 -19.99999999511933
49400 -19.99999999821346
49500 -19.99999999934601
49600 -19.999999999760554
49700 -19.99999999991231
49800 -19.999999999967855
49900 -19.999999999988173
50000 -19.999999999995612
50100 -19.682554286540885
50200 -19.883804602275365
50300 -19.957468726525633
50400 -19.984432178392783
50500 -19.994301673808533
50600 -19.99791422832274
50700 -19.999236540109568
50800 -19.999720548988766
50900 -19.82620518117532
51000 -19.936385475564393
51100 -19.7578523697255
51200 -19.9113661359568
51300 -19.9675571392281
51400 -19.98812486371401
51500 -19.99565331606225
51600 -19.998408973101444
51700 -19.99941763269925
51800 -19.776480379314222
51900 -19.918184589919832
52000 -19.970052913896073
52100 -19.98903839795901
52200 -19.99598769914078
52300 -19.99853136812255
52400 -19.99946243323537
52500 -19.999803233178493
52600 -19.999927976979585
52700 -19.999973637245155
52800 -19.999990350379072
52900 -19.999996467926607
53000 -19.999998707146847
53100 -19.999999526773884
53200 -19.999999826783885
53300 -19.99999993659725
53400 -19.99999997679248
53500 -19.999999991505245
53600 -19.99999999689059
53700 -19.99999999886181
53800 -19.99999999958333
53900 -19.999999999847425
54000 -19.999999999944094
54100 -19.99999999997948
54200 -19.99999999999243
54300 -19.999999999997176
54400 -19.999999999998906
54500 -19.99999999999952
54600 -19.999999999999737
54700 -19.999999999999737
54800 -19.999999999999737
54900 -19.999999999999737
55000 -19.999999999999737
55100 -19.999999999999737
55200 -19.999999999999737
55300 -19.999999999999737
55400 -19.999999999999737
55500 -19.999999999999737
55600 -19.999999999999737
55700 -19.999999999999737
55800 -19.999999999999737
55900 -19.999999999999737
56000 -19.999999999999737
56100 -19.999999999999737
56200 -19.999999999999737
56300 -19.999999999999737
56400 -19.999999999999737
56500 -19.999999999999737
56600 -19.999999999999737
56700 -19.999999999999737
56800 -19.999999999999737
56900 -19.999999999999737
57000 -19.05392874602806
57100 -19.65370732389729
57200 -19.873245681000288
57300 -19.95360381984998
57400 -19.9830174975535
57500 -19.72076201686461
57600 -19.8977898672605
57700 -19.96258778581146
57800 -19.9863059196483
57900 -19.99498752370724
58000 -19.998165271566947
58100 -19.999328430055993
58200 -19.999754183681013
58300 -19.999910023277184
58400 -19.99996706560942
58500 -19.999987944947843
58600 -19.999995587460976
58700 -19.99999838486795
58800 -19.99999940880937
58900 -19.999999783605062
59000 -19.999999920792405
59100 -19.9999999710074
59200 -19.999999989387724
59300 -19.99999999611551
59400 -19.99999999857809
59500 -19.999999999479474
59600 -19.99999999980941
59700 -19.999999999930182
59800 -19.999999999974385
59900 -19.999999999990575
60000 -19.999999999996493
60100 -19.999999999998664
60200 -19.66953255046522
60300 -19.879038225732124
60400 -19.95572407856011
60500 -19.98379358081328
60600 -19.994067926441375
60700 -19.99782866922667
60800 -19.999205222713314
60900 -19.999709085808895
61000 -19.999893515997456
61100 -19.99996102341118
61200 -19.99998573330787
61300 -19.999994777929206
61400 -19.999998088553152
61500 -19.999999300348566
61600 -19.99999974390489
61700 -19.999999906260857
61800 -19.99999996568838
61900 -19.999999987440784
62000 -19.99999999540287
62100 -19.999999998317247
62200 -19.999999999384002
62300 -19.99999999977447
62400 -19.999999999917407
62500 -19.999999999969713
62600 -19.99999999998885
62700 -19.81551121302863
62800 -19.93247113736616
62900 -19.45747995121813
63000 -19.421024096396643
63100 -19.25708542762073
63200 -19.72806923970595
63300 -19.38087215320184
63400 -19.295261152990125
63500 -19.49263263188625
63600 -19.814287134363635
63700 -19.932023084986508
63800 -19.97511825064501
63900 -19.990892475028573
64000 -19.99666635131144
64100 -19.99877977676549
64200 -19.999553358832536
64300 -19.999836514887715
64400 -19.999940159161536
64500 -19.999978096317744
64600 -19.999991982543833
64700 -19.999997065351696
64800 -19.99999892582374
64900 -19.99999960681669
65000 -19.99999985608214
65100 -19.999999947321353
65200 -19.999999980717853
65300 -19.99999999294205
65400 -19.99999999741652
65500 -19.999999999054317
65600 -19.999999999653788
65700 -19.99999999987321
65800 -19.710007865570397
65900 -19.893853500083857
66000 -19.96114694811768
66100 -19.985778526453842
66200 -19.99479448074148
66300 -19.9980946115982
66400 -19.99930256622219
66500 -19.99974471668138
66600 -19.74026550670177
66700 -19.904928775308587
66800 -19.965200857038433
66900 -19.98726238822743
67000 -19.995337622140596
67100 -19.99829341891617
67200 -19.799440524170578
67300 -19.92658874549758
67400 -19.973129106638613
67500 -19.990164383990773
67600 -19.996399846444227
67700 -19.998682227364974
67800 -19.99951765259708
67900 -19.999823445250744
68000 -19.999935375251702
68100 -19.999976345252023
68200 -19.999991341597163
68300 -19.999996830744482
68400 -19.999998839949928
68500 -19.999999575384106
68600 -19.999999844576802
68700 -19.999999943110016
68800 -19.999999979176366
68900 -19.999999992377827
69000 -19.99999999720996
69100 -19.999999998978698
69200 -19.99999999962611
69300 -19.999999999863086
69400 -19.999999999949832
69500 -19.60795999998157
69600 -19.85650068092044
69700 -19.94747460826614
69800 -19.980774007887305
69900 -19.992962665093632
70000 -19.99742410782785
70100 -19.999057140157312
70200 -19.999654882804222
70300 -19.999873675944755
70400 -19.999953761310245
70500 -19.999983075144065
70600 -19.999993804955288
70700 -19.999997732413224
70800 -19.999999169989835
70900 -19.999999696189374
71000 -19.999999888795436
71100 -19.999999959295472
71200 -19.806003436991098
71300 -19.928990983842844
71400 -19.974008403564433
71500 -19.990486235103216
71600 -19.99651765436045
71700 -19.99872534887237
71800 -19.9995334364634
71900 -19.999829222656288
72000 -19.999937489968996
72100 -19.999977119306944
72200 -19.9999916249263
72300 -19.999996934452103
72400 -19.999998877910276
72500 -19.99999958927882
72600 -19.99999984966271
72700 -19.99999994497162
72800 -19.99999997985778
72900 -19.999999992627252
73000 -19.999999997301273
73100 -19.999999999012118
73200 -19.999999999638344
73300 -19.999999999867576
73400 -19.99999999995148
73500 -19.99999999998218
73600 -19.999999999993417
73700 -19.999999999997538
73800 -19.999999999999048
73900 -19.99999999999957
74000 -19.999999999999737
74100 -19.999999999999737
74200 -19.999999999999737
74300 -19.999999999999737
74400 -19.999999999999737
74500 -19.999999999999737
74600 -19.999999999999737
74700 -19.999999999999737
74800 -19.999999999999737
74900 -19.999999999999737
75000 -19.999999999999737
75100 -19.999999999999737
75200 -19.999999999999737
75300 -19.999999999999737
75400 -19.999999999999737
75500 -19.999999999999737
75600 -19.999999999999737
75700 -19.999999999999737
75800 -19.999999999999737
75900 -19.999999999999737
76000 -19.999999999999737
76100 -19.999999999999737
76200 -19.999999999999737
76300 -19.999999999999737
76400 -19.999999999999737
76500 -19.999999999999737
76600 -19.999999999999737
76700 -19.999999999999737
76800 -19.999999999999737
76900 -19.999999999999737
77000 -19.999999999999737
77100 -19.999999999999737
77200 -19.999999999999737
77300 -19.999999999999737
77400 -19.999999999999737
77500 -19.999999999999737
77600 -19.999999999999737
77700 -19.999999999999737
77800 -19.999999999999737
77900 -19.999999999999737
78000 -19.999999999999737
78100 -19.999999999999737
78200 -19.999999999999737
78300 -19.999999999999737
78400 -19.999999999999737
78500 -19.999999999999737
78600 -19.999999999999737
78700 -19.999999999999737
78800 -19.999999999999737
78900 -19.999999999999737
79000 -19.999999999999737
79100 -19.999999999999737
79200 -19.999999999999737
79300 -19.999999999999737
79400 -19.999999999999737
79500 -19.999999999999737
79600 -19.999999999999737
79700 -19.999999999999737
79800 -19.999999999999737
79900 -19.999999999999737
80000 -19.999999999999737
80100 -19.999999999999737
80200 -19.999999999999737
80300 -19.999999999999737
80400 -19.999999999999737
80500 -19.999999999999737
80600 -19.999999999999737
80700 -19.999999999999737
80800 -19.999999999999737
80900 -19.999999999999737
81000 -19.999999999999737
81100 -19.999999999999737
81200 -19.999999999999737
81300 -19.999999999999737
81400 -19.999999999999737
81500 -19.999999999999737
81600 -19.999999999999737
81700 -19.999999999999737
81800 -19.999999999999737
81900 -19.999999999999737
82000 -19.999999999999737
82100 -19.999999999999737
82200 -19.999999999999737
82300 -19.999999999999737
82400 -19.999999999999737
82500 -19.999999999999737
82600 -19.999999999999737
82700 -19.999999999999737
82800 -19.999999999999737
82900 -19.999999999999737
83000 -19.999999999999737
83100 -19.999999999999737
83200 -19.999999999999737
83300 -19.999999999999737
83400 -19.999999999999737
83500 -19.999999999999737
83600 -19.999999999999737
83700 -19.999999999999737
83800 -19.999999999999737
83900 -19.999999999999737
84000 -19.999999999999737
84100 -19.999999999999737
84200 -19.999999999999737
84300 -19.999999999999737
84400 -19.999999999999737
84500 -19.999999999999737
84600 -19.999999999999737
84700 -19.999999999999737
84800 -19.999999999999737
84900 -19.999999999999737
85000 -19.999999999999737
85100 -19.999999999999737
85200 -19.999999999999737
85300 -19.999999999999737
85400 -19.999999999999737
85500 -19.999999999999737
85600 -19.999999999999737
85700 -19.999999999999737
85800 -19.999999999999737
85900 -19.999999999999737
86000 -19.999999999999737
86100 -19.999999999999737
86200 -19.999999999999737
86300 -19.999999999999737
86400 -19.999999999999737
86500 -19.999999999999737
86600 -19.999999999999737
86700 -19.999999999999737
86800 -19.999999999999737
86900 -19.999999999999737
87000 -19.84604156844246
87100 -19.943646234838194
87200 -19.9793726993982
87300 -19.992449740866526
87400 -19.997236360972096
87500 -19.998988418736133
87600 -19.999629728541542
87700 -19.999864468671095
87800 -19.999950391150303
87900 -19.999981841556536
88000 -19.999993353422354
88100 -19.999997567137562
88200 -19.999999109493604
88300 -19.834819805592243
88400 -19.9395387067089
88500 -19.977869211260202
88600 -19.844007560523405
88700 -19.942901722157394
88800 -19.82820552490914
88900 -19.937117666064626
89000 -19.976983032084856
89100 -19.991575045344952
89200 -19.996916194122434
89300 -19.998871227314545
89400 -19.99958683269112
89500 -19.776542311983384
89600 -19.272398029920108
89700 -19.733674147376593
89800 -19.902516124622615
89900 -19.96431774885917
90000 -19.986939142072977
90100 -19.995219303593874
90200 -19.998250110501505
90300 -19.999359483849855
90400 -19.842681139030766
90500 -19.942416208992935
90600 -19.978922470158242
90700 -19.992284942403703
90800 -19.997176039404916
90900 -19.99896633909167
91000 -19.99962164667759
91100 -19.99986151044751
91200 -19.60705222272039
91300 -19.856168405084187
91400 -19.94735298456386
91500 -19.980729489678815
91600 -19.843560657807846
91700 -19.9427381413101
91800 -19.979040307798023
91900 -19.796371965589206
92000 -19.925465553815698
92100 -19.702426362533483
92200 -19.89107842477688
92300 -19.960131180805867
92400 -19.98540672276651
92500 -19.99465838856733
92600 -19.998044797461073
92700 -19.999284332636957
92800 -19.99973804259949
92900 -19.999904115119328
93000 -19.999964903032577
93100 -19.999987153374793
93200 -19.999995297719636
93300 -19.999998278813244
93400 -19.999999369989943
93500 -19.999999769395878
93600 -19.691982657269318
93700 -19.887255690887468
93800 -19.958731936570242
93900 -19.588894554122945
94000 -19.12236238213843
94100 -18.849129918813805
94200 -18.308556762178238
94300 -15.951519165602733
94400 -13.938409669946918
94500 -15.114342278250037
94600 -17.859337606246683
94700 -19.216448332138864
94800 -18.744147744340438
94900 -19.12359199587713
95000 -19.462532295953505
95100 -19.278236839515802
95200 -19.735811340523142
95300 -19.592169862674147
95400 -19.435600656296256
95500 -19.79341158681099
95600 -19.924381959440446
95700 -19.972321351571434
95800 -19.989868719512366
95900 -19.996291623682954
96000 -19.998642614334287
96100 -19.999503152946723
96200 -19.999818137909767
96300 -19.999933432593267
96400 -19.655952292319686
96500 -19.87406741204803
96600 -19.95390459998929
96700 -19.583127592812108
96800 -19.47831333901358
96900 -19.809045810068085
97000 -19.93010459078323
97100 -19.628767883593788
97200 -19.864117039275957
97300 -19.748308086232168
97400 -19.715816036895387
97500 -19.750482067550205
97600 -19.60716014986729
97700 -19.687674221048535
97800 -19.88567866389035
97900 -19.95815469368624
98000 -19.984683264558626
98100 -19.84043514790828
98200 -19.941594103603904
98300 -19.46418723585083
98400 -19.803875199454342
98500 -19.752764979350513
98600 -19.58234121150799
98700 -19.847123375794883
98800 -19.944042211316205
98900 -19.841151049370122
99000 -19.941856146692082
99100 -19.97871746924301
99200 -19.992209905438735
99300 -19.997148573448946
99400 -19.9989562856635
99500 -19.999617966797732
99600 -19.164675223679325
99700 -19.694244116399748
99800 -19.88808345806768
99900 -19.768898909326982
100000 -19.915409526710093
100100 -19.969037151012216
100200 -19.988666595892454
100300 -19.99585160755985
100400 -19.998481554202566
100500 -19.99944419972962
100600 -19.241761152698004
100700 -19.52050570396285
100800 -19.824489580194307
100900 -19.93575751012062
101000 -19.976485171020173
101100 -19.99139281209382
101200 -19.996849490858864
101300 -19.99884681176281
101400 -19.99957789580956
101500 -19.999845496214856
101600 -19.611823846617735
101700 -19.857914973751
101800 -19.947992285182153
101900 -19.980963494380884
102000 -19.993032023278523
102100 -19.649951170059044
102200 -19.495278747456307
102300 -19.815255698241028
102400 -19.93237761069021
102500 -19.975248018518403
102600 -19.990939974267082
102700 -19.671912353086544
102800 -19.87990931045739
102900 -19.025849304457203
103000 -19.398982444344323
103100 -18.216497050213377
103200 -17.397544175232348
103300 -16.43801957355205
103400 -13.401077261100763
103500 -12.908477108726391
103600 -11.281936005870309
103700 -14.566013651734911
103800 -17.855471687268025
103900 -17.67803357065891
104000 -18.521510934293268
104100 -19.005285229220245
104200 -19.635902223552353
104300 -19.374843943473973
104400 -16.64242394278659
104500 -18.426995232918664
104600 -17.873595650376362
104700 -15.83574083794121
104800 -18.475746469243077
104900 -18.497143808580944
105000 -19.44990602965786
105100 -18.749347574111184
105200 -19.13168464871589
105300 -18.67236958562996
105400 -18.62893169931257
105500 -19.49814465985382
105600 -19.112143291273394
105700 -19.083289178831123
105800 -16.419049024127478
105900 -17.384012510242624
106000 -18.44175261773887
106100 -18.7335835959837
106200 -19.536450638611036
106300 -19.188101963872246
106400 -19.52380977545545
106500 -18.6196154590683
106600 -19.494734614625347
106700 -18.745140868658765
106800 -19.05312911330966
106900 -18.877127691339847
107000 -19.58899241991019
107100 -19.449736625637456
107200 -18.98071251486012
107300 -18.59656288811436
107400 -18.743000893148086
107500 -18.782450774947133
107600 -19.19620230483495
107700 -19.513727465100104
107800 -19.49811737826517
107900 -18.942612192434726
108000 -18.360534515387805
108100 -17.96946044497221
108200 -18.743645503993424
108300 -19.0442493593664
108400 -18.78989466745517
108500 -19.557062311941355
108600 -19.4903721558941
108700 -19.611505371529013
108800 -19.857798401568644
108900 -19.94794961599332
109000 -19.9809478760778
109100 -19.993026306474484
109200 -19.99744740263147
109300 -19.999065666808814
109400 -19.999658003834437
109500 -19.712782605303442
109600 -19.894869144564755
109700 -19.96151870684493
109800 -19.985914602171178
109900 -19.87095938751472
110000 -19.95276696249263
110100 -19.33227708265391
110200 -19.590411948788407
110300 -18.968024300751562
110400 -19.335171305627657
110500 -19.283691915766067
110600 -19.543811526745195
110700 -19.629025966572808
110800 -19.244961233112026
110900 -18.986328563422944
111000 -19.33308332143254
111100 -19.755886926709742
111200 -19.580179270713888
111300 -19.84633203554431
111400 -19.943752555191526
111500 -19.826992768844242
111600 -19.93667375812279
111700 -19.97682054742159
111800 -19.99151557070323
111900 -19.99689442448007
112000 -19.998863258921386
112100 -19.121889835611476
112200 -18.871059820671242
112300 -19.321858566609222
112400 -17.441988883522605
112500 -12.96162498577324
112600 -14.084671846659774
112700 -16.97273808944552
112800 -18.368278616157568
112900 -19.4027372015665
113000 -19.78138249953393
113100 -19.584595478724413
113200 -19.847948510501972
113300 -19.46711600746331
113400 -19.804947224584716
113500 -19.563197476949394
113600 -19.11743136956181
113700 -19.195586744751235
113800 -19.257123817738563
113900 -17.615686863720672
114000 -16.428022703627782
114100 -18.312144767274003
114200 -17.749580612303646
114300 -16.796437584922256
114400 -15.859188001563503
114500 -13.193615619987332
114600 -13.593869515667638
114700 -12.985826223557872
114800 -11.612484125714765
114900 -12.361408638922356
115000 -11.071569018347201
115100 -10.821191076278323
115200 -10.7713870903321
115300 -13.171772465603706
115400 -13.427512767260094
115500 -12.746831433427177
115600 -12.477970606707508
115700 -13.459179469541086
115800 -13.301287881842848
115900 -12.952491312871745
116000 -12.829245804745238
116100 -12.80384491121452
116200 -11.79321876838411
116300 -13.48222955884172
116400 -11.677553699317638
116500 -12.360717327874001
116600 -13.843386643621288
116700 -12.148844852074694
116800 -16.49688397363296
116900 -18.17334951001596
117000 -18.127908405677434
117100 -17.002529942240347
117200 -14.91540442233066
117300 -14.445761694686185
117400 -11.298248576555624
117500 -14.151221253423822
117600 -17.4627836519488
117700 -15.704124256934078
117800 -17.709024466013418
117900 -17.49961838921055
118000 -18.60877375844639
118100 -15.948576584097736
118200 -14.961760793224673
118300 -16.156024389277345
118400 -16.395349471111015
118500 -15.167168735721573
118600 -17.538601418587415
118700 -17.423540654477023
118800 -18.87244376659564
118900 -18.94461824378007
119000 -19.46280148606431
119100 -19.128802682995747
119200 -18.04265556135167
119300 -14.957486392129068
119400 -14.101513463059549
119500 -10.672222296219799
119600 -9.769552495525748
119700 -9.495875954307671
119800 -12.53248460450324
119900 -11.817974065003463
120000 -13.224976647860174
120100 -11.268044498540144
120200 -10.124978343707115
120300 -11.576030726599834
120400 -12.15243370671909
120500 -11.354023391539235
120600 -10.263636810516951
120700 -12.668944853179031
120800 -13.300640496870955
120900 -16.10859850551117
121000 -16.276930729904368
121100 -16.847611720763254
121200 -18.846123937548636
121300 -16.183023688077995
121400 -16.42127637463613
121500 -17.03095726513736
121600 -14.043631526594497
121700 -16.785389208417126
121800 -16.501733048137346
121900 -14.784315933867118
122000 -13.941897246306333
122100 -17.495446252352348
122200 -18.768829599365418
122300 -19.323789739568408
122400 -19.7524851751812
122500 -18.989021862779204
122600 -13.040423843088366
122700 -11.20397267000963
122800 -12.252516735864706
122900 -15.391267496198335
123000 -15.135480892946525
123100 -16.248658414455544
123200 -18.07776324518436
123300 -18.97028780219479
123400 -19.623092033399697
123500 -19.86203949454071
123600 -19.949501993183436
123700 -19.98151609633525
123800 -19.03056106526541
123900 -19.133480150811497
124000 -18.389146364885406
124100 -19.216378924380795
124200 -18.51454925340934
124300 -17.202679698305403
124400 -18.176988384602463
124500 -16.693170529177383
124600 -13.661173657453489
124700 -13.875626775889524
124800 -14.378129786195423
124900 -17.942213683306832
125000 -19.246783656660725
125100 -19.724298458362213
125200 -19.899084319221636
125300 -19.963061597093457
125400 -19.986479349901167
125500 -19.99505100478873
125600 -19.998188507695822
125700 -19.842252523887527
125800 -19.942259321988544
125900 -19.978865044440703
126000 -19.992263922733876
126100 -19.997168345525957
126200 -19.99896352288313
126300 -19.99962061585418
126400 -19.9998611331328
126500 -19.999949170235418
126600 -19.999981394662214
126700 -19.999993189844602
126800 -19.99999750726282
126900 -19.999999087577528
127000 -19.53128958814766
127100 -15.454400098113183
127200 -14.438793537136656
127300 -10.361496824728437
127400 -10.493600801235422
127500 -14.219670299731828
127600 -11.979444467957306
127700 -11.018689369825584
127800 -9.655468671641376
127900 -9.97864748822423
128000 -14.681530059240792
128100 -17.868779208625313
128200 -19.219904263962885
128300 -19.71445973132102
128400 -19.895483026927582
128500 -19.96174340764346
128600 -19.985996849930544
128700 -19.994874394194824
128800 -19.998123862506638
128900 -19.99931327300071
129000 -19.99974863570857
129100 -19.999907992539843
129200 -19.999966322293897
129300 -19.999987672870333
129400 -19.999995487871814
129500 -19.999998348415104
129600 -19.67934715965085
129700 -19.882630690111043
129800 -19.95703903670767
129900 -19.9842748980227
130000 -19.994244104106443
130100 -19.9978931559499
130200 -19.999228826939582
130300 -19.99971772571911
130400 -19.99989667848401
130500 -19.70109334325091
130600 -19.527451238295296
130700 -18.150632563006123
130800 -18.284789713502878
130900 -18.546381895728008
131000 -19.467928761976108
131100 -19.80524471902191
131200 -19.928713268528213
131300 -19.973906750777616
131400 -19.990449026895675
131500 -19.99650403495313
131600 -19.998720363728825
131700 -19.999531611739634
131800 -19.999828554748376
131900 -19.9999372454931
132000 -19.999977029820865
132100 -19.999991592171497
132200 -19.49835344426042
132300 -19.81638113671095
132400 -19.932789557568324
132500 -19.97539880439867
132600 -17.04399020035506
132700 -17.310677045449804
132800 -19.01562082250609
132900 -19.63968538496124
133000 -16.896569681309778
133100 -17.245160751984834
133200 -16.882852582800464
133300 -13.570794201248292
133400 -14.48573846405401
133500 -16.638967284435346
133600 -18.769753326025906
133700 -19.54968992958161
133800 -19.83517195062579
133900 -19.939667603180002
134000 -19.977916391537295
134100 -19.99191668509058
134200 -19.997041245318393
134300 -19.998917000096576
134400 -19.999603587009695
134500 -19.999854900024992
134600 -19.999946888716376
134700 -19.99998055955244
134800 -19.999992884167412
134900 -19.999997395375072
135000 -19.999999046622975
135100 -19.999999651033107
135200 -19.999999872266777
135300 -19.99999995324545
135400 -19.999999982886276
135500 -19.34355833016786
135600 -18.04627396868247
135700 -16.78591520614541
135800 -16.75403107560682
135900 -18.408035964196667
136000 -18.82728468501327
136100 -19.570748267608387
136200 -19.29924681616736
136300 -17.88930327126808
136400 -19.071903167434773
136500 -19.450047948437607
136600 -19.79869976297855
136700 -19.926317602944128
136800 -19.97302985969496
136900 -19.99012805639963
137000 -19.996386549370985
137100 -19.99867736020614
137200 -19.999515871059533
137300 -19.999822793150386
137400 -19.99993513656189
137500 -19.999976257883844
137600 -19.999991309617563
137700 -19.999996819038916
137800 -19.999998835665313
137900 -19.9999995738158
138000 -19.999999844002744
138100 -19.999999942899887
138200 -19.999999979099456
138300 -19.99999999234967
138400 -19.99999999719967
138500 -19.99999999897493
138600 -19.99999999962473
138700 -19.999999999862577
138800 -19.99999999994964
138900 -19.999999999981526
139000 -19.999999999993182
139100 -19.442572583718906
139200 -19.097326947924937
139300 -18.80018561132871
139400 -19.010648272634356
139500 -19.63786527088959
139600 -19.867446977247305
139700 -19.951481306738934
139800 -19.98224058911007
139900 -19.993499481252275
140000 -19.997620599903236
140100 -19.999129062611683
140200 -19.99968120874861
140300 -19.999883312091818
140400 -19.9999572884517
140500 -19.999984366191917
140600 -19.999994277520567
140700 -19.99999790538741
140800 -19.847580386062177
140900 -19.94420949185433
141000 -19.6250249209961
141100 -18.481621041550856
141200 -19.444224194898798
141300 -19.329239602284364
141400 -19.128701139020777
141500 -17.71543910478506
141600 -19.163776826743153
141700 -19.69391527406581
141800 -19.88796309113828
141900 -19.958990867940262
142000 -19.98498933137852
142100 -19.994505609820347
142200 -19.997988875498628
142300 -19.999263863390105
142400 -19.999730550193135
142500 -19.999901372656282
142600 -19.999963899202417
142700 -19.99998678594049
142800 -19.999995163226806
142900 -19.999998229584527
143000 -19.999999351970626
143100 -19.99999976280023
143200 -19.999999913177167
143300 -19.999999968219978
143400 -19.999999988367417
143500 -19.999999995742037
143600 -19.9999999984414
143700 -19.999999999429452
143800 -19.999999999791115
143900 -19.999999999923485
144000 -19.999999999971934
144100 -19.99999999998968
144200 -19.99999999999617
144300 -19.999999999998536
144400 -19.99999999999941
144500 -19.999999999999737
144600 -19.999999999999737
144700 -19.999999999999737
144800 -19.999999999999737
144900 -19.999999999999737
145000 -19.999999999999737
145100 -19.999999999999737
145200 -19.999999999999737
145300 -19.999999999999737
145400 -19.999999999999737
145500 -19.999999999999737
145600 -19.999999999999737
145700 -19.999999999999737
145800 -19.999999999999737
145900 -19.999999999999737
146000 -19.999999999999737
146100 -19.999999999999737
146200 -19.999999999999737
146300 -19.999999999999737
146400 -19.999999999999737
146500 -19.999999999999737
146600 -19.999999999999737
146700 -19.999999999999737
146800 -19.999999999999737
146900 -19.999999999999737
147000 -19.999999999999737
147100 -19.999999999999737
147200 -19.999999999999737
147300 -19.999999999999737
147400 -19.999999999999737
147500 -19.999999999999737
147600 -19.999999999999737
147700 -19.999999999999737
147800 -19.999999999999737
147900 -19.999999999999737
148000 -19.999999999999737
148100 -19.999999999999737
148200 -19.999999999999737
148300 -19.999999999999737
148400 -19.999999999999737
148500 -19.999999999999737
148600 -19.999999999999737
148700 -19.999999999999737
148800 -19.999999999999737
148900 -19.999999999999737
149000 -19.999999999999737
149100 -19.999999999999737
149200 -19.999999999999737
149300 -19.999999999999737
149400 -19.999999999999737
149500 -19.999999999999737
149600 -19.999999999999737
149700 -19.999999999999737
149800 -19.999999999999737
149900 -19.999999999999737
150000 -19.999999999999737
150100 -19.999999999999737
150200 -19.999999999999737
150300 -19.999999999999737
150400 -19.999999999999737
150500 -19.999999999999737
150600 -19.999999999999737
150700 -19.999999999999737
150800 -19.999999999999737
150900 -19.999999999999737
151000 -19.999999999999737
151100 -19.999999999999737
151200 -19.999999999999737
151300 -19.999999999999737
151400 -19.999999999999737
151500 -19.999999999999737
151600 -19.999999999999737
151700 -19.999999999999737
151800 -19.999999999999737
151900 -19.999999999999737
152000 -19.999999999999737
152100 -19.999999999999737
152200 -19.999999999999737
152300 -19.999999999999737
152400 -19.999999999999737
152500 -19.999999999999737
152600 -19.999999999999737
152700 -19.999999999999737
152800 -19.999999999999737
152900 -19.999999999999737
153000 -19.999999999999737
153100 -19.999999999999737
153200 -19.999999999999737
153300 -19.999999999999737
153400 -19.999999999999737
153500 -19.999999999999737
153600 -19.999999999999737
153700 -19.999999999999737
153800 -19.999999999999737
153900 -19.999999999999737
154000 -19.999999999999737
154100 -19.999999999999737
154200 -19.999999999999737
154300 -19.999999999999737
154400 -19.999999999999737
154500 -19.999999999999737
154600 -19.999999999999737
154700 -19.999999999999737
154800 -19.999999999999737
154900 -19.999999999999737
155000 -19.999999999999737
155100 -19.999999999999737
155200 -19.999999999999737
155300 -19.999999999999737
155400 -19.999999999999737
155500 -19.999999999999737
155600 -19.999999999999737
155700 -19.999999999999737
155800 -19.999999999999737
155900 -19.999999999999737
156000 -19.999999999999737
156100 -19.999999999999737
156200 -19.999999999999737
156300 -19.999999999999737
156400 -19.999999999999737
156500 -19.999999999999737
156600 -19.999999999999737
156700 -19.999999999999737
156800 -19.999999999999737
156900 -19.999999999999737
157000 -19.999999999999737
157100 -19.999999999999737
157200 -19.999999999999737
157300 -19.999999999999737
157400 -19.999999999999737
157500 -19.999999999999737
157600 -19.999999999999737
157700 -19.999999999999737
157800 -19.999999999999737
157900 -19.999999999999737
158000 -19.999999999999737
158100 -19.999999999999737
158200 -19.999999999999737
158300 -19.999999999999737
158400 -19.999999999999737
158500 -19.999999999999737
158600 -19.999999999999737
158700 -19.999999999999737
158800 -19.999999999999737
158900 -19.999999999999737
159000 -19.999999999999737
159100 -19.999999999999737
