# Model = DQN.logic.symNN.(3)-10-8x8-(9)
# Num weights = 1062
# Learning rate = 0.001
# Env random seed = 111
# Start time: 30-11-2023(21:32)
100 -26.317078409917652
200 -26.560691139361023
300 -26.317800726738962
400 -25.765472975433127
500 -25.381073807551388
600 -25.419510758753436
700 -26.50945438405297
800 -28.219113612162705
900 -28.719242411923076
1000 -27.130207899622153
1100 -26.544243144280944
1200 -23.413152286182434
1300 -25.22031184271565
1400 -23.82046160086086
1500 -21.653907293863778
1600 -24.695550146813282
1700 -23.197932888669293
1800 -23.76260098638701
1900 -23.637081101745675
2000 -25.542911333777706
2100 -17.893531455405554
2200 -20.02078559262266
2300 -24.818544703653934
2400 -21.47551247681982
2500 -21.36761276137482
2600 -23.022069614132167
2700 -24.421142138791083
2800 -23.100321623935827
2900 -23.81458312705051
3000 -24.92217989879817
3100 -19.86279706943732
3200 -21.610211537505688
3300 -21.70869623035117
3400 -17.18589432800648
3500 -19.657536461557168
3600 -20.431509689998418
3700 -24.910027064774955
3800 -23.6840565225983
3900 -19.074183540525983
4000 -21.696269681034007
4100 -19.123187543425693
4200 -19.586201251106463
4300 -23.02763636117196
4400 -23.763537338255997
4500 -18.200997351669532
4600 -20.63211757146351
4700 -19.217910751110765
4800 -21.08037584230421
4900 -19.99671431624551
5000 -23.1617775831151
5100 -19.73753913997686
5200 -23.74742944096639
5300 -20.742279017178074
5400 -20.5406293244369
5500 -23.213754893146536
5600 -21.949464532051792
5700 -24.345615893291406
5800 -21.888625930138755
5900 -20.476853169101588
6000 -19.755774130305667
6100 -21.101400638191457
6200 -23.53613707642702
6300 -22.274039347589955
6400 -20.09052929186205
6500 -24.55407032056433
6600 -20.659130399812742
6700 -22.34116316695445
6800 -19.007189530108164
6900 -18.627345921414893
7000 -18.775097369037255
7100 -21.85157937535012
7200 -18.795182612183172
7300 -19.795461697452716
7400 -20.705314370332207
7500 -19.26957773201108
7600 -15.87941300778948
7700 -16.514674389777856
7800 -22.67890177455852
7900 -17.130824574568855
8000 -22.28039167975177
8100 -20.858386195079895
8200 -21.64768040176229
8300 -20.573646051176585
8400 -21.275065384825258
8500 -20.187967610524893
8600 -22.517115711839065
8700 -20.91304161804104
8800 -21.04041840818687
8900 -22.16610264380407
9000 -23.191841570353667
9100 -18.644840961603567
9200 -20.63443252426339
9300 -19.28212828136547
9400 -17.73697810972422
9500 -21.256745870941593
9600 -15.250021287341163
9700 -19.119174944599788
9800 -18.102185453463804
9900 -19.007126133169205
10000 -16.31999074987088
10100 -11.167081963945028
10200 -10.659103531631825
10300 -14.834192555797856
10400 -10.46518048247638
10500 -12.277097676937174
10600 -11.828126438024338
10700 -12.987166627304443
10800 -8.04414088793977
10900 -10.93246463404177
11000 -7.3961639345709
11100 -7.097490983909952
11200 -0.363528968425476
11300 -4.180210937042604
11400 -8.702260428059493
11500 -0.6649352692602261
11600 -1.6547743119300993
11700 0.7090039276140245
11800 -1.5855037969236776
11900 -4.055169561981097
12000 -4.34518717372239
12100 -8.280161635487373
12200 2.9025531119975723
12300 3.4457775108000495
12400 -3.028307582652893
12500 -2.807876634206906
12600 2.284649218398939
12700 -4.575193244979367
12800 3.290760783894376
12900 2.4209747503935075
13000 -1.9888207233661253
13100 3.1489338153072297
13200 1.7505338624661935
13300 1.1687264804587572
13400 -2.383701415303616
13500 -5.65627717360494
13600 -1.8820522757368492
13700 2.7259181978222573
13800 2.4383577281927136
13900 2.3132825771017376
14000 5.352962917098548
14100 -1.549655861438322
14200 -1.835768718401845
14300 -1.0356790708939854
14400 2.7880309709709166
14500 -3.1777642084768827
14600 -6.517757801682348
14700 -5.063056672039897
14800 -0.8436744567519302
14900 -2.784100352102689
15000 -7.0735662013756
15100 -3.078245739352816
15200 -0.12723411652948285
15300 -2.196750903039625
15400 1.1756444415039145
15500 -1.2439240698607366
15600 -2.0486615946380073
15700 0.0066925489024652896
15800 -3.2484842573532937
15900 0.8268268884119498
16000 -1.69853573750918
16100 3.0793196842349917
16200 -1.2232378799490233
16300 1.7430553626329548
16400 -4.0374469188647675
16500 -1.9957394386780205
16600 0.8330407664519441
16700 -2.6820918773403823
16800 0.7123197522780098
16900 -1.6478900277255049
17000 1.4839779142252647
17100 0.5483887191834267
17200 3.343865614806047
17300 -1.6922125675384478
17400 1.1414594223448584
17500 -2.6083524093460744
17600 0.4522377605842327
17700 -2.9006602729743793
17800 -3.330262826229
17900 -1.9349278447176113
18000 -0.17754251258473241
18100 -3.0671186517734963
18200 -0.7884951582650779
18300 1.620351150105211
18400 -0.2869543553771796
18500 3.2716135467819565
18600 -5.6810834279606
18700 5.264061033916659
18800 2.6735930703400768
18900 4.219293604472021
19000 4.627857747440385
19100 -1.33989762252568
19200 0.821765562251795
19300 1.2460956625756667
19400 1.4310988849403963
19500 3.0844620758183248
19600 1.8309428914344759
19700 5.2210112874434085
19800 0.820864542496011
19900 -0.8093261297852622
20000 2.6027626826704573
20100 -1.4961167076166522
20200 -2.2861854827074297
20300 1.0217184667292265
20400 1.6129301336338087
20500 -0.8673651419305496
20600 4.825230152676768
20700 -5.442350684804516
20800 1.4119587614555935
20900 -0.5857227756216598
21000 1.0699562790410722
21100 -1.2572916356969799
21200 2.9503960961655205
21300 0.27804345837130895
21400 5.771373159151262
21500 2.435445576943196
21600 -2.0286820114427964
21700 -3.122666597690347
21800 -3.9109405961588966
21900 -4.026731614100038
22000 3.683162410904528
22100 -1.3782267776617836
22200 5.615900087728752
22300 -1.5194037863833665
22400 4.715173784040577
22500 1.7980550345048343
22600 2.4222331363771956
22700 1.8550334566508793
22800 0.8187985033990721
22900 -1.6461477656655452
23000 3.2601144015748953
23100 -2.8920253568237264
23200 0.8908374219001702
23300 -1.0573435182365123
23400 0.27478183956609914
23500 1.5433902438690872
23600 5.727625355750467
23700 1.629550562905457
23800 -3.2342283912199017
23900 2.6423980271488112
24000 3.3519425581933007
24100 4.815688268788544
24200 3.7943338531113406
24300 2.216415517654366
24400 0.58290247972944
24500 -1.8355712919989715
24600 1.655936606236942
24700 -1.1798996263571657
24800 1.4592543878949233
24900 1.6325354840445645
25000 -0.9247466115888562
25100 1.7601952959302007
25200 3.6037323663439027
25300 3.5200675044761005
25400 3.361660890778294
25500 0.05909912375168247
25600 -0.09300997677582001
25700 0.8511756792158929
25800 -3.082370024281242
25900 4.180288786071895
26000 -0.44576238454779704
26100 2.035174319959344
26200 0.44365783192165575
26300 -2.1039554966690592
26400 -1.336647177488597
26500 1.0125601943850786
26600 3.385721169702877
26700 -2.026239311076544
26800 1.2985190246690488
26900 -2.45275952145178
27000 -2.3275226541920158
27100 0.6873536833899088
27200 1.0588312824918367
27300 1.5058728845904283
27400 3.243220971788038
27500 -0.8027448860865752
27600 0.15168755521709676
27700 -1.4252238984285808
27800 -2.0903824493886174
27900 -0.9847065451296394
28000 -0.011076136264637437
28100 -3.469055696700887
28200 -2.7141120698383014
28300 4.4695437884611735
28400 4.432232344963889
28500 -1.4481754123126365
28600 1.4190359694770687
28700 0.12640941969313557
28800 -0.4015145375339476
28900 -2.487982824041783
29000 2.1953200728027094
29100 0.6640785653094072
29200 4.122569092118643
29300 0.1484278009349751
29400 0.2280981574419912
29500 -1.1253429539049489
29600 -0.11519037893488737
29700 -3.2232221096807603
29800 -2.04439207183097
29900 -3.559940440947657
30000 -5.5867867003443035
30100 -1.4149067415164327
30200 0.9266054199419207
30300 -2.138985465966355
30400 2.0555290762103975
30500 1.5249860688606798
30600 -3.6588669887209013
30700 -4.284113651313638
30800 5.188255276577242
30900 -0.13406532948518618
31000 3.3007498798454615
31100 0.26392043083775385
31200 2.4083697063432496
31300 0.6800024108905887
31400 1.332455199885096
31500 -2.807595779301212
31600 -1.3546375189311046
31700 -0.3805561723627444
31800 -2.850383442374568
31900 1.6436025275876969
32000 -1.7827045579259826
32100 0.5293380567157507
32200 -1.8057201940003573
32300 0.14401192573517008
32400 3.0984319649336616
32500 -1.420539224280294
32600 0.716081254631038
32700 -0.07724326191259145
32800 2.215610356435834
32900 -2.8498320456392046
33000 -3.6366411727875714
33100 2.6068772754359566
33200 -3.3392484190844707
33300 0.07389098369506486
33400 0.6119495290034943
33500 -0.8367280917597748
33600 4.062103664771483
33700 1.4204897549025197
33800 1.1161424699830338
33900 1.8068184169927357
34000 0.9185304448951904
34100 0.5584319083152824
34200 4.435592829848052
34300 2.214378041673488
34400 1.3790415167322023
34500 0.500199295705718
34600 0.8560270232112086
34700 3.2617289794597233
34800 1.308977682978739
34900 -2.6457331953372014
35000 2.1698309478945577
35100 0.37691920040409976
35200 -3.0049197840297968
35300 3.0368601263078725
35400 0.37522516198361267
35500 2.0678602547674627
35600 0.265697608870473
35700 0.6757854210965853
35800 1.6067549557659815
35900 -3.799579466699414
36000 2.5551834116863135
36100 2.5523266257996764
36200 0.46562601526838954
36300 -3.6502729022711136
36400 -0.6000125542943976
36500 4.0589931455622095
36600 2.6724104052789466
36700 -1.2431310747689848
36800 2.622444780017661
36900 1.9883713129038498
37000 2.1629055036490503
37100 5.488478397792102
37200 -1.8685535561770703
37300 2.907966420541024
37400 1.682414892592352
37500 3.616775332023996
37600 -3.3211636328226635
37700 2.2694521840193618
37800 -0.3624177313331798
37900 2.5191203238929543
38000 0.4296614635635207
38100 1.8854139834724823
38200 2.843507444913928
38300 3.1057810468024405
38400 2.898199054340949
38500 -7.637828132263077
38600 5.64861012637958
38700 4.952418869872992
38800 1.8437843308271216
38900 0.16205218266556531
39000 1.953649889230527
39100 -4.130820432304854
39200 -0.7391688057397298
39300 1.1999374687459725
39400 1.37339861517273
39500 -2.390738503626886
39600 2.641732423438255
39700 2.8337077630215575
39800 2.9049529915116143
39900 -2.907206826315
40000 5.331784978323636
40100 -4.04006496406202
40200 0.9260530532120479
40300 1.5641683011594434
40400 0.6878015816483407
40500 1.3093014169531851
40600 -3.6859102092085805
40700 2.5693282350770015
40800 3.593914930925769
40900 -2.8794645384978352
41000 3.3191428613685123
41100 -4.032115422165713
41200 3.1282778490496983
41300 0.9021277686082327
41400 -0.5097260165954937
41500 -3.0293726272148356
41600 3.7480530548701076
41700 -0.7301756560629686
41800 0.9236580805785599
41900 3.0119281955910213
42000 2.724741884160125
42100 5.070825796988919
42200 0.518092232034747
42300 0.11396829408446796
42400 -0.8051698933576613
42500 0.33364821338342754
42600 0.2903333784133055
42700 2.8700257538923815
42800 2.785632387045467
42900 -0.5716791215730195
43000 0.5558874598228447
43100 -3.7027631796538287
43200 2.2528893685865916
43300 2.859961972875986
43400 -4.221839621424461
43500 0.6910590594771313
43600 0.9357282822821043
43700 0.15735830498112185
43800 1.1141297519638882
43900 6.548271175473487
44000 2.1961049987759953
44100 1.9026383991275346
44200 2.9285416447789885
44300 2.284956535177382
44400 2.198583143355365
44500 -0.6286798236393679
44600 -0.7665319054206164
44700 2.4759919623053763
44800 3.3149672755200608
44900 -2.0706910850723848
45000 -1.8109287589991065
45100 3.4331246454150466
45200 5.320660149548379
45300 4.008261274022052
45400 1.1299613812816642
45500 4.034903885203931
45600 5.3020697440564435
45700 6.484082990280993
45800 1.998215137124785
45900 0.03594517440534051
46000 0.872991385471881
46100 0.1941066743820733
46200 2.7886787890913682
46300 -2.391130685627248
46400 1.8966660300943792
46500 0.41096800680251483
46600 1.7215235143391512
46700 -4.609985744513674
46800 -2.1318850565109027
46900 6.6623121376398755
47000 1.1768953883486122
47100 0.947210332380028
47200 -1.3067731765114825
47300 0.8673675632384075
47400 -0.9064002971308447
47500 -2.249908325739452
47600 2.621016461507013
47700 -1.6634945168929178
47800 1.6584939240681038
47900 0.10082354973980373
48000 3.964577714637782
48100 -4.052342890992023
48200 -0.7314606699626166
48300 0.3459411939044684
48400 -2.9325768986461296
48500 1.2686432296161148
48600 -2.008389897064788
48700 -0.5690738633845264
48800 -1.8744039026803674
48900 0.4412361863900862
49000 -3.2938876413028937
49100 3.6415894347794175
49200 1.1968962860997359
49300 -6.203246463647172
49400 -0.04442630288271421
49500 2.7163719131220896
49600 -0.9764753230879136
49700 -2.3339625085838875
49800 3.1031698255126603
49900 3.0094262363134434
50000 -3.402026365195431
50100 -3.7917619860977863
50200 1.8428220527285064
50300 0.334283763850055
50400 -0.5644987531686213
50500 -0.03578301213119928
50600 -3.674489533289775
50700 -5.085853634792382
50800 0.3776964418464196
50900 -0.6749766745717708
51000 0.1803030583529605
51100 0.15207013345540066
51200 3.4023517205699148
51300 0.6185853342208212
51400 -0.805198594333888
51500 4.413099154630771
51600 -2.2583522219093273
51700 5.870012603680283
51800 2.5912980379278086
51900 1.1719964073708398
52000 1.7982613418455682
52100 4.1918208235254575
52200 4.917284676900436
52300 -0.5109230538677417
52400 0.1504273173671576
52500 -2.757094203642037
52600 -2.8578983429544964
52700 -2.329641636463329
52800 2.7811094377583436
52900 2.7323884955029607
53000 0.8276053101019443
53100 2.0083376234581096
53200 -1.005564694069339
53300 -4.115193684181774
53400 1.3251239811193394
53500 0.979265489922324
53600 0.4011829839960759
53700 -1.3502434213680952
53800 0.5119434363028252
53900 -5.285044626159451
54000 1.3923622951109274
54100 -2.9063976464635166
54200 3.8414060202419167
54300 1.132478438318127
54400 -1.1005883603018132
54500 1.7422293312346047
54600 -2.0154856028557897
54700 2.4719938733235285
54800 -0.794977475072817
54900 -1.9819066381200061
55000 -1.6561301095712313
55100 3.4564468077443418
55200 2.3134852905820966
55300 -0.05138009147807354
55400 -0.9659461980756898
55500 0.02498934708342171
55600 -2.0322665958814516
55700 5.6776016097907664
55800 -2.645530674078817
55900 1.632511844012441
56000 5.326321949263578
56100 0.0685692853925427
56200 2.656224632781563
56300 1.9255542095872982
56400 -1.2931437819412834
56500 0.08278337394914095
56600 0.052456790583282675
56700 1.4053464524768002
56800 1.0092413652079548
56900 1.328578879852099
57000 4.841649117754684
57100 1.8095245623438383
57200 3.140645645586016
57300 2.322174982318016
57400 -5.997069269417289
57500 1.5414428060780714
57600 0.301200711977224
57700 3.065826396679576
57800 5.285336720803252
57900 2.694156073836794
58000 0.3305553352803774
58100 -5.333696680395937
58200 0.6621346815134386
58300 -5.946708756294633
58400 2.5554511595076104
58500 -1.5903924247377415
58600 1.1046587504887775
58700 3.2927391333016
58800 2.4346630862212257
58900 1.7377416115944926
59000 7.742451225566596
59100 2.4910136311753424
59200 -2.3349681197621477
59300 -0.32591754519088756
59400 0.35649309720458144
59500 3.0146385036159864
59600 5.6341769998095295
59700 0.8471899309623394
59800 2.698909881482472
59900 0.25165805087681115
60000 5.701236010285536
60100 -4.290418377984456
60200 6.806010926887729
60300 7.745824439325815
60400 4.022657719404145
60500 1.3318845751386759
60600 0.7989560409066689
60700 -0.8934135123803111
60800 1.6334063316975505
60900 2.4134150556839593
61000 1.9066766001597157
61100 1.081798621151661
61200 -3.0077554470204135
61300 0.9652572017120843
61400 0.6317637465366388
61500 4.3179720888608895
61600 -1.4330906946875532
61700 -1.1562401671399187
61800 1.2540422218691205
61900 1.2745837581119641
62000 2.7771609286670333
62100 -2.5773919765413114
62200 2.605841654019816
62300 -2.3314065875615597
62400 2.1899009079370813
62500 -1.679423715447124
62600 0.8088384608341268
62700 1.269427255401013
62800 3.9847610869006544
62900 -0.7660518302395972
63000 -1.8819069241459965
63100 2.5552275846055066
63200 -0.5612696669872077
63300 1.366641568139523
63400 0.25927723262495994
63500 -2.1115013496790196
63600 2.8763007378209533
63700 2.429864676794426
63800 -1.121067609647227
63900 0.45592518275004434
64000 4.25406649943846
64100 -3.0258345853428494
64200 0.7285743625247811
64300 8.178479959559665
64400 1.6333419481233835
64500 0.7481937587383058
64600 1.0043985643849926
64700 4.240394639930094
64800 4.242179708324255
64900 -0.5473499395203362
65000 -1.872606925361635
65100 2.2654978376826524
65200 2.8377165993425013
65300 3.5489213047390615
65400 4.765735490076153
65500 -0.7745399435391698
65600 2.7695024573306717
65700 -1.1598847135956092
65800 -2.905737876399791
65900 0.5336611693100455
66000 1.9307437809256323
66100 -0.20446262403975457
66200 0.7430947179144454
66300 0.314420426229185
66400 3.3957839524073603
66500 4.675292990927726
66600 2.7932096100039736
66700 -2.398849390555574
66800 1.084882934456659
66900 0.5916450662049704
67000 2.8371796208563236
67100 -3.8513266659720617
67200 1.3461135896285938
67300 0.8677940047778501
67400 1.208930320677201
67500 -4.30234000121864
67600 1.582991472116178
67700 6.600160471279049
67800 3.2059241380488817
67900 -0.09310523614504773
68000 3.8460864170119087
68100 2.2266161860742053
68200 3.1324376174569446
68300 -2.148543692469334
68400 4.919704039981276
68500 1.0998635998667463
68600 1.8127996045196362
68700 4.556411995487927
68800 -4.19951051694931
68900 -2.0905282145272137
69000 0.7763030727306401
69100 -0.44661787555058485
69200 0.31649638389276413
69300 0.07740240316162716
69400 4.192064669708872
69500 -1.0650035644975913
69600 -2.4093854878894696
69700 0.7472171053475483
69800 -1.2029122168298654
69900 -1.0157189809040519
70000 -2.9286797271764247
70100 2.2667215661620546
70200 1.7130308349717582
70300 1.7754792552516285
70400 4.450685982432858
70500 -1.0902334565366294
70600 0.6919486473671308
70700 -1.5425133187769005
70800 0.6137611397782772
70900 5.701746224308023
71000 -1.2702300083810805
71100 0.3685238729479151
71200 1.5256155794302868
71300 2.7551104011055836
71400 -2.097478365588134
71500 1.7346240967016149
71600 0.4927927593664101
71700 1.5111350594379733
71800 0.551197344865016
71900 0.9249580127009633
72000 0.8420657033694441
72100 1.7897968506924502
72200 2.9414138188486403
72300 -2.824673985849339
72400 0.8038815046560183
72500 4.416293802835001
72600 3.3084862138040165
72700 2.091715235600776
72800 -1.8479784309120473
72900 0.23455161359545332
73000 -0.7581028117503864
73100 -3.6787590645115418
73200 5.585934981261312
73300 0.40777156710807816
73400 -0.4103213932341838
73500 1.9146203532402204
73600 0.9661151411451023
73700 3.656540597267381
73800 -0.12394120075040993
73900 0.9832932596639212
74000 1.5365287951015247
74100 3.7329386837603638
74200 0.8115725660811774
74300 0.2873799518780625
74400 -0.0014097414368386962
74500 3.841288550065234
74600 0.9697016043498548
74700 -0.9285865470873781
74800 3.529043488288303
74900 1.7550316019386571
75000 -0.6084309713584096
75100 0.526287417888329
75200 1.986572262142
75300 1.6713680842885799
75400 2.5085013973248538
75500 -1.2531242178025144
75600 0.3949262702415547
75700 2.9098499975204173
75800 0.03168781236132301
75900 -2.7233356842551477
76000 -4.715148671679828
76100 -2.174933680980699
76200 -0.3304775903283006
76300 -0.43843169757394307
76400 3.309794892073533
76500 2.543603534427566
76600 3.2336805698476536
76700 -2.7227092390758147
76800 0.5411054651275962
76900 -2.4320378007630916
77000 -1.9752007338896629
77100 -1.7506719776825048
77200 -0.3638075010638362
77300 1.6759075177967047
77400 0.5702767137151046
77500 -7.4609663331324825
77600 1.9644143135972079
77700 -3.822906289105385
77800 3.2888352566915997
77900 5.586083993075384
78000 3.401162066661943
78100 -1.5199711835107808
78200 -0.9094364235943109
78300 2.0207209241567243
78400 3.470673901467446
78500 -5.92987260392089
78600 -0.1493179098380294
78700 0.6399651426413553
78800 2.261985932927249
78900 1.002516049285431
79000 0.14538941633580876
79100 2.567109932099078
79200 0.054276130000649625
79300 3.6390587703335253
79400 -2.21610519912796
79500 2.3122483084859615
79600 6.203594521990235
79700 6.051205962980963
79800 1.8254714824680551
79900 0.21835393807246367
80000 5.320690863119874
80100 -1.9379252082531375
80200 1.758545889959775
80300 1.771112361788431
80400 -3.9444837647572895
80500 1.7456411461474135
80600 -0.9539984683278803
80700 0.535564930083068
80800 -1.0091662319765868
80900 1.6567798993056602
81000 0.8197137329979325
81100 -4.293393500962283
81200 0.6927389580767909
81300 4.591598358096132
81400 1.6083078926219925
81500 -1.525477296552217
81600 -0.8630190901328004
81700 0.17132850363200447
81800 2.8967911937170974
81900 2.7945150573475983
82000 -4.1560841075115
82100 3.7098281064595984
82200 4.7518161455775765
82300 -2.994534708791736
82400 -1.3011335076445745
82500 -1.0998535581012763
82600 -2.2720925547371396
82700 3.7277285238118374
82800 1.5531287596551384
82900 3.6415434082997535
83000 5.564284147764244
83100 -0.6639206118240484
83200 -0.34955291276972067
83300 2.1441756170795774
83400 1.0400133724286684
83500 -2.3822647262009036
83600 -4.698387472560538
83700 2.093016387564413
83800 4.0385805464240345
83900 2.5253696846351184
84000 1.0053771169988472
84100 0.21984611940301324
84200 -1.5844740320438824
84300 0.5882728423497645
84400 2.360899125346469
84500 -1.5438493999664162
84600 3.162374537205722
84700 1.7205185956348055
84800 3.0725562679962555
84900 -5.473916892258773
85000 -2.1900809221677155
85100 5.705768687399415
85200 5.263575042168008
85300 3.564228325702076
85400 1.5309098549442945
85500 -0.953608400226052
85600 5.400111171289904
85700 1.4229900447290198
85800 4.851290028867991
85900 0.2407040721428022
86000 -2.7475171262929505
86100 1.282605998073712
86200 4.812834341289659
86300 2.4798162739188747
86400 -1.926296473987843
86500 0.622310880005889
86600 0.7595877507952395
86700 0.6571886260721654
86800 0.5215857201439189
86900 1.0683927849729729
87000 0.6422065760985673
87100 -0.41833302104336
87200 0.5839688056124257
87300 3.474032753915659
87400 -3.9472067430112316
87500 -5.888837534726387
87600 1.8916749651189342
87700 -1.0044506441069405
87800 3.7952346064416624
87900 -0.13909529213074034
88000 4.500775169156648
88100 5.345039671942104
88200 3.847269773633532
88300 -1.2601964193491662
88400 -2.1840327332582774
88500 -4.056383091917616
88600 0.8407342638653541
88700 -0.6996566838998584
88800 3.1670519731588933
88900 1.126011924137403
89000 1.9919493960847112
89100 4.095698113970446
89200 -3.1375863019567407
89300 0.4457302596028303
89400 2.2559224321564537
89500 1.7888485820814823
89600 -3.4679708662055644
89700 6.265531947242285
89800 5.567323734810071
89900 0.9196431676593733
90000 1.556747603045969
90100 -4.583633472653525
90200 -1.0229863223668614
90300 -0.6464418658783867
90400 -4.016528015107404
90500 0.3632398575201294
90600 0.6447272913887263
90700 1.6263063654887773
90800 4.263299460190954
90900 2.2025218578841117
91000 3.752498914731238
91100 0.351100026205899
91200 1.1275062203425839
91300 2.3806917676453176
91400 0.9020884205731576
91500 7.125260689984641
91600 1.2308297821499625
91700 0.22883115896856054
91800 2.94029243729955
91900 0.4249920221950513
92000 -0.6640288678517295
92100 1.2203092534389168
92200 5.360337917157235
92300 2.2805149236280453
92400 -1.7950629792803299
92500 1.390875112091082
92600 -2.1354174391788834
92700 0.9814536016400999
92800 0.5527357290077239
92900 -0.46373743370715
93000 2.5131860065719933
93100 1.263311827497215
93200 0.5138339701925909
93300 -2.351614518482637
93400 1.4492993978664315
93500 -2.285779807427089
93600 -5.0227640135738785
93700 2.0262859149300425
93800 -2.9038089360103294
93900 -4.939853717914861
94000 0.8591476987187545
94100 3.2991024445502104
94200 2.6995873208772765
94300 -3.8109698172886137
94400 1.045506652420632
94500 2.4667593081661865
94600 -5.747102617656381
94700 3.075877442722118
94800 -2.464513467447654
94900 1.1713423697293064
95000 2.6087899915948825
95100 -1.035804778517706
95200 2.2692505715755487
95300 -2.34811483818083
95400 0.5467353712267096
95500 7.434762246207567
95600 3.32627271467361
95700 1.6568303956349917
95800 -0.8167508516651668
95900 -1.491605554250401
96000 -2.779324155209877
96100 -3.2881389660577094
96200 1.3234054038516323
96300 -5.144751111832341
96400 2.3085349515308877
96500 3.3314266575013844
96600 -2.022642798023363
96700 1.2453213650648038
96800 1.5167978543162068
96900 0.17991905295898858
97000 3.184875847252818
97100 0.4828727654198478
97200 3.263108576353125
97300 1.5642028902081908
97400 0.5935023153783421
97500 1.201078103960893
97600 -1.8036438159344925
97700 -4.986303773009857
97800 -1.0259862625289928
97900 1.663915420782394
98000 -0.718535447041597
98100 -0.6236582095027601
98200 3.2757582186842256
98300 -0.5799953079697313
98400 -0.5668273866228568
98500 -4.6199916206744955
98600 -3.9607745425074508
98700 -2.5129441135017547
98800 -1.8240662237118292
98900 -3.133436131724254
99000 -2.435224995411069
99100 -0.99248844046653
99200 1.9893217026708674
99300 8.552496921710144
99400 -0.1355613007470835
99500 2.9563500041420774
99600 2.6469997479562832
99700 -1.5901705158069763
99800 -0.1150098541597116
99900 5.204508492455191
100000 4.25369064650718
100100 5.507371209445687
100200 2.95774970055375
100300 -0.6033013063288623
100400 -0.4623155990634126
100500 0.08770599984642813
100600 -2.5694058794520567
100700 2.7182402590233163
100800 -2.3901931216669565
100900 -1.152743228413469
101000 2.011816450709218
101100 2.2764930737986604
101200 -0.8214710647756921
101300 4.183344378011008
101400 -0.9316414749344121
101500 -4.437844430810251
101600 1.0179728330216782
101700 3.9240504173870345
101800 3.7711801944480605
101900 5.0066751256527375
102000 4.795470366764154
102100 3.2876573177681996
102200 -2.629665388640242
102300 1.7786586326431888
102400 1.0398953001834785
102500 1.4788051877422688
102600 3.7401458763908018
102700 2.3568727030631056
102800 5.687448058504732
102900 -0.03862314913573128
103000 6.017012408324671
103100 5.310457095826187
103200 -2.2304100167832357
103300 0.2679024209264264
103400 0.17416357297720797
103500 4.414857395975783
103600 4.566637773617816
103700 -1.2199791906458963
103800 1.3941592227817314
103900 -0.20774005216340186
104000 1.6299805562470524
104100 3.3051068266820227
104200 -1.7787052761106823
104300 2.6377993961531456
104400 3.8451589240217876
104500 0.40531253985381777
104600 4.26237094344954
104700 7.072334478366322
104800 6.120638100913886
104900 2.593538782379486
105000 0.06410288446241874
105100 1.5619316801480327
105200 -0.2495075397009182
105300 -2.0510303809293213
105400 0.027419924095370196
105500 0.512154435093872
105600 4.30855471504035
105700 -0.08944474018457027
105800 0.43824242711058514
105900 -0.13764001804672044
106000 -1.915841178025143
106100 -0.3683408104556076
106200 2.0281837750145213
106300 -1.7995651370935144
106400 -1.1628192084453266
106500 3.7893656588494453
106600 4.276585106399162
106700 -0.8748146512803348
106800 0.3567380357943781
106900 5.2922673936294675
107000 -0.8197435727984741
107100 -0.48166948074024535
107200 -1.0617375186554723
107300 -0.3631898270361016
107400 1.180779939458711
107500 5.6898557547346735
107600 2.434614853656644
107700 -0.31246525782313195
107800 2.1216926033813133
107900 2.875649652888389
108000 4.791143952534568
108100 -0.7554995077958909
108200 -0.5093802752029439
108300 1.9979952893023751
108400 -0.07125388138690392
108500 -3.4643354654653287
108600 -1.3095797513245229
108700 -1.25931061430776
108800 2.016761057126036
108900 2.3886333237244504
109000 -3.347677727476658
109100 -0.6264235686145483
109200 0.7626832693580079
109300 -0.5718776466066873
109400 -2.121834746681453
109500 -4.936975274136444
109600 2.2757719722994025
109700 -2.5125585193427824
109800 -1.5715728148355752
109900 0.5885807274458057
110000 -4.562041771259708
110100 -0.5109687567892132
110200 1.76628143211639
110300 0.2617403347593277
110400 -2.6770209348309404
110500 5.030860267245753
110600 2.5150199436898113
110700 1.0857463685020812
110800 3.177036038883559
110900 3.6281063158431084
111000 2.880800816171875
111100 -0.6017268305791904
111200 3.187499449495352
111300 2.193733551429391
111400 0.6496640790933528
111500 -2.826242077859824
111600 2.594712659880806
111700 2.3171755499413074
111800 -1.2285257697955494
111900 0.5022844799777081
112000 2.7700454871833924
112100 3.056651006326728
112200 1.6259521014526246
112300 3.585377511894025
112400 1.568195893027597
112500 -1.0112361994863193
112600 -0.42237341227276437
112700 0.08269304941660371
112800 3.834822799922316
112900 3.572556251671041
113000 -2.7001552101756356
113100 -1.027631287754996
113200 4.30606254516436
113300 5.029628963363934
113400 1.3523698310207324
113500 5.226426577199039
113600 -1.356902493085295
113700 -3.2972241878770383
113800 -0.881417331268983
113900 3.3994113982299923
114000 -0.5442166249880449
114100 -1.7387679370597309
114200 -1.3858735463388705
114300 0.7527939394934305
114400 -0.1812379181443623
114500 3.2724441403419826
114600 -1.0240403098980422
114700 -0.24235907356903863
114800 -1.1421075766226205
114900 0.08946073108665142
115000 4.821129785716848
115100 0.46247795754802
115200 2.5530418268290567
115300 2.4345801729682854
115400 -1.014441200463915
115500 5.442979245856625
115600 0.2861512536980998
115700 0.5284083878692818
115800 -1.0009266296575758
115900 2.267576536324342
116000 -2.8874199710101283
116100 -1.1175641894985682
116200 0.36062138810815525
116300 5.030347754585179
116400 2.4874325875530197
116500 2.535846050681935
116600 1.196530033194955
116700 -4.208284365542601
116800 1.9921286489269157
116900 -1.1255911822947844
117000 4.3207217249305785
117100 -0.5584135464730186
117200 -0.5020482177851943
117300 -1.077882795509669
117400 5.298246755825426
117500 4.846288085925601
117600 2.889878481554624
117700 -1.2385734808427649
117800 1.1597240773917536
117900 0.8073261359018553
118000 -0.6435021113378762
118100 -1.4701861423123006
118200 4.45720401231325
118300 2.077606761442329
118400 -3.5431336839057104
118500 -0.7542920646125677
118600 5.098194164840601
118700 1.7942470757141267
118800 -4.766194306953701
118900 -0.777353837021108
119000 4.810700221676732
119100 2.9093374664386
119200 -2.496285048466585
119300 1.3281535028054596
119400 0.19853811437889568
119500 2.8296831430994263
119600 -4.497082261281873
119700 3.729745525294227
119800 2.7549684226389792
119900 -0.9933710981212335
120000 2.893698578799822
120100 3.1893058353721258
120200 2.1925782674624417
120300 1.0997633937363398
120400 0.9389386158788213
120500 3.176513344941455
120600 2.7175554050198816
120700 2.8834107204086195
120800 0.9316215549004387
120900 2.683473660262221
121000 1.2489549327473513
121100 1.8545197636785644
121200 1.4030355258578413
121300 -0.9699120661331565
121400 3.267561963901051
121500 2.4709000654213167
121600 2.7697407663196136
121700 0.5664208365637519
121800 5.318488442943914
121900 2.9195668285433323
122000 0.07933902186482705
122100 -0.1485941954380332
122200 3.766284019513536
122300 4.836447506968488
122400 -2.789747530155023
122500 -0.4855632288286805
122600 1.0010028149673693
122700 4.715972571079663
122800 6.760217254933981
122900 -3.253791853424536
123000 0.5376705308136487
123100 -0.6437063409599342
123200 0.49041083768481175
123300 0.6116339687092378
123400 0.572569258329869
123500 4.576652983064802
123600 -4.388684465932489
123700 -0.2954728825460681
123800 -0.44809055285363747
123900 4.639832962654567
124000 -0.5292787208255206
124100 2.00945473319011
124200 3.559494166192273
124300 4.393780433256424
124400 2.7762154934677925
124500 -0.6206198456435258
124600 0.9159930171126969
124700 -0.8710165587304272
124800 -0.12163795443771702
124900 2.275628195230297
125000 2.0936418747954004
125100 0.09510503577426876
125200 0.30212738204049017
125300 -1.1321220696938838
125400 -1.5370442036470777
125500 3.260028009045927
125600 6.220352742907573
125700 1.1736174433878352
125800 1.612940081439532
125900 4.506744407610227
126000 -3.0859878551895665
126100 2.5573127575255783
126200 -0.6794078051336647
126300 -2.1384113728946184
126400 3.7165716394144352
126500 1.8211094744254854
126600 3.1210363460438106
126700 -5.931961943522813
126800 1.653841476785678
126900 2.2371618294921922
127000 4.039181274369003
127100 -0.827389745577069
127200 -1.3520871673719645
127300 -2.7432069821338425
127400 -1.5391060942255066
127500 -2.5066484231011112
127600 6.250817994801499
127700 0.7328121277047139
127800 -0.6664192819921938
127900 -4.860757028565274
128000 -2.1832529830357554
128100 -2.8591103563425317
128200 2.496153714008453
128300 0.6565726218884029
128400 -2.435930155682858
128500 5.041631133306901
128600 0.6599525860109736
128700 0.7509006697840083
128800 2.221465733990369
128900 -3.08079802519764
129000 1.3131734598702685
129100 -3.0309190847740117
129200 1.575374685916322
129300 0.6850431908766914
129400 2.366467186346913
129500 1.2573207402046638
129600 1.9022566162509429
129700 2.1772458887615445
129800 0.1941881333774058
129900 -0.9328524305028042
130000 -1.0686701498414752
130100 0.39829262545137933
130200 0.38610313812092123
130300 2.7505952663150297
130400 -0.734971555887195
130500 -0.8993788050979743
130600 0.43331682970229024
130700 0.5157258227258268
130800 0.21641066328773617
130900 -4.28890537710535
131000 -0.19045116460426414
131100 2.811016583283541
131200 3.4296080114104814
131300 -0.04185351372079982
131400 1.1510759913949529
131500 1.8966233906594012
131600 3.1851453560641594
131700 3.1364687086914347
131800 1.1956764690527937
131900 -0.5572695309059269
132000 -1.5949869221150097
132100 -1.5733108422445299
132200 3.3144283643161705
132300 -8.074439776615897
132400 -0.16414301559526734
132500 2.878295574641072
132600 3.7847911542101564
132700 4.611159670431098
132800 -2.7692389072980452
132900 -2.023891656203979
133000 -0.29098459548512007
133100 -2.095096976284059
133200 1.4879541102207543
