# Model = full.TensorFlow.(9)-12-12-12-12-12-12-(9)
# Num weights = 936
# Learning rate = 0.001
# Start time: 29-08-2021(02:45)
100 -18.20720341342093
200 -17.85456539106326
300 -18.04483339353373
400 -16.5822878468317
500 -16.775329011024326
600 -15.699546622162169
700 -15.4457342145234
800 -15.729666937003069
900 -15.321808879173314
1000 -15.290557088996701
1100 -14.72688877817156
1200 -15.696664017481076
1300 -16.15852115702881
1400 -15.70836400038036
1500 -15.558216521191428
1600 -13.943815616155728
1700 -13.469676794575648
1800 -14.4762886169459
1900 -15.435930315561787
2000 -15.181361308148798
2100 -14.301096463527898
2200 -11.9049166405772
2300 -11.97968084278097
2400 -11.47736830922986
2500 -12.478122805291237
2600 -12.73796997746082
2700 -12.294386104105387
2800 -11.749843443732937
2900 -11.519134258752556
3000 -12.303471293384588
3100 -12.161767288562542
3200 -12.568025006647519
3300 -15.065716406420215
3400 -14.783336647508614
3500 -16.34210507499515
3600 -16.438596218213956
3700 -15.652372145042987
3800 -15.09477417970807
3900 -14.210955281230301
4000 -14.799790714126313
4100 -13.964810828097153
4200 -15.983362842287942
4300 -11.845990129350309
4400 -11.27764914583063
4500 -10.424156434657098
4600 -8.039729195329556
4700 -9.519023906893748
4800 -12.321484298385835
4900 -13.839293518793626
5000 -13.249544203193883
5100 -15.200545456386381
5200 -15.629100334505498
5300 -15.44301024838847
5400 -14.725595413500258
5500 -14.726568813641736
5600 -15.330900093057618
5700 -16.124117143136893
5800 -14.312203270603675
5900 -14.531124627281693
6000 -15.406337382484672
6100 -15.346310243404698
6200 -15.06368405163212
6300 -15.440289914733347
6400 -15.248144987921425
6500 -14.758260338944485
6600 -11.284089420028717
6700 -13.656369046061773
6800 -15.33302035155233
6900 -16.237053444175384
7000 -16.700977463516914
7100 -15.98770096286668
7200 -15.378004781772175
7300 -16.101321275701128
7400 -16.833379051247537
7500 -17.531474283672242
7600 -17.385130573554907
7700 -16.518461770442105
7800 -16.42165893419183
7900 -14.119244751463587
8000 -13.518018828381747
8100 -12.276694329649894
8200 -13.387170738746008
8300 -15.586720171291809
8400 -16.675573679338456
8500 -14.912044263178931
8600 -15.64268307716979
8700 -17.11303149287434
8800 -17.16039477984615
8900 -17.710205332887252
9000 -16.46884406900409
9100 -15.632131672795856
9200 -16.977628351878142
9300 -17.62719466839159
9400 -17.96467412582437
9500 -18.146682712751915
9600 -18.27487415783195
9700 -18.923640561672993
9800 -17.41518629498965
9900 -17.5965258396973
10000 -18.061071268935798
10100 -18.474141021609327
10200 -18.391750344226917
10300 -18.11737759169333
10400 -18.65295959505527
10500 -17.589708159879955
10600 -17.583186030257835
10700 -17.84790768323118
10800 -17.731166374407383
10900 -18.267781964670768
11000 -17.92743090215944
11100 -17.514958325533332
11200 -17.494510206866728
11300 -18.281935424026592
11400 -18.76890891942487
11500 -18.733953362585076
11600 -17.387202734383795
11700 -16.971300627325157
11800 -16.21563448139971
11900 -17.734749976923297
12000 -15.65813057533281
12100 -10.926478242819991
12200 -13.863384276724945
12300 -15.641078540018192
12400 -14.62016083890409
12500 -15.778925552095647
12600 -13.492327431513631
12700 -13.38247695955563
12800 -12.49610093039865
12900 -10.962867493495468
13000 -12.534246917629307
13100 -10.624663690074897
13200 -14.248999716184573
13300 -14.710505595922484
13400 -15.962778217297522
13500 -14.32575685219155
13600 -13.856625771974745
13700 -11.801393069508112
13800 -10.685261651849258
13900 -13.312718678538314
14000 -11.745458467273545
14100 -11.385595420850013
14200 -12.129707579415387
14300 -13.177858224281032
14400 -12.69173092055196
14500 -12.793411321912263
14600 -12.864406215053863
14700 -13.064153665793107
14800 -11.57233146664251
14900 -12.24523980437973
15000 -12.194860656794551
15100 -13.567517464269379
15200 -14.143054175328828
15300 -13.681851904605777
15400 -13.33338562203634
15500 -12.874793187001217
15600 -11.503343119318544
15700 -12.379171074783219
15800 -10.497507194954713
15900 -11.748888099343816
16000 -13.778624751326763
16100 -15.211682638338091
16200 -14.457640137212039
16300 -15.64435466764145
16400 -15.03771608268659
16500 -14.511200388241605
16600 -15.027047573115361
16700 -17.117661948616366
16800 -16.79872045321507
16900 -16.306031645273848
17000 -15.402012306991452
17100 -16.802772253682594
17200 -16.46450474498617
17300 -14.900554323096806
17400 -16.39737578051127
17500 -15.818802642256442
17600 -15.350619943026066
17700 -15.355305882471546
17800 -15.06344465718409
17900 -13.199206190340606
18000 -13.268698290795761
18100 -12.400168932353838
18200 -11.849805200224978
18300 -12.480464988539115
18400 -12.034068894169556
18500 -12.572433327470621
18600 -13.984005282263288
18700 -12.367534856687003
18800 -10.772925869758659
18900 -10.60767935733086
19000 -8.183150682449222
19100 -11.328449344459607
19200 -11.145898069934853
19300 -10.123227830703815
19400 -8.94542735483974
19500 -9.500224360460129
19600 -9.069796435171332
19700 -9.608055553418374
19800 -10.268160044489582
19900 -12.123838007833221
20000 -12.230472519896265
20100 -10.36464742664942
20200 -10.613581277567942
20300 -9.435187603562207
20400 -8.255731360550556
20500 -8.493834341634317
20600 -9.801985652761454
20700 -10.36049806022248
20800 -11.102571896675634
20900 -13.153883454489279
21000 -11.284908888195618
21100 -12.248134779913524
21200 -12.845753815784782
21300 -10.634367121384546
21400 -11.918008910835074
21500 -10.840437481299134
21600 -10.049616673906035
21700 -12.032455282618029
21800 -11.587936794981841
21900 -11.281853938459546
22000 -11.33042466631115
22100 -9.94498236937871
22200 -9.226964080649001
22300 -9.35529683265247
22400 -10.646793866675866
22500 -7.820743810831714
22600 -8.70522558300694
22700 -9.734852517763647
22800 -12.511836694741453
22900 -11.503538300911828
23000 -12.879935111211124
23100 -12.920131695734263
23200 -11.331673705152243
23300 -10.512746950349447
23400 -10.506101561050366
23500 -12.116874927387324
23600 -13.109711250203183
23700 -13.838916777117792
23800 -11.828273551690518
23900 -9.658296830464838
24000 -10.301116198484873
24100 -12.086597700973758
24200 -12.468740998004892
24300 -12.189447395549742
24400 -12.74602470630787
24500 -11.73736527833563
24600 -11.328940617201129
24700 -11.004260305213672
24800 -11.23508651751222
24900 -9.737785949004325
25000 -10.426649331496142
25100 -9.932237303445364
25200 -11.681528389233891
25300 -10.872769777884816
25400 -12.358616018335013
25500 -9.305336619090706
25600 -8.375950703617095
25700 -10.353847583322267
25800 -10.888461959142042
25900 -9.178669416982089
26000 -8.088778776831822
26100 -7.8931642666991655
26200 -8.915418970252496
26300 -11.457941169807384
26400 -10.856303950312746
26500 -10.557587376384294
26600 -12.3095785410857
26700 -10.713580008077365
26800 -9.222484898862104
26900 -8.273170032420056
27000 -11.177147188981836
27100 -12.084407021783292
27200 -9.427716122108576
27300 -9.805945578423575
27400 -6.946163581323913
27500 -9.386692745340008
27600 -11.370887742433363
27700 -12.425305655492632
27800 -12.577124660702289
27900 -10.087103470215581
28000 -11.966015559425237
28100 -10.354590454139077
28200 -8.631618853953416
28300 -7.753028967759712
28400 -8.67734965929524
28500 -9.754723440645712
28600 -10.255119573337558
28700 -9.524830577958125
28800 -9.24010820764618
28900 -10.179956873550537
29000 -10.366256894358102
29100 -9.068864391121291
29200 -7.630080640598262
29300 -10.091420608248447
29400 -10.556826402616355
29500 -11.12371449900445
29600 -10.33871590484813
29700 -11.218168284954997
29800 -9.356774254559815
29900 -9.498998813251369
30000 -7.595688282452939
30100 -8.64243959482226
30200 -9.064429148155881
30300 -11.182413002232957
30400 -10.418975550442884
30500 -10.459637203345437
30600 -8.939315784623071
30700 -10.932572015019952
30800 -11.424931609464764
30900 -11.066175982582934
31000 -7.251019315572946
31100 -0.4420625805353266
31200 3.0564546878765397
31300 3.7337775807351825
31400 7.171447989996824
31500 5.576268084644035
31600 4.386697220510509
31700 3.7781385763835575
31800 5.732287340514379
31900 3.1015880686392676
32000 -3.0735225940536206
32100 -10.482089443377003
32200 -10.259782915607158
32300 -11.293462525534984
32400 -12.06079274567748
32500 -13.954353500627601
32600 -13.01481318350696
32700 -11.27436841883856
32800 -12.760089374726206
32900 -10.732786401480748
33000 -11.420799757325051
33100 -11.874840791213916
33200 -10.481104701809704
33300 -10.945169096538953
33400 -9.956851840577375
33500 -10.384147427737068
33600 -10.460961625084582
33700 -8.116024253508579
33800 -8.541179136661782
33900 -11.568597761112596
34000 -8.859287568292197
34100 -8.10204137742759
34200 -9.585849310722132
34300 -9.509059665926234
34400 -8.979318991434791
34500 -7.64857688352282
34600 -8.248356228123546
34700 -8.615743804388263
34800 -8.280613813798341
34900 -7.785445122306737
35000 -7.189217991396411
35100 -7.379763802000215
35200 -8.06108483355682
35300 -9.86529513728855
35400 -5.657182852440162
35500 -6.7829219842821535
35600 -8.822647306098203
35700 -7.348700533030063
35800 -8.451323037540048
35900 -10.055005823938398
36000 -7.82704026222048
36100 -8.883273300621301
36200 -8.016644044015221
36300 -11.159039217765278
36400 -9.146832511919795
36500 -8.702337452425096
36600 -10.712790450635202
36700 -10.613329240634364
36800 -9.832126498962666
36900 -7.886103786747215
37000 -7.549139493171258
37100 -6.837912974725647
37200 -8.499110443762003
37300 -9.650507527482317
37400 -9.59382553983857
37500 -8.50469645016947
37600 -7.707956504433815
37700 -8.113068290667343
37800 -8.140265876509584
37900 -7.280868456564703
38000 -7.501959829551282
38100 -11.66825629112083
38200 -11.55906090035984
38300 -9.784222996264859
38400 -8.259530466105737
38500 -10.048674192711236
38600 -9.488045249956292
38700 -9.470315088913141
38800 -9.719846614634605
38900 -10.966902179313442
39000 -11.24510538601101
39100 -1.408290228386432
39200 1.1700638928370926
39300 3.0868744174732368
39400 4.043802231270637
39500 5.508754024137466
39600 5.453483440056943
39700 5.558666516785046
39800 6.412485134803554
39900 4.21056444499309
40000 5.653967732538971
40100 6.97193680900298
40200 3.7933140389996436
40300 5.237533859804355
40400 3.6027039737066024
40500 4.477899302672936
40600 6.919945422295465
40700 5.172273901068967
40800 5.9817221608020885
40900 4.1601869172102015
41000 1.6401504811600294
41100 3.904487696719981
41200 4.78187883112588
41300 5.3732046710206625
41400 4.6916299665086125
41500 6.031170727093741
41600 5.199896186001799
41700 3.0956959425357966
41800 5.261384468352932
41900 3.953239646747439
42000 3.947319695952621
42100 4.574565597344094
42200 3.2702830542778063
42300 3.500107442765896
42400 3.9957581945565597
42500 5.255111934297172
42600 5.207473219397905
42700 6.8499407284278835
42800 4.302767776243678
42900 5.5786151265345065
43000 6.940701333787245
43100 6.002605942956282
43200 2.953395156191637
43300 5.1365300242709875
43400 3.272991924719612
43500 1.9713656418385221
43600 4.999202609713721
43700 5.272775988767467
43800 5.038122612669159
43900 4.488511933015197
44000 3.897671822002655
44100 4.62274894176523
44200 3.965345530406406
44300 2.3663824494631274
44400 4.674277656545842
44500 3.6147374577414846
44600 4.187836380075746
44700 3.9429733892595284
44800 3.1069508360916163
44900 5.0297100245762385
45000 5.076269458576196
45100 2.072553157498522
45200 1.2427866620563734
45300 4.094876320953273
45400 2.9350000070127407
45500 4.740929948449077
45600 2.9014884224473487
45700 2.2486640632429378
45800 1.5434177411650971
45900 3.183870292631718
46000 0.6908834329727582
46100 3.6005242317543837
46200 1.752545480274789
46300 3.904015747086331
46400 1.231588319010232
46500 0.49827673283682156
46600 2.118411326738996
46700 1.7851059628539498
46800 1.2248072831414112
46900 2.4570677768480866
47000 1.1258443827378837
47100 -1.9529016031691346
47200 -11.07561599356167
47300 -10.688003434105198
47400 -9.728200011465303
47500 -11.571399104966682
47600 -9.418586873292808
47700 -8.283411271152868
47800 -7.124429415775043
47900 -9.678343391356599
48000 -10.602283678090297
48100 -8.594618331289878
48200 -9.00546525798904
48300 -9.246040041558755
48400 -8.274157262039365
48500 -5.91098436445152
48600 -7.454906881015129
48700 -8.476278502619904
48800 -8.405692656992732
48900 -9.271493089855978
49000 -1.0902753563744265
49100 2.041159202581646
49200 2.617276040905037
49300 5.078364050325981
49400 3.230919604954585
49500 5.881913950831054
49600 5.576464126828963
49700 2.851374426542378
49800 2.8023635336738435
49900 2.7139438435096173
50000 -5.280379229781751
50100 -6.449289321201516
50200 -6.2505168955197155
50300 -5.2643338005262015
50400 -3.9524731628555503
50500 -6.4364831387051336
50600 -10.584211774417199
50700 -7.919960452683228
50800 -6.946679182740595
50900 -6.798854966894497
51000 -7.629268731165752
51100 -5.767097292025503
51200 -7.186957074428538
51300 -9.292372404049374
51400 -8.742166260671013
51500 -6.738900630361531
51600 -9.536551354895137
51700 -10.042521893712236
51800 -9.97895423267257
51900 -11.118975738909038
52000 -11.876680053110046
52100 -13.504662912783802
52200 -8.90179285619978
52300 -9.125694375158748
52400 -8.854897827556423
52500 -7.121911574022504
52600 -7.425218322172144
52700 -5.287185606010683
52800 -9.864374685366037
52900 -8.608549665887253
53000 -11.147769765699993
53100 -11.696726391380183
53200 -11.112644860924974
53300 -9.686878199847818
53400 -9.009997148729758
53500 -11.136956584807214
53600 -10.708079333731117
53700 -8.04851846157517
53800 -5.999802734376438
53900 -4.232998687496934
54000 1.4128072047960332
54100 0.8548501523342023
54200 2.5008768554850187
54300 5.087273218509504
54400 3.989184215678975
54500 6.029524455360526
54600 7.232537284619167
54700 7.966981308083057
54800 6.7991927447652305
54900 7.512014844765238
55000 3.8650382526920595
55100 -0.9516907375737786
55200 -2.3114798441353765
55300 -2.6787152342307747
55400 -4.768841666210291
55500 -3.411169916456729
55600 -6.431106903420697
55700 -7.668544732954695
55800 -7.931175235033394
55900 -5.093949621949227
56000 -8.084822401575877
56100 -4.589727308014683
56200 -4.465919993951539
56300 -4.2326522747614375
56400 -6.55991362471345
56500 -5.747437489689038
56600 -8.239829325242756
56700 -7.52711686926643
56800 -7.925241897876334
56900 -4.127302194313246
57000 -6.071398064913643
57100 -6.316189769047773
57200 -7.665990905475767
57300 -5.020172050301231
57400 -7.925715285682719
57500 -8.594327368416327
57600 -7.422823907210097
57700 -6.518999434870159
57800 -3.6342578593514405
57900 -5.8981583441468475
58000 -7.332824303084934
58100 -5.800156625340913
58200 -5.762468650145367
58300 -6.939752912470581
58400 -7.518176429036629
58500 -5.222154084983768
58600 -6.333580311796208
58700 -6.398635913903511
58800 -7.470294398999298
58900 -5.323137144017768
59000 -3.9182577937005303
59100 -4.2709845271430895
59200 -6.64238604541657
59300 -5.1501377839561915
59400 -5.591937588455923
59500 -6.770658578485147
59600 -7.677066167754744
59700 -6.127911264818272
59800 -4.847925700373475
59900 -7.127719088621579
60000 -5.692756396927898
60100 -5.812748641188115
60200 -4.973860092222536
60300 -7.6918838148228295
60400 -7.169712321153388
60500 -4.785167368181972
60600 -4.517868079049635
60700 -2.762910672392695
60800 -3.761625717552415
60900 -6.916011829329063
61000 -8.63406768946728
61100 -6.279600421150014
61200 -5.730836512208776
61300 -5.514174327049978
61400 -4.888128754251701
61500 -3.782100627285299
61600 -5.772906933034373
61700 -3.748332055371779
61800 -4.0239953680892935
61900 -9.026455103165251
62000 -8.250347525913282
62100 -7.081258432537565
62200 -7.023866969933864
62300 -7.208466803009479
62400 -6.6643530125308335
62500 -8.420956973334942
62600 -7.809710544024206
62700 -7.497755182014501
62800 -9.797139204910708
62900 -12.303635587808786
63000 -12.036624287899865
63100 -9.394928714535576
63200 -8.580949214902104
63300 -9.97363483776975
63400 -9.561173639010086
63500 -12.667090665170265
63600 -9.671980021097948
63700 -11.429190934271814
63800 -11.408181740669539
63900 -11.107865955385414
64000 -10.044440618753464
64100 -10.636009969803567
64200 -12.121255537836356
64300 -11.254279198433473
64400 -8.582404607439775
64500 -7.971656036565937
64600 -9.725166706822913
64700 -11.495483169698923
64800 -10.335211004073363
64900 -7.63685568105394
65000 -4.332668344069999
65100 0.987672768879319
65200 2.041609638711579
65300 5.832252707478161
65400 4.250914657669851
65500 3.4368398482122138
65600 6.079509348503979
65700 4.610236857617993
65800 2.583568704771377
65900 5.613141984516286
66000 5.00880530602005
66100 5.78347267324073
66200 6.537626929912724
66300 -4.5854320340729755
66400 -9.402330992553612
66500 -8.260524236142503
66600 -9.96080164740718
66700 -10.593983765981928
66800 -12.729484739416252
66900 -10.007424172877156
67000 -8.890909433134977
67100 -9.171218718609104
67200 -7.694843769238806
67300 -11.143241268535588
67400 -9.211564821645721
67500 -10.279177570218314
67600 -9.223076851390905
67700 -8.855689729702197
67800 -7.406698773992203
67900 -6.068999978833793
68000 -5.039167112936076
68100 -4.540140632822036
68200 -5.381414005085031
68300 -6.091901373767918
68400 -5.77757181844033
68500 -7.010792068918111
68600 -7.777682387914615
68700 -4.381403541134465
68800 -3.8853218697649767
68900 -8.192700266270394
69000 -5.31937634864041
69100 -5.085383002599638
69200 -7.7058758450064895
69300 -7.962335537690061
69400 -8.068110724284526
69500 -10.169085859018496
69600 -8.167950448068149
69700 -9.609745057939358
69800 -7.5176162197214165
69900 -8.910983243602729
70000 -8.240475268200203
70100 -10.441328074861369
70200 -4.2686709700783965
70300 -6.642743823252746
70400 -6.68492608861112
70500 -9.47252881641243
70600 -8.503018980261224
70700 -11.370942523775714
70800 -9.011209053579892
70900 -5.781168817032808
71000 -6.694849494924684
71100 -5.809947725899903
71200 -8.410128818427792
71300 -8.4983544581797
71400 -7.501721657208102
71500 -6.341463680186798
71600 -7.069959299278085
71700 -7.8490155234498
71800 -7.1813783943592835
71900 -6.202257149881497
72000 -5.771823600051289
72100 -4.287167892699688
72200 -6.226409548569284
72300 -4.366990036252571
72400 -6.790583554481995
72500 -5.7221476017968405
72600 -5.99934407285557
72700 -5.477464129038211
72800 -5.3306660392588885
72900 -4.327319751643773
73000 -3.080230614938472
73100 -5.829894615553517
73200 -8.369763170455839
73300 -8.097188863152045
73400 -11.297062527593932
73500 -13.128068121145025
73600 -15.034185838866101
73700 -14.851379408360462
73800 -14.526642258834197
73900 -12.294064638381027
74000 -10.912976417173105
74100 -7.339288827819267
74200 -7.323472193459205
74300 -7.798500156966515
74400 -8.09840892386994
74500 -7.804604845264042
74600 -9.147200572794336
74700 -11.41459929717078
74800 -10.849214885751772
74900 -11.81296211220383
75000 -11.561968549934914
75100 -10.295529976476987
75200 -12.043109634074828
75300 -9.659235214594792
75400 -10.652030629817439
75500 -9.177831591617528
75600 -11.168253255443416
75700 -8.153325931698294
75800 -6.739312135810765
75900 -6.922323147908828
76000 -8.50257888657882
76100 -10.60828388413923
76200 -8.156427734202696
76300 -7.5626452988966255
76400 -7.81420718074908
76500 -7.86925717149614
76600 -11.945766357264704
76700 -8.245945764976572
76800 -9.014848114493434
76900 -7.1051076111263605
77000 -7.95126219809144
77100 -9.09630481620068
77200 -9.613881983669655
77300 -10.078022487367138
77400 -10.163546647493604
77500 -12.39129049499011
77600 -13.559884731412941
77700 -11.294428910905898
77800 -11.987945813096411
77900 -10.743917999573178
78000 -9.927650473102824
78100 -9.021736443741162
78200 -6.335756038305547
78300 -7.547988906721784
78400 -8.744501253279509
78500 -10.173247453498583
78600 -12.590908668772661
78700 -12.146659797888416
78800 -9.14611865251805
78900 -10.84148677468463
79000 -9.986917838085994
79100 -9.516196783245707
79200 -9.539817078007276
79300 -10.4138944981655
79400 -9.444408448993693
79500 -10.23789753606879
79600 -9.75698614030191
79700 -9.958708182909346
79800 -8.362818730181157
79900 -8.458259757548783
80000 -7.995380123795952
80100 -8.852216664020483
80200 -8.439226242896899
80300 -8.149616620765954
80400 -7.941825900808264
80500 -7.232812760601708
80600 -7.729452638514751
80700 -5.904472760537095
80800 -8.529499222061185
80900 -8.979136116121772
81000 -9.054082214151679
81100 -8.430692928945154
81200 -9.004421112734954
81300 -8.206261396876192
81400 -7.303128538311877
81500 -7.655369517782062
81600 -8.643836246150235
81700 -8.0069367747546
81800 -7.043568881222343
81900 -8.469164734083792
82000 -8.416864720318394
82100 -9.238981142610811
82200 -8.585902536361631
82300 -7.67148637788488
82400 -8.08661943371573
82500 -9.519914332250988
82600 -9.234987931853054
82700 -9.326659660387326
82800 -8.858775703083827
82900 -9.09420190669826
83000 -8.996539819935492
83100 -9.999529788623592
83200 -9.013081511897878
83300 -7.238559456731707
83400 -7.450657137595439
83500 -9.603620307408377
83600 -11.989764844813369
83700 -13.236925140021839
83800 -12.80699603122615
83900 -12.237607781347593
84000 -12.783796927750693
84100 -14.685860816149479
84200 -16.666339315264086
84300 -14.21494819459933
84400 -13.313092552824347
84500 -13.561093895109666
84600 -12.569190056191218
84700 -13.520447393275235
84800 -13.713431067868996
84900 -14.150565033877285
85000 -15.197077633044216
85100 -14.248612433319458
85200 -13.670370525432734
85300 -14.16191412837616
85400 -13.34552549365599
85500 -14.025517122201048
85600 -14.013205693871102
85700 -14.721822405326773
85800 -15.235205087324589
85900 -12.838287238415958
86000 -12.73018241448446
86100 -12.456645132278668
86200 -13.857368167267138
86300 -14.551969615403388
86400 -13.493987468948252
86500 -7.689417718029813
86600 -8.389843862363014
86700 -8.162895661847884
86800 -8.700525899431494
86900 -7.90436507351414
87000 -8.808662429611628
87100 -8.709594268937826
87200 -5.654740004351476
87300 1.022341555570898
87400 1.7546476357267327
87500 3.542697321599289
87600 2.0109418443769442
87700 6.2181097593902
87800 3.480417930238896
87900 3.3080692771080455
88000 3.378777186750665
88100 5.019757503974433
88200 -0.794646717524023
88300 -6.422732270255289
88400 -7.896597973536198
88500 -9.206982709734703
88600 -6.711446556176862
88700 -4.594393417255473
88800 -4.01933594916323
88900 -3.881418524741829
89000 -1.2899949454758108
89100 -2.2149343058750124
89200 -2.097264793239225
89300 -4.942542119295215
89400 -3.881139751548816
89500 -3.495548451778621
89600 -4.115648026878651
89700 -2.122331482185773
89800 -2.3301822996924355
89900 -2.9272092269081456
90000 -3.98784721182226
90100 -2.60659323260773
90200 -4.3825836690223365
90300 -6.368271420138504
90400 -5.572479973859851
90500 -4.570796898195575
90600 -7.587886267849476
90700 -6.168140232192839
90800 -3.217042305151738
90900 -2.6388041476580866
91000 -2.758608838295628
91100 0.25685195233705743
91200 -1.6940715832177686
91300 -2.2441166973947264
91400 -1.8504542604526897
91500 -4.116434656848137
91600 -1.5341740340976227
91700 -3.477490202885946
91800 -2.3808455677404234
91900 -1.3574290578836772
92000 -2.282795970036881
92100 -1.5277430062861093
92200 -1.238541732030062
92300 -0.005573583130640547
92400 -3.645858877532496
92500 -1.7440310411385378
92600 -1.6103710666667532
92700 -4.266911866365913
92800 -2.6334492670107084
92900 -0.26222467692141976
93000 -0.5084126674852605
93100 0.7801739572844166
93200 -0.764153447565612
93300 -1.7977222743324563
93400 -2.393295392103351
93500 -1.2610598922473863
93600 -0.8073227378770267
93700 -1.1379057631059117
93800 -1.4876577850181207
93900 -0.13794151257102444
94000 -0.4051995523139317
94100 0.6246619962141406
94200 1.7347023086577646
94300 -0.5355683207216329
94400 -0.05714982345092101
94500 2.473843441642119
94600 6.4230974931847715
94700 7.582309349694482
94800 7.016920748199669
94900 4.855565953647018
95000 4.207723455214577
95100 4.272232861489201
95200 5.444333652662188
95300 6.4585324237983395
95400 3.613112917639826
95500 4.2654618815862895
95600 4.458836968926373
95700 3.759777310795169
95800 5.968741364773153
95900 6.338418770680502
96000 5.248104690274803
96100 4.931206955415305
96200 4.4295786033313735
96300 2.036613965045183
96400 1.1312917712602832
96500 3.2402710832652777
96600 2.5227012592860443
96700 4.204166369081997
96800 3.743678331961215
96900 2.9252642143578274
97000 4.809022067077559
97100 4.62607366042637
97200 0.9951778942215475
97300 2.1798769829763716
97400 4.275752152909794
97500 5.190413941494976
97600 5.8821420000085745
97700 4.799447474835286
97800 6.501384880424265
97900 8.814108183242121
98000 7.9033904844344685
98100 4.511981206831895
98200 2.8531250185728365
98300 4.171932590554331
98400 5.468077722589503
98500 3.3895705667748737
98600 4.450215734640659
98700 5.32974224300037
98800 3.324688516963133
98900 4.104975653555858
99000 6.623678522064284
99100 6.894852878380092
99200 7.379078945681771
99300 7.758105517059403
99400 -4.398776011391118
99500 -10.680579937476391
99600 -13.88012339887795
99700 -12.969172928253151
99800 -14.811668072012129
99900 -13.720501587968034
100000 -10.279268397338319
100100 -11.55231631893302
100200 -9.899705749343843
100300 -8.427383121578858
100400 -10.058877237279455
100500 -12.211804816076896
100600 -11.361035181866399
100700 -7.5384077703625945
100800 -7.439208944470304
100900 -9.114141174621112
101000 -7.776344226846641
101100 -8.733769735135356
101200 -9.958675169118711
101300 -8.148104537081121
101400 -8.622936026222037
101500 -10.61770620045487
101600 -9.203069035363981
101700 -9.611636901802912
101800 -8.678261196433633
101900 -9.021274468275871
102000 -6.887318710053143
102100 -8.888287549438427
102200 -9.512296686245117
102300 -7.517412664635583
102400 -6.008933240768297
102500 -6.930571905752856
102600 -10.123062469961152
102700 -7.95960239243306
102800 -9.170389728763173
102900 -8.274636217203764
103000 -6.716100103935111
103100 -8.095183292563105
103200 -9.575638556948496
103300 -6.352537067625821
103400 -5.3403056875398915
103500 -8.47856639602148
103600 -6.432033119024533
103700 -8.833765570818699
103800 -9.711245050286944
103900 -10.178609695398887
104000 -10.97615994481229
104100 -10.689629131219558
104200 -7.740959611311168
104300 -7.796058003850755
104400 -7.044109437584755
104500 -8.390605422609454
104600 -9.347202237255509
104700 -11.859228906584818
104800 -11.206474407429425
104900 -8.716881335917817
105000 -9.308428769528366
105100 -10.066917857449727
105200 -10.452377952697654
105300 -9.369533388367277
105400 -10.381328163556208
105500 -10.07182207480365
105600 -8.861935190598311
105700 -8.293427919340555
105800 -7.931746595662811
105900 -8.302726138732037
106000 -10.61069848409353
106100 -6.736575690691729
106200 -9.092913383888158
106300 -8.576436426487286
106400 -7.766647180327777
106500 -8.230519905319753
106600 -7.416320681956168
106700 -6.930392381905013
106800 -7.750873889067505
106900 -8.732648605886851
107000 -8.490884357446618
107100 -8.701371507442166
107200 -7.936205605042415
107300 -8.26117266724804
107400 -8.156947142983407
107500 -9.227734030560997
107600 -8.067667988285553
107700 -5.045939819093231
107800 -7.8462868233887315
107900 -8.280317516939235
108000 -8.753631582033735
108100 -9.49613707004436
108200 -8.997910771988298
108300 -7.8974905253912855
108400 -9.030804584707157
108500 -7.850856313963707
108600 -8.156544991645365
108700 -6.361744759602919
108800 -8.34084213402816
108900 -10.126253013043536
109000 -9.271824588106043
109100 -8.529863067034563
109200 -8.803302648291414
109300 -8.062820047493258
109400 -8.912675104030301
109500 -9.377746881800453
109600 -9.905589330913305
109700 -10.114582417740264
109800 -9.65643002363468
109900 -9.370509729018703
110000 -7.825108742879583
110100 -5.702502058394356
110200 -6.501098261473416
110300 -8.412189366276834
110400 -8.591183491201525
110500 -7.463773686386441
110600 -8.203565851732305
110700 -6.40514126377768
110800 -7.071139392704147
110900 -8.15921473769105
111000 -9.595601382690017
111100 -9.267222056153692
111200 -8.726436746917855
111300 -10.465923392893812
111400 -11.024062821045144
111500 -11.439407825216435
111600 -9.753195391231326
111700 -9.57930448194052
111800 -8.012636298194359
111900 -8.539436792529283
112000 -7.527127513072709
112100 -5.978179995725513
112200 -8.192521351474921
112300 -10.39927116069455
112400 -8.868090816156897
112500 -11.246319280432244
112600 -9.321591981943376
112700 -7.51324463375901
112800 -9.474367956115179
112900 -8.373941517352394
113000 -8.801225397977209
113100 -10.914420136807829
113200 -7.852215961455905
113300 -6.977483658437377
113400 -8.663008816313946
113500 -7.8384369960635025
113600 -7.986994220549634
113700 -8.863685501116162
113800 -9.298791295441044
113900 -9.104722316480194
114000 -10.06718957160327
114100 -9.81673290833036
114200 -11.15602555910449
114300 -10.079458760215841
114400 -8.610972168802638
114500 -5.726816891287242
114600 -5.855028089236804
114700 -9.07052707224631
114800 -7.891555540697267
114900 -8.091902515521909
115000 -7.513241977674801
115100 -9.074344100357834
115200 -11.831685230024789
115300 -10.706763134930265
115400 -10.536365708350127
115500 -13.163614686895787
115600 -10.31274140786179
115700 -10.14111317768433
115800 -8.036813506254461
115900 -8.125940133231593
116000 -7.072670106746854
116100 -10.013204129965732
116200 -10.642913514634854
116300 -10.658290198947208
116400 -8.503661504847662
116500 -7.56293720457402
116600 -5.59409730958715
116700 -5.559260298222898
116800 -5.875718403358716
116900 -7.385526777904212
117000 -6.297172597876951
117100 -9.489232628858066
117200 -7.043524605889283
117300 -7.14133622211492
117400 -8.607316866579252
117500 -6.044512460486654
117600 -6.789180531948884
117700 -6.24318195136227
117800 -6.463091475201304
117900 -7.160231916727186
118000 -7.3706803760477335
118100 -7.584382661161546
118200 -9.09429295092657
118300 -9.537077624630784
118400 -10.546892752533246
118500 -8.470901111270425
118600 -9.704374775588231
118700 -8.174248881831002
118800 -9.068621279065065
118900 -6.15282577012204
119000 -6.051081432414263
119100 -7.494679560589178
119200 -6.2215111501467915
119300 -6.248693781882118
119400 -9.650897650236153
119500 -9.32365841155155
119600 -10.779357726350227
119700 -6.387020120324172
119800 -5.305007368617972
119900 -8.164076903645036
120000 -7.3965841261105405
120100 -9.577029910191882
120200 -7.9394877544066125
120300 -6.748613247014544
120400 -5.660468002865376
120500 -7.978197097057369
120600 -6.4992245017766646
120700 -6.38951802997023
120800 -7.949808684250486
120900 -9.391521413120548
121000 -7.9202991070013775
121100 -8.006576965452394
121200 -8.72521504397739
121300 -8.102183890941
121400 -7.214725190396723
121500 -6.745652669428546
121600 -6.067677449644747
121700 -5.139926954127252
121800 -5.284840885950768
121900 -11.731639940020564
122000 -16.367457961786098
122100 -17.24178241560857
122200 -17.084140515784316
122300 -17.24170977673891
122400 -16.3240137376
122500 -17.0852490426892
122600 -17.218332796340707
122700 -17.374407990752534
122800 -17.505966504486093
122900 -17.806595388536476
123000 -17.201591271725064
123100 -18.176713219526317
123200 -18.018381896515848
123300 -18.13599097783203
123400 -18.09605814322795
123500 -18.495306445870884
123600 -17.10094745002992
123700 -17.99078375639225
123800 -17.722270532275115
123900 -16.790724500413948
124000 -17.964090428176178
124100 -17.726847347878284
124200 -17.16182243906568
124300 -17.04793097230872
124400 -18.66497306776837
124500 -17.93987550486327
124600 -17.651481244301728
124700 -17.778701044423297
124800 -17.666000767007894
124900 -18.009295115554405
125000 -18.17177538066574
125100 -17.144554777744695
125200 -17.711356444402657
125300 -17.110150490979375
125400 -16.318943396726155
125500 -18.036560036055334
125600 -17.883717981219363
125700 -18.32667832295498
125800 -16.94585810565373
125900 -16.336885651012317
126000 -17.332818410486208
126100 -17.400081469641805
126200 -18.112985135570497
126300 -17.099483435326906
126400 -17.064627836911306
126500 -17.162973896060585
126600 -16.717539378420575
126700 -17.622348369251455
126800 -17.98859001473447
126900 -16.597536979305595
127000 -17.47280451756721
127100 -17.352766277490097
127200 -16.313241237571585
127300 -17.279115836795707
127400 -17.426533707789652
127500 -12.261651962864105
127600 -8.001055467805466
127700 -7.009313038910938
127800 -11.093917571309737
127900 -15.033474889302946
128000 -15.076221620293168
128100 -13.508880726192023
128200 -13.151948987407602
128300 -14.292526712176382
128400 -12.246830931863697
128500 -12.58081623451819
128600 -12.320855027673376
128700 -13.200537575972437
128800 -13.422210625152927
128900 -12.88295864970328
129000 -13.76131863012979
129100 -14.379100963208712
129200 -14.709669638036797
129300 -13.573383437191692
129400 -13.459833522546017
129500 -14.1899228772497
129600 -13.385561960738245
129700 -12.554914802739317
129800 -12.391500980295014
129900 -11.862884755485101
130000 -12.531981240130913
130100 -11.825923771952406
130200 -12.20404300742317
130300 -8.710915148681691
130400 -5.737193206666383
130500 -7.383954018828117
130600 -5.597987308262763
130700 -8.657159487889645
130800 -10.722908912439996
130900 -12.420990807029593
131000 -12.087190081248815
131100 -12.489128857265763
131200 -12.615687240410455
131300 -11.904691425130293
131400 -9.111969041715978
131500 -9.053257893414116
131600 -11.491195235587229
131700 -12.22927542177631
131800 -11.158076215843007
131900 -9.91958692020341
132000 -12.09128691233194
132100 -12.488183160293627
132200 -10.132494618840395
132300 -6.434824430489727
132400 -5.3766930194435405
132500 -8.029380836382265
132600 -5.965504996266075
132700 -8.508735803477702
132800 -11.075463637041944
132900 -12.107190092529766
133000 -12.26933733759151
133100 -12.29613469179002
133200 -12.967409575878701
133300 -9.904019000208896
133400 -10.594570677841176
133500 -10.996407779276284
133600 -9.369561728241893
133700 -8.210455970930877
133800 -10.31591272976895
133900 -9.33637930994718
134000 -11.889689122541881
134100 -12.556135616208225
134200 -7.539705208879958
134300 -8.952097837125221
134400 -9.43257820784566
134500 -10.077176159862063
134600 -10.040398408698815
134700 -8.832173209499667
134800 -7.981840800838481
134900 -10.55760776299695
135000 -10.539906436049606
135100 -9.583766642560589
135200 -9.915640814074358
135300 -8.149398304636108
135400 -7.262722178392658
135500 -6.667895397777137
135600 -7.863292433619812
135700 -10.02152346810346
135800 -9.86221420006232
135900 -9.87323749559738
136000 -8.671001805363609
136100 -4.236162102646525
136200 -5.120622523730898
136300 -7.918667131276956
136400 -8.795971248833858
136500 -8.173695516658668
136600 -8.95973931386772
136700 -6.970843343707496
136800 -5.661490247659735
136900 -8.533284741014771
137000 -8.861168564113012
137100 -9.821781803528001
137200 -10.009915865163672
137300 -9.53999921023033
137400 -11.20978740155176
137500 -10.893141675147152
137600 -13.255960446548967
137700 -12.24859208076172
137800 -12.987911577581137
137900 -11.163904506370026
138000 -11.70454971610663
138100 -9.676183031721742
138200 -9.300912716505492
138300 -11.47101592517778
138400 -12.219848295040386
138500 -11.90865942277738
138600 -13.384377570470502
138700 -13.849936256475067
138800 -12.669790088026456
138900 -13.082687811400959
139000 -10.700993062082178
139100 -8.500922249417204
139200 -4.81593067859542
139300 -8.509267213866389
139400 -9.810801737069289
139500 -11.30078866146051
139600 -8.19056650581241
139700 -6.473321464337453
139800 -3.6938234746085663
139900 -2.7552901880204246
140000 0.25903220578971825
140100 -4.660123628600051
140200 -7.901618458010148
140300 -8.905083544522485
140400 -8.591751622212213
140500 -8.664728176990826
140600 -9.399644250886926
140700 -10.651034397800618
140800 -10.860782564055139
140900 -9.23970958664271
141000 -11.522283254961817
141100 -10.372747406790666
141200 -8.749864710618823
141300 -8.64789263065398
141400 -8.383759649391223
141500 -7.301968412587958
141600 -9.424697562426228
141700 -9.490742138774635
141800 -6.615185331644284
141900 -6.944547590075486
142000 -9.049600149853132
142100 -10.860219130145904
142200 -8.111235544515827
142300 -7.913773782706317
142400 -7.199628375755352
142500 -8.877603909981183
142600 -10.847553936696421
142700 -9.64379930149327
142800 -8.509204499451391
142900 -7.209922696081107
143000 -7.898002719498657
143100 -8.175130159735225
143200 -9.78605968187198
143300 -9.4238023223589
143400 -9.428360876669755
143500 -7.636558930625485
143600 -7.220629940551028
143700 -9.28208076967247
143800 -7.454022411430868
143900 -6.9335283493505795
144000 -6.4569649492898415
144100 -8.03252150366333
144200 -6.795414015785185
144300 -5.749369717497724
144400 -4.521482906748614
144500 -3.423450574306234
144600 -0.5022403794312804
144700 -0.9661364900106502
144800 -0.35625029203037845
144900 1.429759988948813
145000 1.084588998800959
145100 0.6330091896029972
145200 1.9397887067165152
145300 0.4203451355339733
145400 0.4781114932048954
145500 -1.5379286753087442
145600 1.99272737017282
145700 1.326742132239449
145800 2.1908248017625658
145900 -1.3934899679049826
146000 -9.383765830624133
146100 -11.53008594803407
146200 -10.188554077086955
146300 -9.974298852586799
146400 -9.339167293971606
146500 -7.5225317571414045
146600 -9.448384788100809
146700 -7.516370888169732
146800 -9.53240533728881
146900 -7.735394567396677
147000 -7.266323664481023
147100 -9.117858725084556
147200 -6.8919142825156605
147300 -5.181086129119796
147400 -6.112481448006252
147500 -7.685334768978836
147600 -0.7478688417230555
147700 3.363251654809468
147800 1.5636099395161736
147900 1.00558318208988
148000 5.477177828689007
148100 3.65634345648192
148200 5.1638954286221495
148300 1.8925965392520954
148400 5.16003609322084
148500 4.020713021940986
148600 1.1343427573242777
148700 -3.6616351946443975
148800 -4.480160277128464
148900 -4.134818196106955
149000 -5.251147338180773
149100 -6.733646156794128
149200 -6.470318364418035
149300 -6.801228770111438
149400 -8.262266730079437
149500 -9.961931145720252
149600 -7.878643860693281
149700 -7.7983122593066545
149800 -8.158041276800942
149900 -8.215965960313916
150000 -9.687599082904942
150100 -8.955237327174675
150200 -7.404683324873886
150300 -6.4654691179651715
150400 -9.353034121676597
150500 -10.006717306770014
150600 -10.081820831078183
150700 -9.246433929426878
150800 -8.426076341034188
150900 -8.830847944519501
151000 -8.871600373090564
151100 -7.806345336737885
151200 -4.859811185087824
151300 -5.694851122893076
151400 -1.7647711417466283
151500 -1.6064531249527982
151600 -0.7302388988453767
151700 0.17781266780054406
151800 1.5178775467804086
151900 3.1028329174535667
152000 0.6850004220946215
152100 -1.4001826356499751
152200 -0.3626949181949021
152300 -0.2331832090026173
152400 -0.31472239734963553
152500 0.6902104756257417
152600 0.8067875984854711
152700 -1.3271256273854446
152800 -2.6790773035358337
152900 -1.8699200150511803
153000 -0.6426166708670087
153100 -0.9662314629248661
153200 -2.477916288492811
153300 -4.59683623472447
153400 -7.704959897728387
153500 -12.089080548256758
153600 -16.459413583114745
153700 -15.937519905873337
153800 -18.061298222184263
153900 -18.307501100415102
154000 -17.587879515172958
154100 -14.645366402974286
154200 -16.68300404764896
154300 -15.736765429143546
154400 -13.683717915317288
154500 -12.333027759716485
154600 -10.39223814310971
154700 -8.214873078799917
154800 -10.743423165834512
154900 -12.519050038616415
155000 -15.07862508171158
155100 -17.16177698277854
155200 -16.378605756627838
155300 -18.005213550440548
155400 -18.189207856524593
155500 -18.971784613171014
155600 -18.728121052406284
155700 -19.061734557620458
155800 -18.223018942847396
155900 -17.06116197683914
156000 -16.106719992346683
156100 -18.110884897380146
156200 -17.698841598859058
156300 -17.62382724626646
156400 -17.30390576867324
156500 -17.477214900925542
156600 -18.81693801230915
156700 -18.276673386173997
156800 -19.154699434679873
156900 -18.928536730310935
157000 -19.01676835660429
157100 -19.358726341554068
157200 -19.169817796389406
157300 -19.43648541298164
157400 -19.58768058940247
157500 -18.87877420752476
157600 -19.589595098084306
157700 -19.84977853288174
157800 -19.564618064721145
157900 -18.99739873053306
158000 -19.633015509973433
158100 -19.865671807904555
158200 -19.950831537348254
158300 -19.982002752498722
158400 -19.99341242536058
158500 -19.673697587342858
158600 -19.880562763931955
158700 -19.95628210884675
158800 -19.983997837945594
158900 -19.994142691157734
159000 -19.997856035530845
159100 -19.6071752396657
159200 -19.856213433264685
159300 -19.947369466334166
159400 -19.98073552253978
159500 -19.992948578211784
159600 -19.99741895157351
159700 -19.99905525280146
159800 -19.99965419197095
159900 -19.999873423077453
160000 -19.99995366875263
160100 -19.999983041264993
160200 -19.685722536231584
160300 -19.884964284127385
160400 -19.64676466382939
160500 -19.870704442880974
160600 -19.95267364451144
160700 -19.805457830646077
160800 -18.652059258424753
160900 -17.999661968162627
161000 -17.057490979881837
161100 -17.845191499399014
161200 -16.72488914709482
161300 -17.184362245771723
161400 -16.35521160806582
161500 -5.650990257620566
161600 -0.5433608803874355
161700 1.4896200748057555
161800 4.399554178779805
161900 6.748405780474019
162000 7.205403405357469
162100 7.054087343325491
162200 7.211544554418233
162300 7.922069265913814
162400 5.3391241729537695
162500 4.689829861656462
162600 4.226672956191209
162700 4.890201321272311
162800 7.702654355330663
162900 0.9115941530535459
163000 -7.731594192408828
163100 -6.964469146487702
163200 -6.954922371247461
163300 -7.492797298468429
163400 -11.131596093815887
163500 -12.850348209612994
163600 -13.653066715383554
163700 -13.287984914886286
163800 -13.267171755202057
163900 -11.288314624812354
164000 -12.088688487883001
164100 -10.3899401371808
164200 -13.060482489637597
164300 -11.723053372039859
164400 -12.129553327046448
164500 -9.390913583122268
164600 -8.498543967098149
164700 -7.770376073959008
164800 -9.323827719145903
164900 -11.336332215016396
165000 -11.196764366543997
165100 -14.676306413841612
165200 -13.862992186693631
165300 -13.736068923447766
165400 -12.706438682614875
165500 -12.79153603646948
165600 -10.809245922980288
165700 -9.992176244236894
165800 -11.069012666745502
165900 -14.085676557881612
166000 -13.827638958960048
166100 -15.829906537980747
166200 -13.23788815748217
166300 -13.945068076377666
166400 -13.160017229505693
166500 -13.364817857901842
166600 -14.595015024792318
166700 -13.981540430974912
166800 -15.521271707450964
166900 -13.40814538496154
167000 -13.064343100501425
167100 -14.01472405330103
167200 -12.712629435616847
167300 -12.119067450425929
167400 -14.330375278111179
167500 -15.492873873600898
167600 -14.29738910839602
167700 -14.338150275207193
167800 -14.224964515699654
167900 -12.610747221202445
168000 -13.933749507198247
168100 -12.093523145789474
168200 -12.951440396197864
168300 -12.873032515182128
168400 -14.653453416562618
168500 -12.870727499850945
168600 -13.145463431356104
168700 -14.03243152964059
168800 -13.898531301523892
168900 -14.81313081248097
169000 -13.183149928308346
169100 -14.285039527748095
169200 -13.347780727159313
169300 -14.095714286183213
169400 -14.335519440928602
169500 -12.878677579760906
169600 -13.313900816395826
169700 -12.559336157634982
169800 -8.402340116836372
169900 -7.342932292185857
170000 -4.439050598484719
170100 -3.117900171682513
170200 -4.087154869436407
170300 -5.015011479519994
170400 -6.257417785153379
170500 -5.678901810276454
170600 -5.637293637445045
170700 -7.1839371972396
170800 -6.8155561428905385
170900 -6.012420738520073
171000 -6.287203665507686
171100 -5.480204381161095
171200 -5.633192513603958
171300 -7.707220060093936
171400 -8.724836340674166
171500 -5.5623409300658535
171600 -6.624286438717806
171700 -9.362512530261261
171800 -6.230401242114328
171900 -4.459975604371054
172000 -5.241102756212105
172100 -4.36088671137247
172200 -3.7372385671681
172300 -6.61451705075556
172400 -2.7844102861143005
172500 -4.4411175361103945
172600 -2.3680532984726606
172700 3.6856756272841893
172800 5.603401044153768
172900 7.358505663529327
173000 7.6435439082788745
173100 9.01651373822725
173200 10.035072529429478
173300 6.794960367428627
173400 6.911258941554829
173500 9.037531637113236
173600 5.515156527136103
173700 5.601738947895587
173800 4.365636646542015
173900 7.042670084263729
174000 7.252388601768723
174100 7.241317920158606
174200 8.931619048195593
174300 9.273742093779726
174400 7.706129028805175
174500 7.677063725471294
174600 8.963371350284019
174700 6.4434768495895165
174800 6.606959779741341
174900 5.812181394708378
175000 6.250471660144531
175100 6.972374612833122
175200 7.851091397537639
175300 8.580983994565038
175400 7.133610641724533
175500 0.5593688892436135
175600 -6.803882046475312
175700 -5.31098609915553
175800 -2.5439729523574006
175900 -3.775153109187672
176000 -3.7418915425929495
176100 -3.3273076438065647
176200 -2.5190087998303086
176300 -4.158212581121965
176400 -2.5788482822226144
176500 0.0009996029890206315
176600 -1.4820863395872537
176700 2.315500562628521
176800 1.2527100183318893
176900 -0.9147169722341371
177000 -0.04877312875771406
177100 -1.5868099908454585
177200 -0.7347577325366097
177300 -1.0568829143311662
177400 0.18574421606902322
177500 -2.4275408582836504
177600 -3.3251707206926833
177700 -4.887357379316825
177800 -3.424451963518518
177900 -3.305956063283587
178000 0.07437183034438821
178100 -0.00037593990957612844
178200 -4.37447800317007
178300 -4.643580730369664
178400 -2.6469229474854368
178500 -0.766132788928767
178600 -0.23467638151862713
178700 -0.47472287581259975
178800 0.2510706129026516
178900 -0.7029062806247188
179000 -3.010219911070521
179100 -0.37327093084913154
179200 -1.4434169877849783
179300 -1.8555184542150231
179400 -0.2601345576002001
179500 -1.5462450320310113
179600 -1.9674906284625213
179700 -1.3414427102439634
179800 -1.3556925793190757
179900 -2.7926531809188373
180000 -4.454387415449659
180100 -4.838843314842683
180200 -10.648635256915686
180300 -13.591359265602874
180400 -11.799592796253643
180500 -10.32613725778528
180600 -10.35962652843192
180700 -10.835249803562666
180800 -10.798204099021065
180900 -7.811919311409185
181000 -7.299011406326316
181100 -8.85725488888674
181200 -8.01695765229707
181300 -6.838637497901634
181400 -8.05558715132342
181500 -9.415314743237328
181600 -6.53001448243547
181700 -6.819512175941313
181800 -8.116869799835152
181900 -8.532944101574898
182000 -7.342036786854285
182100 -9.240276298648123
182200 -9.575324592727853
182300 -6.134624944530793
182400 -6.804485211752207
182500 -5.801194497896144
182600 -7.705538063540754
182700 -8.37753936700561
182800 -6.459992764521649
182900 -6.822970841049303
183000 -6.841735439875758
183100 -4.197485748805444
183200 -2.5196916098415976
183300 -2.7719425654064676
183400 -4.4308119969669395
183500 -6.730669665137065
183600 -9.010981798482295
183700 -7.920332806932576
183800 -6.99258923225311
183900 -6.623490032964005
184000 -7.005467409665072
184100 -7.3969995954302625
184200 -7.739341551372451
184300 -6.344511580406271
184400 -6.618486824470993
184500 -9.13789817839202
184600 -9.88077382993239
184700 -7.326681358154743
184800 -6.31300471243088
184900 -6.231971156035776
185000 -3.24139823645357
185100 -5.6427551169364305
185200 -8.093910757962535
185300 -7.30267209384599
185400 -6.947791396435751
185500 -8.222138212436812
185600 -5.310162270471855
185700 -3.9225052552114708
185800 -4.858688867890425
185900 -0.6631814588084219
186000 -6.216054617236421
186100 -3.8757537448532773
186200 -5.287350844629048
186300 -5.955905678497257
186400 -7.159403817279157
186500 -4.093931877134289
186600 -4.001061435764694
186700 -6.122382983590706
186800 -4.495302696877278
186900 -5.820264348874182
187000 -5.748374359716425
187100 -6.362447008075912
187200 -4.048949465671805
187300 -7.561668663852076
187400 -5.948822650873246
187500 -0.9671184034045575
187600 0.5472344418677897
187700 -3.8575737039495896
187800 -10.162232198361126
187900 -8.640397957049464
188000 -10.312996424821254
188100 -8.031706941930002
188200 -9.106898660241301
188300 -7.305061002015369
188400 -5.647507672914543
188500 -4.920147141640455
188600 -5.435006719460019
188700 -6.677879811381365
188800 -6.779191080724066
188900 -4.756204786881374
189000 -2.7061614324204606
189100 -2.5736638715673803
189200 -1.1537994746408264
189300 -2.2447993824020727
189400 -1.4391659195074757
189500 -1.0278711494308752
189600 -1.002404858056632
189700 -1.5614468308619693
189800 0.4558316305405247
189900 2.0614373966286266
190000 2.09352357993407
190100 0.6285585022889342
190200 -3.3779661077987067
190300 -4.490207033619542
190400 -4.224356539292723
190500 -0.7595368328503098
190600 0.413432443422211
190700 2.0022333257786737
190800 -3.3507880012778877
190900 -7.276826067290738
191000 -10.106146191603969
191100 -9.34385828381482
191200 -9.596644321637852
191300 -10.514260356575129
191400 -9.749439911388196
191500 -6.082340525395458
191600 -6.6455946712609935
191700 -6.865456438523072
191800 -9.281481216655386
191900 -10.584292345694935
192000 -9.988462726135227
192100 -10.180494114916517
192200 -8.795816281407376
192300 -8.502035498339763
192400 -8.893404905423104
192500 -9.921235991548764
192600 -6.474700193870898
192700 -4.979556474654886
192800 -3.3056896319417026
192900 -1.4964481277739896
193000 -3.1930877539820437
193100 -2.073829340098185
193200 -0.8264803720889833
193300 -2.337504331416591
193400 1.7294540201104551
193500 -1.5849324988661366
193600 -1.2970791783345388
193700 -3.4276288220346713
193800 -2.9388451615397884
193900 -4.711379057850499
194000 -4.48283227426507
194100 -3.34525960894334
194200 -1.7523381174075656
194300 -0.43185914996806934
194400 -1.325235159880489
194500 1.70325627702571
194600 -2.0084191666174958
194700 -3.754137454637001
194800 -3.1968710565186105
194900 -4.873514537242596
195000 -5.731830374003606
195100 -5.761314165335737
195200 -6.743811071278281
195300 -9.66096196544357
195400 -9.506870180658336
195500 -5.958687871131395
195600 -3.4260087252953055
195700 -4.366316289600577
195800 -7.962383816835083
195900 -5.900532858576285
196000 -7.755016494448864
196100 -7.816344201987731
196200 -6.236182104012154
196300 -3.0978340927839447
196400 -3.8973961099933616
196500 -6.080910388864519
196600 -3.1163334172985993
196700 -0.9935470584788817
196800 -2.864452381989492
196900 -1.2203043464856504
197000 -0.8681417599910017
197100 -5.146500976044223
197200 -8.35667821750646
197300 -5.767151206407663
197400 -8.198716321879846
197500 -8.58747324775788
197600 -9.544198472129287
197700 -6.799147958299866
197800 -7.766949755142207
197900 -7.556268764483731
198000 -8.312701836107749
198100 -6.807147139782461
198200 -9.132570601397537
198300 -8.436369488643036
198400 -9.105439062130985
198500 -8.618565057563789
198600 -8.741771705280087
198700 -10.737488739040113
198800 -8.600468545413952
198900 -9.63061582979495
199000 -10.615154272241542
199100 -11.534529957111179
199200 -10.47101237285512
199300 -10.694943403165704
199400 -6.269168176645377
199500 -7.078587562275567
199600 -10.046107923619298
199700 -9.483711733337286
199800 -9.142996075241983
199900 -9.507356701110163
200000 -8.98017749580993
