100 15.571904639549471
200 11.408908951090364
300 12.168999958792261
400 14.168722766186436
500 12.934393641956913
600 14.487849630338426
700 12.404121371027335
800 13.084927749583997
900 13.3302477951958
1000 15.134442476568303
1100 17.455206457766323
1200 16.046375022465604
1300 14.28003895623321
1400 15.162358347082787
1500 14.597197296469078
1600 11.787984191025469
1700 12.848067892466384
1800 13.273229119344505
1900 12.442238523659988
2000 12.6856964034213
2100 13.39755666945837
2200 13.523658038320386
2300 13.827667699538912
2400 9.411367850399305
2500 10.454577828423675
2600 14.113423377788374
2700 13.864201692544684
2800 11.135042094397958
2900 15.991431279936954
3000 13.939353611240573
3100 11.38375981849424
3200 10.694379496181636
3300 13.483719715695797
3400 15.880856455380467
3500 12.315055430031318
3600 14.534420802363357
3700 15.215812960682735
3800 16.746891395912094
3900 14.670863705776041
4000 15.50561704126435
4100 17.15683658097411
4200 14.640699525356183
4300 16.023732996960465
4400 15.216741166437119
4500 13.836638455020585
4600 17.397369862260923
4700 16.501749233821336
4800 16.23095843435634
4900 15.34469545336543
5000 15.732607692755645
5100 10.532866717776841
5200 15.452926456751987
5300 12.662934719924968
5400 14.829216574515069
5500 13.258224406994142
5600 14.589489876919751
5700 13.739584235748792
5800 14.472483274257073
5900 14.304027382550197
6000 12.073431601129627
6100 16.440728872331647
6200 17.298215707173906
6300 15.504827775069908
6400 10.855150226819507
6500 12.19776947909866
6600 14.329680926645088
6700 13.438656946203919
6800 15.65808543097797
6900 16.976972884921853
7000 18.51968816866801
7100 14.746297346532183
7200 17.32498198619441
7300 13.20523779724433
7400 16.89338297664922
7500 13.699363646023883
7600 13.760875532590042
7700 17.857683394525377
7800 15.533931936936046
7900 14.337296969718164
8000 11.9385776598198
8100 14.435016382672357
8200 15.574183999362502
8300 12.934181649990204
8400 10.998282127506782
8500 14.703261150658218
8600 18.64329896905129
8700 16.003974266117446
8800 13.04442757366015
8900 14.139234061008779
9000 14.181926887481072
9100 14.954532860735657
9200 14.683487280836564
9300 15.868370882622333
9400 17.888871069577608
9500 15.980224112647411
9600 15.126543323879927
9700 14.64414683461429
9800 13.297571357111927
9900 17.933692121162114
10000 15.511055338558224
10100 16.14808133162631
10200 16.843438175143138
10300 16.06084293015757
10400 13.9436600085486
10500 14.922876288929462
10600 12.134499499129305
10700 14.107689744384674
10800 15.819596008435262
10900 13.371142112206664
11000 14.55256919862949
11100 14.290922788773122
11200 15.679425894757447
11300 17.220822958591114
11400 15.310684137992578
11500 16.944781923467538
11600 15.55407325792486
11700 16.174057174463645
11800 13.809229286758598
11900 11.90616849380694
12000 12.588736875586221
12100 15.654088304630033
12200 13.969718123439607
12300 15.844691282220392
12400 15.791331724452808
12500 15.385098195569592
12600 11.732575620586179
12700 14.29058660932111
12800 11.435264983537394
12900 16.638297105966476
13000 13.652695853436065
13100 15.827871261238368
13200 13.623882767511164
13300 14.126248401018461
13400 12.101636684187662
13500 13.189979658459011
13600 17.040015817785893
13700 13.422210728026034
13800 16.331635016806178
13900 15.366530457790535
14000 12.827496693797906
14100 15.79223516407797
14200 15.363029803977208
14300 16.65909149841744
14400 15.139913075644653
14500 14.35284394549666
14600 14.932624581035881
14700 14.841806530294438
14800 11.518432894612108
14900 15.712087997363607
15000 14.437148232752271
15100 14.324085426728468
15200 16.67556387909948
15300 16.21134703626618
15400 14.267062648102591
15500 15.331776888536275
15600 14.806697503246411
15700 13.264408851369836
15800 12.13740096846078
15900 18.32605573609446
16000 15.696902666295525
16100 12.95292668899421
16200 18.45458684615124
16300 15.00907799155319
16400 17.32690354941811
16500 15.414503102421492
16600 15.75601505355141
16700 16.501948424120183
16800 14.963256919144339
16900 12.73358061776805
17000 17.316838923531648
17100 16.984269096467976
17200 15.660887008570873
17300 16.836413430487596
17400 16.69072334146506
17500 14.254093804048491
17600 11.516467937091416
17700 14.509401833741073
17800 15.574258131336236
17900 18.71270273336884
18000 17.10787065384905
18100 14.614881774935625
18200 15.684198621660403
18300 14.047587442036095
18400 11.01829587225954
18500 16.603791822469383
18600 13.341133291437405
18700 17.064746596916603
18800 14.792743332183955
18900 15.314819527745465
19000 16.840504188901182
19100 14.326764061774496
19200 15.40522544208578
19300 13.832087258354015
19400 17.286526204062916
19500 15.562278554666927
19600 15.04325855731285
19700 13.84268083677036
19800 18.454083049358324
19900 16.90297416528557
20000 17.504972495688744
20100 14.79974686058447
20200 17.52235141638694
20300 17.398240228315554
20400 15.498678831525995
20500 17.444023802453327
20600 15.882840787274832
20700 16.74251803218896
20800 12.536661495356071
20900 14.037814485293481
21000 13.424563750190366
21100 14.110124486512
21200 14.114857061509673
21300 15.723324210401433
21400 11.498003103197927
21500 12.66507174504015
21600 16.716735775565112
21700 11.007388992601301
21800 17.05552704497256
21900 17.91194022130161
22000 16.5750650822806
22100 15.199059193352062
22200 15.213722431428339
22300 15.026390696777913
22400 12.522921391741106
22500 13.002921945087438
22600 12.639644744246196
22700 14.15964769350644
22800 13.466308984513203
22900 17.210408180122993
23000 18.035757177797354
23100 13.621483095256039
23200 17.392301579473664
23300 14.403653681646418
23400 17.37675631105816
23500 16.167492604103757
23600 15.596426551301585
23700 16.88557665804927
23800 14.937839276214998
23900 17.36030465932155
24000 15.52213802324104
24100 16.328946708883084
24200 16.427843922945407
24300 16.42852989525578
24400 17.392547453630726
24500 13.64807678925215
24600 17.3787127192691
24700 16.750542752338628
24800 16.14926208073974
24900 17.56980137511336
25000 12.201349130946182
25100 16.454736489415986
25200 15.402782236570225
25300 17.431677755435118
25400 14.421776065095589
25500 13.695880119471523
25600 14.697271269605956
25700 14.76006610394761
25800 15.141081008176421
25900 13.860102533798429
26000 15.620533705364485
26100 13.509389319368713
26200 14.397695396251839
26300 12.99671523347519
26400 16.291442283275096
26500 14.674797812989999
26600 18.81335107850352
26700 16.96244489034193
26800 14.926397299512182
26900 14.226821009560958
27000 14.967200634544174
27100 15.139639860367259
27200 13.297185354455307
27300 13.962567044182459
27400 12.79899858495528
27500 18.615976750987638
27600 18.46250125418238
27700 16.30530781250666
27800 17.281900246159932
27900 15.453827035229015
28000 14.262425902943123
28100 16.41738417486985
28200 14.681860271523982
28300 17.87703971028935
28400 12.450400054809782
28500 14.710252961342393
28600 12.325456333910752
28700 15.43056456135478
28800 13.67590786165501
28900 16.25385622068609
29000 17.084253910363568
29100 15.614197154146773
29200 14.497730156374057
29300 17.155613135305913
29400 15.539686847786871
29500 19.096413232512806
29600 10.971931414246658
29700 14.42765478937757
29800 14.657588515483454
29900 13.584614466926967
30000 15.055529776975607
30100 17.104090480382272
30200 15.751851288678163
30300 15.471245243346099
30400 16.952618153520106
30500 17.095436778525567
30600 16.962116676208066
30700 17.24069502735739
30800 16.51128197549696
30900 14.534072344027166
31000 13.629105888156603
31100 16.32795754327411
31200 15.291810486528727
31300 13.79764576563579
31400 15.455283476572605
31500 17.797457661071125
31600 18.105528532593176
31700 13.352943953160286
31800 16.781008863777853
31900 15.980269948767772
32000 13.658991361376085
32100 13.534460754529048
32200 12.648125580967264
32300 15.460879715307671
32400 18.804469027294438
32500 17.723453370915774
32600 16.69060972476966
32700 12.809749906274881
32800 17.39441091091393
32900 14.140755315632648
33000 10.499662094652436
33100 14.623306214270023
33200 15.80714581370749
33300 13.94268480029534
33400 15.730444685652436
33500 15.177808746616796
33600 15.089244882534816
33700 17.90859885186794
33800 17.083951029917564
33900 14.842082933625257
34000 16.26315173552293
34100 15.99824055491026
34200 17.11136428327881
34300 12.918814103718907
34400 11.336950527413041
34500 15.798691698383719
34600 14.419859804500256
34700 17.165621992297055
34800 15.78850386225667
34900 14.920096002486956
35000 16.4526378202398
35100 15.986553580781093
35200 15.649516834567667
35300 15.644200745826113
35400 17.01095930258033
35500 17.59149548714294
35600 15.037944050140647
35700 16.04251189550903
35800 17.32126704481855
35900 12.982014418489522
36000 14.949501031548618
36100 13.686024064163382
36200 11.199909573961387
36300 14.8109746947325
36400 14.030300962720396
36500 17.318638497399807
36600 14.027901061548224
36700 15.786449799899792
36800 17.61289902048296
36900 16.614242052703933
37000 13.424659748008757
37100 15.607114945109307
37200 14.814232253576726
37300 16.065819713095152
37400 14.559131663240471
37500 16.83095212308965
37600 16.624724659978256
37700 16.30577614690077
37800 14.411079291847281
37900 16.08324567375413
38000 13.809957346133434
38100 16.12199705463354
38200 16.7125465639636
38300 17.369148788342496
38400 14.193840414838991
38500 16.16746361766027
38600 13.377682520166626
38700 15.237519341347841
38800 15.058850718911017
38900 16.853297096270307
39000 10.158928913343267
39100 14.400184261204581
39200 18.805356024229297
39300 14.733292297248681
39400 14.520570404239113
39500 14.823410224345936
39600 13.726528490674509
39700 15.8257897426851
39800 15.077169525203981
39900 16.986860201963964
40000 12.472506517377589
40100 14.641763971083217
40200 15.229523939110308
40300 9.419955758923134
40400 15.356635343766623
40500 13.932393431192349
40600 17.517629357921635
40700 15.799958728655778
40800 15.478792844055066
40900 19.006196404141786
41000 17.801900017807615
41100 18.56684404697898
41200 18.204702511868305
41300 16.781460984771954
41400 13.743230849822456
41500 15.135768932186691
41600 17.63710208850987
41700 13.932414977905616
41800 14.368946836145529
41900 12.096105776989816
42000 16.689263150982956
42100 17.819281222622546
42200 12.100322275982803
42300 13.12093441666513
42400 15.35317120448507
42500 17.200642292767363
42600 15.777478484597655
42700 16.57543856104324
42800 13.442601527301555
42900 16.51406833412436
43000 15.936373674969849
43100 15.932030140326827
43200 16.658014165331622
43300 16.302677230747374
43400 15.407936935398922
43500 17.073853030456
43600 14.772215129490492
43700 15.82307332666315
43800 13.467028902387852
43900 14.511062960004143
44000 13.414681691802546
44100 16.451701829140696
44200 14.749820789135267
44300 14.766103113609818
44400 13.542813185626962
44500 14.376828784123889
44600 14.86956684750025
44700 14.24529742252029
44800 15.494687515311083
44900 18.13663300087922
45000 17.297402562278908
45100 13.595970255049627
45200 15.353804984234792
45300 16.722286909781147
45400 14.491081217867487
45500 15.652045061074805
45600 16.502975533335896
45700 15.899526857785192
45800 9.808649604403595
45900 14.05760623717567
46000 14.148420596276313
46100 18.193341184561753
46200 18.272657171401097
46300 15.651706646542978
46400 16.516509495250137
46500 17.736144798069716
46600 13.845985283920225
46700 17.976599546182072
46800 15.311559649722632
46900 14.589285663125228
47000 14.65710545391332
47100 16.150768581300017
47200 15.121330547490548
47300 11.691361541881886
47400 16.105299788594483
47500 17.928365566525212
47600 14.535332997178939
47700 14.726144681872896
47800 15.645993884635946
47900 16.830299638103707
48000 15.786408045512683
48100 14.583091229365744
48200 14.220455556955757
48300 15.043531836702837
48400 15.966336004125903
48500 15.904696736001961
48600 12.402875471900483
48700 12.579560636982507
48800 15.606441973041036
48900 16.34039504674389
49000 17.068503263648918
49100 12.992010302168987
49200 13.978120540575906
49300 16.893528960278797
49400 15.70505378051858
49500 15.691464929559803
49600 15.579923514669112
49700 13.20364347081458
49800 13.635151721241584
49900 14.23930670937324
50000 16.038268676761497
50100 18.969891482018767
50200 15.917971440657189
50300 16.124698110431897
50400 15.822185573856268
50500 14.369269201788207
50600 15.755623093522539
50700 14.597227540373547
50800 16.211139227578165
50900 11.332845820940678
51000 15.083396906250345
51100 16.166850979430293
51200 18.982355506435162
51300 15.075711792456499
51400 18.656908131871436
51500 19.31198679112171
51600 17.2418988660852
51700 14.817943080203225
51800 13.278565547765604
51900 12.660870383701655
52000 15.454568159414663
52100 16.742557675409497
52200 14.443789460254752
52300 16.14181612409464
52400 15.251503008246074
52500 17.349704549822583
52600 17.435555505277506
52700 14.811555300766779
52800 16.245026126539326
52900 15.6629160228187
53000 15.799839298083702
53100 15.309384756536534
53200 16.701846418107408
53300 15.772042127432224
53400 18.539331325732345
53500 15.696221545342931
53600 13.205317486206678
53700 11.289312931523893
53800 16.942323677003813
53900 15.272914732507099
54000 11.453691066098571
54100 14.033367676920411
54200 15.949209488378703
54300 16.866556678617446
54400 15.330877708258512
54500 14.371781028451522
54600 13.009580915833912
54700 8.709417824361768
54800 16.248809165876562
54900 16.169151748714167
55000 16.106736888834714
55100 14.755047437871635
55200 13.60944680143695
55300 15.173781568133675
55400 15.376230272219221
55500 17.459906732031918
55600 17.03197769615928
55700 16.07141746176304
55800 17.143207683902002
55900 15.649983961196684
56000 14.093480612957713
56100 14.777348908889929
56200 15.975873942777547
56300 16.671363770033576
56400 11.887687588951165
56500 12.5102054691998
56600 16.12548103820506
56700 14.960490874169034
56800 17.461309957895203
56900 17.09824104446719
57000 15.643811724732677
57100 17.936463266683347
57200 16.55770497097722
57300 14.157104333298841
57400 18.351367791308917
57500 15.272038910398233
57600 13.354228026164039
57700 15.969603067543387
57800 14.416562041156054
57900 17.349706563560158
58000 15.349673793627973
58100 15.445459020454559
58200 15.667784583719337
58300 16.321673141057655
58400 15.495018140769774
58500 19.70014517079526
58600 15.406998060110789
58700 15.90592972942544
58800 14.808403127545107
58900 15.365776414621433
59000 16.653333836028594
59100 14.9486544641588
59200 16.69024824840693
59300 13.3706772623956
59400 13.508433926222091
59500 12.443938639056677
59600 17.060341943653142
59700 14.789560942401826
59800 16.157316564708665
59900 17.23020646990111
60000 16.162827664923007
60100 17.534735532003456
60200 15.890646325013783
60300 16.539836746302658
60400 18.16160106941326
60500 17.890571012354826
60600 17.65023113422027
60700 16.232950261121672
60800 19.154316575029927
60900 14.339556124850258
61000 17.433440606929565
61100 13.648358124172686
61200 17.795010264896835
61300 12.667938319552205
61400 16.24671777392379
61500 15.30827617154069
61600 17.185957118201625
61700 17.24644323310266
61800 17.03025985703804
61900 16.293121836375654
62000 17.986693474927897
62100 14.94563489006202
62200 14.439676248691883
62300 14.070461855351372
62400 14.365341346650366
62500 15.400379981719896
62600 14.155119396799702
62700 11.004462100613438
62800 15.745252960847132
62900 14.443567092197268
63000 16.23004611252554
63100 16.440234540306204
63200 16.564800059504424
63300 17.706106272122174
63400 14.986230043402305
63500 13.388097481476429
63600 14.83849667481287
63700 14.678744820127823
63800 13.665284200523992
63900 14.006230943139505
64000 14.868447439666207
64100 17.504140966982106
64200 17.515863431129482
64300 17.909742534485243
64400 15.462713396849397
64500 14.724741971009683
64600 14.002590405320783
64700 14.90962150795462
64800 16.992953802308183
64900 17.47369192645954
65000 12.600862621605097
65100 17.157515802837526
65200 17.484414771253626
65300 13.434513328912226
65400 17.650756926538186
65500 17.778564939212306
65600 16.181733622217838
65700 13.568022533100748
65800 18.847557285283692
65900 15.50266762356033
66000 14.627606411148973
66100 15.93917216273244
66200 17.061465004233206
66300 14.286576436128513
66400 18.351018863510827
66500 16.726987411163705
66600 15.3153448885461
66700 18.10277238690532
66800 17.332053025129127
66900 17.69034902808976
67000 13.14381080406804
67100 14.048754582059548
67200 15.866111157801953
67300 16.960140738700847
67400 11.675647778932753
67500 16.161827165077852
67600 15.925863127654614
67700 18.4586740936235
67800 14.515332495020845
67900 17.480789620000163
68000 16.550493690314763
68100 18.26702645857579
68200 17.49829578307449
68300 13.095332844362714
68400 16.192442260623814
68500 13.543940209377762
68600 15.338165765240003
68700 16.032311608077038
68800 16.297051080876546
68900 16.05545279594468
69000 17.958303564291107
69100 15.181346550444808
69200 13.581661102986878
69300 13.620235958800386
69400 17.533235763175853
69500 15.256130758025282
69600 17.229247681066525
69700 15.146455474520165
69800 14.291809588292303
69900 16.747854977852796
70000 13.051973288647114
70100 14.827773307072379
70200 15.44988266761329
70300 13.49297375307942
70400 14.737132782501106
70500 14.756830226984365
70600 17.138282078107306
70700 14.644924406328661
70800 17.28548723432791
70900 15.15596025950313
71000 14.222341545119287
71100 16.532798056572734
71200 15.036797111410353
71300 15.585302447310413
71400 15.247449427462074
71500 15.094198824615217
71600 17.609400347542472
71700 17.84716344150111
71800 14.770538706916883
71900 11.654583817923834
72000 16.083910863760334
72100 15.66649522774024
72200 12.609689368697369
72300 14.55822496073927
72400 14.967479451927261
72500 16.25186670119321
72600 16.242813687858348
72700 14.49121702637724
72800 15.79731307804695
72900 18.360353235060494
73000 14.51001543429011
73100 16.42858164352405
73200 16.404583130234187
73300 15.22016801273266
73400 16.84717245198434
73500 16.24873554823164
73600 15.328797024776375
73700 15.122468626676891
73800 12.42598893588605
73900 16.224640798068876
74000 14.92897938333158
74100 16.8983367954274
74200 17.062726838517857
74300 16.204043361885287
74400 17.938494807723895
74500 16.14811442572158
74600 15.425955535207756
74700 18.044409969905015
74800 13.461432284769836
74900 15.885115894146338
75000 15.203709856140996
75100 17.552463052423494
75200 15.827620583772237
75300 15.845535223579684
75400 14.600509816984802
75500 17.125116663098556
75600 17.483854949354082
75700 17.02440738438132
75800 15.529097259562866
75900 11.07295746308985
76000 15.106095250614354
76100 17.092143512085286
76200 16.2026831162893
76300 15.775748032846762
76400 15.662164332550558
76500 17.38497320711502
76600 16.709929659180506
76700 16.641602094617806
76800 16.02669821853442
76900 15.318838335150307
77000 13.870515522447743
77100 17.974406920150486
77200 18.73087643895826
77300 17.811970186357872
77400 16.729352389309174
77500 13.294725253383833
77600 16.246640979451257
77700 15.054776691282406
77800 13.49151457395049
77900 13.952446090173268
78000 14.837259919938962
78100 17.233119406083997
78200 17.02407243214742
78300 16.758887511596637
78400 16.50526923392278
78500 15.198861717918705
78600 17.16108850395452
78700 12.872716524577381
78800 16.420386868108114
78900 15.844533111133984
79000 15.90224452197331
79100 16.313445992038183
79200 15.451418441394523
79300 16.791311374110563
79400 15.658532767205378
79500 13.159137881400678
79600 14.704634659062183
79700 16.398505100625727
79800 19.43475353203345
79900 15.976370901379452
80000 16.20207068438762
80100 18.29288235815444
80200 17.333146642164504
80300 16.965251553211473
80400 13.348695798727332
80500 14.976737787554672
80600 13.342340276346269
80700 13.528853712944818
80800 16.753506903832452
80900 16.32400323311169
81000 17.482137154954838
81100 14.95816790395044
81200 15.751858974066309
81300 16.328239891387728
81400 18.266194160373637
81500 16.116012921895976
81600 16.821323223821942
81700 15.204645518189164
81800 18.58696931072977
81900 16.457919085871627
82000 14.787305503455642
82100 18.632086276537898
82200 12.860964432958003
82300 16.083426181161663
82400 16.505891569046053
82500 16.35698243309784
82600 16.58173986727256
82700 15.61418107988563
82800 15.344985703060983
82900 16.244308723788123
83000 17.460103594561573
83100 12.461691110279363
83200 15.687931990060894
83300 16.608904433083776
83400 18.86402802909432
83500 14.860551769299722
83600 16.4564553658091
83700 15.24656242917836
83800 15.733516565591723
83900 14.357392141142384
84000 16.938610991517585
84100 18.00755279271528
84200 13.739679046072968
84300 14.944064476409826
84400 13.573567579474853
84500 16.08222582626218
84600 14.657968332296072
84700 17.467829926641816
84800 17.355526332421274
84900 17.08747189865356
85000 14.584940570455363
85100 16.428456035931752
85200 14.889571156093652
85300 16.75860863901708
85400 15.139666482296498
85500 13.005565643999883
85600 12.673902180994176
85700 15.946091876478235
85800 16.57734812240932
85900 14.809522719529856
86000 15.985663915618314
86100 16.690482605746382
86200 12.676733042682589
86300 18.500186150688467
86400 15.168473649728835
86500 15.967954692826618
86600 17.289455603688705
86700 16.947507814020987
86800 14.230692182129488
86900 14.519028379571482
87000 15.46037037046614
87100 16.022467659175327
87200 15.652738636206944
87300 18.870833121099206
87400 16.079886899569527
87500 16.59429793253118
87600 15.652366636417844
87700 14.809270606526546
87800 16.39033619441318
87900 15.674717963494492
88000 17.472938990410004
88100 14.819133644773185
88200 14.46031068097305
88300 15.849221291623811
88400 16.572670913754813
88500 13.65383479186448
88600 15.167748856760786
88700 15.003832499474118
88800 16.42944014779532
88900 17.375088885881162
89000 17.92859155668102
89100 13.625853903488395
89200 15.10725128766175
89300 13.156253456808642
89400 16.360549976238747
89500 17.593211444783392
89600 17.83234412872825
89700 17.915603468255586
89800 18.377450632491588
89900 15.462875825270055
90000 16.814883830084895
90100 17.560508099702897
90200 15.493119364203228
90300 19.175708815817515
90400 15.148159562652664
90500 16.51849983705377
90600 14.097405367018844
90700 17.001354881572873
90800 17.94077758548854
90900 18.17621632751266
91000 13.905996775745612
91100 17.006790559724905
91200 18.10531991716288
91300 16.912068661009798
91400 17.087513091139616
91500 15.107684817028604
91600 15.164490463334802
91700 16.368576488021688
91800 15.722759426989258
91900 18.681009483204107
92000 16.035781227133466
92100 15.874149989049595
92200 16.85133055191646
92300 14.889569272817468
92400 16.677654640191687
92500 19.647120601103065
92600 17.42203527553258
92700 14.774773289877
92800 12.340788889281887
92900 16.194453589795376
93000 15.869010231005692
93100 17.905312046112783
93200 17.96818581576767
93300 17.405342159060382
93400 16.378142380920572
93500 15.98027161936796
93600 15.885162256540399
93700 14.099843248602946
93800 12.885250673888683
93900 15.2548481310326
94000 17.68885353100392
94100 14.682781914659277
94200 15.47046401147007
94300 16.085821060301665
94400 16.122200736457945
94500 16.465075818675842
94600 17.25331956428111
94700 15.170261859651887
94800 17.77021168397671
94900 18.347372834492415
95000 16.78935438480286
95100 12.938382791255352
95200 14.525730706995295
95300 14.076849477075667
95400 16.724446562051618
95500 15.100529103305172
95600 15.699820448853895
95700 15.038687621315258
95800 14.946015993323092
95900 16.76894604335887
96000 17.081722045286906
96100 12.881277101958426
96200 16.34975015898588
96300 16.652634712246122
96400 16.386380486689053
96500 16.646234752736103
96600 18.27662331634294
96700 19.304603430899657
96800 17.90589892251755
96900 15.145108590578776
97000 16.76032990415251
97100 15.938786048256041
97200 16.749990000996306
97300 16.876855298978935
97400 17.652020836475394
97500 18.013699553427813
97600 14.619979402725642
97700 17.116773030783015
97800 16.90944867949655
97900 12.782195292527295
98000 15.976400080586783
98100 13.842351994328121
98200 17.31642796107401
98300 12.929904547417797
98400 16.090720783239217
98500 14.13520417942245
98600 17.33774538754409
98700 15.637547854116638
98800 14.465912671373975
98900 15.626208125820604
99000 15.558448255901245
99100 15.617012259114805
99200 16.085690532750196
99300 15.412842839916877
99400 15.853250798622055
99500 16.049024343202955
99600 17.104888603475676
99700 18.08346063819902
99800 15.256523310391376
99900 17.64449901414971
100000 15.581941265557989
100100 18.49124834132649
100200 12.997934769030893
100300 14.668654150758385
100400 14.783275053758052
100500 15.953773343743316
100600 17.36105827333037
100700 16.33107823456561
100800 19.13916395523896
100900 19.13282650620531
101000 16.631800603890856
101100 15.117044529632027
101200 15.72768574680644
101300 18.117929498026793
101400 16.69510665697022
101500 17.075649855467727
101600 17.820216491829413
101700 16.596355110796136
101800 13.190854671284951
101900 15.851916625578069
102000 16.110129252485766
102100 16.04417309186231
102200 16.0668834929639
102300 15.313663072838395
102400 16.53116854438116
102500 19.16630480280872
102600 17.914574179245363
102700 17.783300070823177
102800 15.815237196791001
102900 16.24304186438117
103000 16.856904753454046
103100 18.966223986769304
103200 15.626764284959666
103300 12.507151218868794
103400 18.723948631258175
103500 15.239462803141409
103600 17.956019022409222
103700 17.54695400981433
103800 14.766869274244835
103900 18.243358139164435
104000 19.173247556805272
104100 15.375603454220746
104200 16.34493819590916
104300 16.69960761480969
104400 17.59383581220739
104500 15.892724793608778
104600 15.080081094738057
104700 18.091332070536687
104800 18.949930354770405
104900 18.643801657683213
105000 14.620739564062795
105100 14.085535898914552
105200 18.299036317571133
105300 19.084224725950413
105400 17.403321679290602
105500 14.18319641105981
105600 13.893539870964831
105700 16.07327463906172
105800 17.18934469947092
105900 12.706565543962231
106000 14.253250887484006
106100 17.096579658672603
106200 16.11784449903275
106300 15.565995854681898
106400 16.362092250287827
106500 16.494665499745885
106600 14.683925371220854
106700 17.501782550806638
106800 17.024604120731397
106900 14.24141482700259
107000 15.88738505046627
107100 17.091835495079117
107200 12.984094687020466
107300 14.366492814228495
107400 15.543752983894578
107500 18.909822143317246
107600 17.666888148972678
107700 17.38119877721947
107800 17.18561570336783
107900 17.773926719265916
108000 14.288412188581836
108100 18.245029222966625
108200 15.631868773336123
108300 16.10776740671892
108400 17.035117680353423
108500 17.63331829349174
108600 18.362342140581056
108700 17.21823905248506
108800 15.801711318775114
108900 15.408702938587686
109000 18.542123412675302
109100 17.967404056164675
109200 16.118963995628196
109300 16.647341361679707
109400 16.37651724955323
109500 17.494398738309673
109600 17.08097667456469
109700 16.15924468106971
109800 16.962748270977823
109900 17.62507430481159
110000 16.051729903836595
110100 14.946287446223629
110200 16.54281721426991
110300 13.37018340329708
110400 18.339793308373757
110500 15.170761352294981
110600 15.051368766892542
110700 14.797685448011643
110800 14.84927178081127
110900 16.749512591464256
111000 17.961349381049626
111100 17.8740299453714
111200 19.56169392770819
111300 17.445624383771058
111400 15.709464953876617
111500 16.339394503130787
111600 15.943565004223721
111700 13.830030941447786
111800 15.074389640185608
111900 15.925782565013614
112000 14.741434850078026
112100 16.78308661547775
112200 17.780565585992676
112300 17.236489197102433
112400 15.966461739984222
112500 15.170042200245328
112600 15.95454281229716
112700 18.35330291484634
112800 2.1034091289169488
112900 0.3857566268955717
113000 0.3040779426801078
113100 0.30019391640161525
113200 0.30000922121122475
113300 0.3000004384917198
113400 0.30000002085138094
113500 0.3000000009915355
113600 0.30000000004715005
113700 0.30000000000224203
113800 0.3000000000001067
113900 0.3000000000000051
114000 0.3000000000000009
114100 0.3000000000000009
114200 0.3000000000000009
114300 0.3000000000000009
114400 0.3000000000000009
114500 0.3000000000000009
114600 0.3000000000000009
114700 0.3000000000000009
114800 0.3000000000000009
114900 0.3000000000000009
115000 0.3000000000000009
115100 0.3000000000000009
115200 0.3000000000000009
115300 0.3000000000000009
115400 0.3000000000000009
115500 0.3000000000000009
115600 0.3000000000000009
115700 0.3000000000000009
115800 0.3000000000000009
115900 0.3000000000000009
116000 0.3000000000000009
116100 0.3000000000000009
116200 0.3000000000000009
116300 0.3000000000000009
116400 0.3000000000000009
116500 0.3000000000000009
116600 0.3000000000000009
116700 0.3000000000000009
116800 0.3000000000000009
116900 0.3000000000000009
117000 0.3000000000000009
117100 0.3000000000000009
117200 0.3000000000000009
117300 0.3000000000000009
117400 0.3000000000000009
117500 0.3000000000000009
117600 0.3000000000000009
117700 0.3000000000000009
117800 0.3000000000000009
117900 0.3000000000000009
118000 0.3000000000000009
118100 0.3000000000000009
118200 0.3000000000000009
118300 0.3000000000000009
118400 0.3000000000000009
118500 0.3000000000000009
118600 0.3000000000000009
118700 0.3000000000000009
118800 0.3000000000000009
118900 0.3000000000000009
119000 0.3000000000000009
119100 0.3000000000000009
119200 0.3000000000000009
119300 0.3000000000000009
119400 0.3000000000000009
119500 0.3000000000000009
119600 0.3000000000000009
119700 0.3000000000000009
119800 0.3000000000000009
119900 0.3000000000000009
120000 0.3000000000000009
120100 0.3000000000000009
120200 0.3000000000000009
120300 0.3000000000000009
120400 0.3000000000000009
120500 0.3000000000000009
120600 0.3000000000000009
120700 0.3000000000000009
120800 0.3000000000000009
120900 0.3000000000000009
121000 0.3000000000000009
121100 0.3000000000000009
121200 0.3000000000000009
121300 0.3000000000000009
121400 0.3000000000000009
121500 0.3000000000000009
121600 0.3000000000000009
121700 0.3000000000000009
121800 0.3000000000000009
121900 0.3000000000000009
122000 0.3000000000000009
122100 0.3000000000000009
122200 0.3000000000000009
122300 0.3000000000000009
122400 0.3000000000000009
122500 0.3000000000000009
122600 0.3000000000000009
122700 0.3000000000000009
122800 0.3000000000000009
122900 0.3000000000000009
123000 0.3000000000000009
123100 0.3000000000000009
123200 0.3000000000000009
123300 0.3000000000000009
123400 0.3000000000000009
123500 0.3000000000000009
123600 0.3000000000000009
123700 0.3000000000000009
123800 0.3000000000000009
123900 0.3000000000000009
124000 0.3000000000000009
124100 0.3000000000000009
124200 0.3000000000000009
124300 0.3000000000000009
124400 0.3000000000000009
124500 0.3000000000000009
124600 0.3000000000000009
124700 0.3000000000000009
124800 0.3000000000000009
124900 0.3000000000000009
125000 0.3000000000000009
125100 0.3000000000000009
125200 0.3000000000000009
125300 0.3000000000000009
125400 0.3000000000000009
125500 0.3000000000000009
125600 0.3000000000000009
125700 0.3000000000000009
125800 0.3000000000000009
125900 0.3000000000000009
126000 0.3000000000000009
126100 0.3000000000000009
126200 0.3000000000000009
126300 0.3000000000000009
126400 0.3000000000000009
126500 0.3000000000000009
126600 0.3000000000000009
126700 0.3000000000000009
126800 0.3000000000000009
126900 0.3000000000000009
127000 0.3000000000000009
127100 0.3000000000000009
127200 0.3000000000000009
127300 0.3000000000000009
127400 0.3000000000000009
127500 0.3000000000000009
127600 0.3000000000000009
127700 0.3000000000000009
127800 0.3000000000000009
127900 0.3000000000000009
128000 0.3000000000000009
128100 0.3000000000000009
128200 0.3000000000000009
128300 0.3000000000000009
128400 0.3000000000000009
128500 0.3000000000000009
128600 0.3000000000000009
128700 0.3000000000000009
128800 0.3000000000000009
128900 0.3000000000000009
129000 0.3000000000000009
129100 0.3000000000000009
129200 0.3000000000000009
129300 0.3000000000000009
129400 0.3000000000000009
129500 0.3000000000000009
129600 0.3000000000000009
129700 0.3000000000000009
129800 0.3000000000000009
129900 0.3000000000000009
130000 0.3000000000000009
130100 0.3000000000000009
130200 0.3000000000000009
130300 0.3000000000000009
130400 0.3000000000000009
130500 0.3000000000000009
130600 0.3000000000000009
130700 0.3000000000000009
130800 0.3000000000000009
130900 0.3000000000000009
131000 0.3000000000000009
131100 0.3000000000000009
131200 0.3000000000000009
131300 0.3000000000000009
131400 0.3000000000000009
131500 0.3000000000000009
131600 0.3000000000000009
131700 0.3000000000000009
131800 0.3000000000000009
131900 0.3000000000000009
132000 0.3000000000000009
132100 0.3000000000000009
132200 0.3000000000000009
132300 0.3000000000000009
132400 0.3000000000000009
132500 0.3000000000000009
132600 0.3000000000000009
132700 0.3000000000000009
132800 0.3000000000000009
132900 0.3000000000000009
133000 0.3000000000000009
133100 0.3000000000000009
133200 0.3000000000000009
133300 0.3000000000000009
133400 0.3000000000000009
133500 0.3000000000000009
133600 0.3000000000000009
133700 0.3000000000000009
133800 0.3000000000000009
133900 0.3000000000000009
134000 0.3000000000000009
134100 0.3000000000000009
134200 0.3000000000000009
134300 0.3000000000000009
134400 0.3000000000000009
134500 0.3000000000000009
134600 0.3000000000000009
134700 0.3000000000000009
134800 0.3000000000000009
134900 0.3000000000000009
135000 0.3000000000000009
135100 0.3000000000000009
135200 0.3000000000000009
135300 0.3000000000000009
135400 0.3000000000000009
135500 0.3000000000000009
135600 0.3000000000000009
135700 0.3000000000000009
135800 0.3000000000000009
135900 0.3000000000000009
136000 0.3000000000000009
136100 0.3000000000000009
136200 0.3000000000000009
136300 0.3000000000000009
136400 0.3000000000000009
136500 0.3000000000000009
136600 0.3000000000000009
136700 0.3000000000000009
136800 0.3000000000000009
136900 0.3000000000000009
137000 0.3000000000000009
137100 0.3000000000000009
137200 0.3000000000000009
137300 0.3000000000000009
137400 0.3000000000000009
137500 0.3000000000000009
137600 0.3000000000000009
137700 0.3000000000000009
137800 0.3000000000000009
137900 0.3000000000000009
138000 0.3000000000000009
138100 0.3000000000000009
138200 0.3000000000000009
138300 0.3000000000000009
138400 0.3000000000000009
138500 0.3000000000000009
138600 0.3000000000000009
138700 0.3000000000000009
138800 0.3000000000000009
138900 0.3000000000000009
139000 0.3000000000000009
139100 0.3000000000000009
139200 0.3000000000000009
139300 0.3000000000000009
139400 0.3000000000000009
139500 0.3000000000000009
139600 0.3000000000000009
139700 0.3000000000000009
139800 0.3000000000000009
139900 0.3000000000000009
140000 0.3000000000000009
140100 0.3000000000000009
140200 0.3000000000000009
140300 0.3000000000000009
140400 0.3000000000000009
140500 0.3000000000000009
140600 0.3000000000000009
140700 0.3000000000000009
140800 0.3000000000000009
140900 0.3000000000000009
141000 0.3000000000000009
141100 0.3000000000000009
141200 0.3000000000000009
141300 0.3000000000000009
141400 0.3000000000000009
141500 0.3000000000000009
141600 0.3000000000000009
141700 0.3000000000000009
141800 0.3000000000000009
141900 0.3000000000000009
142000 0.3000000000000009
142100 0.3000000000000009
142200 0.3000000000000009
142300 0.3000000000000009
142400 0.3000000000000009
142500 0.3000000000000009
142600 0.3000000000000009
142700 0.3000000000000009
142800 0.3000000000000009
142900 0.3000000000000009
143000 0.3000000000000009
143100 0.3000000000000009
143200 0.3000000000000009
143300 0.3000000000000009
143400 0.3000000000000009
143500 0.3000000000000009
143600 0.3000000000000009
143700 0.3000000000000009
143800 0.3000000000000009
143900 0.3000000000000009
144000 0.3000000000000009
144100 0.3000000000000009
144200 0.3000000000000009
144300 0.3000000000000009
144400 0.3000000000000009
144500 0.3000000000000009
144600 0.3000000000000009
144700 0.3000000000000009
144800 0.3000000000000009
144900 0.3000000000000009
145000 0.3000000000000009
145100 0.3000000000000009
145200 0.3000000000000009
145300 0.3000000000000009
145400 0.3000000000000009
145500 0.3000000000000009
145600 0.3000000000000009
145700 0.3000000000000009
145800 0.3000000000000009
145900 0.3000000000000009
146000 0.3000000000000009
146100 0.3000000000000009
146200 0.3000000000000009
146300 0.3000000000000009
146400 0.3000000000000009
146500 0.3000000000000009
146600 0.3000000000000009
146700 0.3000000000000009
146800 0.3000000000000009
146900 0.3000000000000009
147000 0.3000000000000009
147100 0.3000000000000009
147200 0.3000000000000009
147300 0.3000000000000009
147400 0.3000000000000009
